 ---------------------------------------------------------------
 Body line element strengths

  Forces referred to Sref, Cref, Bref about Xmom, Ymom, Zmom
  Standard axis orientation,  X fwd, Z down         

 ******************************************************************************
  Body # 1     Fuselage                                
     Planform area = 6.34714           Length = 5.48014           Surface area = 20.7482    
     CLbody  =  0.2104E-05    Clbody  =  0.7534E-19
     CYbody  =  0.1925E-21    Cmbody  = -0.3324E-01
     CDbody  = -0.2001E-06    Cnbody  = -0.9189E-18
     CDibody = -0.2001E-06    CDvbody =   0.000    

    l    x           y           z          DCpx        DCpy        DCpz        nux         nuy         nuz        sigma 
    1  -1.995       0.000      -1.375      0.9740     -0.2426E-15  -7.546      0.3322E-03 -0.8276E-19 -0.2574E-02   1.770    
    2  -1.948       0.000      -1.368      0.2367     -0.1625E-16  -2.261      0.3545E-02 -0.8420E-18 -0.2579E-01   1.941    
    3  -1.856       0.000      -1.357      0.4609E-01 -0.2020E-16 -0.8730      0.6253E-02 -0.4892E-18 -0.5914E-01   2.157    
    4  -1.718       0.000      -1.344      0.9139E-02 -0.3699E-16 -0.4145      0.6816E-02 -0.2275E-17 -0.8775E-01   2.180    
    5  -1.539       0.000      -1.332      0.1199E-01 -0.4374E-16 -0.2976      0.7525E-02 -0.5638E-17 -0.1168       1.950    
    6  -1.321       0.000      -1.319      0.1536E-01  0.2886E-17 -0.2511      0.9493E-02 -0.1204E-16 -0.1542       1.560    
    7  -1.068       0.000      -1.303      0.1489E-01 -0.4055E-16 -0.1984      0.1234E-01 -0.4734E-17 -0.1955       1.104    
    8 -0.7833       0.000      -1.284      0.1771E-01 -0.8237E-16 -0.1787      0.1544E-01 -0.2824E-16 -0.2334      0.6436    
    9 -0.4729       0.000      -1.263      0.2147E-01 -0.6565E-16 -0.1722      0.2072E-01 -0.4372E-16 -0.2801      0.2387    
   10 -0.1418       0.000      -1.236      0.7355E-02 -0.8240E-17 -0.6428E-01  0.2678E-01 -0.6289E-16 -0.3243      0.6376E-01
   11  0.2044       0.000      -1.209     -0.7164E-02 -0.4758E-16  0.4081E-01  0.2486E-01 -0.4836E-16 -0.3163     -0.1058    
   12  0.5598       0.000      -1.181     -0.9318E-02 -0.8205E-17  0.8547E-01  0.2260E-01 -0.9063E-16 -0.3005     -0.3708    
   13  0.9182       0.000      -1.155     -0.6818E-02 -0.4100E-16  0.1174      0.1945E-01 -0.5313E-16 -0.2666     -0.7141    
   14   1.274       0.000      -1.128     -0.3163E-02 -0.1653E-16  0.1432      0.1883E-01 -0.1133E-15 -0.2356      -1.028    
   15   1.620       0.000      -1.098     -0.1462E-01  0.6394E-16  0.2383      0.1788E-01 -0.6130E-16 -0.1959      -1.051    
   16   1.951       0.000      -1.068     -0.2831E-01  0.8620E-16  0.3197      0.1277E-01 -0.8680E-16 -0.1369     -0.9349    
   17   2.261       0.000      -1.038     -0.2974E-01  0.2308E-15  0.3241      0.8530E-02 -0.3281E-16 -0.9023E-01 -0.7931    
   18   2.546       0.000      -1.011     -0.3074E-01  0.6058E-16  0.3283      0.5338E-02 -0.2914E-16 -0.5590E-01 -0.6409    
   19   2.799       0.000     -0.9871     -0.3207E-01  0.1500E-15  0.3375      0.3075E-02 -0.2206E-16 -0.3197E-01 -0.4909    
   20   3.017       0.000     -0.9660     -0.3390E-01  0.2215E-15  0.3530      0.1591E-02 -0.1162E-16 -0.1646E-01 -0.3535    
   21   3.196       0.000     -0.9487     -0.3632E-01  0.2704E-15  0.3762      0.7077E-03 -0.6595E-17 -0.7321E-02 -0.2379    
   22   3.334       0.000     -0.9354     -0.3994E-01  0.3864E-15  0.4137      0.2589E-03 -0.1699E-17 -0.2660E-02 -0.1475    
   23   3.426       0.000     -0.9264     -0.4657E-01  0.3042E-15  0.4790      0.7404E-04 -0.4644E-18 -0.7558E-03 -0.8174E-01
   24   3.473       0.000     -0.9218     -0.1123      0.6747E-15   1.148      0.2208E-04 -0.1523E-18 -0.2246E-03 -0.4693E-01
 ---------------------------------------------------------------
