 ---------------------------------------------------------------
 Surface and Strip Forces by surface

  Sref =  151.41       Cref =  4.4752       Bref =  40.756    
  Xref =  19.091       Yref =  0.0000       Zref =-0.93235    

  Surface # 1     main_wing_1                             
     # Chordwise = 10   # Spanwise = 30     First strip =  1
     Surface area Ssurf =   76.063440     Ave. chord Cave =    3.713983

 Forces referred to Sref, Cref, Bref about Xref, Yref, Zref
 Standard axis orientation,  X fwd, Z down         
     CLsurf  =   0.24620     Clsurf  =  -0.05136
     CYsurf  =  -0.01758     Cmsurf  =   0.04136
     CDsurf  =   0.00414     Cnsurf  =  -0.00254
     CDisurf =   0.00414     CDvsurf =   0.00000

 Forces referred to Ssurf, Cave 
     CLsurf  =   0.49127     CDsurf  =   0.00824

 Strip Forces referred to Strip Area, Chord
    j     Xle      Yle      Zle      Chord    Area     c_cl     ai     cl_norm    cl       cd       cdv    cm_c/4     cm_LE   C.P.x/c
     1  13.1562   0.0132  -0.9323   6.7727   0.3582   2.6904   0.0458   0.3965   0.3965   0.0238   0.0000  -0.0298  -0.1291    0.325
     2  13.1562   0.1189  -0.9323   6.7727   1.0708   2.6898   0.0464   0.3965   0.3965   0.0235   0.0000  -0.0298  -0.1291    0.325
     3  13.1562   0.3290  -0.9323   6.7727   1.7716   2.6844   0.0473   0.3957   0.3957   0.0232   0.0000  -0.0301  -0.1292    0.326
     4  13.1562   0.6413  -0.9323   6.7727   2.4529   2.6659   0.0481   0.3930   0.3930   0.0225   0.0000  -0.0305  -0.1289    0.328
     5  13.1562   1.0524  -0.9323   6.7727   3.1075   2.6255   0.0487   0.3871   0.3871   0.0213   0.0000  -0.0311  -0.1280    0.330
     6  13.1562   1.5577  -0.9323   6.7727   3.7279   2.5637   0.0486   0.3780   0.3780   0.0206   0.0000  -0.0320  -0.1267    0.335
     7  13.3505   2.1655  -0.8985   6.5993   4.4092   2.4688   0.0454   0.4577   0.3738   0.0158   0.0000  -0.0323  -0.1079    0.336
     8  13.7775   2.8720  -0.8243   6.2184   4.6681   2.3993   0.0421   0.4723   0.3858   0.0119   0.0000  -0.0303  -0.1087    0.329
     9  14.2518   3.6566  -0.7418   5.7952   4.7814   2.3340   0.0402   0.4932   0.4028   0.0092   0.0000  -0.0305  -0.1124    0.326
    10  14.7910   4.5487  -0.6481   5.3142   5.1436   2.2691   0.0403   0.5230   0.4272   0.0077   0.0000  -0.0319  -0.1188    0.325
    11  15.3918   5.5427  -0.5436   4.7782   4.9135   2.2129   0.0399   0.5673   0.4633   0.0080   0.0000  -0.0360  -0.1301    0.328
    12  16.0255   6.5912  -0.4334   4.2129   4.5391   2.1921   0.0323   0.6372   0.5204   0.0126   0.0000  -0.0487  -0.1532    0.344
    13  16.6115   7.6326  -0.3239   3.8242   3.8740   2.1278   0.0180   0.6809   0.5565   0.0126   0.0000  -0.0461  -0.1647    0.333
    14  17.1396   8.6528  -0.2167   3.6265   3.7565   2.0362   0.0146   0.6875   0.5619   0.0070   0.0000  -0.0369  -0.1576    0.316
    15  17.6765   9.6902  -0.1077   3.4255   3.5876   1.9478   0.0155   0.6965   0.5692   0.0036   0.0000  -0.0324  -0.1552    0.307
    16  18.2163  10.7332   0.0019   3.2234   3.3760   1.8616   0.0165   0.7075   0.5782   0.0019   0.0000  -0.0306  -0.1556    0.303
    17  18.7532  11.7705   0.1110   3.0224   3.1308   1.7733   0.0172   0.7188   0.5875   0.0008   0.0000  -0.0298  -0.1569    0.301
    18  19.2813  12.7907   0.2182   2.8247   2.8615   1.6827   0.0178   0.7299   0.5965  -0.0001   0.0000  -0.0294  -0.1585    0.299
    19  19.7947  13.7827   0.3224   2.6325   2.5775   1.5898   0.0183   0.7400   0.6048  -0.0009   0.0000  -0.0290  -0.1600    0.298
    20  20.3028  14.7644   0.4256   2.4423   2.4220   1.4934   0.0191   0.7493   0.6124  -0.0017   0.0000  -0.0286  -0.1613    0.297
    21  20.7990  15.7230   0.5264   2.2565   2.1063   1.3935   0.0204   0.7568   0.6185  -0.0025   0.0000  -0.0279  -0.1621    0.295
    22  21.2625  16.6185   0.6205   2.0830   1.8017   1.2917   0.0227   0.7600   0.6211  -0.0033   0.0000  -0.0267  -0.1616    0.293
    23  21.6883  17.4411   0.7070   1.9236   1.5139   1.1868   0.0265   0.7562   0.6181  -0.0041   0.0000  -0.0247  -0.1591    0.290
    24  22.0716  18.1818   0.7848   1.7801   1.2468   1.0757   0.0321   0.7407   0.6054  -0.0048   0.0000  -0.0212  -0.1531    0.285
    25  22.4084  18.8324   0.8532   1.6540   1.0026   0.9525   0.0398   0.7059   0.5769  -0.0055   0.0000  -0.0151  -0.1414    0.276
    26  22.6948  19.3859   0.9113   1.5468   0.7816   0.8091   0.0487   0.6413   0.5241  -0.0064   0.0000  -0.0059  -0.1215    0.261
    27  22.9086  19.7989   0.9548   1.4667   0.4825   0.6475   0.0565   0.5413   0.4425  -0.0075   0.0000   0.0045  -0.0941    0.240
    28  23.0546  20.0810   0.9844   1.4121   0.3355   0.4771   0.0618   0.4144   0.3387  -0.0077   0.0000   0.0111  -0.0652    0.217
    29  23.1528  20.2708   1.0044   1.3753   0.1975   0.2926   0.0651   0.2611   0.2134  -0.0068   0.0000   0.0113  -0.0373    0.197
    30  23.2022  20.3662   1.0144   1.3568   0.0652   0.0986   0.0669   0.0894   0.0730  -0.0046   0.0000   0.0045  -0.0121    0.188

  Surface # 2     main_wing_1 (YDUP)                      
     # Chordwise = 10   # Spanwise = 30     First strip = 31
     Surface area Ssurf =   76.063440     Ave. chord Cave =    3.713983

 Forces referred to Sref, Cref, Bref about Xref, Yref, Zref
 Standard axis orientation,  X fwd, Z down         
     CLsurf  =   0.24620     Clsurf  =   0.05136
     CYsurf  =   0.01758     Cmsurf  =   0.04136
     CDsurf  =   0.00414     Cnsurf  =   0.00254
     CDisurf =   0.00414     CDvsurf =   0.00000

 Forces referred to Ssurf, Cave 
     CLsurf  =   0.49127     CDsurf  =   0.00824

 Strip Forces referred to Strip Area, Chord
    j     Xle      Yle      Zle      Chord    Area     c_cl     ai     cl_norm    cl       cd       cdv    cm_c/4     cm_LE   C.P.x/c
    31  13.1562  -0.0132  -0.9323   6.7727   0.3582   2.6904   0.0458   0.3965   0.3965   0.0238   0.0000  -0.0298   0.1291    0.325
    32  13.1562  -0.1189  -0.9323   6.7727   1.0708   2.6898   0.0464   0.3965   0.3965   0.0235   0.0000  -0.0298   0.1291    0.325
    33  13.1562  -0.3290  -0.9323   6.7727   1.7716   2.6844   0.0473   0.3957   0.3957   0.0232   0.0000  -0.0301   0.1292    0.326
    34  13.1562  -0.6413  -0.9323   6.7727   2.4529   2.6659   0.0481   0.3930   0.3930   0.0225   0.0000  -0.0305   0.1289    0.328
    35  13.1562  -1.0524  -0.9323   6.7727   3.1075   2.6255   0.0487   0.3871   0.3871   0.0213   0.0000  -0.0311   0.1280    0.330
    36  13.1562  -1.5577  -0.9323   6.7727   3.7279   2.5637   0.0486   0.3780   0.3780   0.0206   0.0000  -0.0320   0.1267    0.335
    37  13.3505  -2.1655  -0.8985   6.5993   4.4092   2.4688   0.0454   0.4577   0.3738   0.0158   0.0000  -0.0323   0.1079    0.336
    38  13.7775  -2.8720  -0.8243   6.2184   4.6681   2.3993   0.0421   0.4723   0.3858   0.0119   0.0000  -0.0303   0.1087    0.329
    39  14.2518  -3.6566  -0.7418   5.7952   4.7814   2.3340   0.0402   0.4932   0.4028   0.0092   0.0000  -0.0305   0.1124    0.326
    40  14.7910  -4.5487  -0.6481   5.3142   5.1436   2.2691   0.0403   0.5230   0.4272   0.0077   0.0000  -0.0319   0.1188    0.325
    41  15.3918  -5.5427  -0.5436   4.7782   4.9135   2.2129   0.0399   0.5673   0.4633   0.0080   0.0000  -0.0360   0.1301    0.328
    42  16.0255  -6.5912  -0.4334   4.2129   4.5391   2.1921   0.0323   0.6372   0.5204   0.0126   0.0000  -0.0487   0.1532    0.344
    43  16.6115  -7.6326  -0.3239   3.8242   3.8740   2.1278   0.0180   0.6809   0.5565   0.0126   0.0000  -0.0461   0.1647    0.333
    44  17.1396  -8.6528  -0.2167   3.6265   3.7565   2.0362   0.0146   0.6875   0.5619   0.0070   0.0000  -0.0369   0.1576    0.316
    45  17.6765  -9.6902  -0.1077   3.4255   3.5876   1.9478   0.0155   0.6965   0.5692   0.0036   0.0000  -0.0324   0.1552    0.307
    46  18.2163 -10.7332   0.0019   3.2234   3.3760   1.8616   0.0165   0.7075   0.5782   0.0019   0.0000  -0.0306   0.1556    0.303
    47  18.7532 -11.7705   0.1110   3.0224   3.1308   1.7733   0.0172   0.7188   0.5875   0.0008   0.0000  -0.0298   0.1569    0.301
    48  19.2813 -12.7907   0.2182   2.8247   2.8615   1.6827   0.0178   0.7299   0.5965  -0.0001   0.0000  -0.0294   0.1585    0.299
    49  19.7947 -13.7827   0.3224   2.6325   2.5775   1.5898   0.0183   0.7400   0.6048  -0.0009   0.0000  -0.0290   0.1600    0.298
    50  20.3028 -14.7644   0.4256   2.4423   2.4220   1.4934   0.0191   0.7493   0.6124  -0.0017   0.0000  -0.0286   0.1613    0.297
    51  20.7990 -15.7230   0.5264   2.2565   2.1063   1.3935   0.0204   0.7568   0.6185  -0.0025   0.0000  -0.0279   0.1621    0.295
    52  21.2625 -16.6185   0.6205   2.0830   1.8017   1.2917   0.0227   0.7600   0.6211  -0.0033   0.0000  -0.0267   0.1616    0.293
    53  21.6883 -17.4411   0.7070   1.9236   1.5139   1.1868   0.0265   0.7562   0.6181  -0.0041   0.0000  -0.0247   0.1591    0.290
    54  22.0716 -18.1818   0.7848   1.7801   1.2468   1.0757   0.0321   0.7407   0.6054  -0.0048   0.0000  -0.0212   0.1531    0.285
    55  22.4084 -18.8324   0.8532   1.6540   1.0026   0.9525   0.0398   0.7059   0.5769  -0.0055   0.0000  -0.0151   0.1414    0.276
    56  22.6948 -19.3859   0.9113   1.5468   0.7816   0.8091   0.0487   0.6413   0.5241  -0.0064   0.0000  -0.0059   0.1215    0.261
    57  22.9086 -19.7989   0.9548   1.4667   0.4825   0.6475   0.0565   0.5413   0.4425  -0.0075   0.0000   0.0045   0.0941    0.240
    58  23.0546 -20.0810   0.9844   1.4121   0.3355   0.4771   0.0618   0.4144   0.3387  -0.0077   0.0000   0.0111   0.0652    0.217
    59  23.1528 -20.2708   1.0044   1.3753   0.1975   0.2926   0.0651   0.2611   0.2134  -0.0068   0.0000   0.0113   0.0373    0.197
    60  23.2022 -20.3662   1.0144   1.3568   0.0652   0.0986   0.0669   0.0894   0.0730  -0.0046   0.0000   0.0045   0.0121    0.188

  Surface # 3     horizontal_stabilizer                   
     # Chordwise = 10   # Spanwise = 30     First strip = 61
     Surface area Ssurf =   24.801542     Ave. chord Cave =    3.464048

 Forces referred to Sref, Cref, Bref about Xref, Yref, Zref
 Standard axis orientation,  X fwd, Z down         
     CLsurf  =   0.01419     Clsurf  =  -0.00115
     CYsurf  =   0.00012     Cmsurf  =  -0.05269
     CDsurf  =   0.00058     Cnsurf  =  -0.00007
     CDisurf =   0.00058     CDvsurf =   0.00000

 Forces referred to Ssurf, Cave 
     CLsurf  =   0.08663     CDsurf  =   0.00353

 Strip Forces referred to Strip Area, Chord
    j     Xle      Yle      Zle      Chord    Area     c_cl     ai     cl_norm    cl       cd       cdv    cm_c/4     cm_LE   C.P.x/c
    61  32.2591   0.0046   1.0597   4.8737   0.0901   0.3572   0.0400   0.1012   0.0722   0.0227   0.0000  -0.0069  -0.0204    0.346
    62  32.2862   0.0415   1.0597   4.8591   0.2685   0.3572   0.0404   0.1028   0.0733   0.0051   0.0000  -0.0069  -0.0204    0.344
    63  32.3400   0.1150   1.0597   4.8302   0.4415   0.3571   0.0409   0.1035   0.0738   0.0039   0.0000  -0.0067  -0.0203    0.341
    64  32.4201   0.2241   1.0597   4.7871   0.6059   0.3566   0.0414   0.1043   0.0744   0.0036   0.0000  -0.0064  -0.0202    0.336
    65  32.5254   0.3678   1.0597   4.7305   0.7585   0.3550   0.0418   0.1051   0.0750   0.0036   0.0000  -0.0059  -0.0199    0.329
    66  32.6549   0.5443   1.0597   4.6609   0.8965   0.3519   0.0422   0.1057   0.0754   0.0035   0.0000  -0.0053  -0.0195    0.321
    67  32.8112   0.7575   1.0597   4.5768   1.0696   0.3468   0.0431   0.1061   0.0757   0.0035   0.0000  -0.0048  -0.0192    0.314
    68  32.9935   1.0059   1.0597   4.4789   1.1761   0.3388   0.0434   0.1060   0.0756   0.0035   0.0000  -0.0043  -0.0187    0.307
    69  33.1959   1.2819   1.0597   4.3701   1.2611   0.3290   0.0437   0.1055   0.0752   0.0034   0.0000  -0.0040  -0.0184    0.303
    70  33.4163   1.5823   1.0597   4.2516   1.3241   0.3188   0.0439   0.1051   0.0749   0.0034   0.0000  -0.0038  -0.0182    0.300
    71  33.6522   1.9039   1.0597   4.1248   1.3648   0.3104   0.0441   0.1054   0.0752   0.0034   0.0000  -0.0037  -0.0181    0.299
    72  33.9010   2.2432   1.0597   3.9911   1.3836   0.3053   0.0442   0.1072   0.0764   0.0035   0.0000  -0.0035  -0.0183    0.296
    73  34.1600   2.5963   1.0597   3.8519   1.3816   0.3040   0.0444   0.1106   0.0789   0.0035   0.0000  -0.0033  -0.0186    0.292
    74  34.4265   2.9595   1.0597   3.7087   1.3602   0.3060   0.0446   0.1156   0.0824   0.0037   0.0000  -0.0030  -0.0191    0.287
    75  34.6973   3.3289   1.0597   3.5631   1.3213   0.3105   0.0448   0.1221   0.0871   0.0038   0.0000  -0.0026  -0.0196    0.280
    76  34.9697   3.7002   1.0597   3.4167   1.2670   0.3163   0.0450   0.1297   0.0925   0.0039   0.0000  -0.0019  -0.0202    0.271
    77  35.2406   4.0695   1.0597   3.2711   1.1997   0.3219   0.0453   0.1379   0.0983   0.0040   0.0000  -0.0011  -0.0207    0.261
    78  35.5070   4.4327   1.0597   3.1279   1.1219   0.3255   0.0457   0.1458   0.1040   0.0040   0.0000  -0.0001  -0.0211    0.251
    79  35.7661   4.7859   1.0597   2.9886   1.0361   0.3255   0.0462   0.1526   0.1089   0.0040   0.0000   0.0010  -0.0211    0.240
    80  36.0149   5.1251   1.0597   2.8549   0.9446   0.3210   0.0467   0.1576   0.1124   0.0038   0.0000   0.0023  -0.0208    0.229
    81  36.2508   5.4467   1.0597   2.7281   0.8496   0.3114   0.0472   0.1600   0.1141   0.0037   0.0000   0.0037  -0.0200    0.217
    82  36.4711   5.7471   1.0597   2.6097   0.7531   0.2967   0.0477   0.1594   0.1137   0.0034   0.0000   0.0052  -0.0187    0.204
    83  36.6736   6.0231   1.0597   2.5009   0.6567   0.2770   0.0482   0.1553   0.1108   0.0031   0.0000   0.0066  -0.0170    0.190
    84  36.8558   6.2716   1.0597   2.4029   0.5615   0.2528   0.0487   0.1475   0.1052   0.0027   0.0000   0.0079  -0.0149    0.175
    85  37.0159   6.4899   1.0597   2.3169   0.4686   0.2245   0.0491   0.1359   0.0969   0.0022   0.0000   0.0088  -0.0124    0.159
    86  37.1654   6.6937   1.0597   2.2365   0.4544   0.1911   0.0489   0.1198   0.0855   0.0017   0.0000   0.0094  -0.0097    0.141
    87  37.2989   6.8757   1.0597   2.1647   0.3472   0.1522   0.0492   0.0986   0.0703   0.0011   0.0000   0.0090  -0.0069    0.122
    88  37.4004   7.0140   1.0597   2.1102   0.2444   0.1105   0.0494   0.0735   0.0524   0.0005   0.0000   0.0076  -0.0044    0.105
    89  37.4686   7.1071   1.0597   2.0735   0.1452   0.0670   0.0496   0.0453   0.0323   0.0000   0.0000   0.0051  -0.0024    0.092
    90  37.5029   7.1538   1.0597   2.0551   0.0481   0.0224   0.0496   0.0154   0.0110  -0.0005   0.0000   0.0018  -0.0008    0.086

  Surface # 4     horizontal_stabilizer (YDUP)            
     # Chordwise = 10   # Spanwise = 30     First strip = 91
     Surface area Ssurf =   24.801542     Ave. chord Cave =    3.464048

 Forces referred to Sref, Cref, Bref about Xref, Yref, Zref
 Standard axis orientation,  X fwd, Z down         
     CLsurf  =   0.01419     Clsurf  =   0.00115
     CYsurf  =  -0.00012     Cmsurf  =  -0.05269
     CDsurf  =   0.00058     Cnsurf  =   0.00007
     CDisurf =   0.00058     CDvsurf =   0.00000

 Forces referred to Ssurf, Cave 
     CLsurf  =   0.08663     CDsurf  =   0.00353

 Strip Forces referred to Strip Area, Chord
    j     Xle      Yle      Zle      Chord    Area     c_cl     ai     cl_norm    cl       cd       cdv    cm_c/4     cm_LE   C.P.x/c
    91  32.2591  -0.0046   1.0597   4.8737   0.0901   0.3572   0.0400   0.1012   0.0722   0.0227   0.0000  -0.0069   0.0204    0.346
    92  32.2862  -0.0415   1.0597   4.8591   0.2685   0.3572   0.0404   0.1028   0.0733   0.0051   0.0000  -0.0069   0.0204    0.344
    93  32.3400  -0.1150   1.0597   4.8302   0.4415   0.3571   0.0409   0.1035   0.0738   0.0039   0.0000  -0.0067   0.0203    0.341
    94  32.4201  -0.2241   1.0597   4.7871   0.6059   0.3566   0.0414   0.1043   0.0744   0.0036   0.0000  -0.0064   0.0202    0.336
    95  32.5254  -0.3678   1.0597   4.7305   0.7585   0.3550   0.0418   0.1051   0.0750   0.0036   0.0000  -0.0059   0.0199    0.329
    96  32.6549  -0.5443   1.0597   4.6609   0.8965   0.3519   0.0422   0.1057   0.0754   0.0035   0.0000  -0.0053   0.0195    0.321
    97  32.8112  -0.7575   1.0597   4.5768   1.0696   0.3468   0.0431   0.1061   0.0757   0.0035   0.0000  -0.0048   0.0192    0.314
    98  32.9935  -1.0059   1.0597   4.4789   1.1761   0.3388   0.0434   0.1060   0.0756   0.0035   0.0000  -0.0043   0.0187    0.307
    99  33.1959  -1.2819   1.0597   4.3701   1.2611   0.3290   0.0437   0.1055   0.0752   0.0034   0.0000  -0.0040   0.0184    0.303
   100  33.4163  -1.5823   1.0597   4.2516   1.3241   0.3188   0.0439   0.1051   0.0749   0.0034   0.0000  -0.0038   0.0182    0.300
   101  33.6522  -1.9039   1.0597   4.1248   1.3648   0.3104   0.0441   0.1054   0.0752   0.0034   0.0000  -0.0037   0.0181    0.299
   102  33.9010  -2.2432   1.0597   3.9911   1.3836   0.3053   0.0442   0.1072   0.0764   0.0035   0.0000  -0.0035   0.0183    0.296
   103  34.1600  -2.5963   1.0597   3.8519   1.3816   0.3040   0.0444   0.1106   0.0789   0.0035   0.0000  -0.0033   0.0186    0.292
   104  34.4265  -2.9595   1.0597   3.7087   1.3602   0.3060   0.0446   0.1156   0.0824   0.0037   0.0000  -0.0030   0.0191    0.287
   105  34.6973  -3.3289   1.0597   3.5631   1.3213   0.3105   0.0448   0.1221   0.0871   0.0038   0.0000  -0.0026   0.0196    0.280
   106  34.9697  -3.7002   1.0597   3.4167   1.2670   0.3163   0.0450   0.1297   0.0925   0.0039   0.0000  -0.0019   0.0202    0.271
   107  35.2406  -4.0695   1.0597   3.2711   1.1997   0.3219   0.0453   0.1379   0.0983   0.0040   0.0000  -0.0011   0.0207    0.261
   108  35.5070  -4.4327   1.0597   3.1279   1.1219   0.3255   0.0457   0.1458   0.1040   0.0040   0.0000  -0.0001   0.0211    0.251
   109  35.7661  -4.7859   1.0597   2.9886   1.0361   0.3255   0.0462   0.1526   0.1089   0.0040   0.0000   0.0010   0.0211    0.240
   110  36.0149  -5.1251   1.0597   2.8549   0.9446   0.3210   0.0467   0.1576   0.1124   0.0038   0.0000   0.0023   0.0208    0.229
   111  36.2508  -5.4467   1.0597   2.7281   0.8496   0.3114   0.0472   0.1600   0.1141   0.0037   0.0000   0.0037   0.0200    0.217
   112  36.4711  -5.7471   1.0597   2.6097   0.7531   0.2967   0.0477   0.1594   0.1137   0.0034   0.0000   0.0052   0.0187    0.204
   113  36.6736  -6.0231   1.0597   2.5009   0.6567   0.2770   0.0482   0.1553   0.1108   0.0031   0.0000   0.0066   0.0170    0.190
   114  36.8558  -6.2716   1.0597   2.4029   0.5615   0.2528   0.0487   0.1475   0.1052   0.0027   0.0000   0.0079   0.0149    0.175
   115  37.0159  -6.4899   1.0597   2.3169   0.4686   0.2245   0.0491   0.1359   0.0969   0.0022   0.0000   0.0088   0.0124    0.159
   116  37.1654  -6.6937   1.0597   2.2365   0.4544   0.1911   0.0489   0.1198   0.0855   0.0017   0.0000   0.0094   0.0097    0.141
   117  37.2989  -6.8757   1.0597   2.1647   0.3472   0.1522   0.0492   0.0986   0.0703   0.0011   0.0000   0.0090   0.0069    0.122
   118  37.4004  -7.0140   1.0597   2.1102   0.2444   0.1105   0.0494   0.0735   0.0524   0.0005   0.0000   0.0076   0.0044    0.105
   119  37.4686  -7.1071   1.0597   2.0735   0.1452   0.0670   0.0496   0.0453   0.0323   0.0000   0.0000   0.0051   0.0024    0.092
   120  37.5029  -7.1538   1.0597   2.0551   0.0481   0.0224   0.0496   0.0154   0.0110  -0.0005   0.0000   0.0018   0.0008    0.086

  Surface # 5     vertical_stabilizer                     
     # Chordwise = 10   # Spanwise = 30     First strip =121
     Surface area Ssurf =   49.674121     Ave. chord Cave =    6.398089

 Forces referred to Sref, Cref, Bref about Xref, Yref, Zref
 Standard axis orientation,  X fwd, Z down         
     CLsurf  =   0.00000     Clsurf  =  -0.00000
     CYsurf  =  -0.00000     Cmsurf  =  -0.00000
     CDsurf  =  -0.00000     Cnsurf  =   0.00000
     CDisurf =  -0.00000     CDvsurf =   0.00000

 Forces referred to Ssurf, Cave 
     CLsurf  =   0.00000     CDsurf  =  -0.00000

 Strip Forces referred to Strip Area, Chord
    j     Xle      Yle      Zle      Chord    Area     c_cl     ai     cl_norm    cl       cd       cdv    cm_c/4     cm_LE   C.P.x/c
   121  27.2121   0.0000   1.1113   9.6623   0.5775  -0.0000   0.0000  -0.0000  -0.0000   0.0000   0.0000   0.0000   0.0000    0.905
   122  27.3059   0.0000   1.1901   9.5956   0.9378  -0.0000  -0.0000  -0.0000  -0.0000  -0.0000   0.0000   0.0000   0.0000    0.907
   123  27.4446   0.0000   1.3066   9.4971   1.2816  -0.0000  -0.0000  -0.0000  -0.0000  -0.0000   0.0000   0.0000   0.0000    0.913
   124  27.6269   0.0000   1.4597   9.3675   1.6020  -0.0000   0.0000  -0.0000  -0.0000  -0.0000   0.0000   0.0000   0.0000    1.252
   125  27.8513   0.0000   1.6482   9.2079   1.8927   0.0000  -0.0000   0.0000   0.0000  -0.0000   0.0000   0.0000   0.0000   -0.481
   126  28.1157   0.0000   1.8704   9.0199   2.1481   0.0000  -0.0000   0.0000   0.0000  -0.0000   0.0000   0.0000  -0.0000    0.120
   127  28.4177   0.0000   2.1240   8.8053   2.3638   0.0000  -0.0000   0.0000   0.0000  -0.0000   0.0000   0.0000  -0.0000    0.202
   128  28.7542   0.0000   2.4066   8.5661   2.5368   0.0000  -0.0000   0.0000   0.0000  -0.0000   0.0000   0.0000  -0.0000    0.205
   129  29.1219   0.0000   2.7155   8.3046   2.6649   0.0000  -0.0000   0.0000   0.0000   0.0000   0.0000   0.0000  -0.0000    0.149
   130  29.5172   0.0000   3.0476   8.0236   2.7474   0.0000  -0.0000   0.0000   0.0000  -0.0000   0.0000   0.0000  -0.0000    0.188
   131  29.9362   0.0000   3.3995   7.7257   2.7851   0.0000  -0.0000   0.0000   0.0000   0.0000   0.0000   0.0000  -0.0000    0.223
   132  30.3745   0.0000   3.7677   7.4141   2.7796   0.0000  -0.0000   0.0000   0.0000  -0.0000   0.0000  -0.0000  -0.0000    0.394
   133  30.8277   0.0000   4.1483   7.0919   2.7338   0.0000   0.0000   0.0000   0.0000   0.0000   0.0000   0.0000  -0.0000    0.237
   134  31.2912   0.0000   4.5376   6.7625   2.6516   0.0000  -0.0000   0.0000   0.0000   0.0000   0.0000  -0.0000  -0.0000    0.292
   135  31.7601   0.0000   4.9315   6.4291   2.5374   0.0000   0.0000   0.0000   0.0000  -0.0000   0.0000  -0.0000  -0.0000    0.317
   136  32.2297   0.0000   5.3260   6.0953   2.3965   0.0000  -0.0000   0.0000   0.0000  -0.0000   0.0000   0.0000  -0.0000    0.063
   137  32.6951   0.0000   5.7169   5.7644   2.2343   0.0000  -0.0000   0.0000   0.0000  -0.0000   0.0000   0.0000  -0.0000    0.207
   138  33.1514   0.0000   6.1002   5.4400   2.0562   0.0000   0.0000   0.0000   0.0000  -0.0000   0.0000   0.0000  -0.0000    0.013
   139  33.5939   0.0000   6.4718   5.1254   1.8679   0.0000   0.0000   0.0000   0.0000  -0.0000   0.0000   0.0000  -0.0000    0.109
   140  34.0180   0.0000   6.8281   4.8240   1.6743   0.0000   0.0000   0.0000   0.0000  -0.0000   0.0000   0.0000   0.0000   -0.366
   141  34.4192   0.0000   7.1651   4.5387   1.4801   0.0000  -0.0000   0.0000   0.0000  -0.0000   0.0000   0.0000   0.0000   -0.839
   142  34.7934   0.0000   7.4794   4.2727   1.2891   0.0000  -0.0000   0.0000   0.0000   0.0000   0.0000   0.0000   0.0000  999.000
   143  35.1366   0.0000   7.7677   4.0287   1.1044   0.0000   0.0000   0.0000   0.0000  -0.0000   0.0000   0.0000   0.0000   -0.123
   144  35.4453   0.0000   8.0270   3.8093   0.9284   0.0000  -0.0000   0.0000   0.0000   0.0000   0.0000   0.0000   0.0000   -0.226
   145  35.7161   0.0000   8.2545   3.6167   0.7621   0.0000  -0.0000   0.0000   0.0000  -0.0000   0.0000   0.0000   0.0000   -0.552
   146  35.9463   0.0000   8.4479   3.4530   0.6061   0.0000  -0.0000   0.0000   0.0000  -0.0000   0.0000   0.0000   0.0000   -0.289
   147  36.1335   0.0000   8.6050   3.3200   0.4597   0.0000   0.0000   0.0000   0.0000  -0.0000   0.0000   0.0000  -0.0000    0.027
   148  36.2756   0.0000   8.7244   3.2190   0.3218   0.0000  -0.0000   0.0000   0.0000  -0.0000   0.0000   0.0000   0.0000   -0.644
   149  36.3711   0.0000   8.8047   3.1510   0.1903   0.0000   0.0000   0.0000   0.0000  -0.0000   0.0000   0.0000  -0.0000    0.044
   150  36.4192   0.0000   8.8450   3.1169   0.0630   0.0000   0.0000   0.0000   0.0000  -0.0000   0.0000   0.0000  -0.0000    0.163

  Surface # 6     fuselage_horizontal                     
     # Chordwise = 10   # Spanwise = 30     First strip =151
     Surface area Ssurf =  125.374167     Ave. chord Cave =   33.884910

 Forces referred to Sref, Cref, Bref about Xref, Yref, Zref
 Standard axis orientation,  X fwd, Z down         
     CLsurf  =  -0.00605     Clsurf  =   0.00000
     CYsurf  =  -0.00000     Cmsurf  =   0.02022
     CDsurf  =  -0.00080     Cnsurf  =  -0.00000
     CDisurf =  -0.00080     CDvsurf =   0.00000

 Forces referred to Ssurf, Cave 
     CLsurf  =  -0.00730     CDsurf  =  -0.00097

 Strip Forces referred to Strip Area, Chord
    j     Xle      Yle      Zle      Chord    Area     c_cl     ai     cl_norm    cl       cd       cdv    cm_c/4     cm_LE   C.P.x/c
   151   4.5084  -1.7883   0.0000  24.6775   3.0436  -0.0540   0.0591  -0.0038  -0.0023   0.0015   0.0000   0.0026   0.0005    1.378
   152   3.8079  -1.6650   0.0000  27.0934   3.3415  -0.0825   0.0665  -0.0052  -0.0031   0.0015   0.0000   0.0034   0.0007    1.326
   153   3.1073  -1.5417   0.0000  29.5093   3.6395  -0.1039   0.0774  -0.0059  -0.0036   0.0009   0.0000   0.0037   0.0008    1.296
   154   2.5735  -1.4183   0.0000  31.2560   3.8549  -0.1389   0.0714  -0.0073  -0.0044  -0.0007   0.0000   0.0039   0.0016    1.131
   155   2.2064  -1.2950   0.0000  32.3337   3.9878  -0.1683   0.0639  -0.0086  -0.0052  -0.0001   0.0000   0.0043   0.0018    1.075
   156   1.8393  -1.1717   0.0000  33.4114   4.1207  -0.1977   0.0558  -0.0097  -0.0059  -0.0003   0.0000   0.0046   0.0019    1.033
   157   1.5229  -1.0483   0.0000  34.3557   4.2372  -0.2265   0.0508  -0.0083  -0.0066  -0.0007   0.0000   0.0049   0.0028    1.000
   158   1.2572  -0.9250   0.0000  35.1666   4.3372  -0.2541   0.0487  -0.0091  -0.0072  -0.0014   0.0000   0.0052   0.0029    0.972
   159   0.9915  -0.8017   0.0000  35.9775   4.4372  -0.2798   0.0468  -0.0096  -0.0076  -0.0044   0.0000   0.0054   0.0031    0.959
   160   0.7645  -0.6783   0.0000  36.5961   4.5135  -0.3250   0.0466  -0.0124  -0.0086  -0.0058   0.0000   0.0057   0.0043    0.910
   161   0.5764  -0.5550   0.0000  37.0222   4.5661  -0.3476   0.0468  -0.0133  -0.0092  -0.0030   0.0000   0.0058   0.0045    0.880
   162   0.3883  -0.4317   0.0000  37.4484   4.6186  -0.3668   0.0472  -0.0139  -0.0096  -0.0037   0.0000   0.0059   0.0046    0.867
   163   0.2452  -0.3083   0.0000  37.7105   4.6510  -0.3896   0.0474  -0.0138  -0.0102  -0.0027   0.0000   0.0061   0.0068    0.847
   164   0.1471  -0.1850   0.0000  37.8086   4.6631  -0.3980   0.0474  -0.0143  -0.0105  -0.0001   0.0000   0.0062   0.0069    0.835
   165   0.0490  -0.0617   0.0000  37.9067   4.6752  -0.4001   0.0474  -0.0148  -0.0109   0.0063   0.0000   0.0062   0.0069    0.816
   166   0.0490   0.0617   0.0000  37.9067   4.6752  -0.4001   0.0474  -0.0148  -0.0109   0.0063   0.0000   0.0062   0.0069    0.816
   167   0.1471   0.1850   0.0000  37.8086   4.6631  -0.3980   0.0474  -0.0143  -0.0105  -0.0001   0.0000   0.0062   0.0069    0.835
   168   0.2452   0.3083   0.0000  37.7105   4.6510  -0.3896   0.0474  -0.0138  -0.0102  -0.0027   0.0000   0.0061   0.0068    0.847
   169   0.3883   0.4317   0.0000  37.4484   4.6186  -0.3668   0.0472  -0.0139  -0.0096  -0.0037   0.0000   0.0059   0.0046    0.867
   170   0.5764   0.5550   0.0000  37.0222   4.5661  -0.3476   0.0468  -0.0133  -0.0092  -0.0030   0.0000   0.0058   0.0045    0.880
   171   0.7645   0.6783   0.0000  36.5961   4.5135  -0.3250   0.0466  -0.0124  -0.0086  -0.0058   0.0000   0.0057   0.0043    0.910
   172   0.9915   0.8017   0.0000  35.9775   4.4372  -0.2798   0.0468  -0.0096  -0.0076  -0.0044   0.0000   0.0054   0.0031    0.959
   173   1.2571   0.9250   0.0000  35.1666   4.3372  -0.2541   0.0487  -0.0091  -0.0072  -0.0014   0.0000   0.0052   0.0029    0.972
   174   1.5228   1.0483   0.0000  34.3557   4.2372  -0.2265   0.0508  -0.0083  -0.0066  -0.0007   0.0000   0.0049   0.0028    1.000
   175   1.8393   1.1717   0.0000  33.4114   4.1207  -0.1977   0.0558  -0.0097  -0.0059  -0.0003   0.0000   0.0046   0.0019    1.033
   176   2.2064   1.2950   0.0000  32.3337   3.9878  -0.1683   0.0639  -0.0086  -0.0052  -0.0001   0.0000   0.0043   0.0018    1.075
   177   2.5735   1.4183   0.0000  31.2560   3.8549  -0.1389   0.0714  -0.0073  -0.0044  -0.0007   0.0000   0.0039   0.0016    1.131
   178   3.1073   1.5417   0.0000  29.5093   3.6395  -0.1039   0.0774  -0.0059  -0.0036   0.0009   0.0000   0.0037   0.0008    1.296
   179   3.8079   1.6650   0.0000  27.0934   3.3415  -0.0825   0.0665  -0.0052  -0.0031   0.0015   0.0000   0.0034   0.0007    1.326
   180   4.5083   1.7883   0.0000  24.6775   3.0436  -0.0540   0.0591  -0.0038  -0.0023   0.0015   0.0000   0.0026   0.0005    1.378

  Surface # 7     fuselage_vertical                       
     # Chordwise = 10   # Spanwise = 30     First strip =181
     Surface area Ssurf =  124.957954     Ave. chord Cave =   33.772420

 Forces referred to Sref, Cref, Bref about Xref, Yref, Zref
 Standard axis orientation,  X fwd, Z down         
     CLsurf  =  -0.00000     Clsurf  =  -0.00000
     CYsurf  =  -0.00000     Cmsurf  =   0.00000
     CDsurf  =   0.00000     Cnsurf  =   0.00000
     CDisurf =   0.00000     CDvsurf =   0.00000

 Forces referred to Ssurf, Cave 
     CLsurf  =   0.00000     CDsurf  =   0.00000

 Strip Forces referred to Strip Area, Chord
    j     Xle      Yle      Zle      Chord    Area     c_cl     ai     cl_norm    cl       cd       cdv    cm_c/4     cm_LE   C.P.x/c
   181   4.1119   0.0000  -1.7883  24.8339   3.0628   0.0000   0.0000   0.0000   0.0000  -0.0000   0.0000  -0.0000  -0.0000    0.795
   182   2.6186   0.0000  -1.6650  27.5624   3.3994   0.0000   0.0000   0.0000   0.0000  -0.0000   0.0000  -0.0000  -0.0000    1.355
   183   1.1253   0.0000  -1.5417  30.2910   3.7359  -0.0000   0.0000  -0.0000  -0.0000  -0.0000   0.0000  -0.0000  -0.0000  999.000
   184   0.3177   0.0000  -1.4183  31.9720   3.9432   0.0000   0.0000   0.0000   0.0000   0.0000   0.0000  -0.0000  -0.0000    0.831
   185   0.1958   0.0000  -1.2950  32.6055   4.0213   0.0000   0.0000   0.0000   0.0000   0.0000   0.0000  -0.0000  -0.0000    0.737
   186   0.0739   0.0000  -1.1717  33.2390   4.0995   0.0000   0.0000   0.0000   0.0000   0.0000   0.0000  -0.0000  -0.0000    0.673
   187   0.0201   0.0000  -1.0483  33.7449   4.1619   0.0000   0.0000   0.0000   0.0000   0.0000   0.0000  -0.0000  -0.0000    0.580
   188   0.0344   0.0000  -0.9250  34.1231   4.2085   0.0000   0.0000   0.0000   0.0000   0.0000   0.0000  -0.0000  -0.0000    0.559
   189   0.0487   0.0000  -0.8017  34.5015   4.2552   0.0000   0.0000   0.0000   0.0000   0.0000   0.0000  -0.0000  -0.0000    0.583
   190   0.0956   0.0000  -0.6783  34.8164   4.2940   0.0000   0.0000   0.0000   0.0000   0.0000   0.0000  -0.0000  -0.0000    1.034
   191   0.1750   0.0000  -0.5550  35.0679   4.3250  -0.0000   0.0000  -0.0000  -0.0000   0.0000   0.0000   0.0000   0.0000    0.552
   192   0.2545   0.0000  -0.4317  35.3194   4.3561  -0.0000  -0.0000  -0.0000  -0.0000   0.0000   0.0000   0.0000   0.0000    0.528
   193   0.3527   0.0000  -0.3083  35.5325   4.3823  -0.0000   0.0000  -0.0000  -0.0000   0.0000   0.0000   0.0000   0.0000    0.443
   194   0.4698   0.0000  -0.1850  35.7070   4.4039  -0.0000   0.0000  -0.0000  -0.0000  -0.0000   0.0000   0.0000   0.0000    0.274
   195   0.5868   0.0000  -0.0617  35.8816   4.4254   0.0000  -0.0000   0.0000   0.0000  -0.0000   0.0000  -0.0000  -0.0000  999.000
   196   0.7206   0.0000   0.0617  36.0254   4.4431   0.0000  -0.0000   0.0000   0.0000   0.0000   0.0000  -0.0000  -0.0000    0.789
   197   0.8712   0.0000   0.1850  36.1384   4.4571   0.0000  -0.0000   0.0000   0.0000   0.0000   0.0000  -0.0000  -0.0000    1.140
   198   1.0218   0.0000   0.3083  36.2515   4.4710   0.0000  -0.0000   0.0000   0.0000   0.0000   0.0000  -0.0000  -0.0000    0.883
   199   1.1902   0.0000   0.4317  36.3067   4.4778   0.0000   0.0000   0.0000   0.0000  -0.0000   0.0000  -0.0000  -0.0000    0.812
   200   1.3764   0.0000   0.5550  36.3040   4.4775   0.0000  -0.0000   0.0000   0.0000  -0.0000   0.0000  -0.0000  -0.0000    0.794
   201   1.5626   0.0000   0.6783  36.3013   4.4772   0.0000  -0.0000   0.0000   0.0000  -0.0000   0.0000  -0.0000  -0.0000    0.786
   202   1.7707   0.0000   0.8017  36.1850   4.4628   0.0000  -0.0000   0.0000   0.0000  -0.0000   0.0000  -0.0000  -0.0000    0.773
   203   2.0006   0.0000   0.9250  35.9551   4.4345   0.0000   0.0000   0.0000   0.0000  -0.0000   0.0000  -0.0000  -0.0000    0.762
   204   2.2305   0.0000   1.0483  35.7252   4.4061   0.0000  -0.0000   0.0000   0.0000  -0.0000   0.0000  -0.0000  -0.0000    0.761
   205   2.4937   0.0000   1.1717  35.4619   4.3736   0.0000  -0.0000   0.0000   0.0000  -0.0000   0.0000  -0.0000  -0.0000    0.733
   206   2.7902   0.0000   1.2950  35.1655   4.3371   0.0000  -0.0000   0.0000   0.0000  -0.0000   0.0000  -0.0000  -0.0000    0.692
   207   3.0867   0.0000   1.4183  34.8689   4.3005   0.0000  -0.0000   0.0000   0.0000  -0.0000   0.0000  -0.0000  -0.0000    0.653
   208   3.5056   0.0000   1.5417  32.8455   4.0509   0.0000  -0.0000   0.0000   0.0000   0.0000   0.0000  -0.0000  -0.0000    0.528
   209   4.0468   0.0000   1.6650  29.0952   3.5884   0.0000  -0.0000   0.0000   0.0000   0.0000   0.0000   0.0000  -0.0000    0.170
   210   4.5880   0.0000   1.7883  25.3448   3.1259  -0.0000  -0.0000  -0.0000  -0.0000   0.0000   0.0000   0.0000   0.0000  999.000

  Surface # 8     nacelle                                 
     # Chordwise =  6   # Spanwise = 12     First strip =211
     Surface area Ssurf =   20.812644     Ave. chord Cave =    4.188700

 Forces referred to Sref, Cref, Bref about Xref, Yref, Zref
 Standard axis orientation,  X fwd, Z down         
     CLsurf  =  -0.00182     Clsurf  =   0.00041
     CYsurf  =  -0.00424     Cmsurf  =   0.00122
     CDsurf  =   0.00028     Cnsurf  =   0.00008
     CDisurf =   0.00028     CDvsurf =   0.00000

 Forces referred to Ssurf, Cave 
     CLsurf  =   0.03321     CDsurf  =   0.00206

 Strip Forces referred to Strip Area, Chord
    j     Xle      Yle      Zle      Chord    Area     c_cl     ai     cl_norm    cl       cd       cdv    cm_c/4     cm_LE   C.P.x/c
   211  15.7628   6.5363  -2.4010   4.1887   1.8920   0.6194   0.0738   0.1479   0.1476   0.0090   0.0000  -0.0563  -0.0933    0.632
   212  15.7628   6.9142  -2.6192   4.1887   1.8921   0.7872   0.0796   0.1875   0.1875   0.0141   0.0000  -0.0716  -0.1186    0.632
   213  15.7628   7.3505  -2.6192   4.1887   1.8921   0.8487   0.0748   0.2021   0.2021   0.0157   0.0000  -0.0822  -0.1329    0.657
   214  15.7628   7.7284  -2.4010   4.1887   1.8920   0.8649   0.0594   0.2064   0.2061   0.0135   0.0000  -0.0932  -0.1449    0.702
   215  15.7628   7.9465  -2.0232   4.1887   1.8921   0.8726   0.0396   0.2088   0.2082   0.0081   0.0000  -0.1058  -0.1579    0.758
   216  15.7628   7.9758  -1.6959   4.1887   0.9461   0.9164   0.0243   0.2194   0.2188   0.0005   0.0000  -0.1176  -0.1723    0.788
   217  15.7628   7.9173  -1.4778   4.1887   0.9461   0.9511   0.0262   0.2277   0.2271   0.0002   0.0000  -0.1245  -0.1813    0.798
   218  15.7628   7.7284  -1.2090   4.1887   1.8920   0.9402   0.0193   0.2246   0.2243  -0.0079   0.0000  -0.1318  -0.1879    0.837
   219  15.7628   7.3505  -0.9908   4.1887   1.8921   0.9542   0.0175   0.2275   0.2274  -0.0130   0.0000  -0.1350  -0.1919    0.844
   220  15.7628   6.9142  -0.9908   4.1887   1.8921   0.9186   0.0166   0.2190   0.2190  -0.0122   0.0000  -0.1274  -0.1822    0.832
   221  15.7628   6.5363  -1.2090   4.1887   1.8920   0.8221   0.0230   0.1964   0.1962  -0.0061   0.0000  -0.1082  -0.1573    0.802
   222  15.7628   6.3182  -1.5868   4.1887   1.8921   0.6278   0.0396   0.1503   0.1499   0.0011   0.0000  -0.0762  -0.1137    0.758

  Surface # 9     nacelle (YDUP)                          
     # Chordwise =  6   # Spanwise = 12     First strip =223
     Surface area Ssurf =   20.812644     Ave. chord Cave =    4.188700

 Forces referred to Sref, Cref, Bref about Xref, Yref, Zref
 Standard axis orientation,  X fwd, Z down         
     CLsurf  =  -0.00182     Clsurf  =  -0.00041
     CYsurf  =   0.00424     Cmsurf  =   0.00122
     CDsurf  =   0.00028     Cnsurf  =  -0.00008
     CDisurf =   0.00028     CDvsurf =   0.00000

 Forces referred to Ssurf, Cave 
     CLsurf  =   0.03321     CDsurf  =   0.00206

 Strip Forces referred to Strip Area, Chord
    j     Xle      Yle      Zle      Chord    Area     c_cl     ai     cl_norm    cl       cd       cdv    cm_c/4     cm_LE   C.P.x/c
   223  15.7628  -6.5363  -2.4010   4.1887   1.8920   0.6194   0.0738   0.1479   0.1476   0.0090   0.0000  -0.0563   0.0933    0.632
   224  15.7628  -6.9142  -2.6192   4.1887   1.8921   0.7872   0.0796   0.1875   0.1875   0.0141   0.0000  -0.0716   0.1186    0.632
   225  15.7628  -7.3505  -2.6192   4.1887   1.8921   0.8487   0.0748   0.2021   0.2021   0.0157   0.0000  -0.0822   0.1329    0.657
   226  15.7628  -7.7284  -2.4010   4.1887   1.8920   0.8649   0.0594   0.2064   0.2061   0.0135   0.0000  -0.0932   0.1449    0.702
   227  15.7628  -7.9465  -2.0232   4.1887   1.8921   0.8726   0.0396   0.2088   0.2082   0.0081   0.0000  -0.1058   0.1579    0.758
   228  15.7628  -7.9758  -1.6959   4.1887   0.9461   0.9164   0.0243   0.2194   0.2188   0.0005   0.0000  -0.1176   0.1723    0.788
   229  15.7628  -7.9173  -1.4778   4.1887   0.9461   0.9511   0.0262   0.2277   0.2271   0.0002   0.0000  -0.1245   0.1813    0.798
   230  15.7628  -7.7284  -1.2090   4.1887   1.8920   0.9402   0.0193   0.2246   0.2243  -0.0079   0.0000  -0.1318   0.1879    0.837
   231  15.7628  -7.3505  -0.9908   4.1887   1.8921   0.9542   0.0175   0.2275   0.2274  -0.0130   0.0000  -0.1350   0.1919    0.844
   232  15.7628  -6.9142  -0.9908   4.1887   1.8921   0.9186   0.0166   0.2190   0.2190  -0.0122   0.0000  -0.1274   0.1822    0.832
   233  15.7628  -6.5363  -1.2090   4.1887   1.8920   0.8221   0.0230   0.1964   0.1962  -0.0061   0.0000  -0.1082   0.1573    0.802
   234  15.7628  -6.3182  -1.5868   4.1887   1.8921   0.6278   0.0396   0.1503   0.1499   0.0011   0.0000  -0.0762   0.1137    0.758
 ---------------------------------------------------------------
