 ---------------------------------------------------------------
 Surface and Strip Forces by surface

  Sref =  151.41       Cref =  4.4752       Bref =  40.756    
  Xref =  19.091       Yref =  0.0000       Zref =-0.93235    

  Surface # 1     main_wing_1                             
     # Chordwise = 10   # Spanwise = 30     First strip =  1
     Surface area Ssurf =   76.063440     Ave. chord Cave =    3.713983

 Forces referred to Sref, Cref, Bref about Xref, Yref, Zref
 Standard axis orientation,  X fwd, Z down         
     CLsurf  =   0.56291     Clsurf  =  -0.11192
     CYsurf  =  -0.00235     Cmsurf  =   0.11754
     CDsurf  =   0.02441     Cnsurf  =  -0.02158
     CDisurf =   0.02441     CDvsurf =   0.00000

 Forces referred to Ssurf, Cave 
     CLsurf  =   1.11680     CDsurf  =   0.04858

 Strip Forces referred to Strip Area, Chord
    j     Xle      Yle      Zle      Chord    Area     c_cl     ai     cl_norm    cl       cd       cdv    cm_c/4     cm_LE   C.P.x/c
     1  13.1562   0.0132  -0.9323   6.7727   0.3582   6.5179   0.1380   0.9493   0.9493   0.1627   0.0000  -0.0367  -0.2773    0.289
     2  13.1562   0.1189  -0.9323   6.7727   1.0708   6.5159   0.1385   0.9491   0.9491   0.1620   0.0000  -0.0367  -0.2772    0.289
     3  13.1562   0.3290  -0.9323   6.7727   1.7716   6.5006   0.1390   0.9472   0.9472   0.1602   0.0000  -0.0367  -0.2767    0.289
     4  13.1562   0.6413  -0.9323   6.7727   2.4529   6.4518   0.1390   0.9407   0.9407   0.1559   0.0000  -0.0364  -0.2745    0.289
     5  13.1562   1.0524  -0.9323   6.7727   3.1075   6.3506   0.1383   0.9274   0.9274   0.1467   0.0000  -0.0352  -0.2696    0.288
     6  13.1562   1.5577  -0.9323   6.7727   3.7279   6.2061   0.1347   0.9080   0.9080   0.1357   0.0000  -0.0337  -0.2628    0.287
     7  13.3505   2.1655  -0.8985   6.5993   4.4092   5.7942   0.1243   1.0811   0.8773   0.0959   0.0000  -0.0343  -0.2175    0.289
     8  13.7775   2.8720  -0.8243   6.2184   4.6681   5.7028   0.1173   1.1382   0.9237   0.0661   0.0000  -0.0249  -0.2179    0.277
     9  14.2518   3.6566  -0.7418   5.7952   4.7814   5.5651   0.1140   1.1966   0.9711   0.0510   0.0000  -0.0221  -0.2247    0.273
    10  14.7910   4.5487  -0.6481   5.3142   5.1436   5.3730   0.1106   1.2630   1.0250   0.0417   0.0000  -0.0224  -0.2358    0.272
    11  15.3918   5.5427  -0.5436   4.7782   4.9135   5.1138   0.1012   1.3390   1.0866   0.0365   0.0000  -0.0259  -0.2515    0.274
    12  16.0255   6.5912  -0.4334   4.2129   4.5391   4.8071   0.0725   1.4247   1.1562   0.0497   0.0000  -0.0401  -0.2788    0.285
    13  16.6115   7.6326  -0.3239   3.8242   3.8740   4.6118   0.0319   1.5042   1.2216   0.0539   0.0000  -0.0361  -0.3002    0.280
    14  17.1396   8.6528  -0.2167   3.6265   3.7565   4.4425   0.0238   1.5351   1.2467   0.0277   0.0000  -0.0257  -0.2952    0.271
    15  17.6765   9.6902  -0.1077   3.4255   3.5876   4.2489   0.0264   1.5583   1.2655   0.0130   0.0000  -0.0219  -0.2951    0.267
    16  18.2163  10.7332   0.0019   3.2234   3.3760   4.0460   0.0290   1.5787   1.2821   0.0064   0.0000  -0.0207  -0.2974    0.266
    17  18.7532  11.7705   0.1110   3.0224   3.1308   3.8353   0.0305   1.5972   1.2971   0.0021   0.0000  -0.0203  -0.3001    0.266
    18  19.2813  12.7907   0.2182   2.8247   2.8615   3.6194   0.0314   1.6137   1.3105  -0.0014   0.0000  -0.0201  -0.3027    0.265
    19  19.7947  13.7827   0.3224   2.6325   2.5775   3.4007   0.0322   1.6277   1.3219  -0.0045   0.0000  -0.0198  -0.3048    0.265
    20  20.3028  14.7644   0.4256   2.4423   2.4220   3.1768   0.0334   1.6396   1.3316  -0.0070   0.0000  -0.0196  -0.3065    0.265
    21  20.7990  15.7230   0.5264   2.2565   2.1063   2.9492   0.0358   1.6481   1.3384  -0.0096   0.0000  -0.0190  -0.3074    0.264
    22  21.2625  16.6185   0.6205   2.0830   1.8017   2.7228   0.0402   1.6488   1.3391  -0.0116   0.0000  -0.0178  -0.3064    0.263
    23  21.6883  17.4411   0.7070   1.9236   1.5139   2.4966   0.0479   1.6375   1.3298  -0.0128   0.0000  -0.0158  -0.3025    0.262
    24  22.0716  18.1818   0.7848   1.7801   1.2468   2.2653   0.0605   1.6057   1.3040  -0.0131   0.0000  -0.0120  -0.2935    0.259
    25  22.4084  18.8324   0.8532   1.6540   1.0026   2.0178   0.0800   1.5393   1.2501  -0.0126   0.0000  -0.0049  -0.2755    0.254
    26  22.6948  19.3859   0.9113   1.5468   0.7816   1.7346   0.1066   1.4151   1.1492  -0.0119   0.0000   0.0074  -0.2427    0.244
    27  22.9086  19.7989   0.9548   1.4667   0.4825   1.4089   0.1345   1.2131   0.9852  -0.0141   0.0000   0.0244  -0.1918    0.225
    28  23.0546  20.0810   0.9844   1.4121   0.3355   1.0522   0.1559   0.9421   0.7651  -0.0152   0.0000   0.0367  -0.1330    0.202
    29  23.1528  20.2708   1.0044   1.3753   0.1975   0.6517   0.1704   0.6004   0.4876  -0.0145   0.0000   0.0353  -0.0739    0.178
    30  23.2022  20.3662   1.0144   1.3568   0.0652   0.2208   0.1781   0.2079   0.1689  -0.0114   0.0000   0.0149  -0.0229    0.162

  Surface # 2     main_wing_1 (YDUP)                      
     # Chordwise = 10   # Spanwise = 30     First strip = 31
     Surface area Ssurf =   76.063440     Ave. chord Cave =    3.713983

 Forces referred to Sref, Cref, Bref about Xref, Yref, Zref
 Standard axis orientation,  X fwd, Z down         
     CLsurf  =   0.56291     Clsurf  =   0.11192
     CYsurf  =   0.00235     Cmsurf  =   0.11754
     CDsurf  =   0.02441     Cnsurf  =   0.02158
     CDisurf =   0.02441     CDvsurf =   0.00000

 Forces referred to Ssurf, Cave 
     CLsurf  =   1.11680     CDsurf  =   0.04858

 Strip Forces referred to Strip Area, Chord
    j     Xle      Yle      Zle      Chord    Area     c_cl     ai     cl_norm    cl       cd       cdv    cm_c/4     cm_LE   C.P.x/c
    31  13.1562  -0.0132  -0.9323   6.7727   0.3582   6.5179   0.1380   0.9493   0.9493   0.1627   0.0000  -0.0367   0.2773    0.289
    32  13.1562  -0.1189  -0.9323   6.7727   1.0708   6.5159   0.1385   0.9491   0.9491   0.1620   0.0000  -0.0367   0.2772    0.289
    33  13.1562  -0.3290  -0.9323   6.7727   1.7716   6.5006   0.1390   0.9472   0.9472   0.1602   0.0000  -0.0367   0.2767    0.289
    34  13.1562  -0.6413  -0.9323   6.7727   2.4529   6.4518   0.1390   0.9407   0.9407   0.1559   0.0000  -0.0364   0.2745    0.289
    35  13.1562  -1.0524  -0.9323   6.7727   3.1075   6.3506   0.1383   0.9274   0.9274   0.1467   0.0000  -0.0352   0.2696    0.288
    36  13.1562  -1.5577  -0.9323   6.7727   3.7279   6.2061   0.1347   0.9080   0.9080   0.1357   0.0000  -0.0337   0.2628    0.287
    37  13.3505  -2.1655  -0.8985   6.5993   4.4092   5.7942   0.1243   1.0811   0.8773   0.0959   0.0000  -0.0343   0.2175    0.289
    38  13.7775  -2.8720  -0.8243   6.2184   4.6681   5.7028   0.1173   1.1382   0.9237   0.0661   0.0000  -0.0249   0.2179    0.277
    39  14.2518  -3.6566  -0.7418   5.7952   4.7814   5.5651   0.1140   1.1966   0.9711   0.0510   0.0000  -0.0221   0.2247    0.273
    40  14.7910  -4.5487  -0.6481   5.3142   5.1436   5.3730   0.1106   1.2630   1.0250   0.0417   0.0000  -0.0224   0.2358    0.272
    41  15.3918  -5.5427  -0.5436   4.7782   4.9135   5.1138   0.1012   1.3390   1.0866   0.0365   0.0000  -0.0259   0.2515    0.274
    42  16.0255  -6.5912  -0.4334   4.2129   4.5391   4.8071   0.0725   1.4247   1.1562   0.0497   0.0000  -0.0401   0.2788    0.285
    43  16.6115  -7.6326  -0.3239   3.8242   3.8740   4.6118   0.0319   1.5042   1.2216   0.0539   0.0000  -0.0361   0.3002    0.280
    44  17.1396  -8.6528  -0.2167   3.6265   3.7565   4.4425   0.0238   1.5351   1.2467   0.0277   0.0000  -0.0257   0.2952    0.271
    45  17.6765  -9.6902  -0.1077   3.4255   3.5876   4.2489   0.0264   1.5583   1.2655   0.0130   0.0000  -0.0219   0.2951    0.267
    46  18.2163 -10.7332   0.0019   3.2234   3.3760   4.0460   0.0290   1.5787   1.2821   0.0064   0.0000  -0.0207   0.2974    0.266
    47  18.7532 -11.7705   0.1110   3.0224   3.1308   3.8353   0.0305   1.5972   1.2971   0.0021   0.0000  -0.0203   0.3001    0.266
    48  19.2813 -12.7907   0.2182   2.8247   2.8615   3.6194   0.0314   1.6137   1.3105  -0.0014   0.0000  -0.0201   0.3027    0.265
    49  19.7947 -13.7827   0.3224   2.6325   2.5775   3.4007   0.0322   1.6277   1.3219  -0.0045   0.0000  -0.0198   0.3048    0.265
    50  20.3028 -14.7644   0.4256   2.4423   2.4220   3.1768   0.0334   1.6396   1.3316  -0.0070   0.0000  -0.0196   0.3065    0.265
    51  20.7990 -15.7230   0.5264   2.2565   2.1063   2.9492   0.0358   1.6481   1.3384  -0.0096   0.0000  -0.0190   0.3074    0.264
    52  21.2625 -16.6185   0.6205   2.0830   1.8017   2.7228   0.0402   1.6488   1.3391  -0.0116   0.0000  -0.0178   0.3064    0.263
    53  21.6883 -17.4411   0.7070   1.9236   1.5139   2.4966   0.0479   1.6375   1.3298  -0.0128   0.0000  -0.0158   0.3025    0.262
    54  22.0716 -18.1818   0.7848   1.7801   1.2468   2.2653   0.0605   1.6057   1.3040  -0.0131   0.0000  -0.0120   0.2935    0.259
    55  22.4084 -18.8324   0.8532   1.6540   1.0026   2.0178   0.0800   1.5393   1.2501  -0.0126   0.0000  -0.0049   0.2755    0.254
    56  22.6948 -19.3859   0.9113   1.5468   0.7816   1.7346   0.1066   1.4151   1.1492  -0.0119   0.0000   0.0074   0.2427    0.244
    57  22.9086 -19.7989   0.9548   1.4667   0.4825   1.4089   0.1345   1.2131   0.9852  -0.0141   0.0000   0.0244   0.1918    0.225
    58  23.0546 -20.0810   0.9844   1.4121   0.3355   1.0522   0.1559   0.9421   0.7651  -0.0152   0.0000   0.0367   0.1330    0.202
    59  23.1528 -20.2708   1.0044   1.3753   0.1975   0.6517   0.1704   0.6004   0.4876  -0.0145   0.0000   0.0353   0.0739    0.178
    60  23.2022 -20.3662   1.0144   1.3568   0.0652   0.2208   0.1781   0.2079   0.1689  -0.0114   0.0000   0.0149   0.0229    0.162

  Surface # 3     horizontal_stabilizer                   
     # Chordwise = 10   # Spanwise = 30     First strip = 61
     Surface area Ssurf =   24.801542     Ave. chord Cave =    3.464048

 Forces referred to Sref, Cref, Bref about Xref, Yref, Zref
 Standard axis orientation,  X fwd, Z down         
     CLsurf  =   0.04632     Clsurf  =  -0.00361
     CYsurf  =   0.00311     Cmsurf  =  -0.16878
     CDsurf  =   0.00549     Cnsurf  =  -0.00168
     CDisurf =   0.00549     CDvsurf =   0.00000

 Forces referred to Ssurf, Cave 
     CLsurf  =   0.28277     CDsurf  =   0.03351

 Strip Forces referred to Strip Area, Chord
    j     Xle      Yle      Zle      Chord    Area     c_cl     ai     cl_norm    cl       cd       cdv    cm_c/4     cm_LE   C.P.x/c
    61  32.2591   0.0046   1.0597   4.8737   0.0901   1.2078   0.1753   0.2784   0.2018   0.2428   0.0000  -0.0063  -0.0550    0.281
    62  32.2862   0.0415   1.0597   4.8591   0.2685   1.2083   0.1759   0.3332   0.2415   0.0597   0.0000  -0.0060  -0.0550    0.275
    63  32.3400   0.1150   1.0597   4.8302   0.4415   1.2082   0.1766   0.3388   0.2456   0.0476   0.0000  -0.0050  -0.0545    0.270
    64  32.4201   0.2241   1.0597   4.7871   0.6059   1.2050   0.1775   0.3418   0.2478   0.0451   0.0000  -0.0029  -0.0531    0.262
    65  32.5254   0.3678   1.0597   4.7305   0.7585   1.1947   0.1786   0.3434   0.2489   0.0436   0.0000   0.0004  -0.0506    0.248
    66  32.6549   0.5443   1.0597   4.6609   0.8965   1.1696   0.1799   0.3417   0.2477   0.0418   0.0000   0.0054  -0.0462    0.228
    67  32.8112   0.7575   1.0597   4.5768   1.0696   1.0994   0.1080   0.3276   0.2374   0.0383   0.0000   0.0152  -0.0362    0.186
    68  32.9935   1.0059   1.0597   4.4789   1.1761   1.0624   0.1096   0.3239   0.2347   0.0364   0.0000   0.0214  -0.0306    0.159
    69  33.1959   1.2819   1.0597   4.3701   1.2611   1.0385   0.1111   0.3249   0.2355   0.0350   0.0000   0.0263  -0.0267    0.138
    70  33.4163   1.5823   1.0597   4.2516   1.3241   1.0260   0.1123   0.3304   0.2395   0.0341   0.0000   0.0302  -0.0243    0.124
    71  33.6522   1.9039   1.0597   4.1248   1.3648   1.0233   0.1133   0.3401   0.2465   0.0335   0.0000   0.0334  -0.0231    0.115
    72  33.9010   2.2432   1.0597   3.9911   1.3836   1.0262   0.1141   0.3530   0.2558   0.0332   0.0000   0.0359  -0.0229    0.110
    73  34.1600   2.5963   1.0597   3.8519   1.3816   1.0316   0.1147   0.3680   0.2667   0.0332   0.0000   0.0379  -0.0234    0.108
    74  34.4265   2.9595   1.0597   3.7087   1.3602   1.0384   0.1151   0.3851   0.2791   0.0335   0.0000   0.0396  -0.0245    0.108
    75  34.6973   3.3289   1.0597   3.5631   1.3213   1.0466   0.1154   0.4044   0.2931   0.0338   0.0000   0.0411  -0.0261    0.110
    76  34.9697   3.7002   1.0597   3.4167   1.2670   1.0547   0.1158   0.4255   0.3084   0.0339   0.0000   0.0427  -0.0278    0.112
    77  35.2406   4.0695   1.0597   3.2711   1.1997   1.0596   0.1163   0.4470   0.3240   0.0337   0.0000   0.0444  -0.0295    0.113
    78  35.5070   4.4327   1.0597   3.1279   1.1219   1.0571   0.1170   0.4671   0.3385   0.0330   0.0000   0.0462  -0.0309    0.113
    79  35.7661   4.7859   1.0597   2.9886   1.0361   1.0437   0.1179   0.4833   0.3503   0.0318   0.0000   0.0482  -0.0316    0.112
    80  36.0149   5.1251   1.0597   2.8549   0.9446   1.0175   0.1191   0.4939   0.3580   0.0301   0.0000   0.0502  -0.0313    0.110
    81  36.2508   5.4467   1.0597   2.7281   0.8496   0.9781   0.1202   0.4975   0.3606   0.0279   0.0000   0.0524  -0.0301    0.105
    82  36.4711   5.7471   1.0597   2.6097   0.7531   0.9261   0.1211   0.4931   0.3574   0.0255   0.0000   0.0544  -0.0277    0.098
    83  36.6736   6.0231   1.0597   2.5009   0.6567   0.8631   0.1214   0.4802   0.3480   0.0228   0.0000   0.0560  -0.0245    0.089
    84  36.8558   6.2716   1.0597   2.4029   0.5615   0.7926   0.1209   0.4594   0.3330   0.0200   0.0000   0.0561  -0.0212    0.081
    85  37.0159   6.4899   1.0597   2.3169   0.4686   0.7207   0.1198   0.4337   0.3143   0.0175   0.0000   0.0533  -0.0197    0.080
    86  37.1654   6.6937   1.0597   2.2365   0.4544   0.6657   0.1925   0.4148   0.3006   0.0173   0.0000   0.0419  -0.0262    0.111
    87  37.2989   6.8757   1.0597   2.1647   0.3472   0.5471   0.1924   0.3526   0.2556   0.0131   0.0000   0.0366  -0.0214    0.107
    88  37.4004   7.0140   1.0597   2.1102   0.2444   0.4044   0.1926   0.2681   0.1943   0.0076   0.0000   0.0300  -0.0145    0.096
    89  37.4686   7.1071   1.0597   2.0735   0.1452   0.2478   0.1930   0.1679   0.1217   0.0022   0.0000   0.0201  -0.0079    0.085
    90  37.5029   7.1538   1.0597   2.0551   0.0481   0.0834   0.1932   0.0584   0.0423  -0.0038   0.0000   0.0071  -0.0025    0.082

  Surface # 4     horizontal_stabilizer (YDUP)            
     # Chordwise = 10   # Spanwise = 30     First strip = 91
     Surface area Ssurf =   24.801542     Ave. chord Cave =    3.464048

 Forces referred to Sref, Cref, Bref about Xref, Yref, Zref
 Standard axis orientation,  X fwd, Z down         
     CLsurf  =   0.04632     Clsurf  =   0.00361
     CYsurf  =  -0.00311     Cmsurf  =  -0.16878
     CDsurf  =   0.00549     Cnsurf  =   0.00168
     CDisurf =   0.00549     CDvsurf =   0.00000

 Forces referred to Ssurf, Cave 
     CLsurf  =   0.28277     CDsurf  =   0.03351

 Strip Forces referred to Strip Area, Chord
    j     Xle      Yle      Zle      Chord    Area     c_cl     ai     cl_norm    cl       cd       cdv    cm_c/4     cm_LE   C.P.x/c
    91  32.2591  -0.0046   1.0597   4.8737   0.0901   1.2078   0.1753   0.2784   0.2018   0.2428   0.0000  -0.0063   0.0550    0.281
    92  32.2862  -0.0415   1.0597   4.8591   0.2685   1.2083   0.1759   0.3332   0.2415   0.0597   0.0000  -0.0060   0.0550    0.275
    93  32.3400  -0.1150   1.0597   4.8302   0.4415   1.2082   0.1766   0.3388   0.2456   0.0476   0.0000  -0.0050   0.0545    0.270
    94  32.4201  -0.2241   1.0597   4.7871   0.6059   1.2050   0.1775   0.3418   0.2478   0.0451   0.0000  -0.0029   0.0531    0.262
    95  32.5254  -0.3678   1.0597   4.7305   0.7585   1.1947   0.1786   0.3434   0.2489   0.0436   0.0000   0.0004   0.0506    0.248
    96  32.6549  -0.5443   1.0597   4.6609   0.8965   1.1696   0.1799   0.3417   0.2477   0.0418   0.0000   0.0054   0.0462    0.228
    97  32.8112  -0.7575   1.0597   4.5768   1.0696   1.0994   0.1080   0.3276   0.2374   0.0383   0.0000   0.0152   0.0362    0.186
    98  32.9935  -1.0059   1.0597   4.4789   1.1761   1.0624   0.1096   0.3239   0.2347   0.0364   0.0000   0.0214   0.0306    0.159
    99  33.1959  -1.2819   1.0597   4.3701   1.2611   1.0385   0.1111   0.3249   0.2355   0.0350   0.0000   0.0263   0.0267    0.138
   100  33.4163  -1.5823   1.0597   4.2516   1.3241   1.0260   0.1123   0.3304   0.2395   0.0341   0.0000   0.0302   0.0243    0.124
   101  33.6522  -1.9039   1.0597   4.1248   1.3648   1.0233   0.1133   0.3401   0.2465   0.0335   0.0000   0.0334   0.0231    0.115
   102  33.9010  -2.2432   1.0597   3.9911   1.3836   1.0262   0.1141   0.3530   0.2558   0.0332   0.0000   0.0359   0.0229    0.110
   103  34.1600  -2.5963   1.0597   3.8519   1.3816   1.0316   0.1147   0.3680   0.2667   0.0332   0.0000   0.0379   0.0234    0.108
   104  34.4265  -2.9595   1.0597   3.7087   1.3602   1.0384   0.1151   0.3851   0.2791   0.0335   0.0000   0.0396   0.0245    0.108
   105  34.6973  -3.3289   1.0597   3.5631   1.3213   1.0466   0.1154   0.4044   0.2931   0.0338   0.0000   0.0411   0.0261    0.110
   106  34.9697  -3.7002   1.0597   3.4167   1.2670   1.0547   0.1158   0.4255   0.3084   0.0339   0.0000   0.0427   0.0278    0.112
   107  35.2406  -4.0695   1.0597   3.2711   1.1997   1.0596   0.1163   0.4470   0.3240   0.0337   0.0000   0.0444   0.0295    0.113
   108  35.5070  -4.4327   1.0597   3.1279   1.1219   1.0571   0.1170   0.4671   0.3385   0.0330   0.0000   0.0462   0.0309    0.113
   109  35.7661  -4.7859   1.0597   2.9886   1.0361   1.0437   0.1179   0.4833   0.3503   0.0318   0.0000   0.0482   0.0316    0.112
   110  36.0149  -5.1251   1.0597   2.8549   0.9446   1.0175   0.1191   0.4939   0.3580   0.0301   0.0000   0.0502   0.0313    0.110
   111  36.2508  -5.4467   1.0597   2.7281   0.8496   0.9781   0.1202   0.4975   0.3606   0.0279   0.0000   0.0524   0.0301    0.105
   112  36.4711  -5.7471   1.0597   2.6097   0.7531   0.9261   0.1211   0.4931   0.3574   0.0255   0.0000   0.0544   0.0277    0.098
   113  36.6736  -6.0231   1.0597   2.5009   0.6567   0.8631   0.1214   0.4802   0.3480   0.0228   0.0000   0.0560   0.0245    0.089
   114  36.8558  -6.2716   1.0597   2.4029   0.5615   0.7926   0.1209   0.4594   0.3330   0.0200   0.0000   0.0561   0.0212    0.081
   115  37.0159  -6.4899   1.0597   2.3169   0.4686   0.7207   0.1198   0.4337   0.3143   0.0175   0.0000   0.0533   0.0197    0.080
   116  37.1654  -6.6937   1.0597   2.2365   0.4544   0.6657   0.1925   0.4148   0.3006   0.0173   0.0000   0.0419   0.0262    0.111
   117  37.2989  -6.8757   1.0597   2.1647   0.3472   0.5471   0.1924   0.3526   0.2556   0.0131   0.0000   0.0366   0.0214    0.107
   118  37.4004  -7.0140   1.0597   2.1102   0.2444   0.4044   0.1926   0.2681   0.1943   0.0076   0.0000   0.0300   0.0145    0.096
   119  37.4686  -7.1071   1.0597   2.0735   0.1452   0.2478   0.1930   0.1679   0.1217   0.0022   0.0000   0.0201   0.0079    0.085
   120  37.5029  -7.1538   1.0597   2.0551   0.0481   0.0834   0.1932   0.0584   0.0423  -0.0038   0.0000   0.0071   0.0025    0.082

  Surface # 5     vertical_stabilizer                     
     # Chordwise = 10   # Spanwise = 30     First strip =121
     Surface area Ssurf =   49.674121     Ave. chord Cave =    6.398089

 Forces referred to Sref, Cref, Bref about Xref, Yref, Zref
 Standard axis orientation,  X fwd, Z down         
     CLsurf  =  -0.00000     Clsurf  =  -0.00000
     CYsurf  =  -0.00000     Cmsurf  =  -0.00000
     CDsurf  =   0.00000     Cnsurf  =   0.00000
     CDisurf =   0.00000     CDvsurf =   0.00000

 Forces referred to Ssurf, Cave 
     CLsurf  =   0.00000     CDsurf  =   0.00000

 Strip Forces referred to Strip Area, Chord
    j     Xle      Yle      Zle      Chord    Area     c_cl     ai     cl_norm    cl       cd       cdv    cm_c/4     cm_LE   C.P.x/c
   121  27.2121   0.0000   1.1113   9.6623   0.5775  -0.0000  -0.0000  -0.0000  -0.0000   0.0000   0.0000   0.0000   0.0000    0.825
   122  27.3059   0.0000   1.1901   9.5956   0.9378  -0.0000  -0.0000  -0.0000  -0.0000   0.0000   0.0000   0.0000   0.0000    0.859
   123  27.4446   0.0000   1.3066   9.4971   1.2816  -0.0000   0.0000  -0.0000  -0.0000   0.0000   0.0000   0.0000   0.0000    0.923
   124  27.6269   0.0000   1.4597   9.3675   1.6020  -0.0000   0.0000  -0.0000  -0.0000  -0.0000   0.0000   0.0000   0.0000    1.153
   125  27.8513   0.0000   1.6482   9.2079   1.8927  -0.0000   0.0000  -0.0000  -0.0000  -0.0000   0.0000   0.0000   0.0000  999.000
   126  28.1157   0.0000   1.8704   9.0199   2.1481   0.0000   0.0000   0.0000   0.0000  -0.0000   0.0000   0.0000   0.0000  999.000
   127  28.4177   0.0000   2.1240   8.8053   2.3638   0.0000   0.0000   0.0000   0.0000  -0.0000   0.0000   0.0000   0.0000   -0.443
   128  28.7542   0.0000   2.4066   8.5661   2.5368   0.0000   0.0000   0.0000   0.0000  -0.0000   0.0000   0.0000   0.0000   -0.601
   129  29.1219   0.0000   2.7155   8.3046   2.6649   0.0000   0.0000   0.0000   0.0000  -0.0000   0.0000   0.0000   0.0000   -0.389
   130  29.5172   0.0000   3.0476   8.0236   2.7474   0.0000   0.0000   0.0000   0.0000  -0.0000   0.0000   0.0000   0.0000   -0.369
   131  29.9362   0.0000   3.3995   7.7257   2.7851   0.0000   0.0000   0.0000   0.0000   0.0000   0.0000   0.0000   0.0000   -0.177
   132  30.3745   0.0000   3.7677   7.4141   2.7796   0.0000   0.0000   0.0000   0.0000  -0.0000   0.0000   0.0000  -0.0000    0.069
   133  30.8277   0.0000   4.1483   7.0919   2.7338   0.0000   0.0000   0.0000   0.0000  -0.0000   0.0000   0.0000  -0.0000    0.184
   134  31.2912   0.0000   4.5376   6.7625   2.6516   0.0000   0.0000   0.0000   0.0000   0.0000   0.0000   0.0000  -0.0000    0.135
   135  31.7601   0.0000   4.9315   6.4291   2.5374   0.0000   0.0000   0.0000   0.0000  -0.0000   0.0000   0.0000  -0.0000    0.024
   136  32.2297   0.0000   5.3260   6.0953   2.3965   0.0000  -0.0000   0.0000   0.0000  -0.0000   0.0000   0.0000   0.0000   -0.140
   137  32.6951   0.0000   5.7169   5.7644   2.2343   0.0000   0.0000   0.0000   0.0000   0.0000   0.0000   0.0000  -0.0000    0.136
   138  33.1514   0.0000   6.1002   5.4400   2.0562   0.0000   0.0000   0.0000   0.0000  -0.0000   0.0000   0.0000  -0.0000    0.148
   139  33.5939   0.0000   6.4718   5.1254   1.8679   0.0000   0.0000   0.0000   0.0000  -0.0000   0.0000   0.0000  -0.0000    0.084
   140  34.0180   0.0000   6.8281   4.8240   1.6743   0.0000   0.0000   0.0000   0.0000  -0.0000   0.0000   0.0000  -0.0000    0.245
   141  34.4192   0.0000   7.1651   4.5387   1.4801   0.0000   0.0000   0.0000   0.0000  -0.0000   0.0000  -0.0000  -0.0000    0.312
   142  34.7934   0.0000   7.4794   4.2727   1.2891   0.0000   0.0000   0.0000   0.0000  -0.0000   0.0000  -0.0000  -0.0000    0.297
   143  35.1366   0.0000   7.7677   4.0287   1.1044   0.0000   0.0000   0.0000   0.0000  -0.0000   0.0000  -0.0000  -0.0000    0.329
   144  35.4453   0.0000   8.0270   3.8093   0.9284   0.0000   0.0000   0.0000   0.0000  -0.0000   0.0000  -0.0000  -0.0000    0.266
   145  35.7161   0.0000   8.2545   3.6167   0.7621   0.0000   0.0000   0.0000   0.0000   0.0000   0.0000   0.0000  -0.0000    0.207
   146  35.9463   0.0000   8.4479   3.4530   0.6061   0.0000   0.0000   0.0000   0.0000  -0.0000   0.0000   0.0000  -0.0000    0.139
   147  36.1335   0.0000   8.6050   3.3200   0.4597   0.0000   0.0000   0.0000   0.0000  -0.0000   0.0000   0.0000  -0.0000    0.109
   148  36.2756   0.0000   8.7244   3.2190   0.3218   0.0000  -0.0000   0.0000   0.0000  -0.0000   0.0000   0.0000   0.0000   -0.326
   149  36.3711   0.0000   8.8047   3.1510   0.1903   0.0000  -0.0000   0.0000   0.0000  -0.0000   0.0000   0.0000   0.0000   -0.215
   150  36.4192   0.0000   8.8450   3.1169   0.0630   0.0000   0.0000   0.0000   0.0000  -0.0000   0.0000   0.0000   0.0000   -0.082

  Surface # 6     fuselage_horizontal                     
     # Chordwise = 10   # Spanwise = 30     First strip =151
     Surface area Ssurf =  125.374167     Ave. chord Cave =   33.884910

 Forces referred to Sref, Cref, Bref about Xref, Yref, Zref
 Standard axis orientation,  X fwd, Z down         
     CLsurf  =  -0.00788     Clsurf  =   0.00000
     CYsurf  =   0.00000     Cmsurf  =   0.08989
     CDsurf  =  -0.00749     Cnsurf  =  -0.00000
     CDisurf =  -0.00749     CDvsurf =   0.00000

 Forces referred to Ssurf, Cave 
     CLsurf  =  -0.00952     CDsurf  =  -0.00904

 Strip Forces referred to Strip Area, Chord
    j     Xle      Yle      Zle      Chord    Area     c_cl     ai     cl_norm    cl       cd       cdv    cm_c/4     cm_LE   C.P.x/c
   151   4.5084  -1.7883   0.0000  24.6775   3.0436  -0.0440   0.2302  -0.0051  -0.0032   0.0063   0.0000   0.0106   0.0019  999.000
   152   3.8079  -1.6650   0.0000  27.0934   3.3415  -0.0760   0.2619  -0.0065  -0.0040   0.0055   0.0000   0.0139   0.0025  999.000
   153   3.1073  -1.5417   0.0000  29.5093   3.6395  -0.0864   0.3055  -0.0046  -0.0028  -0.0008   0.0000   0.0150   0.0027  999.000
   154   2.5735  -1.4183   0.0000  31.2560   3.8549  -0.1330   0.2701  -0.0027  -0.0017  -0.0125   0.0000   0.0137   0.0047  999.000
   155   2.2064  -1.2950   0.0000  32.3337   3.9878  -0.1694   0.2355  -0.0064  -0.0040  -0.0063   0.0000   0.0146   0.0051  999.000
   156   1.8393  -1.1717   0.0000  33.4114   4.1207  -0.2073   0.2013  -0.0079  -0.0049  -0.0068   0.0000   0.0152   0.0053  999.000
   157   1.5229  -1.0483   0.0000  34.3557   4.2372  -0.2577   0.1823  -0.0074  -0.0059  -0.0082   0.0000   0.0160   0.0075  999.000
   158   1.2572  -0.9250   0.0000  35.1666   4.3372  -0.3100   0.1780  -0.0082  -0.0065  -0.0117   0.0000   0.0166   0.0079  999.000
   159   0.9915  -0.8017   0.0000  35.9775   4.4372  -0.3623   0.1792  -0.0056  -0.0044  -0.0276   0.0000   0.0170   0.0082  999.000
   160   0.7645  -0.6783   0.0000  36.5961   4.5135  -0.5525   0.1824  -0.0117  -0.0083  -0.0338   0.0000   0.0186   0.0123  999.000
   161   0.5764  -0.5550   0.0000  37.0222   4.5661  -0.6054   0.1844  -0.0177  -0.0125  -0.0201   0.0000   0.0191   0.0127    1.782
   162   0.3883  -0.4317   0.0000  37.4484   4.6186  -0.6518   0.1861  -0.0181  -0.0128  -0.0237   0.0000   0.0195   0.0131    1.774
   163   0.2452  -0.3083   0.0000  37.7105   4.6510  -0.7381   0.1868  -0.0214  -0.0160  -0.0189   0.0000   0.0203   0.0197    1.520
   164   0.1471  -0.1850   0.0000  37.8086   4.6631  -0.7488   0.1868  -0.0260  -0.0195  -0.0036   0.0000   0.0205   0.0199    1.301
   165   0.0490  -0.0617   0.0000  37.9067   4.6752  -0.7443   0.1868  -0.0369  -0.0276   0.0356   0.0000   0.0205   0.0199    0.992
   166   0.0490   0.0617   0.0000  37.9067   4.6752  -0.7443   0.1868  -0.0369  -0.0276   0.0356   0.0000   0.0205   0.0199    0.992
   167   0.1471   0.1850   0.0000  37.8086   4.6631  -0.7488   0.1868  -0.0260  -0.0195  -0.0036   0.0000   0.0205   0.0199    1.301
   168   0.2452   0.3083   0.0000  37.7105   4.6510  -0.7381   0.1868  -0.0214  -0.0160  -0.0189   0.0000   0.0203   0.0197    1.520
   169   0.3883   0.4317   0.0000  37.4484   4.6186  -0.6518   0.1861  -0.0181  -0.0128  -0.0237   0.0000   0.0195   0.0131    1.774
   170   0.5764   0.5550   0.0000  37.0222   4.5661  -0.6054   0.1844  -0.0177  -0.0125  -0.0201   0.0000   0.0191   0.0127    1.782
   171   0.7645   0.6783   0.0000  36.5961   4.5135  -0.5525   0.1824  -0.0117  -0.0083  -0.0338   0.0000   0.0186   0.0123  999.000
   172   0.9915   0.8017   0.0000  35.9775   4.4372  -0.3623   0.1792  -0.0056  -0.0044  -0.0276   0.0000   0.0170   0.0082  999.000
   173   1.2571   0.9250   0.0000  35.1666   4.3372  -0.3100   0.1780  -0.0082  -0.0065  -0.0117   0.0000   0.0166   0.0079  999.000
   174   1.5228   1.0483   0.0000  34.3557   4.2372  -0.2577   0.1823  -0.0074  -0.0059  -0.0082   0.0000   0.0160   0.0075  999.000
   175   1.8393   1.1717   0.0000  33.4114   4.1207  -0.2073   0.2013  -0.0079  -0.0049  -0.0068   0.0000   0.0152   0.0053  999.000
   176   2.2064   1.2950   0.0000  32.3337   3.9878  -0.1694   0.2355  -0.0064  -0.0040  -0.0063   0.0000   0.0146   0.0051  999.000
   177   2.5735   1.4183   0.0000  31.2560   3.8549  -0.1330   0.2701  -0.0027  -0.0017  -0.0125   0.0000   0.0137   0.0047  999.000
   178   3.1073   1.5417   0.0000  29.5093   3.6395  -0.0864   0.3055  -0.0046  -0.0028  -0.0008   0.0000   0.0150   0.0027  999.000
   179   3.8079   1.6650   0.0000  27.0934   3.3415  -0.0760   0.2619  -0.0065  -0.0040   0.0055   0.0000   0.0139   0.0025  999.000
   180   4.5083   1.7883   0.0000  24.6775   3.0436  -0.0440   0.2302  -0.0051  -0.0032   0.0063   0.0000   0.0106   0.0019  999.000

  Surface # 7     fuselage_vertical                       
     # Chordwise = 10   # Spanwise = 30     First strip =181
     Surface area Ssurf =  124.957954     Ave. chord Cave =   33.772420

 Forces referred to Sref, Cref, Bref about Xref, Yref, Zref
 Standard axis orientation,  X fwd, Z down         
     CLsurf  =  -0.00000     Clsurf  =   0.00000
     CYsurf  =   0.00000     Cmsurf  =   0.00000
     CDsurf  =   0.00000     Cnsurf  =  -0.00000
     CDisurf =   0.00000     CDvsurf =   0.00000

 Forces referred to Ssurf, Cave 
     CLsurf  =  -0.00000     CDsurf  =   0.00000

 Strip Forces referred to Strip Area, Chord
    j     Xle      Yle      Zle      Chord    Area     c_cl     ai     cl_norm    cl       cd       cdv    cm_c/4     cm_LE   C.P.x/c
   181   4.1119   0.0000  -1.7883  24.8339   3.0628   0.0000   0.0000   0.0000   0.0000  -0.0000   0.0000  -0.0000  -0.0000    1.415
   182   2.6186   0.0000  -1.6650  27.5624   3.3994  -0.0000   0.0000  -0.0000  -0.0000  -0.0000   0.0000  -0.0000  -0.0000  999.000
   183   1.1253   0.0000  -1.5417  30.2910   3.7359  -0.0000   0.0000  -0.0000  -0.0000  -0.0000   0.0000   0.0000   0.0000    0.683
   184   0.3177   0.0000  -1.4183  31.9720   3.9432  -0.0000  -0.0000  -0.0000  -0.0000   0.0000   0.0000   0.0000   0.0000    1.215
   185   0.1958   0.0000  -1.2950  32.6055   4.0213  -0.0000  -0.0000  -0.0000  -0.0000   0.0000   0.0000   0.0000   0.0000    1.109
   186   0.0739   0.0000  -1.1717  33.2390   4.0995  -0.0000  -0.0000  -0.0000  -0.0000   0.0000   0.0000   0.0000   0.0000    1.080
   187   0.0201   0.0000  -1.0483  33.7449   4.1619  -0.0000  -0.0000  -0.0000  -0.0000   0.0000   0.0000   0.0000   0.0000    1.132
   188   0.0344   0.0000  -0.9250  34.1231   4.2085  -0.0000  -0.0000  -0.0000  -0.0000   0.0000   0.0000   0.0000   0.0000    1.067
   189   0.0487   0.0000  -0.8017  34.5015   4.2552  -0.0000  -0.0000  -0.0000  -0.0000   0.0000   0.0000   0.0000   0.0000    1.010
   190   0.0956   0.0000  -0.6783  34.8164   4.2940  -0.0000  -0.0000  -0.0000  -0.0000   0.0000   0.0000   0.0000   0.0000    0.931
   191   0.1750   0.0000  -0.5550  35.0679   4.3250  -0.0000  -0.0000  -0.0000  -0.0000   0.0000   0.0000   0.0000   0.0000    0.853
   192   0.2545   0.0000  -0.4317  35.3194   4.3561  -0.0000  -0.0000  -0.0000  -0.0000   0.0000   0.0000   0.0000   0.0000    0.812
   193   0.3527   0.0000  -0.3083  35.5325   4.3823  -0.0000  -0.0000  -0.0000  -0.0000  -0.0000   0.0000   0.0000   0.0000    0.733
   194   0.4698   0.0000  -0.1850  35.7070   4.4039  -0.0000  -0.0000  -0.0000  -0.0000  -0.0000   0.0000   0.0000   0.0000    0.630
   195   0.5868   0.0000  -0.0617  35.8816   4.4254  -0.0000  -0.0000  -0.0000  -0.0000  -0.0000   0.0000   0.0000   0.0000    0.529
   196   0.7206   0.0000   0.0617  36.0254   4.4431  -0.0000   0.0000  -0.0000  -0.0000   0.0000   0.0000  -0.0000  -0.0000   -0.101
   197   0.8712   0.0000   0.1850  36.1384   4.4571   0.0000   0.0000   0.0000   0.0000   0.0000   0.0000  -0.0000  -0.0000    0.592
   198   1.0218   0.0000   0.3083  36.2515   4.4710   0.0000   0.0000   0.0000   0.0000   0.0000   0.0000   0.0000   0.0000   -0.011
   199   1.1902   0.0000   0.4317  36.3067   4.4778  -0.0000   0.0000  -0.0000  -0.0000   0.0000   0.0000   0.0000   0.0000  999.000
   200   1.3764   0.0000   0.5550  36.3040   4.4775  -0.0000   0.0000  -0.0000  -0.0000  -0.0000   0.0000   0.0000   0.0000  999.000
   201   1.5626   0.0000   0.6783  36.3013   4.4772  -0.0000   0.0000  -0.0000  -0.0000  -0.0000   0.0000   0.0000   0.0000    1.885
   202   1.7707   0.0000   0.8017  36.1850   4.4628  -0.0000   0.0000  -0.0000  -0.0000  -0.0000   0.0000   0.0000   0.0000  999.000
   203   2.0006   0.0000   0.9250  35.9551   4.4345   0.0000   0.0000   0.0000   0.0000  -0.0000   0.0000   0.0000   0.0000  999.000
   204   2.2305   0.0000   1.0483  35.7252   4.4061   0.0000   0.0000   0.0000   0.0000  -0.0000   0.0000   0.0000   0.0000  999.000
   205   2.4937   0.0000   1.1717  35.4619   4.3736   0.0000   0.0000   0.0000   0.0000  -0.0000   0.0000  -0.0000  -0.0000    0.329
   206   2.7902   0.0000   1.2950  35.1655   4.3371   0.0000   0.0000   0.0000   0.0000  -0.0000   0.0000  -0.0000  -0.0000    0.498
   207   3.0867   0.0000   1.4183  34.8689   4.3005   0.0000   0.0000   0.0000   0.0000  -0.0000   0.0000  -0.0000  -0.0000    0.585
   208   3.5056   0.0000   1.5417  32.8455   4.0509   0.0000   0.0000   0.0000   0.0000   0.0000   0.0000  -0.0000  -0.0000    0.968
   209   4.0468   0.0000   1.6650  29.0952   3.5884   0.0000   0.0000   0.0000   0.0000   0.0000   0.0000  -0.0000  -0.0000    1.138
   210   4.5880   0.0000   1.7883  25.3448   3.1259  -0.0000  -0.0000  -0.0000  -0.0000  -0.0000   0.0000   0.0000   0.0000    0.637

  Surface # 8     nacelle                                 
     # Chordwise =  6   # Spanwise = 12     First strip =211
     Surface area Ssurf =   20.812644     Ave. chord Cave =    4.188700

 Forces referred to Sref, Cref, Bref about Xref, Yref, Zref
 Standard axis orientation,  X fwd, Z down         
     CLsurf  =   0.00479     Clsurf  =  -0.00077
     CYsurf  =  -0.00092     Cmsurf  =   0.00630
     CDsurf  =  -0.00068     Cnsurf  =  -0.00021
     CDisurf =  -0.00068     CDvsurf =   0.00000

 Forces referred to Ssurf, Cave 
     CLsurf  =  -0.00273     CDsurf  =  -0.00494

 Strip Forces referred to Strip Area, Chord
    j     Xle      Yle      Zle      Chord    Area     c_cl     ai     cl_norm    cl       cd       cdv    cm_c/4     cm_LE   C.P.x/c
   211  15.7628   6.5363  -2.4010   4.1887   1.8920   0.5928   0.1528   0.1443   0.1412   0.0126   0.0000  -0.0123  -0.0476    0.337
   212  15.7628   6.9142  -2.6192   4.1887   1.8921   0.7501   0.1972   0.1787   0.1782   0.0223   0.0000  -0.0119  -0.0567    0.317
   213  15.7628   7.3505  -2.6192   4.1887   1.8921   0.7303   0.1946   0.1734   0.1729   0.0248   0.0000  -0.0177  -0.0613    0.352
   214  15.7628   7.7284  -2.4010   4.1887   1.8920   0.5926   0.1434   0.1432   0.1401   0.0196   0.0000  -0.0319  -0.0673    0.478
   215  15.7628   7.9465  -2.0232   4.1887   1.8921   0.4149   0.0634   0.1028   0.0987   0.0089   0.0000  -0.0536  -0.0784    0.793
   216  15.7628   7.9758  -1.6959   4.1887   0.9461   0.3052  -0.0145   0.0757   0.0726  -0.0062   0.0000  -0.0748  -0.0930    1.281
   217  15.7628   7.9173  -1.4778   4.1887   0.9461   0.2659  -0.0110   0.0657   0.0631  -0.0089   0.0000  -0.0879  -0.1038    1.644
   218  15.7628   7.7284  -1.2090   4.1887   1.8920   0.1914  -0.0650   0.0429   0.0420  -0.0278   0.0000  -0.1070  -0.1184  999.000
   219  15.7628   7.3505  -0.9908   4.1887   1.8921   0.1792  -0.0951   0.0352   0.0351  -0.0419   0.0000  -0.1190  -0.1297  999.000
   220  15.7628   6.9142  -0.9908   4.1887   1.8921   0.2076  -0.1054   0.0426   0.0425  -0.0396   0.0000  -0.1132  -0.1256  999.000
   221  15.7628   6.5363  -1.2090   4.1887   1.8920   0.2695  -0.0774   0.0630   0.0617  -0.0224   0.0000  -0.0900  -0.1061    1.709
   222  15.7628   6.3182  -1.5868   4.1887   1.8921   0.3102  -0.0092   0.0771   0.0740  -0.0031   0.0000  -0.0548  -0.0734    0.991

  Surface # 9     nacelle (YDUP)                          
     # Chordwise =  6   # Spanwise = 12     First strip =223
     Surface area Ssurf =   20.812644     Ave. chord Cave =    4.188700

 Forces referred to Sref, Cref, Bref about Xref, Yref, Zref
 Standard axis orientation,  X fwd, Z down         
     CLsurf  =   0.00479     Clsurf  =   0.00077
     CYsurf  =   0.00092     Cmsurf  =   0.00630
     CDsurf  =  -0.00068     Cnsurf  =   0.00021
     CDisurf =  -0.00068     CDvsurf =   0.00000

 Forces referred to Ssurf, Cave 
     CLsurf  =  -0.00273     CDsurf  =  -0.00494

 Strip Forces referred to Strip Area, Chord
    j     Xle      Yle      Zle      Chord    Area     c_cl     ai     cl_norm    cl       cd       cdv    cm_c/4     cm_LE   C.P.x/c
   223  15.7628  -6.5363  -2.4010   4.1887   1.8920   0.5928   0.1528   0.1443   0.1412   0.0126   0.0000  -0.0123   0.0476    0.337
   224  15.7628  -6.9142  -2.6192   4.1887   1.8921   0.7501   0.1972   0.1787   0.1782   0.0223   0.0000  -0.0119   0.0567    0.317
   225  15.7628  -7.3505  -2.6192   4.1887   1.8921   0.7303   0.1946   0.1734   0.1729   0.0248   0.0000  -0.0177   0.0613    0.352
   226  15.7628  -7.7284  -2.4010   4.1887   1.8920   0.5926   0.1434   0.1432   0.1401   0.0196   0.0000  -0.0319   0.0673    0.478
   227  15.7628  -7.9465  -2.0232   4.1887   1.8921   0.4149   0.0634   0.1028   0.0987   0.0089   0.0000  -0.0536   0.0784    0.793
   228  15.7628  -7.9758  -1.6959   4.1887   0.9461   0.3052  -0.0145   0.0757   0.0726  -0.0062   0.0000  -0.0748   0.0930    1.281
   229  15.7628  -7.9173  -1.4778   4.1887   0.9461   0.2659  -0.0110   0.0657   0.0631  -0.0089   0.0000  -0.0879   0.1038    1.644
   230  15.7628  -7.7284  -1.2090   4.1887   1.8920   0.1914  -0.0650   0.0429   0.0420  -0.0278   0.0000  -0.1070   0.1184  999.000
   231  15.7628  -7.3505  -0.9908   4.1887   1.8921   0.1792  -0.0951   0.0352   0.0351  -0.0419   0.0000  -0.1190   0.1297  999.000
   232  15.7628  -6.9142  -0.9908   4.1887   1.8921   0.2076  -0.1054   0.0426   0.0425  -0.0396   0.0000  -0.1132   0.1256  999.000
   233  15.7628  -6.5363  -1.2090   4.1887   1.8920   0.2695  -0.0774   0.0630   0.0617  -0.0224   0.0000  -0.0900   0.1061    1.709
   234  15.7628  -6.3182  -1.5868   4.1887   1.8921   0.3102  -0.0092   0.0771   0.0740  -0.0031   0.0000  -0.0548   0.0734    0.991
 ---------------------------------------------------------------
