 ---------------------------------------------------------------
 Surface and Strip Forces by surface

  Sref =  151.41       Cref =  4.4752       Bref =  40.756    
  Xref =  19.091       Yref =  0.0000       Zref =-0.93235    

  Surface # 1     main_wing_1                             
     # Chordwise = 10   # Spanwise = 30     First strip =  1
     Surface area Ssurf =   76.063440     Ave. chord Cave =    3.713983

 Forces referred to Sref, Cref, Bref about Xref, Yref, Zref
 Standard axis orientation,  X fwd, Z down         
     CLsurf  =   0.34724     Clsurf  =  -0.07088
     CYsurf  =  -0.01706     Cmsurf  =   0.06979
     CDsurf  =   0.00884     Cnsurf  =  -0.00687
     CDisurf =   0.00884     CDvsurf =   0.00000

 Forces referred to Ssurf, Cave 
     CLsurf  =   0.69155     CDsurf  =   0.01759

 Strip Forces referred to Strip Area, Chord
    j     Xle      Yle      Zle      Chord    Area     c_cl     ai     cl_norm    cl       cd       cdv    cm_c/4     cm_LE   C.P.x/c
     1  13.1562   0.0132  -0.9323   6.7727   0.3582   3.9253   0.0775   0.5770   0.5770   0.0553   0.0000  -0.0294  -0.1743    0.301
     2  13.1562   0.1189  -0.9323   6.7727   1.0708   3.9243   0.0781   0.5768   0.5768   0.0549   0.0000  -0.0294  -0.1743    0.301
     3  13.1562   0.3290  -0.9323   6.7727   1.7716   3.9161   0.0787   0.5757   0.5757   0.0542   0.0000  -0.0296  -0.1741    0.301
     4  13.1562   0.6413  -0.9323   6.7727   2.4529   3.8890   0.0791   0.5718   0.5718   0.0528   0.0000  -0.0297  -0.1732    0.302
     5  13.1562   1.0524  -0.9323   6.7727   3.1075   3.8316   0.0790   0.5636   0.5636   0.0498   0.0000  -0.0296  -0.1710    0.302
     6  13.1562   1.5577  -0.9323   6.7727   3.7279   3.7466   0.0774   0.5513   0.5513   0.0469   0.0000  -0.0296  -0.1679    0.304
     7  13.3505   2.1655  -0.8985   6.5993   4.4092   3.5780   0.0717   0.6652   0.5415   0.0350   0.0000  -0.0294  -0.1413    0.304
     8  13.7775   2.8720  -0.8243   6.2184   4.6681   3.4975   0.0674   0.6915   0.5629   0.0248   0.0000  -0.0251  -0.1420    0.295
     9  14.2518   3.6566  -0.7418   5.7952   4.7814   3.4066   0.0653   0.7236   0.5891   0.0190   0.0000  -0.0244  -0.1468    0.291
    10  14.7910   4.5487  -0.6481   5.3142   5.1436   3.2988   0.0642   0.7647   0.6225   0.0157   0.0000  -0.0255  -0.1549    0.291
    11  15.3918   5.5427  -0.5436   4.7782   4.9135   3.1729   0.0606   0.8183   0.6661   0.0150   0.0000  -0.0293  -0.1674    0.294
    12  16.0255   6.5912  -0.4334   4.2129   4.5391   3.0489   0.0455   0.8911   0.7254   0.0220   0.0000  -0.0416  -0.1907    0.307
    13  16.6115   7.6326  -0.3239   3.8242   3.8740   2.9302   0.0220   0.9429   0.7681   0.0224   0.0000  -0.0386  -0.2047    0.300
    14  17.1396   8.6528  -0.2167   3.6265   3.7565   2.8125   0.0166   0.9558   0.7786   0.0114   0.0000  -0.0295  -0.1986    0.288
    15  17.6765   9.6902  -0.1077   3.4255   3.5876   2.6917   0.0181   0.9692   0.7895   0.0054   0.0000  -0.0256  -0.1974    0.282
    16  18.2163  10.7332   0.0019   3.2234   3.3760   2.5674   0.0197   0.9827   0.8006   0.0027   0.0000  -0.0243  -0.1986    0.280
    17  18.7532  11.7705   0.1110   3.0224   3.1308   2.4383   0.0207   0.9956   0.8110   0.0009   0.0000  -0.0238  -0.2005    0.279
    18  19.2813  12.7907   0.2182   2.8247   2.8615   2.3057   0.0214   1.0076   0.8208  -0.0006   0.0000  -0.0235  -0.2023    0.279
    19  19.7947  13.7827   0.3224   2.6325   2.5775   2.1707   0.0220   1.0180   0.8293  -0.0019   0.0000  -0.0232  -0.2039    0.278
    20  20.3028  14.7644   0.4256   2.4423   2.4220   2.0318   0.0228   1.0272   0.8368  -0.0031   0.0000  -0.0229  -0.2053    0.277
    21  20.7990  15.7230   0.5264   2.2565   2.1063   1.8894   0.0244   1.0340   0.8423  -0.0043   0.0000  -0.0224  -0.2060    0.277
    22  21.2625  16.6185   0.6205   2.0830   1.8017   1.7467   0.0273   1.0357   0.8437  -0.0053   0.0000  -0.0214  -0.2054    0.275
    23  21.6883  17.4411   0.7070   1.9236   1.5139   1.6025   0.0322   1.0290   0.8383  -0.0061   0.0000  -0.0197  -0.2027    0.273
    24  22.0716  18.1818   0.7848   1.7801   1.2468   1.4533   0.0400   1.0085   0.8216  -0.0067   0.0000  -0.0165  -0.1961    0.270
    25  22.4084  18.8324   0.8532   1.6540   1.0026   1.2915   0.0516   0.9646   0.7858  -0.0070   0.0000  -0.0108  -0.1832    0.264
    26  22.6948  19.3859   0.9113   1.5468   0.7816   1.1052   0.0666   0.8829   0.7192  -0.0075   0.0000  -0.0014  -0.1601    0.252
    27  22.9086  19.7989   0.9548   1.4667   0.4825   0.8924   0.0813   0.7521   0.6127  -0.0088   0.0000   0.0107  -0.1257    0.233
    28  23.0546  20.0810   0.9844   1.4121   0.3355   0.6629   0.0922   0.5806   0.4730  -0.0093   0.0000   0.0191  -0.0874    0.210
    29  23.1528  20.2708   1.0044   1.3753   0.1975   0.4090   0.0993   0.3681   0.2999  -0.0084   0.0000   0.0189  -0.0493    0.187
    30  23.2022  20.3662   1.0144   1.3568   0.0652   0.1383   0.1032   0.1266   0.1031  -0.0060   0.0000   0.0078  -0.0157    0.174

  Surface # 2     main_wing_1 (YDUP)                      
     # Chordwise = 10   # Spanwise = 30     First strip = 31
     Surface area Ssurf =   76.063440     Ave. chord Cave =    3.713983

 Forces referred to Sref, Cref, Bref about Xref, Yref, Zref
 Standard axis orientation,  X fwd, Z down         
     CLsurf  =   0.34724     Clsurf  =   0.07088
     CYsurf  =   0.01706     Cmsurf  =   0.06979
     CDsurf  =   0.00884     Cnsurf  =   0.00687
     CDisurf =   0.00884     CDvsurf =   0.00000

 Forces referred to Ssurf, Cave 
     CLsurf  =   0.69155     CDsurf  =   0.01759

 Strip Forces referred to Strip Area, Chord
    j     Xle      Yle      Zle      Chord    Area     c_cl     ai     cl_norm    cl       cd       cdv    cm_c/4     cm_LE   C.P.x/c
    31  13.1562  -0.0132  -0.9323   6.7727   0.3582   3.9253   0.0775   0.5770   0.5770   0.0553   0.0000  -0.0294   0.1743    0.301
    32  13.1562  -0.1189  -0.9323   6.7727   1.0708   3.9243   0.0781   0.5768   0.5768   0.0549   0.0000  -0.0294   0.1743    0.301
    33  13.1562  -0.3290  -0.9323   6.7727   1.7716   3.9161   0.0787   0.5757   0.5757   0.0542   0.0000  -0.0296   0.1741    0.301
    34  13.1562  -0.6413  -0.9323   6.7727   2.4529   3.8890   0.0791   0.5718   0.5718   0.0528   0.0000  -0.0297   0.1732    0.302
    35  13.1562  -1.0524  -0.9323   6.7727   3.1075   3.8316   0.0790   0.5636   0.5636   0.0498   0.0000  -0.0296   0.1710    0.302
    36  13.1562  -1.5577  -0.9323   6.7727   3.7279   3.7466   0.0774   0.5513   0.5513   0.0469   0.0000  -0.0296   0.1679    0.304
    37  13.3505  -2.1655  -0.8985   6.5993   4.4092   3.5780   0.0717   0.6652   0.5415   0.0350   0.0000  -0.0294   0.1413    0.304
    38  13.7775  -2.8720  -0.8243   6.2184   4.6681   3.4975   0.0674   0.6915   0.5629   0.0248   0.0000  -0.0251   0.1420    0.295
    39  14.2518  -3.6566  -0.7418   5.7952   4.7814   3.4066   0.0653   0.7236   0.5891   0.0190   0.0000  -0.0244   0.1468    0.291
    40  14.7910  -4.5487  -0.6481   5.3142   5.1436   3.2988   0.0642   0.7647   0.6225   0.0157   0.0000  -0.0255   0.1549    0.291
    41  15.3918  -5.5427  -0.5436   4.7782   4.9135   3.1729   0.0606   0.8183   0.6661   0.0150   0.0000  -0.0293   0.1674    0.294
    42  16.0255  -6.5912  -0.4334   4.2129   4.5391   3.0489   0.0455   0.8911   0.7254   0.0220   0.0000  -0.0416   0.1907    0.307
    43  16.6115  -7.6326  -0.3239   3.8242   3.8740   2.9302   0.0220   0.9429   0.7681   0.0224   0.0000  -0.0386   0.2047    0.300
    44  17.1396  -8.6528  -0.2167   3.6265   3.7565   2.8125   0.0166   0.9558   0.7786   0.0114   0.0000  -0.0295   0.1986    0.288
    45  17.6765  -9.6902  -0.1077   3.4255   3.5876   2.6917   0.0181   0.9692   0.7895   0.0054   0.0000  -0.0256   0.1974    0.282
    46  18.2163 -10.7332   0.0019   3.2234   3.3760   2.5674   0.0197   0.9827   0.8006   0.0027   0.0000  -0.0243   0.1986    0.280
    47  18.7532 -11.7705   0.1110   3.0224   3.1308   2.4383   0.0207   0.9956   0.8110   0.0009   0.0000  -0.0238   0.2005    0.279
    48  19.2813 -12.7907   0.2182   2.8247   2.8615   2.3057   0.0214   1.0076   0.8208  -0.0006   0.0000  -0.0235   0.2023    0.279
    49  19.7947 -13.7827   0.3224   2.6325   2.5775   2.1707   0.0220   1.0180   0.8293  -0.0019   0.0000  -0.0232   0.2039    0.278
    50  20.3028 -14.7644   0.4256   2.4423   2.4220   2.0318   0.0228   1.0272   0.8368  -0.0031   0.0000  -0.0229   0.2053    0.277
    51  20.7990 -15.7230   0.5264   2.2565   2.1063   1.8894   0.0244   1.0340   0.8423  -0.0043   0.0000  -0.0224   0.2060    0.277
    52  21.2625 -16.6185   0.6205   2.0830   1.8017   1.7467   0.0273   1.0357   0.8437  -0.0053   0.0000  -0.0214   0.2054    0.275
    53  21.6883 -17.4411   0.7070   1.9236   1.5139   1.6025   0.0322   1.0290   0.8383  -0.0061   0.0000  -0.0197   0.2027    0.273
    54  22.0716 -18.1818   0.7848   1.7801   1.2468   1.4533   0.0400   1.0085   0.8216  -0.0067   0.0000  -0.0165   0.1961    0.270
    55  22.4084 -18.8324   0.8532   1.6540   1.0026   1.2915   0.0516   0.9646   0.7858  -0.0070   0.0000  -0.0108   0.1832    0.264
    56  22.6948 -19.3859   0.9113   1.5468   0.7816   1.1052   0.0666   0.8829   0.7192  -0.0075   0.0000  -0.0014   0.1601    0.252
    57  22.9086 -19.7989   0.9548   1.4667   0.4825   0.8924   0.0813   0.7521   0.6127  -0.0088   0.0000   0.0107   0.1257    0.233
    58  23.0546 -20.0810   0.9844   1.4121   0.3355   0.6629   0.0922   0.5806   0.4730  -0.0093   0.0000   0.0191   0.0874    0.210
    59  23.1528 -20.2708   1.0044   1.3753   0.1975   0.4090   0.0993   0.3681   0.2999  -0.0084   0.0000   0.0189   0.0493    0.187
    60  23.2022 -20.3662   1.0144   1.3568   0.0652   0.1383   0.1032   0.1266   0.1031  -0.0060   0.0000   0.0078   0.0157    0.174

  Surface # 3     horizontal_stabilizer                   
     # Chordwise = 10   # Spanwise = 30     First strip = 61
     Surface area Ssurf =   24.801542     Ave. chord Cave =    3.464048

 Forces referred to Sref, Cref, Bref about Xref, Yref, Zref
 Standard axis orientation,  X fwd, Z down         
     CLsurf  =   0.02605     Clsurf  =  -0.00208
     CYsurf  =   0.00072     Cmsurf  =  -0.09530
     CDsurf  =   0.00173     Cnsurf  =  -0.00040
     CDisurf =   0.00173     CDvsurf =   0.00000

 Forces referred to Ssurf, Cave 
     CLsurf  =   0.15905     CDsurf  =   0.01056

 Strip Forces referred to Strip Area, Chord
    j     Xle      Yle      Zle      Chord    Area     c_cl     ai     cl_norm    cl       cd       cdv    cm_c/4     cm_LE   C.P.x/c
    61  32.2591   0.0046   1.0597   4.8737   0.0901   0.6699   0.0840   0.1820   0.1302   0.0760   0.0000  -0.0070  -0.0333    0.304
    62  32.2862   0.0415   1.0597   4.8591   0.2685   0.6699   0.0845   0.1911   0.1368   0.0177   0.0000  -0.0069  -0.0333    0.300
    63  32.3400   0.1150   1.0597   4.8302   0.4415   0.6697   0.0851   0.1928   0.1380   0.0137   0.0000  -0.0064  -0.0331    0.296
    64  32.4201   0.2241   1.0597   4.7871   0.6059   0.6680   0.0856   0.1942   0.1390   0.0129   0.0000  -0.0054  -0.0325    0.289
    65  32.5254   0.3678   1.0597   4.7305   0.7585   0.6634   0.0862   0.1952   0.1397   0.0126   0.0000  -0.0040  -0.0315    0.278
    66  32.6549   0.5443   1.0597   4.6609   0.8965   0.6530   0.0868   0.1951   0.1396   0.0122   0.0000  -0.0019  -0.0298    0.264
    67  32.8112   0.7575   1.0597   4.5768   1.0696   0.6273   0.0659   0.1909   0.1366   0.0115   0.0000   0.0016  -0.0263    0.238
    68  32.9935   1.0059   1.0597   4.4789   1.1761   0.6097   0.0666   0.1897   0.1357   0.0111   0.0000   0.0041  -0.0242    0.220
    69  33.1959   1.2819   1.0597   4.3701   1.2611   0.5947   0.0671   0.1897   0.1357   0.0108   0.0000   0.0060  -0.0226    0.206
    70  33.4163   1.5823   1.0597   4.2516   1.3241   0.5832   0.0676   0.1912   0.1368   0.0106   0.0000   0.0075  -0.0216    0.195
    71  33.6522   1.9039   1.0597   4.1248   1.3648   0.5763   0.0680   0.1948   0.1394   0.0105   0.0000   0.0087  -0.0211    0.187
    72  33.9010   2.2432   1.0597   3.9911   1.3836   0.5737   0.0684   0.2005   0.1434   0.0105   0.0000   0.0097  -0.0211    0.182
    73  34.1600   2.5963   1.0597   3.8519   1.3816   0.5744   0.0686   0.2080   0.1488   0.0106   0.0000   0.0106  -0.0215    0.179
    74  34.4265   2.9595   1.0597   3.7087   1.3602   0.5776   0.0689   0.2173   0.1555   0.0108   0.0000   0.0114  -0.0222    0.176
    75  34.6973   3.3289   1.0597   3.5631   1.3213   0.5827   0.0691   0.2282   0.1633   0.0109   0.0000   0.0123  -0.0230    0.175
    76  34.9697   3.7002   1.0597   3.4167   1.2670   0.5886   0.0694   0.2405   0.1721   0.0111   0.0000   0.0133  -0.0240    0.173
    77  35.2406   4.0695   1.0597   3.2711   1.1997   0.5933   0.0698   0.2533   0.1812   0.0111   0.0000   0.0144  -0.0249    0.170
    78  35.5070   4.4327   1.0597   3.1279   1.1219   0.5941   0.0704   0.2653   0.1898   0.0109   0.0000   0.0157  -0.0256    0.167
    79  35.7661   4.7859   1.0597   2.9886   1.0361   0.5889   0.0710   0.2754   0.1970   0.0106   0.0000   0.0172  -0.0259    0.163
    80  36.0149   5.1251   1.0597   2.8549   0.9446   0.5763   0.0718   0.2822   0.2019   0.0101   0.0000   0.0188  -0.0255    0.157
    81  36.2508   5.4467   1.0597   2.7281   0.8496   0.5557   0.0726   0.2849   0.2038   0.0095   0.0000   0.0205  -0.0246    0.150
    82  36.4711   5.7471   1.0597   2.6097   0.7531   0.5272   0.0733   0.2826   0.2022   0.0087   0.0000   0.0222  -0.0229    0.140
    83  36.6736   6.0231   1.0597   2.5009   0.6567   0.4914   0.0738   0.2750   0.1968   0.0077   0.0000   0.0236  -0.0206    0.130
    84  36.8558   6.2716   1.0597   2.4029   0.5615   0.4498   0.0741   0.2621   0.1875   0.0067   0.0000   0.0246  -0.0179    0.119
    85  37.0159   6.4899   1.0597   2.3169   0.4686   0.4045   0.0743   0.2446   0.1750   0.0057   0.0000   0.0243  -0.0156    0.111
    86  37.1654   6.6937   1.0597   2.2365   0.4544   0.3602   0.0961   0.2256   0.1614   0.0050   0.0000   0.0211  -0.0155    0.119
    87  37.2989   6.8757   1.0597   2.1647   0.3472   0.2920   0.0964   0.1891   0.1353   0.0035   0.0000   0.0190  -0.0119    0.109
    88  37.4004   7.0140   1.0597   2.1102   0.2444   0.2142   0.0967   0.1424   0.1019   0.0018   0.0000   0.0157  -0.0078    0.096
    89  37.4686   7.1071   1.0597   2.0735   0.1452   0.1307   0.0969   0.0885   0.0633   0.0002   0.0000   0.0105  -0.0042    0.084
    90  37.5029   7.1538   1.0597   2.0551   0.0481   0.0439   0.0971   0.0302   0.0216  -0.0014   0.0000   0.0037  -0.0013    0.079

  Surface # 4     horizontal_stabilizer (YDUP)            
     # Chordwise = 10   # Spanwise = 30     First strip = 91
     Surface area Ssurf =   24.801542     Ave. chord Cave =    3.464048

 Forces referred to Sref, Cref, Bref about Xref, Yref, Zref
 Standard axis orientation,  X fwd, Z down         
     CLsurf  =   0.02605     Clsurf  =   0.00208
     CYsurf  =  -0.00072     Cmsurf  =  -0.09530
     CDsurf  =   0.00173     Cnsurf  =   0.00040
     CDisurf =   0.00173     CDvsurf =   0.00000

 Forces referred to Ssurf, Cave 
     CLsurf  =   0.15905     CDsurf  =   0.01056

 Strip Forces referred to Strip Area, Chord
    j     Xle      Yle      Zle      Chord    Area     c_cl     ai     cl_norm    cl       cd       cdv    cm_c/4     cm_LE   C.P.x/c
    91  32.2591  -0.0046   1.0597   4.8737   0.0901   0.6699   0.0840   0.1820   0.1302   0.0760   0.0000  -0.0070   0.0333    0.304
    92  32.2862  -0.0415   1.0597   4.8591   0.2685   0.6699   0.0845   0.1911   0.1368   0.0177   0.0000  -0.0069   0.0333    0.300
    93  32.3400  -0.1150   1.0597   4.8302   0.4415   0.6697   0.0851   0.1928   0.1380   0.0137   0.0000  -0.0064   0.0331    0.296
    94  32.4201  -0.2241   1.0597   4.7871   0.6059   0.6680   0.0856   0.1942   0.1390   0.0129   0.0000  -0.0054   0.0325    0.289
    95  32.5254  -0.3678   1.0597   4.7305   0.7585   0.6634   0.0862   0.1952   0.1397   0.0126   0.0000  -0.0040   0.0315    0.278
    96  32.6549  -0.5443   1.0597   4.6609   0.8965   0.6530   0.0868   0.1951   0.1396   0.0122   0.0000  -0.0019   0.0298    0.264
    97  32.8112  -0.7575   1.0597   4.5768   1.0696   0.6273   0.0659   0.1909   0.1366   0.0115   0.0000   0.0016   0.0263    0.238
    98  32.9935  -1.0059   1.0597   4.4789   1.1761   0.6097   0.0666   0.1897   0.1357   0.0111   0.0000   0.0041   0.0242    0.220
    99  33.1959  -1.2819   1.0597   4.3701   1.2611   0.5947   0.0671   0.1897   0.1357   0.0108   0.0000   0.0060   0.0226    0.206
   100  33.4163  -1.5823   1.0597   4.2516   1.3241   0.5832   0.0676   0.1912   0.1368   0.0106   0.0000   0.0075   0.0216    0.195
   101  33.6522  -1.9039   1.0597   4.1248   1.3648   0.5763   0.0680   0.1948   0.1394   0.0105   0.0000   0.0087   0.0211    0.187
   102  33.9010  -2.2432   1.0597   3.9911   1.3836   0.5737   0.0684   0.2005   0.1434   0.0105   0.0000   0.0097   0.0211    0.182
   103  34.1600  -2.5963   1.0597   3.8519   1.3816   0.5744   0.0686   0.2080   0.1488   0.0106   0.0000   0.0106   0.0215    0.179
   104  34.4265  -2.9595   1.0597   3.7087   1.3602   0.5776   0.0689   0.2173   0.1555   0.0108   0.0000   0.0114   0.0222    0.176
   105  34.6973  -3.3289   1.0597   3.5631   1.3213   0.5827   0.0691   0.2282   0.1633   0.0109   0.0000   0.0123   0.0230    0.175
   106  34.9697  -3.7002   1.0597   3.4167   1.2670   0.5886   0.0694   0.2405   0.1721   0.0111   0.0000   0.0133   0.0240    0.173
   107  35.2406  -4.0695   1.0597   3.2711   1.1997   0.5933   0.0698   0.2533   0.1812   0.0111   0.0000   0.0144   0.0249    0.170
   108  35.5070  -4.4327   1.0597   3.1279   1.1219   0.5941   0.0704   0.2653   0.1898   0.0109   0.0000   0.0157   0.0256    0.167
   109  35.7661  -4.7859   1.0597   2.9886   1.0361   0.5889   0.0710   0.2754   0.1970   0.0106   0.0000   0.0172   0.0259    0.163
   110  36.0149  -5.1251   1.0597   2.8549   0.9446   0.5763   0.0718   0.2822   0.2019   0.0101   0.0000   0.0188   0.0255    0.157
   111  36.2508  -5.4467   1.0597   2.7281   0.8496   0.5557   0.0726   0.2849   0.2038   0.0095   0.0000   0.0205   0.0246    0.150
   112  36.4711  -5.7471   1.0597   2.6097   0.7531   0.5272   0.0733   0.2826   0.2022   0.0087   0.0000   0.0222   0.0229    0.140
   113  36.6736  -6.0231   1.0597   2.5009   0.6567   0.4914   0.0738   0.2750   0.1968   0.0077   0.0000   0.0236   0.0206    0.130
   114  36.8558  -6.2716   1.0597   2.4029   0.5615   0.4498   0.0741   0.2621   0.1875   0.0067   0.0000   0.0246   0.0179    0.119
   115  37.0159  -6.4899   1.0597   2.3169   0.4686   0.4045   0.0743   0.2446   0.1750   0.0057   0.0000   0.0243   0.0156    0.111
   116  37.1654  -6.6937   1.0597   2.2365   0.4544   0.3602   0.0961   0.2256   0.1614   0.0050   0.0000   0.0211   0.0155    0.119
   117  37.2989  -6.8757   1.0597   2.1647   0.3472   0.2920   0.0964   0.1891   0.1353   0.0035   0.0000   0.0190   0.0119    0.109
   118  37.4004  -7.0140   1.0597   2.1102   0.2444   0.2142   0.0967   0.1424   0.1019   0.0018   0.0000   0.0157   0.0078    0.096
   119  37.4686  -7.1071   1.0597   2.0735   0.1452   0.1307   0.0969   0.0885   0.0633   0.0002   0.0000   0.0105   0.0042    0.084
   120  37.5029  -7.1538   1.0597   2.0551   0.0481   0.0439   0.0971   0.0302   0.0216  -0.0014   0.0000   0.0037   0.0013    0.079

  Surface # 5     vertical_stabilizer                     
     # Chordwise = 10   # Spanwise = 30     First strip =121
     Surface area Ssurf =   49.674121     Ave. chord Cave =    6.398089

 Forces referred to Sref, Cref, Bref about Xref, Yref, Zref
 Standard axis orientation,  X fwd, Z down         
     CLsurf  =   0.00000     Clsurf  =  -0.00000
     CYsurf  =  -0.00000     Cmsurf  =  -0.00000
     CDsurf  =  -0.00000     Cnsurf  =   0.00000
     CDisurf =  -0.00000     CDvsurf =   0.00000

 Forces referred to Ssurf, Cave 
     CLsurf  =   0.00000     CDsurf  =  -0.00000

 Strip Forces referred to Strip Area, Chord
    j     Xle      Yle      Zle      Chord    Area     c_cl     ai     cl_norm    cl       cd       cdv    cm_c/4     cm_LE   C.P.x/c
   121  27.2121   0.0000   1.1113   9.6623   0.5775   0.0000   0.0000   0.0000   0.0000   0.0000   0.0000  -0.0000  -0.0000  999.000
   122  27.3059   0.0000   1.1901   9.5956   0.9378   0.0000   0.0000   0.0000   0.0000   0.0000   0.0000  -0.0000  -0.0000  999.000
   123  27.4446   0.0000   1.3066   9.4971   1.2816  -0.0000   0.0000  -0.0000  -0.0000  -0.0000   0.0000  -0.0000  -0.0000   -0.861
   124  27.6269   0.0000   1.4597   9.3675   1.6020  -0.0000   0.0000  -0.0000  -0.0000   0.0000   0.0000   0.0000   0.0000    1.730
   125  27.8513   0.0000   1.6482   9.2079   1.8927  -0.0000   0.0000  -0.0000  -0.0000  -0.0000   0.0000   0.0000   0.0000  999.000
   126  28.1157   0.0000   1.8704   9.0199   2.1481   0.0000   0.0000   0.0000   0.0000   0.0000   0.0000   0.0000   0.0000  999.000
   127  28.4177   0.0000   2.1240   8.8053   2.3638   0.0000  -0.0000   0.0000   0.0000  -0.0000   0.0000   0.0000   0.0000  999.000
   128  28.7542   0.0000   2.4066   8.5661   2.5368   0.0000  -0.0000   0.0000   0.0000  -0.0000   0.0000   0.0000   0.0000  999.000
   129  29.1219   0.0000   2.7155   8.3046   2.6649   0.0000   0.0000   0.0000   0.0000  -0.0000   0.0000   0.0000   0.0000  999.000
   130  29.5172   0.0000   3.0476   8.0236   2.7474   0.0000  -0.0000   0.0000   0.0000   0.0000   0.0000   0.0000   0.0000  999.000
   131  29.9362   0.0000   3.3995   7.7257   2.7851   0.0000  -0.0000   0.0000   0.0000  -0.0000   0.0000   0.0000   0.0000  999.000
   132  30.3745   0.0000   3.7677   7.4141   2.7796   0.0000  -0.0000   0.0000   0.0000  -0.0000   0.0000   0.0000   0.0000  999.000
   133  30.8277   0.0000   4.1483   7.0919   2.7338   0.0000  -0.0000   0.0000   0.0000  -0.0000   0.0000   0.0000   0.0000   -0.729
   134  31.2912   0.0000   4.5376   6.7625   2.6516   0.0000  -0.0000   0.0000   0.0000  -0.0000   0.0000   0.0000   0.0000   -0.422
   135  31.7601   0.0000   4.9315   6.4291   2.5374   0.0000   0.0000   0.0000   0.0000  -0.0000   0.0000   0.0000  -0.0000    0.109
   136  32.2297   0.0000   5.3260   6.0953   2.3965   0.0000  -0.0000   0.0000   0.0000  -0.0000   0.0000   0.0000   0.0000   -0.102
   137  32.6951   0.0000   5.7169   5.7644   2.2343   0.0000  -0.0000   0.0000   0.0000  -0.0000   0.0000   0.0000   0.0000   -0.204
   138  33.1514   0.0000   6.1002   5.4400   2.0562   0.0000  -0.0000   0.0000   0.0000  -0.0000   0.0000   0.0000   0.0000   -0.132
   139  33.5939   0.0000   6.4718   5.1254   1.8679   0.0000   0.0000   0.0000   0.0000   0.0000   0.0000   0.0000  -0.0000    0.063
   140  34.0180   0.0000   6.8281   4.8240   1.6743   0.0000  -0.0000   0.0000   0.0000  -0.0000   0.0000   0.0000   0.0000   -0.860
   141  34.4192   0.0000   7.1651   4.5387   1.4801   0.0000  -0.0000   0.0000   0.0000   0.0000   0.0000  -0.0000  -0.0000    0.452
   142  34.7934   0.0000   7.4794   4.2727   1.2891   0.0000   0.0000   0.0000   0.0000   0.0000   0.0000   0.0000  -0.0000    0.195
   143  35.1366   0.0000   7.7677   4.0287   1.1044   0.0000   0.0000   0.0000   0.0000  -0.0000   0.0000   0.0000   0.0000   -0.311
   144  35.4453   0.0000   8.0270   3.8093   0.9284   0.0000  -0.0000   0.0000   0.0000   0.0000   0.0000   0.0000   0.0000  999.000
   145  35.7161   0.0000   8.2545   3.6167   0.7621   0.0000   0.0000   0.0000   0.0000   0.0000   0.0000   0.0000   0.0000  999.000
   146  35.9463   0.0000   8.4479   3.4530   0.6061  -0.0000  -0.0000  -0.0000  -0.0000   0.0000   0.0000   0.0000   0.0000    1.729
   147  36.1335   0.0000   8.6050   3.3200   0.4597   0.0000  -0.0000   0.0000   0.0000   0.0000   0.0000   0.0000   0.0000  999.000
   148  36.2756   0.0000   8.7244   3.2190   0.3218   0.0000  -0.0000   0.0000   0.0000   0.0000   0.0000   0.0000   0.0000  999.000
   149  36.3711   0.0000   8.8047   3.1510   0.1903  -0.0000  -0.0000  -0.0000  -0.0000  -0.0000   0.0000   0.0000   0.0000    1.450
   150  36.4192   0.0000   8.8450   3.1169   0.0630  -0.0000   0.0000  -0.0000  -0.0000  -0.0000   0.0000   0.0000   0.0000  999.000

  Surface # 6     fuselage_horizontal                     
     # Chordwise = 10   # Spanwise = 30     First strip =151
     Surface area Ssurf =  125.374167     Ave. chord Cave =   33.884910

 Forces referred to Sref, Cref, Bref about Xref, Yref, Zref
 Standard axis orientation,  X fwd, Z down         
     CLsurf  =  -0.00628     Clsurf  =  -0.00000
     CYsurf  =  -0.00000     Cmsurf  =   0.04497
     CDsurf  =  -0.00224     Cnsurf  =  -0.00000
     CDisurf =  -0.00224     CDvsurf =   0.00000

 Forces referred to Ssurf, Cave 
     CLsurf  =  -0.00758     CDsurf  =  -0.00271

 Strip Forces referred to Strip Area, Chord
    j     Xle      Yle      Zle      Chord    Area     c_cl     ai     cl_norm    cl       cd       cdv    cm_c/4     cm_LE   C.P.x/c
   151   4.5084  -1.7883   0.0000  24.6775   3.0436  -0.0381   0.1169  -0.0031  -0.0019   0.0031   0.0000   0.0050   0.0009  999.000
   152   3.8079  -1.6650   0.0000  27.0934   3.3415  -0.0606   0.1328  -0.0042  -0.0026   0.0030   0.0000   0.0065   0.0012  999.000
   153   3.1073  -1.5417   0.0000  29.5093   3.6395  -0.0752   0.1559  -0.0044  -0.0027   0.0009   0.0000   0.0071   0.0013  999.000
   154   2.5735  -1.4183   0.0000  31.2560   3.8549  -0.1130   0.1398  -0.0054  -0.0033  -0.0033   0.0000   0.0071   0.0025  999.000
   155   2.2064  -1.2950   0.0000  32.3337   3.9878  -0.1464   0.1223  -0.0072  -0.0044  -0.0014   0.0000   0.0077   0.0028  999.000
   156   1.8393  -1.1717   0.0000  33.4114   4.1207  -0.1807   0.1045  -0.0086  -0.0053  -0.0017   0.0000   0.0082   0.0031    1.812
   157   1.5229  -1.0483   0.0000  34.3557   4.2372  -0.2172   0.0940  -0.0077  -0.0061  -0.0023   0.0000   0.0087   0.0043    1.680
   158   1.2572  -0.9250   0.0000  35.1666   4.3372  -0.2528   0.0910  -0.0087  -0.0068  -0.0037   0.0000   0.0091   0.0046    1.586
   159   0.9915  -0.8017   0.0000  35.9775   4.4372  -0.2865   0.0903  -0.0088  -0.0070  -0.0100   0.0000   0.0094   0.0048    1.603
   160   0.7645  -0.6783   0.0000  36.5961   4.5135  -0.3677   0.0914  -0.0126  -0.0088  -0.0125   0.0000   0.0101   0.0069    1.394
   161   0.5764  -0.5550   0.0000  37.0222   4.5661  -0.3987   0.0922  -0.0145  -0.0101  -0.0070   0.0000   0.0103   0.0071    1.271
   162   0.3883  -0.4317   0.0000  37.4484   4.6186  -0.4254   0.0930  -0.0151  -0.0105  -0.0085   0.0000   0.0105   0.0073    1.247
   163   0.2452  -0.3083   0.0000  37.7105   4.6510  -0.4640   0.0934  -0.0158  -0.0117  -0.0066   0.0000   0.0108   0.0109    1.178
   164   0.1471  -0.1850   0.0000  37.8086   4.6631  -0.4736   0.0934  -0.0169  -0.0125  -0.0007   0.0000   0.0109   0.0110    1.124
   165   0.0490  -0.0617   0.0000  37.9067   4.6752  -0.4747   0.0934  -0.0190  -0.0140   0.0138   0.0000   0.0110   0.0110    1.031
   166   0.0490   0.0617   0.0000  37.9067   4.6752  -0.4747   0.0934  -0.0190  -0.0140   0.0138   0.0000   0.0110   0.0110    1.031
   167   0.1471   0.1850   0.0000  37.8086   4.6631  -0.4736   0.0934  -0.0169  -0.0125  -0.0007   0.0000   0.0109   0.0110    1.124
   168   0.2452   0.3083   0.0000  37.7105   4.6510  -0.4640   0.0934  -0.0158  -0.0117  -0.0066   0.0000   0.0108   0.0109    1.178
   169   0.3883   0.4317   0.0000  37.4484   4.6186  -0.4254   0.0930  -0.0151  -0.0105  -0.0085   0.0000   0.0105   0.0073    1.247
   170   0.5764   0.5550   0.0000  37.0222   4.5661  -0.3987   0.0922  -0.0145  -0.0101  -0.0070   0.0000   0.0103   0.0071    1.271
   171   0.7645   0.6783   0.0000  36.5961   4.5135  -0.3677   0.0914  -0.0126  -0.0088  -0.0125   0.0000   0.0101   0.0069    1.394
   172   0.9915   0.8017   0.0000  35.9775   4.4372  -0.2865   0.0903  -0.0088  -0.0070  -0.0100   0.0000   0.0094   0.0048    1.603
   173   1.2571   0.9250   0.0000  35.1666   4.3372  -0.2528   0.0910  -0.0087  -0.0068  -0.0037   0.0000   0.0091   0.0046    1.586
   174   1.5228   1.0483   0.0000  34.3557   4.2372  -0.2172   0.0940  -0.0077  -0.0061  -0.0023   0.0000   0.0087   0.0043    1.680
   175   1.8393   1.1717   0.0000  33.4114   4.1207  -0.1807   0.1045  -0.0086  -0.0053  -0.0017   0.0000   0.0082   0.0031    1.812
   176   2.2064   1.2950   0.0000  32.3337   3.9878  -0.1464   0.1223  -0.0072  -0.0044  -0.0014   0.0000   0.0077   0.0028  999.000
   177   2.5735   1.4183   0.0000  31.2560   3.8549  -0.1130   0.1398  -0.0054  -0.0033  -0.0033   0.0000   0.0071   0.0025  999.000
   178   3.1073   1.5417   0.0000  29.5093   3.6395  -0.0752   0.1559  -0.0044  -0.0027   0.0009   0.0000   0.0071   0.0013  999.000
   179   3.8079   1.6650   0.0000  27.0934   3.3415  -0.0606   0.1328  -0.0042  -0.0026   0.0030   0.0000   0.0065   0.0012  999.000
   180   4.5083   1.7883   0.0000  24.6775   3.0436  -0.0381   0.1169  -0.0031  -0.0019   0.0031   0.0000   0.0050   0.0009  999.000

  Surface # 7     fuselage_vertical                       
     # Chordwise = 10   # Spanwise = 30     First strip =181
     Surface area Ssurf =  124.957954     Ave. chord Cave =   33.772420

 Forces referred to Sref, Cref, Bref about Xref, Yref, Zref
 Standard axis orientation,  X fwd, Z down         
     CLsurf  =  -0.00000     Clsurf  =  -0.00000
     CYsurf  =   0.00000     Cmsurf  =   0.00000
     CDsurf  =   0.00000     Cnsurf  =  -0.00000
     CDisurf =   0.00000     CDvsurf =   0.00000

 Forces referred to Ssurf, Cave 
     CLsurf  =  -0.00000     CDsurf  =   0.00000

 Strip Forces referred to Strip Area, Chord
    j     Xle      Yle      Zle      Chord    Area     c_cl     ai     cl_norm    cl       cd       cdv    cm_c/4     cm_LE   C.P.x/c
   181   4.1119   0.0000  -1.7883  24.8339   3.0628  -0.0000   0.0000  -0.0000  -0.0000  -0.0000   0.0000  -0.0000  -0.0000  999.000
   182   2.6186   0.0000  -1.6650  27.5624   3.3994  -0.0000   0.0000  -0.0000  -0.0000  -0.0000   0.0000   0.0000   0.0000    0.643
   183   1.1253   0.0000  -1.5417  30.2910   3.7359  -0.0000   0.0000  -0.0000  -0.0000  -0.0000   0.0000   0.0000   0.0000    0.836
   184   0.3177   0.0000  -1.4183  31.9720   3.9432  -0.0000  -0.0000  -0.0000  -0.0000   0.0000   0.0000   0.0000   0.0000    0.831
   185   0.1958   0.0000  -1.2950  32.6055   4.0213  -0.0000  -0.0000  -0.0000  -0.0000   0.0000   0.0000   0.0000   0.0000    0.841
   186   0.0739   0.0000  -1.1717  33.2390   4.0995  -0.0000  -0.0000  -0.0000  -0.0000   0.0000   0.0000   0.0000   0.0000    0.824
   187   0.0201   0.0000  -1.0483  33.7449   4.1619  -0.0000  -0.0000  -0.0000  -0.0000   0.0000   0.0000   0.0000   0.0000    0.814
   188   0.0344   0.0000  -0.9250  34.1231   4.2085  -0.0000  -0.0000  -0.0000  -0.0000   0.0000   0.0000   0.0000   0.0000    0.829
   189   0.0487   0.0000  -0.8017  34.5015   4.2552  -0.0000  -0.0000  -0.0000  -0.0000   0.0000   0.0000   0.0000   0.0000    0.837
   190   0.0956   0.0000  -0.6783  34.8164   4.2940  -0.0000  -0.0000  -0.0000  -0.0000   0.0000   0.0000   0.0000   0.0000    0.851
   191   0.1750   0.0000  -0.5550  35.0679   4.3250  -0.0000  -0.0000  -0.0000  -0.0000   0.0000   0.0000   0.0000   0.0000    0.881
   192   0.2545   0.0000  -0.4317  35.3194   4.3561  -0.0000  -0.0000  -0.0000  -0.0000   0.0000   0.0000   0.0000   0.0000    0.900
   193   0.3527   0.0000  -0.3083  35.5325   4.3823  -0.0000  -0.0000  -0.0000  -0.0000  -0.0000   0.0000   0.0000   0.0000    0.866
   194   0.4698   0.0000  -0.1850  35.7070   4.4039  -0.0000  -0.0000  -0.0000  -0.0000  -0.0000   0.0000   0.0000   0.0000    0.879
   195   0.5868   0.0000  -0.0617  35.8816   4.4254  -0.0000   0.0000  -0.0000  -0.0000  -0.0000   0.0000   0.0000   0.0000    1.183
   196   0.7206   0.0000   0.0617  36.0254   4.4431   0.0000   0.0000   0.0000   0.0000   0.0000   0.0000   0.0000   0.0000  999.000
   197   0.8712   0.0000   0.1850  36.1384   4.4571   0.0000   0.0000   0.0000   0.0000   0.0000   0.0000   0.0000   0.0000  999.000
   198   1.0218   0.0000   0.3083  36.2515   4.4710   0.0000   0.0000   0.0000   0.0000   0.0000   0.0000   0.0000   0.0000   -0.879
   199   1.1902   0.0000   0.4317  36.3067   4.4778   0.0000  -0.0000   0.0000   0.0000  -0.0000   0.0000   0.0000   0.0000  999.000
   200   1.3764   0.0000   0.5550  36.3040   4.4775   0.0000  -0.0000   0.0000   0.0000  -0.0000   0.0000   0.0000   0.0000  999.000
   201   1.5626   0.0000   0.6783  36.3013   4.4772  -0.0000  -0.0000  -0.0000  -0.0000  -0.0000   0.0000   0.0000   0.0000  999.000
   202   1.7707   0.0000   0.8017  36.1850   4.4628   0.0000  -0.0000   0.0000   0.0000  -0.0000   0.0000   0.0000   0.0000  999.000
   203   2.0006   0.0000   0.9250  35.9551   4.4345   0.0000  -0.0000   0.0000   0.0000  -0.0000   0.0000   0.0000   0.0000  999.000
   204   2.2305   0.0000   1.0483  35.7252   4.4061  -0.0000   0.0000  -0.0000  -0.0000  -0.0000   0.0000   0.0000   0.0000  999.000
   205   2.4937   0.0000   1.1717  35.4619   4.3736   0.0000   0.0000   0.0000   0.0000  -0.0000   0.0000   0.0000   0.0000  999.000
   206   2.7902   0.0000   1.2950  35.1655   4.3371   0.0000   0.0000   0.0000   0.0000  -0.0000   0.0000   0.0000   0.0000   -0.015
   207   3.0867   0.0000   1.4183  34.8689   4.3005   0.0000  -0.0000   0.0000   0.0000  -0.0000   0.0000   0.0000  -0.0000    0.215
   208   3.5056   0.0000   1.5417  32.8455   4.0509   0.0000   0.0000   0.0000   0.0000   0.0000   0.0000  -0.0000  -0.0000    0.692
   209   4.0468   0.0000   1.6650  29.0952   3.5884   0.0000   0.0000   0.0000   0.0000   0.0000   0.0000  -0.0000  -0.0000    0.747
   210   4.5880   0.0000   1.7883  25.3448   3.1259   0.0000  -0.0000   0.0000   0.0000  -0.0000   0.0000   0.0000   0.0000  999.000

  Surface # 8     nacelle                                 
     # Chordwise =  6   # Spanwise = 12     First strip =211
     Surface area Ssurf =   20.812644     Ave. chord Cave =    4.188700

 Forces referred to Sref, Cref, Bref about Xref, Yref, Zref
 Standard axis orientation,  X fwd, Z down         
     CLsurf  =   0.00076     Clsurf  =  -0.00008
     CYsurf  =  -0.00253     Cmsurf  =   0.00303
     CDsurf  =  -0.00008     Cnsurf  =   0.00001
     CDisurf =  -0.00008     CDvsurf =   0.00000

 Forces referred to Ssurf, Cave 
     CLsurf  =   0.01633     CDsurf  =  -0.00055

 Strip Forces referred to Strip Area, Chord
    j     Xle      Yle      Zle      Chord    Area     c_cl     ai     cl_norm    cl       cd       cdv    cm_c/4     cm_LE   C.P.x/c
   211  15.7628   6.5363  -2.4010   4.1887   1.8920   0.5658   0.0975   0.1354   0.1347   0.0103   0.0000  -0.0339  -0.0677    0.502
   212  15.7628   6.9142  -2.6192   4.1887   1.8921   0.7122   0.1161   0.1693   0.1692   0.0170   0.0000  -0.0413  -0.0838    0.494
   213  15.7628   7.3505  -2.6192   4.1887   1.8921   0.7344   0.1122   0.1744   0.1743   0.0189   0.0000  -0.0487  -0.0925    0.529
   214  15.7628   7.7284  -2.4010   4.1887   1.8920   0.6886   0.0851   0.1646   0.1637   0.0157   0.0000  -0.0599  -0.1010    0.616
   215  15.7628   7.9465  -2.0232   4.1887   1.8921   0.6242   0.0454   0.1504   0.1489   0.0082   0.0000  -0.0750  -0.1122    0.754
   216  15.7628   7.9758  -1.6959   4.1887   0.9461   0.6010   0.0093   0.1449   0.1435  -0.0025   0.0000  -0.0894  -0.1253    0.873
   217  15.7628   7.9173  -1.4778   4.1887   0.9461   0.6029   0.0117   0.1454   0.1439  -0.0033   0.0000  -0.0984  -0.1343    0.934
   218  15.7628   7.7284  -1.2090   4.1887   1.8920   0.5773  -0.0110   0.1378   0.1371  -0.0151   0.0000  -0.1099  -0.1444    1.052
   219  15.7628   7.3505  -0.9908   4.1887   1.8921   0.5827  -0.0225   0.1376   0.1375  -0.0231   0.0000  -0.1165  -0.1513    1.097
   220  15.7628   6.9142  -0.9908   4.1887   1.8921   0.5772  -0.0271   0.1364   0.1363  -0.0219   0.0000  -0.1104  -0.1449    1.060
   221  15.7628   6.5363  -1.2090   4.1887   1.8920   0.5516  -0.0138   0.1319   0.1312  -0.0122   0.0000  -0.0916  -0.1245    0.948
   222  15.7628   6.3182  -1.5868   4.1887   1.8921   0.4646   0.0203   0.1121   0.1109  -0.0009   0.0000  -0.0614  -0.0891    0.803

  Surface # 9     nacelle (YDUP)                          
     # Chordwise =  6   # Spanwise = 12     First strip =223
     Surface area Ssurf =   20.812644     Ave. chord Cave =    4.188700

 Forces referred to Sref, Cref, Bref about Xref, Yref, Zref
 Standard axis orientation,  X fwd, Z down         
     CLsurf  =   0.00076     Clsurf  =   0.00008
     CYsurf  =   0.00253     Cmsurf  =   0.00303
     CDsurf  =  -0.00008     Cnsurf  =  -0.00001
     CDisurf =  -0.00008     CDvsurf =   0.00000

 Forces referred to Ssurf, Cave 
     CLsurf  =   0.01633     CDsurf  =  -0.00055

 Strip Forces referred to Strip Area, Chord
    j     Xle      Yle      Zle      Chord    Area     c_cl     ai     cl_norm    cl       cd       cdv    cm_c/4     cm_LE   C.P.x/c
   223  15.7628  -6.5363  -2.4010   4.1887   1.8920   0.5658   0.0975   0.1354   0.1347   0.0103   0.0000  -0.0339   0.0677    0.502
   224  15.7628  -6.9142  -2.6192   4.1887   1.8921   0.7122   0.1161   0.1693   0.1692   0.0170   0.0000  -0.0413   0.0838    0.494
   225  15.7628  -7.3505  -2.6192   4.1887   1.8921   0.7344   0.1122   0.1744   0.1743   0.0189   0.0000  -0.0487   0.0925    0.529
   226  15.7628  -7.7284  -2.4010   4.1887   1.8920   0.6886   0.0851   0.1646   0.1637   0.0157   0.0000  -0.0599   0.1010    0.616
   227  15.7628  -7.9465  -2.0232   4.1887   1.8921   0.6242   0.0454   0.1504   0.1489   0.0082   0.0000  -0.0750   0.1122    0.754
   228  15.7628  -7.9758  -1.6959   4.1887   0.9461   0.6010   0.0093   0.1449   0.1435  -0.0025   0.0000  -0.0894   0.1253    0.873
   229  15.7628  -7.9173  -1.4778   4.1887   0.9461   0.6029   0.0117   0.1454   0.1439  -0.0033   0.0000  -0.0984   0.1343    0.934
   230  15.7628  -7.7284  -1.2090   4.1887   1.8920   0.5773  -0.0110   0.1378   0.1371  -0.0151   0.0000  -0.1099   0.1444    1.052
   231  15.7628  -7.3505  -0.9908   4.1887   1.8921   0.5827  -0.0225   0.1376   0.1375  -0.0231   0.0000  -0.1165   0.1513    1.097
   232  15.7628  -6.9142  -0.9908   4.1887   1.8921   0.5772  -0.0271   0.1364   0.1363  -0.0219   0.0000  -0.1104   0.1449    1.060
   233  15.7628  -6.5363  -1.2090   4.1887   1.8920   0.5516  -0.0138   0.1319   0.1312  -0.0122   0.0000  -0.0916   0.1245    0.948
   234  15.7628  -6.3182  -1.5868   4.1887   1.8921   0.4646   0.0203   0.1121   0.1109  -0.0009   0.0000  -0.0614   0.0891    0.803
 ---------------------------------------------------------------
