 ---------------------------------------------------------------
 Surface and Strip Forces by surface

  Sref =  151.41       Cref =  4.4752       Bref =  40.756    
  Xref =  19.091       Yref =  0.0000       Zref =-0.93235    

  Surface # 1     main_wing_1                             
     # Chordwise = 10   # Spanwise = 30     First strip =  1
     Surface area Ssurf =   76.063440     Ave. chord Cave =    3.713983

 Forces referred to Sref, Cref, Bref about Xref, Yref, Zref
 Standard axis orientation,  X fwd, Z down         
     CLsurf  =   0.25961     Clsurf  =  -0.05411
     CYsurf  =  -0.01811     Cmsurf  =   0.04420
     CDsurf  =   0.00462     Cnsurf  =  -0.00289
     CDisurf =   0.00462     CDvsurf =   0.00000

 Forces referred to Ssurf, Cave 
     CLsurf  =   0.51796     CDsurf  =   0.00919

 Strip Forces referred to Strip Area, Chord
    j     Xle      Yle      Zle      Chord    Area     c_cl     ai     cl_norm    cl       cd       cdv    cm_c/4     cm_LE   C.P.x/c
     1  13.1562   0.0132  -0.9323   6.7727   0.3582   2.8418   0.0488   0.4188   0.4188   0.0265   0.0000  -0.0308  -0.1357    0.324
     2  13.1562   0.1189  -0.9323   6.7727   1.0708   2.8411   0.0494   0.4187   0.4187   0.0263   0.0000  -0.0308  -0.1357    0.324
     3  13.1562   0.3290  -0.9323   6.7727   1.7716   2.8353   0.0502   0.4178   0.4178   0.0259   0.0000  -0.0311  -0.1357    0.324
     4  13.1562   0.6413  -0.9323   6.7727   2.4529   2.8156   0.0510   0.4150   0.4150   0.0252   0.0000  -0.0315  -0.1354    0.326
     5  13.1562   1.0524  -0.9323   6.7727   3.1075   2.7727   0.0516   0.4087   0.4087   0.0238   0.0000  -0.0320  -0.1344    0.328
     6  13.1562   1.5577  -0.9323   6.7727   3.7279   2.7075   0.0514   0.3991   0.3991   0.0231   0.0000  -0.0329  -0.1329    0.333
     7  13.3505   2.1655  -0.8985   6.5993   4.4092   2.6058   0.0480   0.4832   0.3945   0.0177   0.0000  -0.0332  -0.1131    0.334
     8  13.7775   2.8720  -0.8243   6.2184   4.6681   2.5339   0.0447   0.4990   0.4074   0.0133   0.0000  -0.0310  -0.1138    0.326
     9  14.2518   3.6566  -0.7418   5.7952   4.7814   2.4657   0.0427   0.5212   0.4256   0.0103   0.0000  -0.0309  -0.1177    0.323
    10  14.7910   4.5487  -0.6481   5.3142   5.1436   2.3972   0.0428   0.5528   0.4513   0.0087   0.0000  -0.0323  -0.1243    0.322
    11  15.3918   5.5427  -0.5436   4.7782   4.9135   2.3358   0.0422   0.5991   0.4891   0.0089   0.0000  -0.0364  -0.1359    0.324
    12  16.0255   6.5912  -0.4334   4.2129   4.5391   2.3073   0.0339   0.6709   0.5478   0.0138   0.0000  -0.0492  -0.1596    0.340
    13  16.6115   7.6326  -0.3239   3.8242   3.8740   2.2373   0.0188   0.7162   0.5852   0.0139   0.0000  -0.0466  -0.1714    0.330
    14  17.1396   8.6528  -0.2167   3.6265   3.7565   2.1421   0.0152   0.7236   0.5912   0.0077   0.0000  -0.0371  -0.1643    0.313
    15  17.6765   9.6902  -0.1077   3.4255   3.5876   2.0504   0.0162   0.7335   0.5993   0.0040   0.0000  -0.0325  -0.1620    0.304
    16  18.2163  10.7332   0.0019   3.2234   3.3760   1.9604   0.0174   0.7454   0.6090   0.0021   0.0000  -0.0307  -0.1625    0.300
    17  18.7532  11.7705   0.1110   3.0224   3.1308   1.8679   0.0181   0.7575   0.6190   0.0009   0.0000  -0.0299  -0.1639    0.298
    18  19.2813  12.7907   0.2182   2.8247   2.8615   1.7727   0.0187   0.7693   0.6286  -0.0001   0.0000  -0.0294  -0.1656    0.297
    19  19.7947  13.7827   0.3224   2.6325   2.5775   1.6751   0.0193   0.7801   0.6374  -0.0010   0.0000  -0.0290  -0.1672    0.295
    20  20.3028  14.7644   0.4256   2.4423   2.4220   1.5736   0.0201   0.7900   0.6455  -0.0019   0.0000  -0.0286  -0.1686    0.294
    21  20.7990  15.7230   0.5264   2.2565   2.1063   1.4684   0.0215   0.7979   0.6519  -0.0028   0.0000  -0.0278  -0.1694    0.293
    22  21.2625  16.6185   0.6205   2.0830   1.8017   1.3611   0.0239   0.8013   0.6547  -0.0037   0.0000  -0.0266  -0.1689    0.291
    23  21.6883  17.4411   0.7070   1.9236   1.5139   1.2506   0.0279   0.7973   0.6514  -0.0045   0.0000  -0.0245  -0.1663    0.288
    24  22.0716  18.1818   0.7848   1.7801   1.2468   1.1334   0.0338   0.7809   0.6380  -0.0053   0.0000  -0.0207  -0.1600    0.282
    25  22.4084  18.8324   0.8532   1.6540   1.0026   1.0034   0.0419   0.7441   0.6080  -0.0062   0.0000  -0.0143  -0.1476    0.274
    26  22.6948  19.3859   0.9113   1.5468   0.7816   0.8522   0.0512   0.6759   0.5522  -0.0072   0.0000  -0.0047  -0.1267    0.259
    27  22.9086  19.7989   0.9548   1.4667   0.4825   0.6818   0.0594   0.5704   0.4661  -0.0084   0.0000   0.0062  -0.0979    0.237
    28  23.0546  20.0810   0.9844   1.4121   0.3355   0.5023   0.0649   0.4366   0.3568  -0.0087   0.0000   0.0129  -0.0676    0.214
    29  23.1528  20.2708   1.0044   1.3753   0.1975   0.3080   0.0683   0.2750   0.2247  -0.0076   0.0000   0.0127  -0.0385    0.194
    30  23.2022  20.3662   1.0144   1.3568   0.0652   0.1038   0.0702   0.0941   0.0769  -0.0051   0.0000   0.0051  -0.0125    0.184

  Surface # 2     main_wing_1 (YDUP)                      
     # Chordwise = 10   # Spanwise = 30     First strip = 31
     Surface area Ssurf =   76.063440     Ave. chord Cave =    3.713983

 Forces referred to Sref, Cref, Bref about Xref, Yref, Zref
 Standard axis orientation,  X fwd, Z down         
     CLsurf  =   0.25961     Clsurf  =   0.05411
     CYsurf  =   0.01811     Cmsurf  =   0.04420
     CDsurf  =   0.00462     Cnsurf  =   0.00289
     CDisurf =   0.00462     CDvsurf =   0.00000

 Forces referred to Ssurf, Cave 
     CLsurf  =   0.51796     CDsurf  =   0.00919

 Strip Forces referred to Strip Area, Chord
    j     Xle      Yle      Zle      Chord    Area     c_cl     ai     cl_norm    cl       cd       cdv    cm_c/4     cm_LE   C.P.x/c
    31  13.1562  -0.0132  -0.9323   6.7727   0.3582   2.8418   0.0488   0.4188   0.4188   0.0265   0.0000  -0.0308   0.1357    0.324
    32  13.1562  -0.1189  -0.9323   6.7727   1.0708   2.8411   0.0494   0.4187   0.4187   0.0263   0.0000  -0.0308   0.1357    0.324
    33  13.1562  -0.3290  -0.9323   6.7727   1.7716   2.8353   0.0502   0.4178   0.4178   0.0259   0.0000  -0.0311   0.1357    0.324
    34  13.1562  -0.6413  -0.9323   6.7727   2.4529   2.8156   0.0510   0.4150   0.4150   0.0252   0.0000  -0.0315   0.1354    0.326
    35  13.1562  -1.0524  -0.9323   6.7727   3.1075   2.7727   0.0516   0.4087   0.4087   0.0238   0.0000  -0.0320   0.1344    0.328
    36  13.1562  -1.5577  -0.9323   6.7727   3.7279   2.7075   0.0514   0.3991   0.3991   0.0231   0.0000  -0.0329   0.1329    0.333
    37  13.3505  -2.1655  -0.8985   6.5993   4.4092   2.6058   0.0480   0.4832   0.3945   0.0177   0.0000  -0.0332   0.1131    0.334
    38  13.7775  -2.8720  -0.8243   6.2184   4.6681   2.5339   0.0447   0.4990   0.4074   0.0133   0.0000  -0.0310   0.1138    0.326
    39  14.2518  -3.6566  -0.7418   5.7952   4.7814   2.4657   0.0427   0.5212   0.4256   0.0103   0.0000  -0.0309   0.1177    0.323
    40  14.7910  -4.5487  -0.6481   5.3142   5.1436   2.3972   0.0428   0.5528   0.4513   0.0087   0.0000  -0.0323   0.1243    0.322
    41  15.3918  -5.5427  -0.5436   4.7782   4.9135   2.3358   0.0422   0.5991   0.4891   0.0089   0.0000  -0.0364   0.1359    0.324
    42  16.0255  -6.5912  -0.4334   4.2129   4.5391   2.3073   0.0339   0.6709   0.5478   0.0138   0.0000  -0.0492   0.1596    0.340
    43  16.6115  -7.6326  -0.3239   3.8242   3.8740   2.2373   0.0188   0.7162   0.5852   0.0139   0.0000  -0.0466   0.1714    0.330
    44  17.1396  -8.6528  -0.2167   3.6265   3.7565   2.1421   0.0152   0.7236   0.5912   0.0077   0.0000  -0.0371   0.1643    0.313
    45  17.6765  -9.6902  -0.1077   3.4255   3.5876   2.0504   0.0162   0.7335   0.5993   0.0040   0.0000  -0.0325   0.1620    0.304
    46  18.2163 -10.7332   0.0019   3.2234   3.3760   1.9604   0.0174   0.7454   0.6090   0.0021   0.0000  -0.0307   0.1625    0.300
    47  18.7532 -11.7705   0.1110   3.0224   3.1308   1.8679   0.0181   0.7575   0.6190   0.0009   0.0000  -0.0299   0.1639    0.298
    48  19.2813 -12.7907   0.2182   2.8247   2.8615   1.7727   0.0187   0.7693   0.6286  -0.0001   0.0000  -0.0294   0.1656    0.297
    49  19.7947 -13.7827   0.3224   2.6325   2.5775   1.6751   0.0193   0.7801   0.6374  -0.0010   0.0000  -0.0290   0.1672    0.295
    50  20.3028 -14.7644   0.4256   2.4423   2.4220   1.5736   0.0201   0.7900   0.6455  -0.0019   0.0000  -0.0286   0.1686    0.294
    51  20.7990 -15.7230   0.5264   2.2565   2.1063   1.4684   0.0215   0.7979   0.6519  -0.0028   0.0000  -0.0278   0.1694    0.293
    52  21.2625 -16.6185   0.6205   2.0830   1.8017   1.3611   0.0239   0.8013   0.6547  -0.0037   0.0000  -0.0266   0.1689    0.291
    53  21.6883 -17.4411   0.7070   1.9236   1.5139   1.2506   0.0279   0.7973   0.6514  -0.0045   0.0000  -0.0245   0.1663    0.288
    54  22.0716 -18.1818   0.7848   1.7801   1.2468   1.1334   0.0338   0.7809   0.6380  -0.0053   0.0000  -0.0207   0.1600    0.282
    55  22.4084 -18.8324   0.8532   1.6540   1.0026   1.0034   0.0419   0.7441   0.6080  -0.0062   0.0000  -0.0143   0.1476    0.274
    56  22.6948 -19.3859   0.9113   1.5468   0.7816   0.8522   0.0512   0.6759   0.5522  -0.0072   0.0000  -0.0047   0.1267    0.259
    57  22.9086 -19.7989   0.9548   1.4667   0.4825   0.6818   0.0594   0.5704   0.4661  -0.0084   0.0000   0.0062   0.0979    0.237
    58  23.0546 -20.0810   0.9844   1.4121   0.3355   0.5023   0.0649   0.4366   0.3568  -0.0087   0.0000   0.0129   0.0676    0.214
    59  23.1528 -20.2708   1.0044   1.3753   0.1975   0.3080   0.0683   0.2750   0.2247  -0.0076   0.0000   0.0127   0.0385    0.194
    60  23.2022 -20.3662   1.0144   1.3568   0.0652   0.1038   0.0702   0.0941   0.0769  -0.0051   0.0000   0.0051   0.0125    0.184

  Surface # 3     horizontal_stabilizer                   
     # Chordwise = 10   # Spanwise = 30     First strip = 61
     Surface area Ssurf =   24.801542     Ave. chord Cave =    3.464048

 Forces referred to Sref, Cref, Bref about Xref, Yref, Zref
 Standard axis orientation,  X fwd, Z down         
     CLsurf  =   0.01525     Clsurf  =  -0.00123
     CYsurf  =   0.00015     Cmsurf  =  -0.05652
     CDsurf  =   0.00066     Cnsurf  =  -0.00009
     CDisurf =   0.00066     CDvsurf =   0.00000

 Forces referred to Ssurf, Cave 
     CLsurf  =   0.09313     CDsurf  =   0.00402

 Strip Forces referred to Strip Area, Chord
    j     Xle      Yle      Zle      Chord    Area     c_cl     ai     cl_norm    cl       cd       cdv    cm_c/4     cm_LE   C.P.x/c
    61  32.2591   0.0046   1.0597   4.8737   0.0901   0.3861   0.0438   0.1091   0.0778   0.0268   0.0000  -0.0071  -0.0217    0.341
    62  32.2862   0.0415   1.0597   4.8591   0.2685   0.3861   0.0442   0.1111   0.0792   0.0060   0.0000  -0.0071  -0.0217    0.339
    63  32.3400   0.1150   1.0597   4.8302   0.4415   0.3860   0.0447   0.1118   0.0798   0.0045   0.0000  -0.0069  -0.0217    0.336
    64  32.4201   0.2241   1.0597   4.7871   0.6059   0.3853   0.0452   0.1127   0.0804   0.0042   0.0000  -0.0065  -0.0215    0.331
    65  32.5254   0.3678   1.0597   4.7305   0.7585   0.3835   0.0456   0.1135   0.0810   0.0042   0.0000  -0.0059  -0.0211    0.323
    66  32.6549   0.5443   1.0597   4.6609   0.8965   0.3797   0.0460   0.1141   0.0814   0.0041   0.0000  -0.0053  -0.0207    0.315
    67  32.8112   0.7575   1.0597   4.5768   1.0696   0.3731   0.0455   0.1141   0.0814   0.0040   0.0000  -0.0045  -0.0201    0.305
    68  32.9935   1.0059   1.0597   4.4789   1.1761   0.3642   0.0458   0.1139   0.0812   0.0040   0.0000  -0.0039  -0.0195    0.298
    69  33.1959   1.2819   1.0597   4.3701   1.2611   0.3536   0.0461   0.1133   0.0808   0.0039   0.0000  -0.0034  -0.0191    0.292
    70  33.4163   1.5823   1.0597   4.2516   1.3241   0.3429   0.0463   0.1129   0.0806   0.0039   0.0000  -0.0031  -0.0188    0.288
    71  33.6522   1.9039   1.0597   4.1248   1.3648   0.3342   0.0465   0.1135   0.0809   0.0039   0.0000  -0.0029  -0.0187    0.286
    72  33.9010   2.2432   1.0597   3.9911   1.3836   0.3290   0.0467   0.1154   0.0823   0.0040   0.0000  -0.0027  -0.0188    0.283
    73  34.1600   2.5963   1.0597   3.8519   1.3816   0.3277   0.0469   0.1191   0.0850   0.0040   0.0000  -0.0024  -0.0191    0.279
    74  34.4265   2.9595   1.0597   3.7087   1.3602   0.3297   0.0471   0.1245   0.0888   0.0042   0.0000  -0.0021  -0.0196    0.273
    75  34.6973   3.3289   1.0597   3.5631   1.3213   0.3343   0.0473   0.1314   0.0937   0.0043   0.0000  -0.0016  -0.0202    0.267
    76  34.9697   3.7002   1.0597   3.4167   1.2670   0.3403   0.0476   0.1395   0.0995   0.0044   0.0000  -0.0009  -0.0208    0.259
    77  35.2406   4.0695   1.0597   3.2711   1.1997   0.3460   0.0479   0.1482   0.1057   0.0045   0.0000   0.0000  -0.0213    0.250
    78  35.5070   4.4327   1.0597   3.1279   1.1219   0.3495   0.0483   0.1566   0.1117   0.0045   0.0000   0.0011  -0.0216    0.240
    79  35.7661   4.7859   1.0597   2.9886   1.0361   0.3492   0.0488   0.1637   0.1168   0.0045   0.0000   0.0023  -0.0217    0.230
    80  36.0149   5.1251   1.0597   2.8549   0.9446   0.3440   0.0493   0.1689   0.1204   0.0043   0.0000   0.0037  -0.0213    0.219
    81  36.2508   5.4467   1.0597   2.7281   0.8496   0.3335   0.0499   0.1713   0.1222   0.0041   0.0000   0.0052  -0.0205    0.208
    82  36.4711   5.7471   1.0597   2.6097   0.7531   0.3175   0.0504   0.1705   0.1216   0.0038   0.0000   0.0067  -0.0191    0.195
    83  36.6736   6.0231   1.0597   2.5009   0.6567   0.2963   0.0509   0.1661   0.1185   0.0034   0.0000   0.0082  -0.0173    0.181
    84  36.8558   6.2716   1.0597   2.4029   0.5615   0.2703   0.0513   0.1577   0.1125   0.0030   0.0000   0.0094  -0.0151    0.166
    85  37.0159   6.4899   1.0597   2.3169   0.4686   0.2403   0.0517   0.1455   0.1038   0.0024   0.0000   0.0103  -0.0126    0.151
    86  37.1654   6.6937   1.0597   2.2365   0.4544   0.2055   0.0529   0.1289   0.0919   0.0019   0.0000   0.0106  -0.0100    0.135
    87  37.2989   6.8757   1.0597   2.1647   0.3472   0.1639   0.0531   0.1062   0.0758   0.0012   0.0000   0.0100  -0.0072    0.117
    88  37.4004   7.0140   1.0597   2.1102   0.2444   0.1191   0.0534   0.0792   0.0565   0.0006   0.0000   0.0084  -0.0046    0.101
    89  37.4686   7.1071   1.0597   2.0735   0.1452   0.0723   0.0535   0.0489   0.0349   0.0000   0.0000   0.0056  -0.0025    0.088
    90  37.5029   7.1538   1.0597   2.0551   0.0481   0.0242   0.0536   0.0166   0.0118  -0.0006   0.0000   0.0020  -0.0008    0.083

  Surface # 4     horizontal_stabilizer (YDUP)            
     # Chordwise = 10   # Spanwise = 30     First strip = 91
     Surface area Ssurf =   24.801542     Ave. chord Cave =    3.464048

 Forces referred to Sref, Cref, Bref about Xref, Yref, Zref
 Standard axis orientation,  X fwd, Z down         
     CLsurf  =   0.01525     Clsurf  =   0.00123
     CYsurf  =  -0.00015     Cmsurf  =  -0.05652
     CDsurf  =   0.00066     Cnsurf  =   0.00009
     CDisurf =   0.00066     CDvsurf =   0.00000

 Forces referred to Ssurf, Cave 
     CLsurf  =   0.09313     CDsurf  =   0.00402

 Strip Forces referred to Strip Area, Chord
    j     Xle      Yle      Zle      Chord    Area     c_cl     ai     cl_norm    cl       cd       cdv    cm_c/4     cm_LE   C.P.x/c
    91  32.2591  -0.0046   1.0597   4.8737   0.0901   0.3861   0.0438   0.1091   0.0778   0.0268   0.0000  -0.0071   0.0217    0.341
    92  32.2862  -0.0415   1.0597   4.8591   0.2685   0.3861   0.0442   0.1111   0.0792   0.0060   0.0000  -0.0071   0.0217    0.339
    93  32.3400  -0.1150   1.0597   4.8302   0.4415   0.3860   0.0447   0.1118   0.0798   0.0045   0.0000  -0.0069   0.0217    0.336
    94  32.4201  -0.2241   1.0597   4.7871   0.6059   0.3853   0.0452   0.1127   0.0804   0.0042   0.0000  -0.0065   0.0215    0.331
    95  32.5254  -0.3678   1.0597   4.7305   0.7585   0.3835   0.0456   0.1135   0.0810   0.0042   0.0000  -0.0059   0.0211    0.323
    96  32.6549  -0.5443   1.0597   4.6609   0.8965   0.3797   0.0460   0.1141   0.0814   0.0041   0.0000  -0.0053   0.0207    0.315
    97  32.8112  -0.7575   1.0597   4.5768   1.0696   0.3731   0.0455   0.1141   0.0814   0.0040   0.0000  -0.0045   0.0201    0.305
    98  32.9935  -1.0059   1.0597   4.4789   1.1761   0.3642   0.0458   0.1139   0.0812   0.0040   0.0000  -0.0039   0.0195    0.298
    99  33.1959  -1.2819   1.0597   4.3701   1.2611   0.3536   0.0461   0.1133   0.0808   0.0039   0.0000  -0.0034   0.0191    0.292
   100  33.4163  -1.5823   1.0597   4.2516   1.3241   0.3429   0.0463   0.1129   0.0806   0.0039   0.0000  -0.0031   0.0188    0.288
   101  33.6522  -1.9039   1.0597   4.1248   1.3648   0.3342   0.0465   0.1135   0.0809   0.0039   0.0000  -0.0029   0.0187    0.286
   102  33.9010  -2.2432   1.0597   3.9911   1.3836   0.3290   0.0467   0.1154   0.0823   0.0040   0.0000  -0.0027   0.0188    0.283
   103  34.1600  -2.5963   1.0597   3.8519   1.3816   0.3277   0.0469   0.1191   0.0850   0.0040   0.0000  -0.0024   0.0191    0.279
   104  34.4265  -2.9595   1.0597   3.7087   1.3602   0.3297   0.0471   0.1245   0.0888   0.0042   0.0000  -0.0021   0.0196    0.273
   105  34.6973  -3.3289   1.0597   3.5631   1.3213   0.3343   0.0473   0.1314   0.0937   0.0043   0.0000  -0.0016   0.0202    0.267
   106  34.9697  -3.7002   1.0597   3.4167   1.2670   0.3403   0.0476   0.1395   0.0995   0.0044   0.0000  -0.0009   0.0208    0.259
   107  35.2406  -4.0695   1.0597   3.2711   1.1997   0.3460   0.0479   0.1482   0.1057   0.0045   0.0000   0.0000   0.0213    0.250
   108  35.5070  -4.4327   1.0597   3.1279   1.1219   0.3495   0.0483   0.1566   0.1117   0.0045   0.0000   0.0011   0.0216    0.240
   109  35.7661  -4.7859   1.0597   2.9886   1.0361   0.3492   0.0488   0.1637   0.1168   0.0045   0.0000   0.0023   0.0217    0.230
   110  36.0149  -5.1251   1.0597   2.8549   0.9446   0.3440   0.0493   0.1689   0.1204   0.0043   0.0000   0.0037   0.0213    0.219
   111  36.2508  -5.4467   1.0597   2.7281   0.8496   0.3335   0.0499   0.1713   0.1222   0.0041   0.0000   0.0052   0.0205    0.208
   112  36.4711  -5.7471   1.0597   2.6097   0.7531   0.3175   0.0504   0.1705   0.1216   0.0038   0.0000   0.0067   0.0191    0.195
   113  36.6736  -6.0231   1.0597   2.5009   0.6567   0.2963   0.0509   0.1661   0.1185   0.0034   0.0000   0.0082   0.0173    0.181
   114  36.8558  -6.2716   1.0597   2.4029   0.5615   0.2703   0.0513   0.1577   0.1125   0.0030   0.0000   0.0094   0.0151    0.166
   115  37.0159  -6.4899   1.0597   2.3169   0.4686   0.2403   0.0517   0.1455   0.1038   0.0024   0.0000   0.0103   0.0126    0.151
   116  37.1654  -6.6937   1.0597   2.2365   0.4544   0.2055   0.0529   0.1289   0.0919   0.0019   0.0000   0.0106   0.0100    0.135
   117  37.2989  -6.8757   1.0597   2.1647   0.3472   0.1639   0.0531   0.1062   0.0758   0.0012   0.0000   0.0100   0.0072    0.117
   118  37.4004  -7.0140   1.0597   2.1102   0.2444   0.1191   0.0534   0.0792   0.0565   0.0006   0.0000   0.0084   0.0046    0.101
   119  37.4686  -7.1071   1.0597   2.0735   0.1452   0.0723   0.0535   0.0489   0.0349   0.0000   0.0000   0.0056   0.0025    0.088
   120  37.5029  -7.1538   1.0597   2.0551   0.0481   0.0242   0.0536   0.0166   0.0118  -0.0006   0.0000   0.0020   0.0008    0.083

  Surface # 5     vertical_stabilizer                     
     # Chordwise = 10   # Spanwise = 30     First strip =121
     Surface area Ssurf =   49.674121     Ave. chord Cave =    6.398089

 Forces referred to Sref, Cref, Bref about Xref, Yref, Zref
 Standard axis orientation,  X fwd, Z down         
     CLsurf  =  -0.00000     Clsurf  =  -0.00000
     CYsurf  =  -0.00000     Cmsurf  =   0.00000
     CDsurf  =   0.00000     Cnsurf  =   0.00000
     CDisurf =   0.00000     CDvsurf =   0.00000

 Forces referred to Ssurf, Cave 
     CLsurf  =   0.00000     CDsurf  =   0.00000

 Strip Forces referred to Strip Area, Chord
    j     Xle      Yle      Zle      Chord    Area     c_cl     ai     cl_norm    cl       cd       cdv    cm_c/4     cm_LE   C.P.x/c
   121  27.2121   0.0000   1.1113   9.6623   0.5775  -0.0000   0.0000  -0.0000  -0.0000   0.0000   0.0000   0.0000   0.0000    0.909
   122  27.3059   0.0000   1.1901   9.5956   0.9378  -0.0000  -0.0000  -0.0000  -0.0000  -0.0000   0.0000   0.0000   0.0000    0.910
   123  27.4446   0.0000   1.3066   9.4971   1.2816  -0.0000  -0.0000  -0.0000  -0.0000  -0.0000   0.0000   0.0000   0.0000    0.915
   124  27.6269   0.0000   1.4597   9.3675   1.6020  -0.0000   0.0000  -0.0000  -0.0000  -0.0000   0.0000   0.0000   0.0000    1.275
   125  27.8513   0.0000   1.6482   9.2079   1.8927   0.0000  -0.0000   0.0000   0.0000   0.0000   0.0000   0.0000   0.0000   -0.441
   126  28.1157   0.0000   1.8704   9.0199   2.1481   0.0000  -0.0000   0.0000   0.0000   0.0000   0.0000   0.0000  -0.0000    0.118
   127  28.4177   0.0000   2.1240   8.8053   2.3638   0.0000  -0.0000   0.0000   0.0000   0.0000   0.0000   0.0000  -0.0000    0.198
   128  28.7542   0.0000   2.4066   8.5661   2.5368   0.0000  -0.0000   0.0000   0.0000   0.0000   0.0000   0.0000  -0.0000    0.202
   129  29.1219   0.0000   2.7155   8.3046   2.6649   0.0000  -0.0000   0.0000   0.0000  -0.0000   0.0000   0.0000  -0.0000    0.148
   130  29.5172   0.0000   3.0476   8.0236   2.7474   0.0000  -0.0000   0.0000   0.0000   0.0000   0.0000   0.0000  -0.0000    0.181
   131  29.9362   0.0000   3.3995   7.7257   2.7851   0.0000  -0.0000   0.0000   0.0000  -0.0000   0.0000   0.0000  -0.0000    0.213
   132  30.3745   0.0000   3.7677   7.4141   2.7796   0.0000   0.0000   0.0000   0.0000   0.0000   0.0000  -0.0000  -0.0000    0.389
   133  30.8277   0.0000   4.1483   7.0919   2.7338   0.0000  -0.0000   0.0000   0.0000  -0.0000   0.0000   0.0000  -0.0000    0.228
   134  31.2912   0.0000   4.5376   6.7625   2.6516   0.0000   0.0000   0.0000   0.0000   0.0000   0.0000  -0.0000  -0.0000    0.289
   135  31.7601   0.0000   4.9315   6.4291   2.5374   0.0000   0.0000   0.0000   0.0000  -0.0000   0.0000  -0.0000  -0.0000    0.317
   136  32.2297   0.0000   5.3260   6.0953   2.3965   0.0000  -0.0000   0.0000   0.0000   0.0000   0.0000   0.0000  -0.0000    0.040
   137  32.6951   0.0000   5.7169   5.7644   2.2343   0.0000   0.0000   0.0000   0.0000   0.0000   0.0000   0.0000  -0.0000    0.201
   138  33.1514   0.0000   6.1002   5.4400   2.0562   0.0000  -0.0000   0.0000   0.0000   0.0000   0.0000   0.0000  -0.0000    0.002
   139  33.5939   0.0000   6.4718   5.1254   1.8679   0.0000   0.0000   0.0000   0.0000   0.0000   0.0000   0.0000  -0.0000    0.104
   140  34.0180   0.0000   6.8281   4.8240   1.6743   0.0000  -0.0000   0.0000   0.0000  -0.0000   0.0000   0.0000   0.0000   -0.431
   141  34.4192   0.0000   7.1651   4.5387   1.4801   0.0000  -0.0000   0.0000   0.0000  -0.0000   0.0000   0.0000   0.0000  999.000
   142  34.7934   0.0000   7.4794   4.2727   1.2891   0.0000  -0.0000   0.0000   0.0000  -0.0000   0.0000   0.0000   0.0000  999.000
   143  35.1366   0.0000   7.7677   4.0287   1.1044   0.0000   0.0000   0.0000   0.0000  -0.0000   0.0000   0.0000   0.0000   -0.140
   144  35.4453   0.0000   8.0270   3.8093   0.9284   0.0000  -0.0000   0.0000   0.0000  -0.0000   0.0000   0.0000   0.0000   -0.292
   145  35.7161   0.0000   8.2545   3.6167   0.7621   0.0000  -0.0000   0.0000   0.0000   0.0000   0.0000   0.0000   0.0000   -0.722
   146  35.9463   0.0000   8.4479   3.4530   0.6061   0.0000  -0.0000   0.0000   0.0000  -0.0000   0.0000   0.0000   0.0000   -0.381
   147  36.1335   0.0000   8.6050   3.3200   0.4597   0.0000   0.0000   0.0000   0.0000  -0.0000   0.0000   0.0000  -0.0000    0.004
   148  36.2756   0.0000   8.7244   3.2190   0.3218   0.0000  -0.0000   0.0000   0.0000  -0.0000   0.0000   0.0000   0.0000   -0.943
   149  36.3711   0.0000   8.8047   3.1510   0.1903   0.0000   0.0000   0.0000   0.0000   0.0000   0.0000   0.0000  -0.0000    0.032
   150  36.4192   0.0000   8.8450   3.1169   0.0630   0.0000   0.0000   0.0000   0.0000  -0.0000   0.0000   0.0000  -0.0000    0.176

  Surface # 6     fuselage_horizontal                     
     # Chordwise = 10   # Spanwise = 30     First strip =151
     Surface area Ssurf =  125.374167     Ave. chord Cave =   33.884910

 Forces referred to Sref, Cref, Bref about Xref, Yref, Zref
 Standard axis orientation,  X fwd, Z down         
     CLsurf  =  -0.00630     Clsurf  =   0.00000
     CYsurf  =  -0.00000     Cmsurf  =   0.02196
     CDsurf  =  -0.00091     Cnsurf  =  -0.00000
     CDisurf =  -0.00091     CDvsurf =   0.00000

 Forces referred to Ssurf, Cave 
     CLsurf  =  -0.00760     CDsurf  =  -0.00110

 Strip Forces referred to Strip Area, Chord
    j     Xle      Yle      Zle      Chord    Area     c_cl     ai     cl_norm    cl       cd       cdv    cm_c/4     cm_LE   C.P.x/c
   151   4.5084  -1.7883   0.0000  24.6775   3.0436  -0.0554   0.0641  -0.0039  -0.0023   0.0017   0.0000   0.0028   0.0006    1.426
   152   3.8079  -1.6650   0.0000  27.0934   3.3415  -0.0846   0.0720  -0.0053  -0.0032   0.0017   0.0000   0.0036   0.0008    1.374
   153   3.1073  -1.5417   0.0000  29.5093   3.6395  -0.1065   0.0839  -0.0061  -0.0037   0.0010   0.0000   0.0040   0.0009    1.344
   154   2.5735  -1.4183   0.0000  31.2560   3.8549  -0.1430   0.0771  -0.0075  -0.0045  -0.0008   0.0000   0.0042   0.0017    1.167
   155   2.2064  -1.2950   0.0000  32.3337   3.9878  -0.1738   0.0688  -0.0088  -0.0054  -0.0002   0.0000   0.0046   0.0019    1.105
   156   1.8393  -1.1717   0.0000  33.4114   4.1207  -0.2045   0.0598  -0.0100  -0.0061  -0.0004   0.0000   0.0049   0.0021    1.059
   157   1.5229  -1.0483   0.0000  34.3557   4.2372  -0.2348   0.0543  -0.0086  -0.0068  -0.0008   0.0000   0.0053   0.0029    1.024
   158   1.2572  -0.9250   0.0000  35.1666   4.3372  -0.2637   0.0521  -0.0094  -0.0074  -0.0016   0.0000   0.0055   0.0031    0.994
   159   0.9915  -0.8017   0.0000  35.9775   4.4372  -0.2908   0.0504  -0.0099  -0.0078  -0.0049   0.0000   0.0057   0.0033    0.981
   160   0.7645  -0.6783   0.0000  36.5961   4.5135  -0.3397   0.0503  -0.0129  -0.0089  -0.0065   0.0000   0.0061   0.0046    0.929
   161   0.5764  -0.5550   0.0000  37.0222   4.5661  -0.3636   0.0506  -0.0139  -0.0096  -0.0034   0.0000   0.0062   0.0048    0.895
   162   0.3883  -0.4317   0.0000  37.4484   4.6186  -0.3840   0.0510  -0.0145  -0.0100  -0.0042   0.0000   0.0063   0.0049    0.882
   163   0.2452  -0.3083   0.0000  37.7105   4.6510  -0.4086   0.0512  -0.0145  -0.0107  -0.0030   0.0000   0.0065   0.0072    0.861
   164   0.1471  -0.1850   0.0000  37.8086   4.6631  -0.4174   0.0512  -0.0150  -0.0111  -0.0001   0.0000   0.0066   0.0073    0.846
   165   0.0490  -0.0617   0.0000  37.9067   4.6752  -0.4196   0.0512  -0.0156  -0.0115   0.0070   0.0000   0.0066   0.0073    0.825
   166   0.0490   0.0617   0.0000  37.9067   4.6752  -0.4196   0.0512  -0.0156  -0.0115   0.0070   0.0000   0.0066   0.0073    0.825
   167   0.1471   0.1850   0.0000  37.8086   4.6631  -0.4174   0.0512  -0.0150  -0.0111  -0.0001   0.0000   0.0066   0.0073    0.846
   168   0.2452   0.3083   0.0000  37.7105   4.6510  -0.4086   0.0512  -0.0145  -0.0107  -0.0030   0.0000   0.0065   0.0072    0.861
   169   0.3883   0.4317   0.0000  37.4484   4.6186  -0.3840   0.0510  -0.0145  -0.0100  -0.0042   0.0000   0.0063   0.0049    0.882
   170   0.5764   0.5550   0.0000  37.0222   4.5661  -0.3636   0.0506  -0.0139  -0.0096  -0.0034   0.0000   0.0062   0.0048    0.895
   171   0.7645   0.6783   0.0000  36.5961   4.5135  -0.3397   0.0503  -0.0129  -0.0089  -0.0065   0.0000   0.0061   0.0046    0.929
   172   0.9915   0.8017   0.0000  35.9775   4.4372  -0.2908   0.0504  -0.0099  -0.0078  -0.0049   0.0000   0.0057   0.0033    0.981
   173   1.2571   0.9250   0.0000  35.1666   4.3372  -0.2637   0.0521  -0.0094  -0.0074  -0.0016   0.0000   0.0055   0.0031    0.994
   174   1.5228   1.0483   0.0000  34.3557   4.2372  -0.2348   0.0543  -0.0086  -0.0068  -0.0008   0.0000   0.0053   0.0029    1.024
   175   1.8393   1.1717   0.0000  33.4114   4.1207  -0.2045   0.0598  -0.0100  -0.0061  -0.0004   0.0000   0.0049   0.0021    1.059
   176   2.2064   1.2950   0.0000  32.3337   3.9878  -0.1738   0.0688  -0.0088  -0.0054  -0.0002   0.0000   0.0046   0.0019    1.105
   177   2.5735   1.4183   0.0000  31.2560   3.8549  -0.1430   0.0771  -0.0075  -0.0045  -0.0008   0.0000   0.0042   0.0017    1.167
   178   3.1073   1.5417   0.0000  29.5093   3.6395  -0.1065   0.0839  -0.0061  -0.0037   0.0010   0.0000   0.0040   0.0009    1.344
   179   3.8079   1.6650   0.0000  27.0934   3.3415  -0.0846   0.0720  -0.0053  -0.0032   0.0017   0.0000   0.0036   0.0008    1.374
   180   4.5083   1.7883   0.0000  24.6775   3.0436  -0.0554   0.0641  -0.0039  -0.0023   0.0017   0.0000   0.0028   0.0006    1.426

  Surface # 7     fuselage_vertical                       
     # Chordwise = 10   # Spanwise = 30     First strip =181
     Surface area Ssurf =  124.957954     Ave. chord Cave =   33.772420

 Forces referred to Sref, Cref, Bref about Xref, Yref, Zref
 Standard axis orientation,  X fwd, Z down         
     CLsurf  =  -0.00000     Clsurf  =  -0.00000
     CYsurf  =  -0.00000     Cmsurf  =   0.00000
     CDsurf  =   0.00000     Cnsurf  =   0.00000
     CDisurf =   0.00000     CDvsurf =   0.00000

 Forces referred to Ssurf, Cave 
     CLsurf  =   0.00000     CDsurf  =   0.00000

 Strip Forces referred to Strip Area, Chord
    j     Xle      Yle      Zle      Chord    Area     c_cl     ai     cl_norm    cl       cd       cdv    cm_c/4     cm_LE   C.P.x/c
   181   4.1119   0.0000  -1.7883  24.8339   3.0628   0.0000   0.0000   0.0000   0.0000  -0.0000   0.0000  -0.0000  -0.0000    0.759
   182   2.6186   0.0000  -1.6650  27.5624   3.3994   0.0000   0.0000   0.0000   0.0000  -0.0000   0.0000  -0.0000  -0.0000    1.281
   183   1.1253   0.0000  -1.5417  30.2910   3.7359  -0.0000   0.0000  -0.0000  -0.0000  -0.0000   0.0000  -0.0000  -0.0000  999.000
   184   0.3177   0.0000  -1.4183  31.9720   3.9432   0.0000   0.0000   0.0000   0.0000   0.0000   0.0000  -0.0000  -0.0000    0.785
   185   0.1958   0.0000  -1.2950  32.6055   4.0213   0.0000  -0.0000   0.0000   0.0000   0.0000   0.0000  -0.0000  -0.0000    0.716
   186   0.0739   0.0000  -1.1717  33.2390   4.0995   0.0000   0.0000   0.0000   0.0000   0.0000   0.0000  -0.0000  -0.0000    0.661
   187   0.0201   0.0000  -1.0483  33.7449   4.1619   0.0000   0.0000   0.0000   0.0000   0.0000   0.0000  -0.0000  -0.0000    0.572
   188   0.0344   0.0000  -0.9250  34.1231   4.2085   0.0000   0.0000   0.0000   0.0000   0.0000   0.0000  -0.0000  -0.0000    0.552
   189   0.0487   0.0000  -0.8017  34.5015   4.2552   0.0000   0.0000   0.0000   0.0000   0.0000   0.0000  -0.0000  -0.0000    0.571
   190   0.0956   0.0000  -0.6783  34.8164   4.2940   0.0000   0.0000   0.0000   0.0000   0.0000   0.0000  -0.0000  -0.0000    0.936
   191   0.1750   0.0000  -0.5550  35.0679   4.3250  -0.0000   0.0000  -0.0000  -0.0000   0.0000   0.0000   0.0000   0.0000    0.569
   192   0.2545   0.0000  -0.4317  35.3194   4.3561  -0.0000  -0.0000  -0.0000  -0.0000   0.0000   0.0000   0.0000   0.0000    0.534
   193   0.3527   0.0000  -0.3083  35.5325   4.3823  -0.0000   0.0000  -0.0000  -0.0000   0.0000   0.0000   0.0000   0.0000    0.446
   194   0.4698   0.0000  -0.1850  35.7070   4.4039  -0.0000   0.0000  -0.0000  -0.0000  -0.0000   0.0000   0.0000   0.0000    0.281
   195   0.5868   0.0000  -0.0617  35.8816   4.4254   0.0000  -0.0000   0.0000   0.0000  -0.0000   0.0000  -0.0000  -0.0000  999.000
   196   0.7206   0.0000   0.0617  36.0254   4.4431   0.0000  -0.0000   0.0000   0.0000   0.0000   0.0000  -0.0000  -0.0000    0.785
   197   0.8712   0.0000   0.1850  36.1384   4.4571   0.0000  -0.0000   0.0000   0.0000   0.0000   0.0000  -0.0000  -0.0000    1.184
   198   1.0218   0.0000   0.3083  36.2515   4.4710   0.0000  -0.0000   0.0000   0.0000   0.0000   0.0000  -0.0000  -0.0000    0.893
   199   1.1902   0.0000   0.4317  36.3067   4.4778   0.0000   0.0000   0.0000   0.0000  -0.0000   0.0000  -0.0000  -0.0000    0.815
   200   1.3764   0.0000   0.5550  36.3040   4.4775   0.0000   0.0000   0.0000   0.0000  -0.0000   0.0000  -0.0000  -0.0000    0.795
   201   1.5626   0.0000   0.6783  36.3013   4.4772   0.0000   0.0000   0.0000   0.0000  -0.0000   0.0000  -0.0000  -0.0000    0.786
   202   1.7707   0.0000   0.8017  36.1850   4.4628   0.0000   0.0000   0.0000   0.0000  -0.0000   0.0000  -0.0000  -0.0000    0.774
   203   2.0006   0.0000   0.9250  35.9551   4.4345   0.0000  -0.0000   0.0000   0.0000  -0.0000   0.0000  -0.0000  -0.0000    0.762
   204   2.2305   0.0000   1.0483  35.7252   4.4061   0.0000   0.0000   0.0000   0.0000  -0.0000   0.0000  -0.0000  -0.0000    0.762
   205   2.4937   0.0000   1.1717  35.4619   4.3736   0.0000  -0.0000   0.0000   0.0000  -0.0000   0.0000  -0.0000  -0.0000    0.734
   206   2.7902   0.0000   1.2950  35.1655   4.3371   0.0000  -0.0000   0.0000   0.0000  -0.0000   0.0000  -0.0000  -0.0000    0.693
   207   3.0867   0.0000   1.4183  34.8689   4.3005   0.0000  -0.0000   0.0000   0.0000  -0.0000   0.0000  -0.0000  -0.0000    0.654
   208   3.5056   0.0000   1.5417  32.8455   4.0509   0.0000  -0.0000   0.0000   0.0000   0.0000   0.0000  -0.0000  -0.0000    0.536
   209   4.0468   0.0000   1.6650  29.0952   3.5884   0.0000  -0.0000   0.0000   0.0000   0.0000   0.0000   0.0000  -0.0000    0.199
   210   4.5880   0.0000   1.7883  25.3448   3.1259  -0.0000  -0.0000  -0.0000  -0.0000   0.0000   0.0000   0.0000   0.0000  999.000

  Surface # 8     nacelle                                 
     # Chordwise =  6   # Spanwise = 12     First strip =211
     Surface area Ssurf =   20.812644     Ave. chord Cave =    4.188700

 Forces referred to Sref, Cref, Bref about Xref, Yref, Zref
 Standard axis orientation,  X fwd, Z down         
     CLsurf  =  -0.00175     Clsurf  =   0.00039
     CYsurf  =  -0.00415     Cmsurf  =   0.00134
     CDsurf  =   0.00025     Cnsurf  =   0.00008
     CDisurf =   0.00025     CDvsurf =   0.00000

 Forces referred to Ssurf, Cave 
     CLsurf  =   0.03248     CDsurf  =   0.00182

 Strip Forces referred to Strip Area, Chord
    j     Xle      Yle      Zle      Chord    Area     c_cl     ai     cl_norm    cl       cd       cdv    cm_c/4     cm_LE   C.P.x/c
   211  15.7628   6.5363  -2.4010   4.1887   1.8920   0.6189   0.0759   0.1477   0.1475   0.0094   0.0000  -0.0554  -0.0923    0.626
   212  15.7628   6.9142  -2.6192   4.1887   1.8921   0.7854   0.0826   0.1870   0.1870   0.0147   0.0000  -0.0704  -0.1173    0.626
   213  15.7628   7.3505  -2.6192   4.1887   1.8921   0.8443   0.0778   0.2010   0.2010   0.0164   0.0000  -0.0810  -0.1314    0.653
   214  15.7628   7.7284  -2.4010   4.1887   1.8920   0.8570   0.0614   0.2045   0.2042   0.0141   0.0000  -0.0923  -0.1435    0.702
   215  15.7628   7.9465  -2.0232   4.1887   1.8921   0.8613   0.0401   0.2062   0.2055   0.0084   0.0000  -0.1054  -0.1568    0.763
   216  15.7628   7.9758  -1.6959   4.1887   0.9461   0.9037   0.0234   0.2164   0.2158   0.0002   0.0000  -0.1177  -0.1716    0.796
   217  15.7628   7.9173  -1.4778   4.1887   0.9461   0.9391   0.0254   0.2249   0.2242  -0.0002   0.0000  -0.1249  -0.1809    0.807
   218  15.7628   7.7284  -1.2090   4.1887   1.8920   0.9278   0.0175   0.2217   0.2213  -0.0089   0.0000  -0.1326  -0.1880    0.849
   219  15.7628   7.3505  -0.9908   4.1887   1.8921   0.9430   0.0151   0.2247   0.2247  -0.0145   0.0000  -0.1361  -0.1924    0.856
   220  15.7628   6.9142  -0.9908   4.1887   1.8921   0.9089   0.0139   0.2166   0.2166  -0.0136   0.0000  -0.1283  -0.1826    0.843
   221  15.7628   6.5363  -1.2090   4.1887   1.8920   0.8145   0.0208   0.1946   0.1943  -0.0069   0.0000  -0.1088  -0.1574    0.810
   222  15.7628   6.3182  -1.5868   4.1887   1.8921   0.6234   0.0385   0.1493   0.1489   0.0010   0.0000  -0.0762  -0.1134    0.762

  Surface # 9     nacelle (YDUP)                          
     # Chordwise =  6   # Spanwise = 12     First strip =223
     Surface area Ssurf =   20.812644     Ave. chord Cave =    4.188700

 Forces referred to Sref, Cref, Bref about Xref, Yref, Zref
 Standard axis orientation,  X fwd, Z down         
     CLsurf  =  -0.00175     Clsurf  =  -0.00039
     CYsurf  =   0.00415     Cmsurf  =   0.00134
     CDsurf  =   0.00025     Cnsurf  =  -0.00008
     CDisurf =   0.00025     CDvsurf =   0.00000

 Forces referred to Ssurf, Cave 
     CLsurf  =   0.03248     CDsurf  =   0.00182

 Strip Forces referred to Strip Area, Chord
    j     Xle      Yle      Zle      Chord    Area     c_cl     ai     cl_norm    cl       cd       cdv    cm_c/4     cm_LE   C.P.x/c
   223  15.7628  -6.5363  -2.4010   4.1887   1.8920   0.6189   0.0759   0.1477   0.1475   0.0094   0.0000  -0.0554   0.0923    0.626
   224  15.7628  -6.9142  -2.6192   4.1887   1.8921   0.7854   0.0826   0.1870   0.1870   0.0147   0.0000  -0.0704   0.1173    0.626
   225  15.7628  -7.3505  -2.6192   4.1887   1.8921   0.8443   0.0778   0.2010   0.2010   0.0164   0.0000  -0.0810   0.1314    0.653
   226  15.7628  -7.7284  -2.4010   4.1887   1.8920   0.8570   0.0614   0.2045   0.2042   0.0141   0.0000  -0.0923   0.1435    0.702
   227  15.7628  -7.9465  -2.0232   4.1887   1.8921   0.8613   0.0401   0.2062   0.2055   0.0084   0.0000  -0.1054   0.1568    0.763
   228  15.7628  -7.9758  -1.6959   4.1887   0.9461   0.9037   0.0234   0.2164   0.2158   0.0002   0.0000  -0.1177   0.1716    0.796
   229  15.7628  -7.9173  -1.4778   4.1887   0.9461   0.9391   0.0254   0.2249   0.2242  -0.0002   0.0000  -0.1249   0.1809    0.807
   230  15.7628  -7.7284  -1.2090   4.1887   1.8920   0.9278   0.0175   0.2217   0.2213  -0.0089   0.0000  -0.1326   0.1880    0.849
   231  15.7628  -7.3505  -0.9908   4.1887   1.8921   0.9430   0.0151   0.2247   0.2247  -0.0145   0.0000  -0.1361   0.1924    0.856
   232  15.7628  -6.9142  -0.9908   4.1887   1.8921   0.9089   0.0139   0.2166   0.2166  -0.0136   0.0000  -0.1283   0.1826    0.843
   233  15.7628  -6.5363  -1.2090   4.1887   1.8920   0.8145   0.0208   0.1946   0.1943  -0.0069   0.0000  -0.1088   0.1574    0.810
   234  15.7628  -6.3182  -1.5868   4.1887   1.8921   0.6234   0.0385   0.1493   0.1489   0.0010   0.0000  -0.0762   0.1134    0.762
 ---------------------------------------------------------------
