 ---------------------------------------------------------------
 Surface and Strip Forces by surface

  Sref =  151.41       Cref =  4.4752       Bref =  40.756    
  Xref =  19.091       Yref =  0.0000       Zref =-0.93235    

  Surface # 1     main_wing_1                             
     # Chordwise = 10   # Spanwise = 30     First strip =  1
     Surface area Ssurf =   76.063440     Ave. chord Cave =    3.713983

 Forces referred to Sref, Cref, Bref about Xref, Yref, Zref
 Standard axis orientation,  X fwd, Z down         
     CLsurf  =   0.59480     Clsurf  =  -0.11792
     CYsurf  =   0.00090     Cmsurf  =   0.12355
     CDsurf  =   0.02732     Cnsurf  =  -0.02422
     CDisurf =   0.02732     CDvsurf =   0.00000

 Forces referred to Ssurf, Cave 
     CLsurf  =   1.17953     CDsurf  =   0.05439

 Strip Forces referred to Strip Area, Chord
    j     Xle      Yle      Zle      Chord    Area     c_cl     ai     cl_norm    cl       cd       cdv    cm_c/4     cm_LE   C.P.x/c
     1  13.1562   0.0132  -0.9323   6.7727   0.3582   6.8990   0.1461   1.0031   1.0031   0.1825   0.0000  -0.0382  -0.2928    0.288
     2  13.1562   0.1189  -0.9323   6.7727   1.0708   6.8968   0.1466   1.0029   1.0029   0.1817   0.0000  -0.0382  -0.2928    0.288
     3  13.1562   0.3290  -0.9323   6.7727   1.7716   6.8802   0.1471   1.0009   1.0009   0.1798   0.0000  -0.0382  -0.2922    0.288
     4  13.1562   0.6413  -0.9323   6.7727   2.4529   6.8271   0.1470   0.9939   0.9939   0.1749   0.0000  -0.0378  -0.2898    0.288
     5  13.1562   1.0524  -0.9323   6.7727   3.1075   6.7174   0.1462   0.9797   0.9797   0.1646   0.0000  -0.0365  -0.2845    0.287
     6  13.1562   1.5577  -0.9323   6.7727   3.7279   6.5611   0.1423   0.9588   0.9588   0.1522   0.0000  -0.0349  -0.2771    0.286
     7  13.3505   2.1655  -0.8985   6.5993   4.4092   6.1050   0.1313   1.1392   0.9245   0.1070   0.0000  -0.0357  -0.2288    0.289
     8  13.7775   2.8720  -0.8243   6.2184   4.6681   6.0118   0.1240   1.2012   0.9748   0.0739   0.0000  -0.0256  -0.2291    0.276
     9  14.2518   3.6566  -0.7418   5.7952   4.7814   5.8679   0.1205   1.2637   1.0255   0.0571   0.0000  -0.0225  -0.2362    0.272
    10  14.7910   4.5487  -0.6481   5.3142   5.1436   5.6650   0.1169   1.3342   1.0827   0.0468   0.0000  -0.0226  -0.2478    0.271
    11  15.3918   5.5427  -0.5436   4.7782   4.9135   5.3895   0.1068   1.4142   1.1476   0.0407   0.0000  -0.0260  -0.2640    0.273
    12  16.0255   6.5912  -0.4334   4.2129   4.5391   5.0609   0.0764   1.5030   1.2196   0.0549   0.0000  -0.0406  -0.2922    0.283
    13  16.6115   7.6326  -0.3239   3.8242   3.8740   4.8577   0.0337   1.5874   1.2891   0.0599   0.0000  -0.0364  -0.3147    0.278
    14  17.1396   8.6528  -0.2167   3.6265   3.7565   4.6803   0.0252   1.6212   1.3166   0.0311   0.0000  -0.0257  -0.3098    0.270
    15  17.6765   9.6902  -0.1077   3.4255   3.5876   4.4758   0.0280   1.6460   1.3367   0.0147   0.0000  -0.0218  -0.3098    0.266
    16  18.2163  10.7332   0.0019   3.2234   3.3760   4.2619   0.0307   1.6678   1.3544   0.0072   0.0000  -0.0207  -0.3123    0.265
    17  18.7532  11.7705   0.1110   3.0224   3.1308   4.0398   0.0323   1.6874   1.3703   0.0025   0.0000  -0.0203  -0.3151    0.265
    18  19.2813  12.7907   0.2182   2.8247   2.8615   3.8124   0.0333   1.7050   1.3846  -0.0014   0.0000  -0.0200  -0.3178    0.264
    19  19.7947  13.7827   0.3224   2.6325   2.5775   3.5821   0.0341   1.7199   1.3967  -0.0049   0.0000  -0.0197  -0.3200    0.264
    20  20.3028  14.7644   0.4256   2.4423   2.4220   3.3463   0.0354   1.7326   1.4070  -0.0078   0.0000  -0.0195  -0.3219    0.264
    21  20.7990  15.7230   0.5264   2.2565   2.1063   3.1064   0.0379   1.7416   1.4143  -0.0106   0.0000  -0.0188  -0.3227    0.263
    22  21.2625  16.6185   0.6205   2.0830   1.8017   2.8680   0.0425   1.7425   1.4150  -0.0129   0.0000  -0.0176  -0.3217    0.262
    23  21.6883  17.4411   0.7070   1.9236   1.5139   2.6296   0.0506   1.7304   1.4053  -0.0143   0.0000  -0.0155  -0.3176    0.261
    24  22.0716  18.1818   0.7848   1.7801   1.2468   2.3860   0.0639   1.6969   1.3780  -0.0146   0.0000  -0.0114  -0.3081    0.258
    25  22.4084  18.8324   0.8532   1.6540   1.0026   2.1252   0.0845   1.6266   1.3210  -0.0140   0.0000  -0.0040  -0.2892    0.253
    26  22.6948  19.3859   0.9113   1.5468   0.7816   1.8268   0.1127   1.4953   1.2143  -0.0133   0.0000   0.0089  -0.2546    0.243
    27  22.9086  19.7989   0.9548   1.4667   0.4825   1.4837   0.1421   1.2819   1.0410  -0.0158   0.0000   0.0268  -0.2010    0.224
    28  23.0546  20.0810   0.9844   1.4121   0.3355   1.1079   0.1646   0.9956   0.8085  -0.0170   0.0000   0.0396  -0.1392    0.201
    29  23.1528  20.2708   1.0044   1.3753   0.1975   0.6861   0.1798   0.6346   0.5154  -0.0162   0.0000   0.0379  -0.0772    0.176
    30  23.2022  20.3662   1.0144   1.3568   0.0652   0.2325   0.1879   0.2200   0.1787  -0.0128   0.0000   0.0159  -0.0239    0.161

  Surface # 2     main_wing_1 (YDUP)                      
     # Chordwise = 10   # Spanwise = 30     First strip = 31
     Surface area Ssurf =   76.063440     Ave. chord Cave =    3.713983

 Forces referred to Sref, Cref, Bref about Xref, Yref, Zref
 Standard axis orientation,  X fwd, Z down         
     CLsurf  =   0.59480     Clsurf  =   0.11792
     CYsurf  =  -0.00090     Cmsurf  =   0.12355
     CDsurf  =   0.02732     Cnsurf  =   0.02422
     CDisurf =   0.02732     CDvsurf =   0.00000

 Forces referred to Ssurf, Cave 
     CLsurf  =   1.17953     CDsurf  =   0.05439

 Strip Forces referred to Strip Area, Chord
    j     Xle      Yle      Zle      Chord    Area     c_cl     ai     cl_norm    cl       cd       cdv    cm_c/4     cm_LE   C.P.x/c
    31  13.1562  -0.0132  -0.9323   6.7727   0.3582   6.8990   0.1461   1.0031   1.0031   0.1825   0.0000  -0.0382   0.2928    0.288
    32  13.1562  -0.1189  -0.9323   6.7727   1.0708   6.8968   0.1466   1.0029   1.0029   0.1817   0.0000  -0.0382   0.2928    0.288
    33  13.1562  -0.3290  -0.9323   6.7727   1.7716   6.8802   0.1471   1.0009   1.0009   0.1798   0.0000  -0.0382   0.2922    0.288
    34  13.1562  -0.6413  -0.9323   6.7727   2.4529   6.8271   0.1470   0.9939   0.9939   0.1749   0.0000  -0.0378   0.2898    0.288
    35  13.1562  -1.0524  -0.9323   6.7727   3.1075   6.7174   0.1462   0.9797   0.9797   0.1646   0.0000  -0.0365   0.2845    0.287
    36  13.1562  -1.5577  -0.9323   6.7727   3.7279   6.5611   0.1423   0.9588   0.9588   0.1522   0.0000  -0.0349   0.2771    0.286
    37  13.3505  -2.1655  -0.8985   6.5993   4.4092   6.1050   0.1313   1.1392   0.9245   0.1070   0.0000  -0.0357   0.2288    0.289
    38  13.7775  -2.8720  -0.8243   6.2184   4.6681   6.0118   0.1240   1.2012   0.9748   0.0739   0.0000  -0.0256   0.2291    0.276
    39  14.2518  -3.6566  -0.7418   5.7952   4.7814   5.8679   0.1205   1.2637   1.0255   0.0571   0.0000  -0.0225   0.2362    0.272
    40  14.7910  -4.5487  -0.6481   5.3142   5.1436   5.6650   0.1169   1.3342   1.0827   0.0468   0.0000  -0.0226   0.2478    0.271
    41  15.3918  -5.5427  -0.5436   4.7782   4.9135   5.3895   0.1068   1.4142   1.1476   0.0407   0.0000  -0.0260   0.2640    0.273
    42  16.0255  -6.5912  -0.4334   4.2129   4.5391   5.0609   0.0764   1.5030   1.2196   0.0549   0.0000  -0.0406   0.2922    0.283
    43  16.6115  -7.6326  -0.3239   3.8242   3.8740   4.8577   0.0337   1.5874   1.2891   0.0599   0.0000  -0.0364   0.3147    0.278
    44  17.1396  -8.6528  -0.2167   3.6265   3.7565   4.6803   0.0252   1.6212   1.3166   0.0311   0.0000  -0.0257   0.3098    0.270
    45  17.6765  -9.6902  -0.1077   3.4255   3.5876   4.4758   0.0280   1.6460   1.3367   0.0147   0.0000  -0.0218   0.3098    0.266
    46  18.2163 -10.7332   0.0019   3.2234   3.3760   4.2619   0.0307   1.6678   1.3544   0.0072   0.0000  -0.0207   0.3123    0.265
    47  18.7532 -11.7705   0.1110   3.0224   3.1308   4.0398   0.0323   1.6874   1.3703   0.0025   0.0000  -0.0203   0.3151    0.265
    48  19.2813 -12.7907   0.2182   2.8247   2.8615   3.8124   0.0333   1.7050   1.3846  -0.0014   0.0000  -0.0200   0.3178    0.264
    49  19.7947 -13.7827   0.3224   2.6325   2.5775   3.5821   0.0341   1.7199   1.3967  -0.0049   0.0000  -0.0197   0.3200    0.264
    50  20.3028 -14.7644   0.4256   2.4423   2.4220   3.3463   0.0354   1.7326   1.4070  -0.0078   0.0000  -0.0195   0.3219    0.264
    51  20.7990 -15.7230   0.5264   2.2565   2.1063   3.1064   0.0379   1.7416   1.4143  -0.0106   0.0000  -0.0188   0.3227    0.263
    52  21.2625 -16.6185   0.6205   2.0830   1.8017   2.8680   0.0425   1.7425   1.4150  -0.0129   0.0000  -0.0176   0.3217    0.262
    53  21.6883 -17.4411   0.7070   1.9236   1.5139   2.6296   0.0506   1.7304   1.4053  -0.0143   0.0000  -0.0155   0.3176    0.261
    54  22.0716 -18.1818   0.7848   1.7801   1.2468   2.3860   0.0639   1.6969   1.3780  -0.0146   0.0000  -0.0114   0.3081    0.258
    55  22.4084 -18.8324   0.8532   1.6540   1.0026   2.1252   0.0845   1.6266   1.3210  -0.0140   0.0000  -0.0040   0.2892    0.253
    56  22.6948 -19.3859   0.9113   1.5468   0.7816   1.8268   0.1127   1.4953   1.2143  -0.0133   0.0000   0.0089   0.2546    0.243
    57  22.9086 -19.7989   0.9548   1.4667   0.4825   1.4837   0.1421   1.2819   1.0410  -0.0158   0.0000   0.0268   0.2010    0.224
    58  23.0546 -20.0810   0.9844   1.4121   0.3355   1.1079   0.1646   0.9956   0.8085  -0.0170   0.0000   0.0396   0.1392    0.201
    59  23.1528 -20.2708   1.0044   1.3753   0.1975   0.6861   0.1798   0.6346   0.5154  -0.0162   0.0000   0.0379   0.0772    0.176
    60  23.2022 -20.3662   1.0144   1.3568   0.0652   0.2325   0.1879   0.2200   0.1787  -0.0128   0.0000   0.0159   0.0239    0.161

  Surface # 3     horizontal_stabilizer                   
     # Chordwise = 10   # Spanwise = 30     First strip = 61
     Surface area Ssurf =   24.801542     Ave. chord Cave =    3.464048

 Forces referred to Sref, Cref, Bref about Xref, Yref, Zref
 Standard axis orientation,  X fwd, Z down         
     CLsurf  =   0.04875     Clsurf  =  -0.00379
     CYsurf  =   0.00351     Cmsurf  =  -0.17764
     CDsurf  =   0.00612     Cnsurf  =  -0.00189
     CDisurf =   0.00612     CDvsurf =   0.00000

 Forces referred to Ssurf, Cave 
     CLsurf  =   0.29762     CDsurf  =   0.03739

 Strip Forces referred to Strip Area, Chord
    j     Xle      Yle      Zle      Chord    Area     c_cl     ai     cl_norm    cl       cd       cdv    cm_c/4     cm_LE   C.P.x/c
    61  32.2591   0.0046   1.0597   4.8737   0.0901   1.2738   0.1877   0.2840   0.2063   0.2725   0.0000  -0.0061  -0.0576    0.280
    62  32.2862   0.0415   1.0597   4.8591   0.2685   1.2744   0.1883   0.3493   0.2537   0.0670   0.0000  -0.0058  -0.0576    0.273
    63  32.3400   0.1150   1.0597   4.8302   0.4415   1.2743   0.1890   0.3557   0.2584   0.0534   0.0000  -0.0047  -0.0570    0.268
    64  32.4201   0.2241   1.0597   4.7871   0.6059   1.2710   0.1899   0.3590   0.2608   0.0505   0.0000  -0.0025  -0.0555    0.260
    65  32.5254   0.3678   1.0597   4.7305   0.7585   1.2599   0.1910   0.3607   0.2620   0.0489   0.0000   0.0011  -0.0528    0.246
    66  32.6549   0.5443   1.0597   4.6609   0.8965   1.2329   0.1924   0.3588   0.2606   0.0468   0.0000   0.0064  -0.0481    0.225
    67  32.8112   0.7575   1.0597   4.5768   1.0696   1.1567   0.1136   0.3434   0.2494   0.0429   0.0000   0.0170  -0.0372    0.182
    68  32.9935   1.0059   1.0597   4.4789   1.1761   1.1170   0.1153   0.3394   0.2465   0.0407   0.0000   0.0238  -0.0311    0.153
    69  33.1959   1.2819   1.0597   4.3701   1.2611   1.0917   0.1169   0.3404   0.2473   0.0391   0.0000   0.0291  -0.0269    0.132
    70  33.4163   1.5823   1.0597   4.2516   1.3241   1.0788   0.1183   0.3463   0.2515   0.0380   0.0000   0.0333  -0.0243    0.118
    71  33.6522   1.9039   1.0597   4.1248   1.3648   1.0764   0.1193   0.3567   0.2591   0.0373   0.0000   0.0368  -0.0229    0.108
    72  33.9010   2.2432   1.0597   3.9911   1.3836   1.0798   0.1202   0.3704   0.2690   0.0370   0.0000   0.0396  -0.0226    0.103
    73  34.1600   2.5963   1.0597   3.8519   1.3816   1.0857   0.1208   0.3863   0.2806   0.0370   0.0000   0.0417  -0.0232    0.101
    74  34.4265   2.9595   1.0597   3.7087   1.3602   1.0931   0.1212   0.4044   0.2938   0.0373   0.0000   0.0435  -0.0243    0.102
    75  34.6973   3.3289   1.0597   3.5631   1.3213   1.1019   0.1216   0.4248   0.3085   0.0376   0.0000   0.0451  -0.0260    0.104
    76  34.9697   3.7002   1.0597   3.4167   1.2670   1.1106   0.1220   0.4470   0.3247   0.0378   0.0000   0.0468  -0.0278    0.106
    77  35.2406   4.0695   1.0597   3.2711   1.1997   1.1158   0.1225   0.4698   0.3412   0.0376   0.0000   0.0486  -0.0296    0.108
    78  35.5070   4.4327   1.0597   3.1279   1.1219   1.1131   0.1233   0.4909   0.3565   0.0368   0.0000   0.0505  -0.0310    0.108
    79  35.7661   4.7859   1.0597   2.9886   1.0361   1.0989   0.1242   0.5080   0.3690   0.0354   0.0000   0.0526  -0.0317    0.107
    80  36.0149   5.1251   1.0597   2.8549   0.9446   1.0710   0.1254   0.5191   0.3771   0.0334   0.0000   0.0547  -0.0315    0.105
    81  36.2508   5.4467   1.0597   2.7281   0.8496   1.0292   0.1266   0.5229   0.3798   0.0311   0.0000   0.0570  -0.0301    0.100
    82  36.4711   5.7471   1.0597   2.6097   0.7531   0.9742   0.1274   0.5181   0.3764   0.0283   0.0000   0.0591  -0.0276    0.093
    83  36.6736   6.0231   1.0597   2.5009   0.6567   0.9079   0.1277   0.5046   0.3665   0.0252   0.0000   0.0606  -0.0243    0.085
    84  36.8558   6.2716   1.0597   2.4029   0.5615   0.8338   0.1269   0.4829   0.3508   0.0221   0.0000   0.0606  -0.0210    0.077
    85  37.0159   6.4899   1.0597   2.3169   0.4686   0.7588   0.1257   0.4563   0.3314   0.0194   0.0000   0.0574  -0.0197    0.077
    86  37.1654   6.6937   1.0597   2.2365   0.4544   0.7029   0.2052   0.4376   0.3178   0.0193   0.0000   0.0449  -0.0272    0.109
    87  37.2989   6.8757   1.0597   2.1647   0.3472   0.5782   0.2050   0.3724   0.2705   0.0147   0.0000   0.0391  -0.0223    0.105
    88  37.4004   7.0140   1.0597   2.1102   0.2444   0.4276   0.2052   0.2834   0.2058   0.0085   0.0000   0.0320  -0.0151    0.095
    89  37.4686   7.1071   1.0597   2.0735   0.1452   0.2620   0.2055   0.1776   0.1290   0.0025   0.0000   0.0214  -0.0082    0.084
    90  37.5029   7.1538   1.0597   2.0551   0.0481   0.0882   0.2057   0.0619   0.0450  -0.0043   0.0000   0.0076  -0.0026    0.082

  Surface # 4     horizontal_stabilizer (YDUP)            
     # Chordwise = 10   # Spanwise = 30     First strip = 91
     Surface area Ssurf =   24.801542     Ave. chord Cave =    3.464048

 Forces referred to Sref, Cref, Bref about Xref, Yref, Zref
 Standard axis orientation,  X fwd, Z down         
     CLsurf  =   0.04875     Clsurf  =   0.00379
     CYsurf  =  -0.00351     Cmsurf  =  -0.17764
     CDsurf  =   0.00612     Cnsurf  =   0.00189
     CDisurf =   0.00612     CDvsurf =   0.00000

 Forces referred to Ssurf, Cave 
     CLsurf  =   0.29762     CDsurf  =   0.03739

 Strip Forces referred to Strip Area, Chord
    j     Xle      Yle      Zle      Chord    Area     c_cl     ai     cl_norm    cl       cd       cdv    cm_c/4     cm_LE   C.P.x/c
    91  32.2591  -0.0046   1.0597   4.8737   0.0901   1.2738   0.1877   0.2840   0.2063   0.2725   0.0000  -0.0061   0.0576    0.280
    92  32.2862  -0.0415   1.0597   4.8591   0.2685   1.2744   0.1883   0.3493   0.2537   0.0670   0.0000  -0.0058   0.0576    0.273
    93  32.3400  -0.1150   1.0597   4.8302   0.4415   1.2743   0.1890   0.3557   0.2584   0.0534   0.0000  -0.0047   0.0570    0.268
    94  32.4201  -0.2241   1.0597   4.7871   0.6059   1.2710   0.1899   0.3590   0.2608   0.0505   0.0000  -0.0025   0.0555    0.260
    95  32.5254  -0.3678   1.0597   4.7305   0.7585   1.2599   0.1910   0.3607   0.2620   0.0489   0.0000   0.0011   0.0528    0.246
    96  32.6549  -0.5443   1.0597   4.6609   0.8965   1.2329   0.1924   0.3588   0.2606   0.0468   0.0000   0.0064   0.0481    0.225
    97  32.8112  -0.7575   1.0597   4.5768   1.0696   1.1567   0.1136   0.3434   0.2494   0.0429   0.0000   0.0170   0.0372    0.182
    98  32.9935  -1.0059   1.0597   4.4789   1.1761   1.1170   0.1153   0.3394   0.2465   0.0407   0.0000   0.0238   0.0311    0.153
    99  33.1959  -1.2819   1.0597   4.3701   1.2611   1.0917   0.1169   0.3404   0.2473   0.0391   0.0000   0.0291   0.0269    0.132
   100  33.4163  -1.5823   1.0597   4.2516   1.3241   1.0788   0.1183   0.3463   0.2515   0.0380   0.0000   0.0333   0.0243    0.118
   101  33.6522  -1.9039   1.0597   4.1248   1.3648   1.0764   0.1193   0.3567   0.2591   0.0373   0.0000   0.0368   0.0229    0.108
   102  33.9010  -2.2432   1.0597   3.9911   1.3836   1.0798   0.1202   0.3704   0.2690   0.0370   0.0000   0.0396   0.0226    0.103
   103  34.1600  -2.5963   1.0597   3.8519   1.3816   1.0857   0.1208   0.3863   0.2806   0.0370   0.0000   0.0417   0.0232    0.101
   104  34.4265  -2.9595   1.0597   3.7087   1.3602   1.0931   0.1212   0.4044   0.2938   0.0373   0.0000   0.0435   0.0243    0.102
   105  34.6973  -3.3289   1.0597   3.5631   1.3213   1.1019   0.1216   0.4248   0.3085   0.0376   0.0000   0.0451   0.0260    0.104
   106  34.9697  -3.7002   1.0597   3.4167   1.2670   1.1106   0.1220   0.4470   0.3247   0.0378   0.0000   0.0468   0.0278    0.106
   107  35.2406  -4.0695   1.0597   3.2711   1.1997   1.1158   0.1225   0.4698   0.3412   0.0376   0.0000   0.0486   0.0296    0.108
   108  35.5070  -4.4327   1.0597   3.1279   1.1219   1.1131   0.1233   0.4909   0.3565   0.0368   0.0000   0.0505   0.0310    0.108
   109  35.7661  -4.7859   1.0597   2.9886   1.0361   1.0989   0.1242   0.5080   0.3690   0.0354   0.0000   0.0526   0.0317    0.107
   110  36.0149  -5.1251   1.0597   2.8549   0.9446   1.0710   0.1254   0.5191   0.3771   0.0334   0.0000   0.0547   0.0315    0.105
   111  36.2508  -5.4467   1.0597   2.7281   0.8496   1.0292   0.1266   0.5229   0.3798   0.0311   0.0000   0.0570   0.0301    0.100
   112  36.4711  -5.7471   1.0597   2.6097   0.7531   0.9742   0.1274   0.5181   0.3764   0.0283   0.0000   0.0591   0.0276    0.093
   113  36.6736  -6.0231   1.0597   2.5009   0.6567   0.9079   0.1277   0.5046   0.3665   0.0252   0.0000   0.0606   0.0243    0.085
   114  36.8558  -6.2716   1.0597   2.4029   0.5615   0.8338   0.1269   0.4829   0.3508   0.0221   0.0000   0.0606   0.0210    0.077
   115  37.0159  -6.4899   1.0597   2.3169   0.4686   0.7588   0.1257   0.4563   0.3314   0.0194   0.0000   0.0574   0.0197    0.077
   116  37.1654  -6.6937   1.0597   2.2365   0.4544   0.7029   0.2052   0.4376   0.3178   0.0193   0.0000   0.0449   0.0272    0.109
   117  37.2989  -6.8757   1.0597   2.1647   0.3472   0.5782   0.2050   0.3724   0.2705   0.0147   0.0000   0.0391   0.0223    0.105
   118  37.4004  -7.0140   1.0597   2.1102   0.2444   0.4276   0.2052   0.2834   0.2058   0.0085   0.0000   0.0320   0.0151    0.095
   119  37.4686  -7.1071   1.0597   2.0735   0.1452   0.2620   0.2055   0.1776   0.1290   0.0025   0.0000   0.0214   0.0082    0.084
   120  37.5029  -7.1538   1.0597   2.0551   0.0481   0.0882   0.2057   0.0619   0.0450  -0.0043   0.0000   0.0076   0.0026    0.082

  Surface # 5     vertical_stabilizer                     
     # Chordwise = 10   # Spanwise = 30     First strip =121
     Surface area Ssurf =   49.674121     Ave. chord Cave =    6.398089

 Forces referred to Sref, Cref, Bref about Xref, Yref, Zref
 Standard axis orientation,  X fwd, Z down         
     CLsurf  =   0.00000     Clsurf  =  -0.00000
     CYsurf  =  -0.00000     Cmsurf  =  -0.00000
     CDsurf  =  -0.00000     Cnsurf  =   0.00000
     CDisurf =  -0.00000     CDvsurf =   0.00000

 Forces referred to Ssurf, Cave 
     CLsurf  =   0.00000     CDsurf  =  -0.00000

 Strip Forces referred to Strip Area, Chord
    j     Xle      Yle      Zle      Chord    Area     c_cl     ai     cl_norm    cl       cd       cdv    cm_c/4     cm_LE   C.P.x/c
   121  27.2121   0.0000   1.1113   9.6623   0.5775  -0.0000  -0.0000  -0.0000  -0.0000   0.0000   0.0000   0.0000   0.0000    0.822
   122  27.3059   0.0000   1.1901   9.5956   0.9378  -0.0000  -0.0000  -0.0000  -0.0000   0.0000   0.0000   0.0000   0.0000    0.855
   123  27.4446   0.0000   1.3066   9.4971   1.2816  -0.0000  -0.0000  -0.0000  -0.0000  -0.0000   0.0000   0.0000   0.0000    0.914
   124  27.6269   0.0000   1.4597   9.3675   1.6020  -0.0000   0.0000  -0.0000  -0.0000  -0.0000   0.0000   0.0000   0.0000    1.124
   125  27.8513   0.0000   1.6482   9.2079   1.8927  -0.0000   0.0000  -0.0000  -0.0000  -0.0000   0.0000   0.0000   0.0000  999.000
   126  28.1157   0.0000   1.8704   9.0199   2.1481   0.0000   0.0000   0.0000   0.0000  -0.0000   0.0000   0.0000   0.0000  999.000
   127  28.4177   0.0000   2.1240   8.8053   2.3638   0.0000   0.0000   0.0000   0.0000  -0.0000   0.0000   0.0000   0.0000   -0.534
   128  28.7542   0.0000   2.4066   8.5661   2.5368   0.0000   0.0000   0.0000   0.0000  -0.0000   0.0000   0.0000   0.0000   -0.723
   129  29.1219   0.0000   2.7155   8.3046   2.6649   0.0000   0.0000   0.0000   0.0000  -0.0000   0.0000   0.0000   0.0000   -0.466
   130  29.5172   0.0000   3.0476   8.0236   2.7474   0.0000   0.0000   0.0000   0.0000  -0.0000   0.0000   0.0000   0.0000   -0.447
   131  29.9362   0.0000   3.3995   7.7257   2.7851   0.0000   0.0000   0.0000   0.0000   0.0000   0.0000   0.0000   0.0000   -0.231
   132  30.3745   0.0000   3.7677   7.4141   2.7796   0.0000   0.0000   0.0000   0.0000  -0.0000   0.0000   0.0000  -0.0000    0.049
   133  30.8277   0.0000   4.1483   7.0919   2.7338   0.0000   0.0000   0.0000   0.0000  -0.0000   0.0000   0.0000  -0.0000    0.175
   134  31.2912   0.0000   4.5376   6.7625   2.6516   0.0000   0.0000   0.0000   0.0000  -0.0000   0.0000   0.0000  -0.0000    0.121
   135  31.7601   0.0000   4.9315   6.4291   2.5374   0.0000   0.0000   0.0000   0.0000  -0.0000   0.0000   0.0000   0.0000   -0.006
   136  32.2297   0.0000   5.3260   6.0953   2.3965   0.0000  -0.0000   0.0000   0.0000  -0.0000   0.0000   0.0000   0.0000   -0.203
   137  32.6951   0.0000   5.7169   5.7644   2.2343   0.0000   0.0000   0.0000   0.0000  -0.0000   0.0000   0.0000  -0.0000    0.121
   138  33.1514   0.0000   6.1002   5.4400   2.0562   0.0000   0.0000   0.0000   0.0000  -0.0000   0.0000   0.0000  -0.0000    0.136
   139  33.5939   0.0000   6.4718   5.1254   1.8679   0.0000  -0.0000   0.0000   0.0000  -0.0000   0.0000   0.0000  -0.0000    0.059
   140  34.0180   0.0000   6.8281   4.8240   1.6743   0.0000   0.0000   0.0000   0.0000   0.0000   0.0000   0.0000  -0.0000    0.246
   141  34.4192   0.0000   7.1651   4.5387   1.4801   0.0000   0.0000   0.0000   0.0000  -0.0000   0.0000  -0.0000  -0.0000    0.324
   142  34.7934   0.0000   7.4794   4.2727   1.2891   0.0000   0.0000   0.0000   0.0000   0.0000   0.0000  -0.0000  -0.0000    0.309
   143  35.1366   0.0000   7.7677   4.0287   1.1044   0.0000   0.0000   0.0000   0.0000  -0.0000   0.0000  -0.0000  -0.0000    0.348
   144  35.4453   0.0000   8.0270   3.8093   0.9284   0.0000   0.0000   0.0000   0.0000  -0.0000   0.0000  -0.0000  -0.0000    0.279
   145  35.7161   0.0000   8.2545   3.6167   0.7621   0.0000   0.0000   0.0000   0.0000   0.0000   0.0000   0.0000  -0.0000    0.213
   146  35.9463   0.0000   8.4479   3.4530   0.6061   0.0000   0.0000   0.0000   0.0000  -0.0000   0.0000   0.0000  -0.0000    0.138
   147  36.1335   0.0000   8.6050   3.3200   0.4597   0.0000   0.0000   0.0000   0.0000  -0.0000   0.0000   0.0000  -0.0000    0.107
   148  36.2756   0.0000   8.7244   3.2190   0.3218   0.0000  -0.0000   0.0000   0.0000  -0.0000   0.0000   0.0000   0.0000   -0.445
   149  36.3711   0.0000   8.8047   3.1510   0.1903   0.0000  -0.0000   0.0000   0.0000  -0.0000   0.0000   0.0000   0.0000   -0.298
   150  36.4192   0.0000   8.8450   3.1169   0.0630   0.0000  -0.0000   0.0000   0.0000  -0.0000   0.0000   0.0000   0.0000   -0.124

  Surface # 6     fuselage_horizontal                     
     # Chordwise = 10   # Spanwise = 30     First strip =151
     Surface area Ssurf =  125.374167     Ave. chord Cave =   33.884910

 Forces referred to Sref, Cref, Bref about Xref, Yref, Zref
 Standard axis orientation,  X fwd, Z down         
     CLsurf  =  -0.00847     Clsurf  =   0.00000
     CYsurf  =   0.00000     Cmsurf  =   0.09483
     CDsurf  =  -0.00849     Cnsurf  =  -0.00000
     CDisurf =  -0.00849     CDvsurf =   0.00000

 Forces referred to Ssurf, Cave 
     CLsurf  =  -0.01023     CDsurf  =  -0.01025

 Strip Forces referred to Strip Area, Chord
    j     Xle      Yle      Zle      Chord    Area     c_cl     ai     cl_norm    cl       cd       cdv    cm_c/4     cm_LE   C.P.x/c
   151   4.5084  -1.7883   0.0000  24.6775   3.0436  -0.0531   0.2447  -0.0060  -0.0038   0.0069   0.0000   0.0114   0.0021  999.000
   152   3.8079  -1.6650   0.0000  27.0934   3.3415  -0.0905   0.2783  -0.0077  -0.0048   0.0060   0.0000   0.0150   0.0027  999.000
   153   3.1073  -1.5417   0.0000  29.5093   3.6395  -0.1025   0.3245  -0.0053  -0.0033  -0.0010   0.0000   0.0162   0.0030  999.000
   154   2.5735  -1.4183   0.0000  31.2560   3.8549  -0.1520   0.2867  -0.0028  -0.0018  -0.0141   0.0000   0.0147   0.0051  999.000
   155   2.2064  -1.2950   0.0000  32.3337   3.9878  -0.1892   0.2498  -0.0070  -0.0044  -0.0072   0.0000   0.0155   0.0054  999.000
   156   1.8393  -1.1717   0.0000  33.4114   4.1207  -0.2279   0.2135  -0.0084  -0.0053  -0.0077   0.0000   0.0160   0.0057  999.000
   157   1.5229  -1.0483   0.0000  34.3557   4.2372  -0.2808   0.1933  -0.0079  -0.0063  -0.0093   0.0000   0.0169   0.0080  999.000
   158   1.2572  -0.9250   0.0000  35.1666   4.3372  -0.3363   0.1891  -0.0085  -0.0068  -0.0132   0.0000   0.0175   0.0084  999.000
   159   0.9915  -0.8017   0.0000  35.9775   4.4372  -0.3920   0.1906  -0.0052  -0.0042  -0.0309   0.0000   0.0180   0.0087  999.000
   160   0.7645  -0.6783   0.0000  36.5961   4.5135  -0.6020   0.1942  -0.0117  -0.0083  -0.0379   0.0000   0.0197   0.0131  999.000
   161   0.5764  -0.5550   0.0000  37.0222   4.5661  -0.6590   0.1964  -0.0186  -0.0131  -0.0226   0.0000   0.0202   0.0135    1.791
   162   0.3883  -0.4317   0.0000  37.4484   4.6186  -0.7089   0.1982  -0.0189  -0.0134  -0.0266   0.0000   0.0206   0.0139    1.792
   163   0.2452  -0.3083   0.0000  37.7105   4.6510  -0.8037   0.1990  -0.0227  -0.0170  -0.0213   0.0000   0.0216   0.0211    1.517
   164   0.1471  -0.1850   0.0000  37.8086   4.6631  -0.8147   0.1990  -0.0282  -0.0211  -0.0042   0.0000   0.0218   0.0212    1.279
   165   0.0490  -0.0617   0.0000  37.9067   4.6752  -0.8091   0.1990  -0.0411  -0.0308   0.0396   0.0000   0.0218   0.0212    0.956
   166   0.0490   0.0617   0.0000  37.9067   4.6752  -0.8091   0.1990  -0.0411  -0.0308   0.0396   0.0000   0.0218   0.0212    0.956
   167   0.1471   0.1850   0.0000  37.8086   4.6631  -0.8147   0.1990  -0.0282  -0.0211  -0.0042   0.0000   0.0218   0.0212    1.279
   168   0.2452   0.3083   0.0000  37.7105   4.6510  -0.8037   0.1990  -0.0227  -0.0170  -0.0213   0.0000   0.0216   0.0211    1.517
   169   0.3883   0.4317   0.0000  37.4484   4.6186  -0.7089   0.1982  -0.0189  -0.0134  -0.0266   0.0000   0.0206   0.0139    1.792
   170   0.5764   0.5550   0.0000  37.0222   4.5661  -0.6590   0.1964  -0.0186  -0.0131  -0.0226   0.0000   0.0202   0.0135    1.791
   171   0.7645   0.6783   0.0000  36.5961   4.5135  -0.6020   0.1942  -0.0117  -0.0083  -0.0379   0.0000   0.0197   0.0131  999.000
   172   0.9915   0.8017   0.0000  35.9775   4.4372  -0.3920   0.1906  -0.0052  -0.0042  -0.0309   0.0000   0.0180   0.0087  999.000
   173   1.2571   0.9250   0.0000  35.1666   4.3372  -0.3363   0.1891  -0.0085  -0.0068  -0.0132   0.0000   0.0175   0.0084  999.000
   174   1.5228   1.0483   0.0000  34.3557   4.2372  -0.2808   0.1933  -0.0079  -0.0063  -0.0093   0.0000   0.0169   0.0080  999.000
   175   1.8393   1.1717   0.0000  33.4114   4.1207  -0.2279   0.2135  -0.0084  -0.0053  -0.0077   0.0000   0.0160   0.0057  999.000
   176   2.2064   1.2950   0.0000  32.3337   3.9878  -0.1892   0.2498  -0.0070  -0.0044  -0.0072   0.0000   0.0155   0.0054  999.000
   177   2.5735   1.4183   0.0000  31.2560   3.8549  -0.1520   0.2867  -0.0028  -0.0018  -0.0141   0.0000   0.0147   0.0051  999.000
   178   3.1073   1.5417   0.0000  29.5093   3.6395  -0.1025   0.3245  -0.0053  -0.0033  -0.0010   0.0000   0.0162   0.0030  999.000
   179   3.8079   1.6650   0.0000  27.0934   3.3415  -0.0905   0.2783  -0.0077  -0.0048   0.0060   0.0000   0.0150   0.0027  999.000
   180   4.5083   1.7883   0.0000  24.6775   3.0436  -0.0531   0.2447  -0.0060  -0.0038   0.0069   0.0000   0.0114   0.0021  999.000

  Surface # 7     fuselage_vertical                       
     # Chordwise = 10   # Spanwise = 30     First strip =181
     Surface area Ssurf =  124.957954     Ave. chord Cave =   33.772420

 Forces referred to Sref, Cref, Bref about Xref, Yref, Zref
 Standard axis orientation,  X fwd, Z down         
     CLsurf  =  -0.00000     Clsurf  =   0.00000
     CYsurf  =   0.00000     Cmsurf  =   0.00000
     CDsurf  =   0.00000     Cnsurf  =  -0.00000
     CDisurf =   0.00000     CDvsurf =   0.00000

 Forces referred to Ssurf, Cave 
     CLsurf  =  -0.00000     CDsurf  =   0.00000

 Strip Forces referred to Strip Area, Chord
    j     Xle      Yle      Zle      Chord    Area     c_cl     ai     cl_norm    cl       cd       cdv    cm_c/4     cm_LE   C.P.x/c
   181   4.1119   0.0000  -1.7883  24.8339   3.0628   0.0000   0.0000   0.0000   0.0000  -0.0000   0.0000  -0.0000  -0.0000    1.465
   182   2.6186   0.0000  -1.6650  27.5624   3.3994  -0.0000   0.0000  -0.0000  -0.0000  -0.0000   0.0000  -0.0000  -0.0000  999.000
   183   1.1253   0.0000  -1.5417  30.2910   3.7359  -0.0000   0.0000  -0.0000  -0.0000  -0.0000   0.0000   0.0000   0.0000    0.682
   184   0.3177   0.0000  -1.4183  31.9720   3.9432  -0.0000  -0.0000  -0.0000  -0.0000   0.0000   0.0000   0.0000   0.0000    1.225
   185   0.1958   0.0000  -1.2950  32.6055   4.0213  -0.0000  -0.0000  -0.0000  -0.0000   0.0000   0.0000   0.0000   0.0000    1.114
   186   0.0739   0.0000  -1.1717  33.2390   4.0995  -0.0000  -0.0000  -0.0000  -0.0000   0.0000   0.0000   0.0000   0.0000    1.082
   187   0.0201   0.0000  -1.0483  33.7449   4.1619  -0.0000  -0.0000  -0.0000  -0.0000   0.0000   0.0000   0.0000   0.0000    1.134
   188   0.0344   0.0000  -0.9250  34.1231   4.2085  -0.0000  -0.0000  -0.0000  -0.0000   0.0000   0.0000   0.0000   0.0000    1.068
   189   0.0487   0.0000  -0.8017  34.5015   4.2552  -0.0000  -0.0000  -0.0000  -0.0000   0.0000   0.0000   0.0000   0.0000    1.011
   190   0.0956   0.0000  -0.6783  34.8164   4.2940  -0.0000  -0.0000  -0.0000  -0.0000   0.0000   0.0000   0.0000   0.0000    0.935
   191   0.1750   0.0000  -0.5550  35.0679   4.3250  -0.0000  -0.0000  -0.0000  -0.0000   0.0000   0.0000   0.0000   0.0000    0.857
   192   0.2545   0.0000  -0.4317  35.3194   4.3561  -0.0000  -0.0000  -0.0000  -0.0000   0.0000   0.0000   0.0000   0.0000    0.814
   193   0.3527   0.0000  -0.3083  35.5325   4.3823  -0.0000  -0.0000  -0.0000  -0.0000  -0.0000   0.0000   0.0000   0.0000    0.733
   194   0.4698   0.0000  -0.1850  35.7070   4.4039  -0.0000  -0.0000  -0.0000  -0.0000  -0.0000   0.0000   0.0000   0.0000    0.627
   195   0.5868   0.0000  -0.0617  35.8816   4.4254  -0.0000  -0.0000  -0.0000  -0.0000  -0.0000   0.0000   0.0000   0.0000    0.526
   196   0.7206   0.0000   0.0617  36.0254   4.4431  -0.0000   0.0000  -0.0000  -0.0000   0.0000   0.0000  -0.0000  -0.0000   -0.037
   197   0.8712   0.0000   0.1850  36.1384   4.4571   0.0000   0.0000   0.0000   0.0000   0.0000   0.0000  -0.0000  -0.0000    0.589
   198   1.0218   0.0000   0.3083  36.2515   4.4710   0.0000   0.0000   0.0000   0.0000   0.0000   0.0000   0.0000   0.0000   -0.009
   199   1.1902   0.0000   0.4317  36.3067   4.4778  -0.0000   0.0000  -0.0000  -0.0000   0.0000   0.0000   0.0000   0.0000  999.000
   200   1.3764   0.0000   0.5550  36.3040   4.4775  -0.0000   0.0000  -0.0000  -0.0000  -0.0000   0.0000   0.0000   0.0000    1.977
   201   1.5626   0.0000   0.6783  36.3013   4.4772  -0.0000   0.0000  -0.0000  -0.0000  -0.0000   0.0000   0.0000   0.0000    1.795
   202   1.7707   0.0000   0.8017  36.1850   4.4628  -0.0000   0.0000  -0.0000  -0.0000  -0.0000   0.0000   0.0000   0.0000  999.000
   203   2.0006   0.0000   0.9250  35.9551   4.4345   0.0000  -0.0000   0.0000   0.0000  -0.0000   0.0000   0.0000   0.0000  999.000
   204   2.2305   0.0000   1.0483  35.7252   4.4061   0.0000   0.0000   0.0000   0.0000  -0.0000   0.0000   0.0000   0.0000  999.000
   205   2.4937   0.0000   1.1717  35.4619   4.3736   0.0000   0.0000   0.0000   0.0000  -0.0000   0.0000  -0.0000  -0.0000    0.328
   206   2.7902   0.0000   1.2950  35.1655   4.3371   0.0000   0.0000   0.0000   0.0000  -0.0000   0.0000  -0.0000  -0.0000    0.506
   207   3.0867   0.0000   1.4183  34.8689   4.3005   0.0000  -0.0000   0.0000   0.0000  -0.0000   0.0000  -0.0000  -0.0000    0.594
   208   3.5056   0.0000   1.5417  32.8455   4.0509   0.0000   0.0000   0.0000   0.0000   0.0000   0.0000  -0.0000  -0.0000    0.975
   209   4.0468   0.0000   1.6650  29.0952   3.5884   0.0000   0.0000   0.0000   0.0000  -0.0000   0.0000  -0.0000  -0.0000    1.149
   210   4.5880   0.0000   1.7883  25.3448   3.1259  -0.0000  -0.0000  -0.0000  -0.0000  -0.0000   0.0000   0.0000   0.0000    0.625

  Surface # 8     nacelle                                 
     # Chordwise =  6   # Spanwise = 12     First strip =211
     Surface area Ssurf =   20.812644     Ave. chord Cave =    4.188700

 Forces referred to Sref, Cref, Bref about Xref, Yref, Zref
 Standard axis orientation,  X fwd, Z down         
     CLsurf  =   0.00519     Clsurf  =  -0.00084
     CYsurf  =  -0.00076     Cmsurf  =   0.00668
     CDsurf  =  -0.00079     Cnsurf  =  -0.00024
     CDisurf =  -0.00079     CDvsurf =   0.00000

 Forces referred to Ssurf, Cave 
     CLsurf  =  -0.00467     CDsurf  =  -0.00576

 Strip Forces referred to Strip Area, Chord
    j     Xle      Yle      Zle      Chord    Area     c_cl     ai     cl_norm    cl       cd       cdv    cm_c/4     cm_LE   C.P.x/c
   211  15.7628   6.5363  -2.4010   4.1887   1.8920   0.5973   0.1600   0.1459   0.1424   0.0127   0.0000  -0.0103  -0.0459    0.322
   212  15.7628   6.9142  -2.6192   4.1887   1.8921   0.7560   0.2075   0.1804   0.1798   0.0227   0.0000  -0.0092  -0.0544    0.301
   213  15.7628   7.3505  -2.6192   4.1887   1.8921   0.7315   0.2049   0.1738   0.1732   0.0253   0.0000  -0.0150  -0.0586    0.336
   214  15.7628   7.7284  -2.4010   4.1887   1.8920   0.5839   0.1506   0.1414   0.1379   0.0200   0.0000  -0.0297  -0.0646    0.466
   215  15.7628   7.9465  -2.0232   4.1887   1.8921   0.3948   0.0655   0.0983   0.0939   0.0090   0.0000  -0.0524  -0.0760    0.809
   216  15.7628   7.9758  -1.6959   4.1887   0.9461   0.2774  -0.0174   0.0691   0.0659  -0.0067   0.0000  -0.0746  -0.0912    1.382
   217  15.7628   7.9173  -1.4778   4.1887   0.9461   0.2361  -0.0137   0.0585   0.0559  -0.0098   0.0000  -0.0883  -0.1024    1.831
   218  15.7628   7.7284  -1.2090   4.1887   1.8920   0.1568  -0.0714   0.0339   0.0331  -0.0299   0.0000  -0.1084  -0.1177  999.000
   219  15.7628   7.3505  -0.9908   4.1887   1.8921   0.1441  -0.1035   0.0254   0.0254  -0.0450   0.0000  -0.1211  -0.1297  999.000
   220  15.7628   6.9142  -0.9908   4.1887   1.8921   0.1760  -0.1145   0.0338   0.0337  -0.0425   0.0000  -0.1151  -0.1256  999.000
   221  15.7628   6.5363  -1.2090   4.1887   1.8920   0.2459  -0.0847   0.0569   0.0556  -0.0240   0.0000  -0.0910  -0.1057    1.889
   222  15.7628   6.3182  -1.5868   4.1887   1.8921   0.2978  -0.0123   0.0744   0.0710  -0.0034   0.0000  -0.0549  -0.0726    1.023

  Surface # 9     nacelle (YDUP)                          
     # Chordwise =  6   # Spanwise = 12     First strip =223
     Surface area Ssurf =   20.812644     Ave. chord Cave =    4.188700

 Forces referred to Sref, Cref, Bref about Xref, Yref, Zref
 Standard axis orientation,  X fwd, Z down         
     CLsurf  =   0.00519     Clsurf  =   0.00084
     CYsurf  =   0.00076     Cmsurf  =   0.00668
     CDsurf  =  -0.00079     Cnsurf  =   0.00024
     CDisurf =  -0.00079     CDvsurf =   0.00000

 Forces referred to Ssurf, Cave 
     CLsurf  =  -0.00467     CDsurf  =  -0.00576

 Strip Forces referred to Strip Area, Chord
    j     Xle      Yle      Zle      Chord    Area     c_cl     ai     cl_norm    cl       cd       cdv    cm_c/4     cm_LE   C.P.x/c
   223  15.7628  -6.5363  -2.4010   4.1887   1.8920   0.5973   0.1600   0.1459   0.1424   0.0127   0.0000  -0.0103   0.0459    0.322
   224  15.7628  -6.9142  -2.6192   4.1887   1.8921   0.7560   0.2075   0.1804   0.1798   0.0227   0.0000  -0.0092   0.0544    0.301
   225  15.7628  -7.3505  -2.6192   4.1887   1.8921   0.7315   0.2049   0.1738   0.1732   0.0253   0.0000  -0.0150   0.0586    0.336
   226  15.7628  -7.7284  -2.4010   4.1887   1.8920   0.5839   0.1506   0.1414   0.1379   0.0200   0.0000  -0.0297   0.0646    0.466
   227  15.7628  -7.9465  -2.0232   4.1887   1.8921   0.3948   0.0655   0.0983   0.0939   0.0090   0.0000  -0.0524   0.0760    0.809
   228  15.7628  -7.9758  -1.6959   4.1887   0.9461   0.2774  -0.0174   0.0691   0.0659  -0.0067   0.0000  -0.0746   0.0912    1.382
   229  15.7628  -7.9173  -1.4778   4.1887   0.9461   0.2361  -0.0137   0.0585   0.0559  -0.0098   0.0000  -0.0883   0.1024    1.831
   230  15.7628  -7.7284  -1.2090   4.1887   1.8920   0.1568  -0.0714   0.0339   0.0331  -0.0299   0.0000  -0.1084   0.1177  999.000
   231  15.7628  -7.3505  -0.9908   4.1887   1.8921   0.1441  -0.1035   0.0254   0.0254  -0.0450   0.0000  -0.1211   0.1297  999.000
   232  15.7628  -6.9142  -0.9908   4.1887   1.8921   0.1760  -0.1145   0.0338   0.0337  -0.0425   0.0000  -0.1151   0.1256  999.000
   233  15.7628  -6.5363  -1.2090   4.1887   1.8920   0.2459  -0.0847   0.0569   0.0556  -0.0240   0.0000  -0.0910   0.1057    1.889
   234  15.7628  -6.3182  -1.5868   4.1887   1.8921   0.2978  -0.0123   0.0744   0.0710  -0.0034   0.0000  -0.0549   0.0726    1.023
 ---------------------------------------------------------------
