
      u         w         q        the        v         p         r        phi        x         y         z        psi    |  slat        flap        aileron     elevator    
   0.4915E-03  0.1245      -12.38      -9.810     -0.3409E-17 -0.8601E-16  0.2940E-17   0.000       0.000      -0.000       0.000       0.000        -0.5706E-03  0.2618E-01  0.4044E-17  0.4906E-02
  -0.9145E-01 -0.6919       106.8      -0.000     -0.1430E-17  0.3240E-15  0.1262E-15  -0.000       0.000      -0.000       0.000       0.000         0.8763E-02 -0.3751      0.5609E-17 -0.1472    
   0.1352E-02 -0.1292E-01  -1.070       0.000     -0.2296E-03 -0.6931E-02  0.4733E-02   0.000      -0.000       0.000      -0.000       0.000        -0.8460E-03  0.5796E-02  0.1658E-03 -0.5681E-01
   -0.000      -0.000       1.000       0.000       0.000      -0.000      -0.000      0.1437E-32  -0.000       0.000      -0.000       0.000          0.000       0.000       0.000       0.000    
   0.6489E-17  0.2828E-16 -0.1212E-14  -0.000     -0.1163       12.07      -109.4       9.810      -0.000       0.000      -0.000      -0.000         0.4719E-17 -0.1588E-16  0.3180E-02 -0.2841E-16
   0.9324E-05 -0.8910E-04 -0.7379E-02  -0.000      -1.153      -52.76       17.84      -0.000       0.000      -0.000       0.000      -0.000        -0.5835E-05  0.3998E-04   1.192     -0.3918E-03
  -0.4684E-05  0.4476E-04  0.3707E-02  -0.000      0.3192E-02 -0.9791     -0.4213      -0.000       0.000      -0.000       0.000      -0.000         0.2931E-05 -0.2008E-04  0.1922E-01  0.1968E-03
   -0.000      -0.000       0.000     -0.1437E-32   0.000       1.000       0.000       0.000      -0.000       0.000      -0.000       0.000          0.000       0.000       0.000       0.000    
    1.000       0.000      -0.000       11.99      -0.000       0.000       0.000       0.000       0.000      -0.000       0.000       0.000         -0.000      -0.000      -0.000      -0.000    
    0.000      -0.000       0.000      -0.000       1.000      -0.000      -0.000      -11.99      -0.000       0.000      -0.000       114.6          0.000       0.000       0.000       0.000    
   -0.000       1.000      -0.000      -114.6       0.000       0.000       0.000       0.000       0.000      -0.000       0.000       0.000         -0.000      -0.000      -0.000      -0.000    
   -0.000      -0.000       0.000       0.000       0.000      -0.000       1.000      0.2217E-33  -0.000       0.000      -0.000       0.000          0.000       0.000       0.000       0.000    
