
      u         w         q        the        v         p         r        phi        x         y         z        psi    |  slat        flap        aileron     elevator    
   0.5835E-04  0.5506E-01  -12.29      -9.810      0.1130E-17  0.5787E-16  0.3608E-16   0.000       0.000      -0.000       0.000       0.000        -0.2996E-03  0.1817E-01 -0.9667E-17  0.1801E-02
  -0.5231E-01 -0.6013       223.7      -0.000     -0.2045E-16  0.4833E-15 -0.4233E-16  -0.000       0.000      -0.000       0.000       0.000         0.1497E-01 -0.6844      0.4147E-17 -0.2477    
   0.6005E-03 -0.1138E-01  -1.131       0.000     -0.4036E-03 -0.1601E-01  0.7171E-02   0.000      -0.000       0.000      -0.000       0.000        -0.2049E-02  0.1136E-01  0.7478E-03 -0.1232    
   -0.000      -0.000       1.000       0.000       0.000      -0.000      -0.000      0.2812E-32  -0.000       0.000      -0.000       0.000          0.000       0.000       0.000       0.000    
  -0.1103E-16 -0.2407E-16  0.6236E-15  -0.000     -0.9131E-01   11.98      -226.0       9.810      -0.000       0.000      -0.000      -0.000         0.1928E-16 -0.1546E-16  0.7707E-02  0.7018E-16
   0.8237E-05 -0.1561E-03 -0.1552E-01  -0.000      -1.557      -80.28       21.99      -0.000       0.000      -0.000       0.000      -0.000        -0.2810E-04  0.1558E-03   3.681     -0.1690E-02
  -0.2545E-05  0.4821E-04  0.4794E-02  -0.000      0.4105E-02 -0.9467     -0.4125      -0.000       0.000      -0.000       0.000      -0.000         0.8681E-05 -0.4812E-04  0.4013E-01  0.5220E-03
   -0.000      -0.000       0.000     -0.2812E-32   0.000       1.000       0.000       0.000      -0.000       0.000      -0.000       0.000          0.000       0.000       0.000       0.000    
    1.000       0.000      -0.000       12.13      -0.000       0.000       0.000       0.000       0.000      -0.000       0.000       0.000         -0.000      -0.000      -0.000      -0.000    
    0.000      -0.000       0.000      -0.000       1.000      -0.000      -0.000      -12.13      -0.000       0.000      -0.000       229.8          0.000       0.000       0.000       0.000    
   -0.000       1.000      -0.000      -229.8       0.000       0.000       0.000       0.000       0.000      -0.000       0.000       0.000         -0.000      -0.000      -0.000      -0.000    
   -0.000      -0.000       0.000       0.000       0.000      -0.000       1.000     -0.1720E-34  -0.000       0.000      -0.000       0.000          0.000       0.000       0.000       0.000    
