
      u         w         q        the        v         p         r        phi        x         y         z        psi    |  slat        flap        aileron     elevator    
   0.7305E-03  0.2051      -17.43      -9.810      0.2829E-17  0.3147E-15  0.1245E-15   0.000       0.000      -0.000       0.000       0.000        -0.7359E-03  0.3060E-01 -0.7306E-17  0.7293E-02
  -0.1264     -0.5353       67.55      -0.000     -0.2912E-16  0.1699E-14  0.4182E-15  -0.000       0.000      -0.000       0.000       0.000         0.4421E-02 -0.1804     -0.1777E-16 -0.7558E-01
   0.2779E-02 -0.1228E-01 -0.8016       0.000     -0.1464E-03 -0.3074E-02  0.3449E-02   0.000      -0.000       0.000      -0.000       0.000        -0.3705E-03  0.2718E-02  0.5289E-04 -0.2714E-01
   -0.000      -0.000       1.000      -0.000       0.000      -0.000      -0.000     -0.1263E-33  -0.000       0.000      -0.000      -0.000          0.000       0.000       0.000       0.000    
   0.8227E-17  0.2378E-15  0.1667E-14  -0.000     -0.9284E-01   17.33      -69.42       9.810      -0.000       0.000      -0.000      -0.000        -0.6926E-17  0.4786E-16  0.5598E-05  0.6152E-17
   0.1428E-04 -0.6312E-04 -0.4121E-02  -0.000     -0.9127      -34.00       16.23      -0.000       0.000      -0.000       0.000      -0.000        -0.1904E-05  0.1397E-04  0.4888     -0.1395E-03
  -0.8624E-05  0.3811E-04  0.2488E-02  -0.000     -0.1753E-02 -0.9260     -0.2743      -0.000       0.000      -0.000       0.000      -0.000         0.1150E-05 -0.8436E-05  0.1017E-01  0.8424E-04
   -0.000      -0.000       0.000      0.1263E-33   0.000       1.000       0.000      -0.000      -0.000       0.000      -0.000      -0.000          0.000       0.000       0.000       0.000    
    1.000       0.000      -0.000       16.74      -0.000       0.000       0.000       0.000       0.000      -0.000       0.000       0.000         -0.000      -0.000      -0.000      -0.000    
    0.000      -0.000       0.000      -0.000       1.000      -0.000      -0.000      -16.74      -0.000       0.000      -0.000       73.97          0.000       0.000       0.000       0.000    
   -0.000       1.000      -0.000      -73.97       0.000       0.000       0.000       0.000       0.000      -0.000       0.000       0.000         -0.000      -0.000      -0.000      -0.000    
   -0.000      -0.000       0.000       0.000       0.000      -0.000       1.000     -0.5081E-33  -0.000       0.000      -0.000      -0.000          0.000       0.000       0.000       0.000    
