
      u         w         q        the        v         p         r        phi        x         y         z        psi    |  slat        flap        aileron     elevator    
   0.7985E-04  0.5569E-01  -13.24      -9.810      0.5392E-18  0.5861E-16  0.4695E-16   0.000       0.000      -0.000       0.000       0.000        -0.3198E-03  0.1894E-01 -0.6024E-17  0.2033E-02
  -0.5170E-01 -0.5697       223.9      -0.000     -0.2706E-16  0.7257E-15  0.8733E-16  -0.000       0.000      -0.000       0.000       0.000         0.1419E-01 -0.6480      0.3480E-16 -0.2347    
   0.6550E-03 -0.1151E-01  -1.132       0.000     -0.4062E-03 -0.1596E-01  0.7261E-02   0.000      -0.000       0.000      -0.000       0.000        -0.2048E-02  0.1132E-01  0.7466E-03 -0.1232    
   -0.000      -0.000       1.000       0.000       0.000      -0.000      -0.000     -0.3520E-33  -0.000       0.000      -0.000       0.000          0.000       0.000       0.000       0.000    
  -0.1140E-16 -0.2659E-16  0.6031E-15  -0.000     -0.8641E-01   12.95      -226.1       9.810      -0.000       0.000      -0.000      -0.000         0.1823E-16 -0.1269E-16  0.7153E-02  0.6706E-16
   0.8984E-05 -0.1579E-03 -0.1553E-01  -0.000      -1.571      -80.25       22.41      -0.000       0.000      -0.000       0.000      -0.000        -0.2809E-04  0.1553E-03   3.678     -0.1690E-02
  -0.2775E-05  0.4877E-04  0.4797E-02  -0.000      0.3871E-02 -0.9570     -0.4092      -0.000       0.000      -0.000       0.000      -0.000         0.8678E-05 -0.4799E-04  0.4025E-01  0.5222E-03
   -0.000      -0.000       0.000      0.3520E-33   0.000       1.000       0.000       0.000      -0.000       0.000      -0.000       0.000          0.000       0.000       0.000       0.000    
    1.000       0.000      -0.000       13.08      -0.000       0.000       0.000       0.000       0.000      -0.000       0.000       0.000         -0.000      -0.000      -0.000      -0.000    
    0.000      -0.000       0.000      -0.000       1.000      -0.000      -0.000      -13.08      -0.000       0.000      -0.000       229.8          0.000       0.000       0.000       0.000    
   -0.000       1.000      -0.000      -229.8       0.000       0.000       0.000       0.000       0.000      -0.000       0.000       0.000         -0.000      -0.000      -0.000      -0.000    
   -0.000      -0.000       0.000       0.000       0.000      -0.000       1.000      0.1752E-32  -0.000       0.000      -0.000       0.000          0.000       0.000       0.000       0.000    
