 ---------------------------------------------------------------
 Surface Forces (referred to Sref,Cref,Bref about Xmom,Ymom,Zmom)
 Standard axis orientation,  X fwd, Z down         

     Sref =   66.273       Cref =   2.4235       Bref =   28.201    
     Xmom =   11.811       Ymom =   0.0000       Zmom =   1.3850    

 n    Area         CL        CD        Cm        CY        Cn        Cl        CDi       CDv
 1   12.571       0.09801   0.00535  -0.04985  -0.00003   0.00005  -0.00813   0.00104   0.00000   main_wing_1
 2   12.571       0.09792   0.00534  -0.04981   0.00003  -0.00005   0.00812   0.00104   0.00000   main_wing_1 (YDUP)
 3   10.062       0.08786   0.00513  -0.04444  -0.00018   0.00015  -0.02024   0.00078   0.00000   main_wing_2
 4   10.062       0.08786   0.00513  -0.04444   0.00018  -0.00015   0.02024   0.00078   0.00000   main_wing_2 (YDUP)
 5   10.503       0.08225   0.00452  -0.04315  -0.00017   0.00007  -0.03139   0.00070   0.00000   main_wing_3
 6   10.503       0.08225   0.00452  -0.04315   0.00017  -0.00007   0.03139   0.00070   0.00000   main_wing_3 (YDUP)
 7   11.355       0.02765   0.00067  -0.14957  -0.00007  -0.00004  -0.00249   0.00067   0.00000   horizontal_stabilizer
 8   11.355       0.02765   0.00067  -0.14956   0.00007   0.00004   0.00249   0.00067   0.00000   horizontal_stabilizer (YDUP)
 9   16.202       0.00000  -0.00000  -0.00000  -0.00000   0.00000  -0.00000  -0.00000   0.00000   vertical_stabilizer
10   65.503       0.00715   0.00001   0.04844   0.00000  -0.00000   0.00000   0.00001   0.00000   fuselage_horizontal
11   65.103       0.00000   0.00000   0.00000  -0.00000   0.00000   0.00000   0.00000   0.00000   fuselage_vertical
12  0.28884       0.00034  -0.00000   0.00016   0.00000  -0.00000  -0.00003  -0.00000   0.00000   nacelle_horizontal
13  0.28884       0.00022  -0.00000   0.00011  -0.00000   0.00000   0.00002  -0.00000   0.00000   nacelle_horizontal (YDUP)
14  0.28882       0.00000  -0.00000   0.00000  -0.00004  -0.00000   0.00000  -0.00000   0.00000   nacelle_vertical
15  0.28882       0.00000  -0.00000   0.00000   0.00003   0.00000  -0.00000  -0.00000   0.00000   nacelle_vertical (YDUP)
16  0.28882       0.00033  -0.00000   0.00014   0.00000  -0.00000  -0.00008  -0.00000   0.00000   nacelle_2_horizontal
17  0.28882      -0.00000  -0.00000  -0.00000   0.00001   0.00000  -0.00000  -0.00000   0.00000   nacelle_2_vertical
18  0.28883       0.00032   0.00000   0.00011  -0.00000  -0.00001  -0.00012   0.00000   0.00000   nacelle_3_horizontal
19  0.28882       0.00000  -0.00000   0.00000   0.00001   0.00000  -0.00000  -0.00000   0.00000   nacelle_3_vertical
20  0.28884       0.00022  -0.00000   0.00011  -0.00000   0.00000   0.00002  -0.00000   0.00000   nacelle_4_horizontal
21  0.28882       0.00000  -0.00000   0.00000   0.00003   0.00000  -0.00000  -0.00000   0.00000   nacelle_4_vertical
22  0.28882       0.00033  -0.00000   0.00014  -0.00000   0.00000   0.00008  -0.00000   0.00000   nacelle_5_horizontal
23  0.28882      -0.00000  -0.00000  -0.00000  -0.00001  -0.00000   0.00000  -0.00000   0.00000   nacelle_5_vertical
24  0.28883       0.00032   0.00000   0.00011   0.00000   0.00001   0.00012   0.00000   0.00000   nacelle_6_horizontal
25  0.28882       0.00000  -0.00000   0.00000  -0.00001  -0.00000   0.00000  -0.00000   0.00000   nacelle_6_vertical

 Surface Forces (referred to Ssurf,Cave about root LE on hinge axis)

   n  Ssurf        Cave        cl_surf    cd_surf    cdv_surf  cmLE_surf
   1  12.571      2.7969       0.516725   0.028185   0.000000  -0.077788   main_wing_1
   2  12.571      2.7969       0.516237   0.028147   0.000000  -0.077760   main_wing_1 (YDUP)
   3  10.062      2.4823       0.578639   0.033816   0.000000  -0.091640   main_wing_2
   4  10.062      2.4823       0.578660   0.033816   0.000000  -0.091641   main_wing_2 (YDUP)
   5  10.503      1.8918       0.518953   0.028512   0.000000  -0.086144   main_wing_3
   6  10.503      1.8918       0.518961   0.028512   0.000000  -0.086146   main_wing_3 (YDUP)
   7  11.355      1.9455       0.161382   0.003932   0.000000  -0.071190   horizontal_stabilizer
   8  11.355      1.9455       0.161374   0.003932   0.000000  -0.071187   horizontal_stabilizer (YDUP)
   9  16.202      3.1822       0.000000  -0.000000   0.000000  -0.000000   vertical_stabilizer
  10  65.503      23.647       0.007238   0.000006   0.000000   0.002422   fuselage_horizontal
  11  65.103      23.503       0.000000   0.000000   0.000000  -0.000000   fuselage_vertical
  12 0.28884     0.67533       0.078240  -0.000278   0.000000   0.019847   nacelle_horizontal
  13 0.28884     0.67533       0.050807  -0.000233   0.000000   0.013293   nacelle_horizontal (YDUP)
  14 0.28882     0.67527       0.000024  -0.000038   0.000000  -0.000009   nacelle_vertical
  15 0.28882     0.67527       0.000017  -0.000026   0.000000  -0.000006   nacelle_vertical (YDUP)
  16 0.28882     0.67527       0.075664  -0.000184   0.000000   0.019301   nacelle_2_horizontal
  17 0.28882     0.67527      -0.000004  -0.000005   0.000000  -0.000002   nacelle_2_vertical
  18 0.28883     0.67531       0.072312   0.000339   0.000000   0.018118   nacelle_3_horizontal
  19 0.28882     0.67527       0.000002  -0.000003   0.000000  -0.000001   nacelle_3_vertical
  20 0.28884     0.67533       0.050807  -0.000233   0.000000   0.013293   nacelle_4_horizontal
  21 0.28882     0.67527       0.000017  -0.000026   0.000000  -0.000006   nacelle_4_vertical
  22 0.28882     0.67527       0.075667  -0.000184   0.000000   0.019303   nacelle_5_horizontal
  23 0.28882     0.67527      -0.000004  -0.000005   0.000000  -0.000002   nacelle_5_vertical
  24 0.28883     0.67531       0.072312   0.000339   0.000000   0.018119   nacelle_6_horizontal
  25 0.28882     0.67527       0.000002  -0.000003   0.000000  -0.000001   nacelle_6_vertical
 ---------------------------------------------------------------
