 ---------------------------------------------------------------
 Surface and Strip Forces by surface

  Sref =  114.28       Cref =  3.9000       Bref =  35.408    
  Xref =  18.417       Yref =  0.0000       Zref =-0.93235    

  Surface # 1     main_wing                               
     # Chordwise = 10   # Spanwise = 20     First strip =  1
     Surface area Ssurf =   57.406339     Ave. chord Cave =    3.226606

 Forces referred to Sref, Cref, Bref about Xref, Yref, Zref
 Standard axis orientation,  X fwd, Z down         
     CLsurf  =   0.75821     Clsurf  =  -0.14759
     CYsurf  =   0.02710     Cmsurf  =  -0.28129
     CDsurf  =   0.03680     Cnsurf  =  -0.04302
     CDisurf =   0.03680     CDvsurf =   0.00000

 Forces referred to Ssurf, Cave 
     CLsurf  =   1.50005     CDsurf  =   0.07325

 Strip Forces referred to Strip Area, Chord
    j     Xle      Yle      Zle      Chord    Area     c_cl     ai     cl_norm    cl       cd       cdv    cm_c/4     cm_LE   C.P.x/c
     1  15.6425   0.0298  -0.9323   5.8533   0.6958   7.1810   0.1510   1.2251   1.2251   0.1900   0.0000  -0.0530  -0.3598    0.293
     2  15.6425   0.2668  -0.9323   5.8533   2.0703   7.1720   0.1505   1.2239   1.2239   0.1889   0.0000  -0.0530  -0.3593    0.293
     3  15.6425   0.7350  -0.9323   5.8533   3.3938   7.1094   0.1423   1.2123   1.2123   0.1902   0.0000  -0.0518  -0.3555    0.293
     4  15.6425   1.4228  -0.9323   5.8533   4.6337   6.9770   0.1194   1.1866   1.1866   0.1967   0.0000  -0.0479  -0.3458    0.290
     5  15.8704   2.2168  -0.8931   5.6422   4.4344   6.5576   0.0952   1.4393   1.1696   0.1533   0.0000  -0.0426  -0.2847    0.286
     6  16.3905   3.0679  -0.8037   5.1603   4.7486   6.4091   0.0859   1.5591   1.2670   0.1089   0.0000  -0.0289  -0.2900    0.273
     7  17.0597   4.1628  -0.6886   4.5403   5.8190   6.1541   0.0862   1.7152   1.3938   0.0833   0.0000  -0.0257  -0.3115    0.268
     8  17.8739   5.4947  -0.5487   3.7862   5.2579   5.7451   0.0855   1.9344   1.5719   0.0561   0.0000  -0.0279  -0.3480    0.268
     9  18.6203   6.8102  -0.4104   3.2705   4.0749   5.3238   0.0730   2.0855   1.6960   0.0282   0.0000  -0.0223  -0.3817    0.263
    10  19.2714   8.0689  -0.2781   3.0279   3.8678   4.9803   0.0711   2.1101   1.7160   0.0208   0.0000  -0.0207  -0.3840    0.262
    11  19.9307   9.3432  -0.1442   2.7823   3.5541   4.6355   0.0662   2.1405   1.7408   0.0130   0.0000  -0.0202  -0.3883    0.262
    12  20.5818  10.6018  -0.0119   2.5396   3.1643   4.2848   0.0620   2.1706   1.7652   0.0054   0.0000  -0.0199  -0.3928    0.261
    13  21.2088  11.8138   0.1155   2.3060   2.7299   3.9305   0.0594   2.1956   1.7855  -0.0017   0.0000  -0.0194  -0.3961    0.261
    14  21.8404  13.0346   0.2439   2.0707   2.6095   3.5603   0.0588   2.2168   1.8027  -0.0069   0.0000  -0.0192  -0.3993    0.261
    15  22.4556  14.2238   0.3688   1.8415   2.0696   3.1778   0.0635   2.2271   1.8112  -0.0127   0.0000  -0.0176  -0.3993    0.260
    16  22.9933  15.2632   0.4781   1.6411   1.5753   2.8000   0.0776   2.2032   1.7917  -0.0158   0.0000  -0.0136  -0.3914    0.258
    17  23.4403  16.1272   0.5689   1.4746   1.1388   2.4113   0.1068   2.1117   1.7173  -0.0156   0.0000  -0.0039  -0.3669    0.252
    18  23.7855  16.7945   0.6390   1.3460   0.7613   1.9684   0.1529   1.8889   1.5361  -0.0145   0.0000   0.0168  -0.3102    0.239
    19  24.0648  17.3344   0.6958   1.2419   0.6123   1.3775   0.2068   1.4316   1.1643  -0.0086   0.0000   0.0449  -0.2066    0.211
    20  24.2348  17.6629   0.7303   1.1786   0.1953   0.4923   0.2450   0.5428   0.4414  -0.0128   0.0000   0.0395  -0.0577    0.161

  Surface # 2     main_wing (YDUP)                        
     # Chordwise = 10   # Spanwise = 20     First strip = 21
     Surface area Ssurf =   57.406339     Ave. chord Cave =    3.226606

 Forces referred to Sref, Cref, Bref about Xref, Yref, Zref
 Standard axis orientation,  X fwd, Z down         
     CLsurf  =   0.75821     Clsurf  =   0.14759
     CYsurf  =  -0.02710     Cmsurf  =  -0.28129
     CDsurf  =   0.03680     Cnsurf  =   0.04302
     CDisurf =   0.03680     CDvsurf =   0.00000

 Forces referred to Ssurf, Cave 
     CLsurf  =   1.50005     CDsurf  =   0.07325

 Strip Forces referred to Strip Area, Chord
    j     Xle      Yle      Zle      Chord    Area     c_cl     ai     cl_norm    cl       cd       cdv    cm_c/4     cm_LE   C.P.x/c
    21  15.6425  -0.0298  -0.9323   5.8533   0.6958   7.1810   0.1510   1.2251   1.2251   0.1900   0.0000  -0.0530   0.3598    0.293
    22  15.6425  -0.2668  -0.9323   5.8533   2.0703   7.1720   0.1505   1.2239   1.2239   0.1889   0.0000  -0.0530   0.3593    0.293
    23  15.6425  -0.7350  -0.9323   5.8533   3.3938   7.1094   0.1423   1.2123   1.2123   0.1902   0.0000  -0.0518   0.3555    0.293
    24  15.6425  -1.4228  -0.9323   5.8533   4.6337   6.9770   0.1194   1.1866   1.1866   0.1967   0.0000  -0.0479   0.3458    0.290
    25  15.8704  -2.2168  -0.8931   5.6422   4.4344   6.5576   0.0952   1.4393   1.1696   0.1533   0.0000  -0.0426   0.2847    0.286
    26  16.3905  -3.0679  -0.8037   5.1603   4.7486   6.4091   0.0859   1.5591   1.2670   0.1089   0.0000  -0.0289   0.2900    0.273
    27  17.0597  -4.1628  -0.6886   4.5403   5.8190   6.1541   0.0862   1.7152   1.3938   0.0833   0.0000  -0.0257   0.3115    0.268
    28  17.8739  -5.4947  -0.5487   3.7862   5.2579   5.7451   0.0855   1.9344   1.5719   0.0561   0.0000  -0.0279   0.3480    0.268
    29  18.6203  -6.8102  -0.4104   3.2705   4.0749   5.3238   0.0730   2.0855   1.6960   0.0282   0.0000  -0.0223   0.3817    0.263
    30  19.2714  -8.0689  -0.2781   3.0279   3.8678   4.9803   0.0711   2.1101   1.7160   0.0208   0.0000  -0.0207   0.3840    0.262
    31  19.9307  -9.3432  -0.1442   2.7823   3.5541   4.6355   0.0662   2.1405   1.7408   0.0130   0.0000  -0.0202   0.3883    0.262
    32  20.5818 -10.6018  -0.0119   2.5396   3.1643   4.2848   0.0620   2.1706   1.7652   0.0054   0.0000  -0.0199   0.3928    0.261
    33  21.2088 -11.8138   0.1155   2.3060   2.7299   3.9305   0.0594   2.1956   1.7855  -0.0017   0.0000  -0.0194   0.3961    0.261
    34  21.8404 -13.0346   0.2439   2.0707   2.6095   3.5603   0.0588   2.2168   1.8027  -0.0069   0.0000  -0.0192   0.3993    0.261
    35  22.4556 -14.2238   0.3688   1.8415   2.0696   3.1778   0.0635   2.2271   1.8112  -0.0127   0.0000  -0.0176   0.3993    0.260
    36  22.9933 -15.2632   0.4781   1.6411   1.5753   2.8000   0.0776   2.2032   1.7917  -0.0158   0.0000  -0.0136   0.3914    0.258
    37  23.4403 -16.1272   0.5689   1.4746   1.1388   2.4113   0.1068   2.1117   1.7173  -0.0156   0.0000  -0.0039   0.3669    0.252
    38  23.7855 -16.7945   0.6390   1.3460   0.7613   1.9684   0.1529   1.8889   1.5361  -0.0145   0.0000   0.0168   0.3102    0.239
    39  24.0648 -17.3344   0.6958   1.2419   0.6123   1.3775   0.2068   1.4316   1.1643  -0.0086   0.0000   0.0449   0.2066    0.211
    40  24.2348 -17.6629   0.7303   1.1786   0.1953   0.4923   0.2450   0.5428   0.4414  -0.0128   0.0000   0.0395   0.0577    0.161

  Surface # 3     horizontal_stabilizer                   
     # Chordwise = 10   # Spanwise = 20     First strip = 41
     Surface area Ssurf =   16.275349     Ave. chord Cave =    2.806191

 Forces referred to Sref, Cref, Bref about Xref, Yref, Zref
 Standard axis orientation,  X fwd, Z down         
     CLsurf  =  -0.03648     Clsurf  =   0.00237
     CYsurf  =  -0.00250     Cmsurf  =   0.17642
     CDsurf  =  -0.00322     Cnsurf  =   0.00188
     CDisurf =  -0.00322     CDvsurf =   0.00000

 Forces referred to Ssurf, Cave 
     CLsurf  =  -0.25615     CDsurf  =  -0.02261

 Strip Forces referred to Strip Area, Chord
    j     Xle      Yle      Zle      Chord    Area     c_cl     ai     cl_norm    cl       cd       cdv    cm_c/4     cm_LE   C.P.x/c
    41  32.2619   0.0084   1.0597   3.9461   0.1328  -0.1375   0.4604  -0.0729  -0.0537   0.0562   0.0000   0.0920   0.0812    1.962
    42  32.3111   0.0755   1.0597   3.9196   0.3924  -0.1436   0.4501  -0.0465  -0.0342  -0.0133   0.0000   0.0937   0.0830  999.000
    43  32.4083   0.2081   1.0597   3.8674   0.6348  -0.1816   0.4432  -0.0582  -0.0429  -0.0203   0.0000   0.0998   0.0900  999.000
    44  32.5511   0.4028   1.0597   3.7906   0.8495  -0.3090   0.4411  -0.1027  -0.0757  -0.0310   0.0000   0.1169   0.1107    1.793
    45  32.7446   0.6666   1.0597   3.6866   1.1177  -0.7582   0.0150  -0.2914  -0.2148  -0.0012   0.0000   0.1753   0.1828    1.066
    46  32.9867   0.9967   1.0597   3.5564   1.2625  -0.9715   0.0196  -0.3821  -0.2817  -0.0135   0.0000   0.2033   0.2190    0.972
    47  33.2637   1.3744   1.0597   3.4075   1.3564  -1.0912   0.0244  -0.4449  -0.3280  -0.0229   0.0000   0.2206   0.2424    0.922
    48  33.5689   1.7904   1.0597   3.2436   1.3990  -1.1386   0.0285  -0.4858  -0.3581  -0.0297   0.0000   0.2316   0.2575    0.897
    49  33.8945   2.2344   1.0597   3.0685   1.3929  -1.1230   0.0313  -0.5054  -0.3726  -0.0335   0.0000   0.2389   0.2664    0.891
    50  34.2327   2.6955   1.0597   2.8867   1.3435  -1.0525   0.0325  -0.5032  -0.3709  -0.0342   0.0000   0.2438   0.2701    0.907
    51  34.5752   3.1623   1.0597   2.7027   1.2578  -0.9365   0.0318  -0.4784  -0.3527  -0.0321   0.0000   0.2473   0.2693    0.951
    52  34.9134   3.6234   1.0597   2.5209   1.1444  -0.7955   0.0290  -0.4360  -0.3214  -0.0283   0.0000   0.2492   0.2646    1.025
    53  35.2390   4.0674   1.0597   2.3458   1.0118  -0.6552   0.0227  -0.3862  -0.2847  -0.0244   0.0000   0.2489   0.2570    1.124
    54  35.5442   4.4834   1.0597   2.1819   0.8685  -0.5313   0.0107  -0.3368  -0.2483  -0.0211   0.0000   0.2448   0.2465    1.236
    55  35.8212   4.8611   1.0597   2.0330   0.7217  -0.4174  -0.0115  -0.2838  -0.2092  -0.0181   0.0000   0.2332   0.2295    1.365
    56  36.0633   5.1912   1.0597   1.9028   0.5769  -0.2717  -0.0471  -0.1967  -0.1450  -0.0143   0.0000   0.2022   0.1918    1.644
    57  36.2471   5.4418   1.0597   1.8040   0.3594   0.0807   0.3473   0.0726   0.0535  -0.0219   0.0000   0.1020   0.0732  999.000
    58  36.3741   5.6149   1.0597   1.7358   0.2532   0.1361   0.3290   0.1143   0.0843  -0.0073   0.0000   0.0664   0.0377   -0.538
    59  36.4605   5.7327   1.0597   1.6894   0.1504   0.1060   0.3189   0.0907   0.0669  -0.0039   0.0000   0.0405   0.0200   -0.357
    60  36.5042   5.7923   1.0597   1.6659   0.0498   0.0389   0.3143   0.0350   0.0258  -0.0043   0.0000   0.0140   0.0066   -0.294

  Surface # 4     horizontal_stabilizer (YDUP)            
     # Chordwise = 10   # Spanwise = 20     First strip = 61
     Surface area Ssurf =   16.275349     Ave. chord Cave =    2.806191

 Forces referred to Sref, Cref, Bref about Xref, Yref, Zref
 Standard axis orientation,  X fwd, Z down         
     CLsurf  =  -0.03648     Clsurf  =  -0.00237
     CYsurf  =   0.00250     Cmsurf  =   0.17642
     CDsurf  =  -0.00322     Cnsurf  =  -0.00188
     CDisurf =  -0.00322     CDvsurf =   0.00000

 Forces referred to Ssurf, Cave 
     CLsurf  =  -0.25615     CDsurf  =  -0.02261

 Strip Forces referred to Strip Area, Chord
    j     Xle      Yle      Zle      Chord    Area     c_cl     ai     cl_norm    cl       cd       cdv    cm_c/4     cm_LE   C.P.x/c
    61  32.2619  -0.0084   1.0597   3.9461   0.1328  -0.1375   0.4604  -0.0729  -0.0537   0.0562   0.0000   0.0920  -0.0812    1.962
    62  32.3111  -0.0755   1.0597   3.9196   0.3924  -0.1436   0.4501  -0.0465  -0.0342  -0.0133   0.0000   0.0937  -0.0830  999.000
    63  32.4083  -0.2081   1.0597   3.8674   0.6348  -0.1816   0.4432  -0.0582  -0.0429  -0.0203   0.0000   0.0998  -0.0900  999.000
    64  32.5511  -0.4028   1.0597   3.7906   0.8495  -0.3090   0.4411  -0.1027  -0.0757  -0.0310   0.0000   0.1169  -0.1107    1.793
    65  32.7446  -0.6666   1.0597   3.6866   1.1177  -0.7582   0.0150  -0.2914  -0.2148  -0.0012   0.0000   0.1753  -0.1828    1.066
    66  32.9867  -0.9967   1.0597   3.5564   1.2625  -0.9715   0.0196  -0.3821  -0.2817  -0.0135   0.0000   0.2033  -0.2190    0.972
    67  33.2637  -1.3744   1.0597   3.4075   1.3564  -1.0912   0.0244  -0.4449  -0.3280  -0.0229   0.0000   0.2206  -0.2424    0.922
    68  33.5689  -1.7904   1.0597   3.2436   1.3990  -1.1386   0.0285  -0.4858  -0.3581  -0.0297   0.0000   0.2316  -0.2575    0.897
    69  33.8945  -2.2344   1.0597   3.0685   1.3929  -1.1230   0.0313  -0.5054  -0.3726  -0.0335   0.0000   0.2389  -0.2664    0.891
    70  34.2327  -2.6955   1.0597   2.8867   1.3435  -1.0525   0.0325  -0.5032  -0.3709  -0.0342   0.0000   0.2438  -0.2701    0.907
    71  34.5752  -3.1623   1.0597   2.7027   1.2578  -0.9365   0.0318  -0.4784  -0.3527  -0.0321   0.0000   0.2473  -0.2693    0.951
    72  34.9134  -3.6234   1.0597   2.5209   1.1444  -0.7955   0.0290  -0.4360  -0.3214  -0.0283   0.0000   0.2492  -0.2646    1.025
    73  35.2390  -4.0674   1.0597   2.3458   1.0118  -0.6552   0.0227  -0.3862  -0.2847  -0.0244   0.0000   0.2489  -0.2570    1.124
    74  35.5442  -4.4834   1.0597   2.1819   0.8685  -0.5313   0.0107  -0.3368  -0.2483  -0.0211   0.0000   0.2448  -0.2465    1.236
    75  35.8212  -4.8611   1.0597   2.0330   0.7217  -0.4174  -0.0115  -0.2838  -0.2092  -0.0181   0.0000   0.2332  -0.2295    1.365
    76  36.0633  -5.1912   1.0597   1.9028   0.5769  -0.2717  -0.0471  -0.1967  -0.1450  -0.0143   0.0000   0.2022  -0.1918    1.644
    77  36.2471  -5.4418   1.0597   1.8040   0.3594   0.0807   0.3473   0.0726   0.0535  -0.0219   0.0000   0.1020  -0.0732  999.000
    78  36.3741  -5.6149   1.0597   1.7358   0.2532   0.1361   0.3290   0.1143   0.0843  -0.0073   0.0000   0.0664  -0.0377   -0.538
    79  36.4605  -5.7327   1.0597   1.6894   0.1504   0.1060   0.3189   0.0907   0.0669  -0.0039   0.0000   0.0405  -0.0200   -0.357
    80  36.5042  -5.7923   1.0597   1.6659   0.0498   0.0389   0.3143   0.0350   0.0258  -0.0043   0.0000   0.0140  -0.0066   -0.294

  Surface # 5     vertical_stabilizer                     
     # Chordwise = 10   # Spanwise = 20     First strip = 81
     Surface area Ssurf =   27.042708     Ave. chord Cave =    4.720731

 Forces referred to Sref, Cref, Bref about Xref, Yref, Zref
 Standard axis orientation,  X fwd, Z down         
     CLsurf  =  -0.00000     Clsurf  =  -0.00000
     CYsurf  =  -0.00000     Cmsurf  =   0.00000
     CDsurf  =   0.00000     Cnsurf  =   0.00000
     CDisurf =   0.00000     CDvsurf =   0.00000

 Forces referred to Ssurf, Cave 
     CLsurf  =   0.00000     CDsurf  =   0.00000

 Strip Forces referred to Strip Area, Chord
    j     Xle      Yle      Zle      Chord    Area     c_cl     ai     cl_norm    cl       cd       cdv    cm_c/4     cm_LE   C.P.x/c
    81  34.1026   0.0000   1.0901   7.1191   0.5459   0.0000   0.0000   0.0000   0.0000   0.0000   0.0000  -0.0000  -0.0000    0.718
    82  34.2314   0.0000   1.1983   7.0276   0.9775   0.0000   0.0000   0.0000   0.0000  -0.0000   0.0000  -0.0000  -0.0000    0.648
    83  34.4331   0.0000   1.3677   6.8842   1.3694   0.0000   0.0000   0.0000   0.0000  -0.0000   0.0000  -0.0000  -0.0000    0.488
    84  34.7038   0.0000   1.5951   6.6918   1.7040   0.0000  -0.0000   0.0000   0.0000   0.0000   0.0000  -0.0000  -0.0000    0.482
    85  35.0377   0.0000   1.8756   6.4544   1.9680   0.0000   0.0000   0.0000   0.0000   0.0000   0.0000  -0.0000  -0.0000    0.527
    86  35.4277   0.0000   2.2032   6.1771   2.1523   0.0000  -0.0000   0.0000   0.0000  -0.0000   0.0000  -0.0000  -0.0000    0.329
    87  35.8650   0.0000   2.5705   5.8662   2.2535   0.0000   0.0000   0.0000   0.0000  -0.0000   0.0000  -0.0000  -0.0000    0.413
    88  36.3398   0.0000   2.9693   5.5287   2.2729   0.0000  -0.0000   0.0000   0.0000   0.0000   0.0000   0.0000  -0.0000    0.182
    89  36.8411   0.0000   3.3904   5.1723   2.2171   0.0000  -0.0000   0.0000   0.0000   0.0000   0.0000   0.0000  -0.0000    0.026
    90  37.3575   0.0000   3.8241   4.8052   2.0965   0.0000  -0.0000   0.0000   0.0000  -0.0000   0.0000   0.0000  -0.0000    0.113
    91  37.8769   0.0000   4.2604   4.4360   1.9243   0.0000   0.0000   0.0000   0.0000   0.0000   0.0000  -0.0000  -0.0000    0.271
    92  38.3873   0.0000   4.6892   4.0731   1.7155   0.0000   0.0000   0.0000   0.0000  -0.0000   0.0000  -0.0000  -0.0000    0.298
    93  38.8768   0.0000   5.1003   3.7251   1.4852   0.0000  -0.0000   0.0000   0.0000   0.0000   0.0000  -0.0000  -0.0000    0.254
    94  39.3338   0.0000   5.4842   3.4002   1.2475   0.0000   0.0000   0.0000   0.0000  -0.0000   0.0000   0.0000  -0.0000    0.245
    95  39.7477   0.0000   5.8319   3.1059   1.0138   0.0000   0.0000   0.0000   0.0000   0.0000   0.0000  -0.0000  -0.0000    0.357
    96  40.1088   0.0000   6.1352   2.8493   0.7929   0.0000  -0.0000   0.0000   0.0000  -0.0000   0.0000   0.0000  -0.0000    0.215
    97  40.4084   0.0000   6.3868   2.6363   0.5894   0.0000   0.0000   0.0000   0.0000  -0.0000   0.0000  -0.0000  -0.0000    0.387
    98  40.6395   0.0000   6.5810   2.4720   0.4044   0.0000   0.0000   0.0000   0.0000   0.0000   0.0000  -0.0000  -0.0000    0.292
    99  40.7967   0.0000   6.7130   2.3602   0.2354   0.0000  -0.0000   0.0000   0.0000  -0.0000   0.0000  -0.0000  -0.0000    0.280
   100  40.8762   0.0000   6.7798   2.3037   0.0772   0.0000  -0.0000   0.0000   0.0000  -0.0000   0.0000   0.0000  -0.0000    0.166

  Surface # 6     fuselage_horizontal                     
     # Chordwise = 10   # Spanwise = 10     First strip =101
     Surface area Ssurf =  127.532895     Ave. chord Cave =   34.468350

 Forces referred to Sref, Cref, Bref about Xref, Yref, Zref
 Standard axis orientation,  X fwd, Z down         
     CLsurf  =   0.00286     Clsurf  =   0.00000
     CYsurf  =   0.00000     Cmsurf  =   0.20974
     CDsurf  =  -0.00342     Cnsurf  =  -0.00000
     CDisurf =  -0.00342     CDvsurf =   0.00000

 Forces referred to Ssurf, Cave 
     CLsurf  =   0.00256     CDsurf  =  -0.00307

 Strip Forces referred to Strip Area, Chord
    j     Xle      Yle      Zle      Chord    Area     c_cl     ai     cl_norm    cl       cd       cdv    cm_c/4     cm_LE   C.P.x/c
   101   3.4011  -1.6650   0.0000  27.8154  10.2917   0.3174   0.2035   0.0545   0.0144  -0.0079   0.0000   0.0176   0.0019   -0.977
   102   1.4576  -1.2950   0.0000  33.6099  12.4357   0.2573   0.1697   0.0130   0.0092  -0.0039   0.0000   0.0190   0.0061  999.000
   103   0.6886  -0.9250   0.0000  35.9024  13.2839   0.1286   0.2728   0.0054   0.0048  -0.0033   0.0000   0.0209   0.0109  999.000
   104   0.2519  -0.5550   0.0000  37.2046  13.7657  -0.0972   0.3016  -0.0024  -0.0023  -0.0016   0.0000   0.0220   0.0174  999.000
   105   0.0491  -0.1850   0.0000  37.8093  13.9895  -0.3398   0.3033  -0.0094  -0.0094  -0.0000   0.0000   0.0228   0.0242  999.000
   106   0.0491   0.1850   0.0000  37.8093  13.9895  -0.3398   0.3033  -0.0094  -0.0094  -0.0000   0.0000   0.0228   0.0242  999.000
   107   0.2519   0.5550   0.0000  37.2047  13.7657  -0.0972   0.3016  -0.0024  -0.0023  -0.0016   0.0000   0.0220   0.0174  999.000
   108   0.6886   0.9250   0.0000  35.9024  13.2839   0.1286   0.2728   0.0054   0.0048  -0.0033   0.0000   0.0209   0.0109  999.000
   109   1.4576   1.2950   0.0000  33.6099  12.4357   0.2573   0.1697   0.0130   0.0092  -0.0039   0.0000   0.0190   0.0061  999.000
   110   3.4011   1.6650   0.0000  27.8154  10.2917   0.3174   0.2035   0.0545   0.0144  -0.0079   0.0000   0.0176   0.0019   -0.977

  Surface # 7     fuselage_vertical                       
     # Chordwise = 10   # Spanwise = 10     First strip =111
     Surface area Ssurf =  127.532895     Ave. chord Cave =   34.468350

 Forces referred to Sref, Cref, Bref about Xref, Yref, Zref
 Standard axis orientation,  X fwd, Z down         
     CLsurf  =   0.00000     Clsurf  =  -0.00000
     CYsurf  =  -0.00000     Cmsurf  =   0.00000
     CDsurf  =  -0.00000     Cnsurf  =   0.00000
     CDisurf =  -0.00000     CDvsurf =   0.00000

 Forces referred to Ssurf, Cave 
     CLsurf  =   0.00000     CDsurf  =  -0.00000

 Strip Forces referred to Strip Area, Chord
    j     Xle      Yle      Zle      Chord    Area     c_cl     ai     cl_norm    cl       cd       cdv    cm_c/4     cm_LE   C.P.x/c
   111   3.4011   0.0000  -1.6650  27.8154  10.2917   0.0000  -0.0000   0.0000   0.0000  -0.0000   0.0000  -0.0000  -0.0000    0.964
   112   1.4576   0.0000  -1.2950  33.6099  12.4357   0.0000  -0.0000   0.0000   0.0000  -0.0000   0.0000  -0.0000  -0.0000    0.854
   113   0.6886   0.0000  -0.9250  35.9024  13.2839   0.0000   0.0000   0.0000   0.0000  -0.0000   0.0000  -0.0000  -0.0000    0.867
   114   0.2519   0.0000  -0.5550  37.2046  13.7657   0.0000  -0.0000   0.0000   0.0000  -0.0000   0.0000  -0.0000  -0.0000    0.749
   115   0.0491   0.0000  -0.1850  37.8093  13.9895   0.0000   0.0000   0.0000   0.0000   0.0000   0.0000  -0.0000  -0.0000    0.440
   116   0.0491   0.0000   0.1850  37.8093  13.9895   0.0000   0.0000   0.0000   0.0000  -0.0000   0.0000   0.0000  -0.0000    0.030
   117   0.2519   0.0000   0.5550  37.2047  13.7657  -0.0000  -0.0000  -0.0000  -0.0000   0.0000   0.0000   0.0000   0.0000  999.000
   118   0.6886   0.0000   0.9250  35.9024  13.2839   0.0000   0.0000   0.0000   0.0000  -0.0000   0.0000  -0.0000  -0.0000    0.285
   119   1.4576   0.0000   1.2950  33.6099  12.4357  -0.0000   0.0000  -0.0000  -0.0000  -0.0000   0.0000   0.0000   0.0000  999.000
   120   3.4011   0.0000   1.6650  27.8154  10.2917   0.0000   0.0000   0.0000   0.0000   0.0000   0.0000  -0.0000  -0.0000    0.383
 ---------------------------------------------------------------
