 ---------------------------------------------------------------
 Surface and Strip Forces by surface

  Sref =  114.28       Cref =  3.9000       Bref =  35.408    
  Xref =  18.417       Yref =  0.0000       Zref =-0.93235    

  Surface # 1     main_wing                               
     # Chordwise = 10   # Spanwise = 20     First strip =  1
     Surface area Ssurf =   57.406339     Ave. chord Cave =    3.226606

 Forces referred to Sref, Cref, Bref about Xref, Yref, Zref
 Standard axis orientation,  X fwd, Z down         
     CLsurf  =   0.35985     Clsurf  =  -0.07364
     CYsurf  =  -0.01807     Cmsurf  =  -0.13990
     CDsurf  =   0.00786     Cnsurf  =  -0.00557
     CDisurf =   0.00786     CDvsurf =   0.00000

 Forces referred to Ssurf, Cave 
     CLsurf  =   0.71686     CDsurf  =   0.01564

 Strip Forces referred to Strip Area, Chord
    j     Xle      Yle      Zle      Chord    Area     c_cl     ai     cl_norm    cl       cd       cdv    cm_c/4     cm_LE   C.P.x/c
     1  15.6425   0.0298  -0.9323   5.8533   0.6958   3.4611   0.0620   0.5904   0.5904   0.0379   0.0000  -0.0394  -0.1872    0.317
     2  15.6425   0.2668  -0.9323   5.8533   2.0703   3.4563   0.0623   0.5897   0.5897   0.0372   0.0000  -0.0395  -0.1871    0.317
     3  15.6425   0.7350  -0.9323   5.8533   3.3938   3.4190   0.0582   0.5833   0.5833   0.0374   0.0000  -0.0394  -0.1854    0.318
     4  15.6425   1.4228  -0.9323   5.8533   4.6337   3.3286   0.0464   0.5675   0.5675   0.0393   0.0000  -0.0389  -0.1811    0.319
     5  15.8704   2.2168  -0.8931   5.6422   4.4344   3.1887   0.0343   0.6935   0.5647   0.0326   0.0000  -0.0372  -0.1525    0.316
     6  16.3905   3.0679  -0.8037   5.1603   4.7486   3.0729   0.0287   0.7320   0.5960   0.0239   0.0000  -0.0325  -0.1550    0.305
     7  17.0597   4.1628  -0.6886   4.5403   5.8190   2.9467   0.0312   0.7986   0.6503   0.0189   0.0000  -0.0323  -0.1663    0.300
     8  17.8739   5.4947  -0.5487   3.7862   5.2579   2.7820   0.0379   0.9050   0.7369   0.0149   0.0000  -0.0338  -0.1859    0.296
     9  18.6203   6.8102  -0.4104   3.2705   4.0749   2.6101   0.0382   0.9829   0.8010   0.0098   0.0000  -0.0303  -0.2044    0.288
    10  19.2714   8.0689  -0.2781   3.0279   3.8678   2.4666   0.0381   1.0037   0.8179   0.0070   0.0000  -0.0282  -0.2062    0.284
    11  19.9307   9.3432  -0.1442   2.7823   3.5541   2.3167   0.0358   1.0263   0.8363   0.0043   0.0000  -0.0274  -0.2094    0.283
    12  20.5818  10.6018  -0.0119   2.5396   3.1643   2.1590   0.0338   1.0480   0.8540   0.0019   0.0000  -0.0269  -0.2129    0.281
    13  21.2088  11.8138   0.1155   2.3060   2.7299   1.9947   0.0327   1.0667   0.8692  -0.0003   0.0000  -0.0263  -0.2157    0.280
    14  21.8404  13.0346   0.2439   2.0707   2.6095   1.8187   0.0327   1.0833   0.8828  -0.0023   0.0000  -0.0260  -0.2184    0.279
    15  22.4556  14.2238   0.3688   1.8415   2.0696   1.6316   0.0353   1.0931   0.8907  -0.0044   0.0000  -0.0245  -0.2187    0.277
    16  22.9933  15.2632   0.4781   1.6411   1.5753   1.4402   0.0424   1.0829   0.8824  -0.0063   0.0000  -0.0209  -0.2137    0.274
    17  23.4403  16.1272   0.5689   1.4746   1.1388   1.2352   0.0557   1.0338   0.8425  -0.0079   0.0000  -0.0130  -0.1977    0.265
    18  23.7855  16.7945   0.6390   1.3460   0.7613   0.9957   0.0737   0.9134   0.7443  -0.0096   0.0000   0.0018  -0.1628    0.248
    19  24.0648  17.3344   0.6958   1.2419   0.6123   0.6830   0.0915   0.6793   0.5535  -0.0094   0.0000   0.0185  -0.1058    0.217
    20  24.2348  17.6629   0.7303   1.1786   0.1953   0.2404   0.1028   0.2524   0.2057  -0.0072   0.0000   0.0161  -0.0310    0.172

  Surface # 2     main_wing (YDUP)                        
     # Chordwise = 10   # Spanwise = 20     First strip = 21
     Surface area Ssurf =   57.406339     Ave. chord Cave =    3.226606

 Forces referred to Sref, Cref, Bref about Xref, Yref, Zref
 Standard axis orientation,  X fwd, Z down         
     CLsurf  =   0.35985     Clsurf  =   0.07364
     CYsurf  =   0.01807     Cmsurf  =  -0.13990
     CDsurf  =   0.00786     Cnsurf  =   0.00557
     CDisurf =   0.00786     CDvsurf =   0.00000

 Forces referred to Ssurf, Cave 
     CLsurf  =   0.71686     CDsurf  =   0.01564

 Strip Forces referred to Strip Area, Chord
    j     Xle      Yle      Zle      Chord    Area     c_cl     ai     cl_norm    cl       cd       cdv    cm_c/4     cm_LE   C.P.x/c
    21  15.6425  -0.0298  -0.9323   5.8533   0.6958   3.4611   0.0620   0.5904   0.5904   0.0379   0.0000  -0.0394   0.1872    0.317
    22  15.6425  -0.2668  -0.9323   5.8533   2.0703   3.4563   0.0623   0.5897   0.5897   0.0372   0.0000  -0.0395   0.1871    0.317
    23  15.6425  -0.7350  -0.9323   5.8533   3.3938   3.4190   0.0582   0.5833   0.5833   0.0374   0.0000  -0.0394   0.1854    0.318
    24  15.6425  -1.4228  -0.9323   5.8533   4.6337   3.3286   0.0464   0.5675   0.5675   0.0393   0.0000  -0.0389   0.1811    0.319
    25  15.8704  -2.2168  -0.8931   5.6422   4.4344   3.1887   0.0343   0.6935   0.5647   0.0326   0.0000  -0.0372   0.1525    0.316
    26  16.3905  -3.0679  -0.8037   5.1603   4.7486   3.0729   0.0287   0.7320   0.5960   0.0239   0.0000  -0.0325   0.1550    0.305
    27  17.0597  -4.1628  -0.6886   4.5403   5.8190   2.9467   0.0312   0.7986   0.6503   0.0189   0.0000  -0.0323   0.1663    0.300
    28  17.8739  -5.4947  -0.5487   3.7862   5.2579   2.7820   0.0379   0.9050   0.7369   0.0149   0.0000  -0.0338   0.1859    0.296
    29  18.6203  -6.8102  -0.4104   3.2705   4.0749   2.6101   0.0382   0.9829   0.8010   0.0098   0.0000  -0.0303   0.2044    0.288
    30  19.2714  -8.0689  -0.2781   3.0279   3.8678   2.4666   0.0381   1.0037   0.8179   0.0070   0.0000  -0.0282   0.2062    0.284
    31  19.9307  -9.3432  -0.1442   2.7823   3.5541   2.3167   0.0358   1.0263   0.8363   0.0043   0.0000  -0.0274   0.2094    0.283
    32  20.5818 -10.6018  -0.0119   2.5396   3.1643   2.1590   0.0338   1.0480   0.8540   0.0019   0.0000  -0.0269   0.2129    0.281
    33  21.2088 -11.8138   0.1155   2.3060   2.7299   1.9947   0.0327   1.0667   0.8692  -0.0003   0.0000  -0.0263   0.2157    0.280
    34  21.8404 -13.0346   0.2439   2.0707   2.6095   1.8187   0.0327   1.0833   0.8828  -0.0023   0.0000  -0.0260   0.2184    0.279
    35  22.4556 -14.2238   0.3688   1.8415   2.0696   1.6316   0.0353   1.0931   0.8907  -0.0044   0.0000  -0.0245   0.2187    0.277
    36  22.9933 -15.2632   0.4781   1.6411   1.5753   1.4402   0.0424   1.0829   0.8824  -0.0063   0.0000  -0.0209   0.2137    0.274
    37  23.4403 -16.1272   0.5689   1.4746   1.1388   1.2352   0.0557   1.0338   0.8425  -0.0079   0.0000  -0.0130   0.1977    0.265
    38  23.7855 -16.7945   0.6390   1.3460   0.7613   0.9957   0.0737   0.9134   0.7443  -0.0096   0.0000   0.0018   0.1628    0.248
    39  24.0648 -17.3344   0.6958   1.2419   0.6123   0.6830   0.0915   0.6793   0.5535  -0.0094   0.0000   0.0185   0.1058    0.217
    40  24.2348 -17.6629   0.7303   1.1786   0.1953   0.2404   0.1028   0.2524   0.2057  -0.0072   0.0000   0.0161   0.0310    0.172

  Surface # 3     horizontal_stabilizer                   
     # Chordwise = 10   # Spanwise = 20     First strip = 41
     Surface area Ssurf =   16.275349     Ave. chord Cave =    2.806191

 Forces referred to Sref, Cref, Bref about Xref, Yref, Zref
 Standard axis orientation,  X fwd, Z down         
     CLsurf  =  -0.02308     Clsurf  =   0.00163
     CYsurf  =  -0.00058     Cmsurf  =   0.10777
     CDsurf  =  -0.00080     Cnsurf  =   0.00040
     CDisurf =  -0.00080     CDvsurf =   0.00000

 Forces referred to Ssurf, Cave 
     CLsurf  =  -0.16203     CDsurf  =  -0.00564

 Strip Forces referred to Strip Area, Chord
    j     Xle      Yle      Zle      Chord    Area     c_cl     ai     cl_norm    cl       cd       cdv    cm_c/4     cm_LE   C.P.x/c
    41  32.2619   0.0084   1.0597   3.9461   0.1328  -0.2341   0.1714  -0.0857  -0.0613   0.0171   0.0000   0.0523   0.0542    1.104
    42  32.3111   0.0755   1.0597   3.9196   0.3924  -0.2370   0.1660  -0.0842  -0.0602  -0.0051   0.0000   0.0530   0.0550    1.130
    43  32.4083   0.2081   1.0597   3.8674   0.6348  -0.2531   0.1617  -0.0910  -0.0651  -0.0068   0.0000   0.0553   0.0578    1.100
    44  32.5511   0.4028   1.0597   3.7906   0.8495  -0.3040   0.1588  -0.1116  -0.0798  -0.0081   0.0000   0.0615   0.0658    1.021
    45  32.7446   0.6666   1.0597   3.6866   1.1177  -0.4730   0.0089  -0.1801  -0.1288  -0.0013   0.0000   0.0825   0.0924    0.891
    46  32.9867   0.9967   1.0597   3.5564   1.2625  -0.5614   0.0081  -0.2213  -0.1583  -0.0034   0.0000   0.0926   0.1065    0.835
    47  33.2637   1.3744   1.0597   3.4075   1.3564  -0.6188   0.0080  -0.2545  -0.1820  -0.0050   0.0000   0.0985   0.1160    0.791
    48  33.5689   1.7904   1.0597   3.2436   1.3990  -0.6509   0.0083  -0.2811  -0.2010  -0.0064   0.0000   0.1020   0.1227    0.757
    49  33.8945   2.2344   1.0597   3.0685   1.3929  -0.6559   0.0084  -0.2994  -0.2141  -0.0074   0.0000   0.1041   0.1270    0.736
    50  34.2327   2.6955   1.0597   2.8867   1.3435  -0.6310   0.0082  -0.3061  -0.2189  -0.0078   0.0000   0.1057   0.1293    0.733
    51  34.5752   3.1623   1.0597   2.7027   1.2578  -0.5788   0.0074  -0.2999  -0.2144  -0.0076   0.0000   0.1071   0.1295    0.749
    52  34.9134   3.6234   1.0597   2.5209   1.1444  -0.5103   0.0056  -0.2835  -0.2027  -0.0069   0.0000   0.1081   0.1279    0.783
    53  35.2390   4.0674   1.0597   2.3458   1.0118  -0.4385   0.0023  -0.2618  -0.1872  -0.0062   0.0000   0.1081   0.1248    0.827
    54  35.5442   4.4834   1.0597   2.1819   0.8685  -0.3710  -0.0033  -0.2382  -0.1703  -0.0056   0.0000   0.1060   0.1198    0.873
    55  35.8212   4.8611   1.0597   2.0330   0.7217  -0.3050  -0.0122  -0.2101  -0.1502  -0.0051   0.0000   0.0998   0.1107    0.914
    56  36.0633   5.1912   1.0597   1.9028   0.5769  -0.2239  -0.0236  -0.1647  -0.1178  -0.0046   0.0000   0.0847   0.0920    0.969
    57  36.2471   5.4418   1.0597   1.8040   0.3594  -0.0685   0.1154  -0.0524  -0.0375  -0.0066   0.0000   0.0444   0.0434    1.433
    58  36.3741   5.6149   1.0597   1.7358   0.2532  -0.0206   0.1102  -0.0162  -0.0116  -0.0036   0.0000   0.0280   0.0250  999.000
    59  36.4605   5.7327   1.0597   1.6894   0.1504  -0.0036   0.1073  -0.0027  -0.0019  -0.0021   0.0000   0.0164   0.0136  999.000
    60  36.5042   5.7923   1.0597   1.6659   0.0498   0.0001   0.1060   0.0002   0.0002  -0.0011   0.0000   0.0055   0.0044  999.000

  Surface # 4     horizontal_stabilizer (YDUP)            
     # Chordwise = 10   # Spanwise = 20     First strip = 61
     Surface area Ssurf =   16.275349     Ave. chord Cave =    2.806191

 Forces referred to Sref, Cref, Bref about Xref, Yref, Zref
 Standard axis orientation,  X fwd, Z down         
     CLsurf  =  -0.02308     Clsurf  =  -0.00163
     CYsurf  =   0.00058     Cmsurf  =   0.10777
     CDsurf  =  -0.00080     Cnsurf  =  -0.00040
     CDisurf =  -0.00080     CDvsurf =   0.00000

 Forces referred to Ssurf, Cave 
     CLsurf  =  -0.16203     CDsurf  =  -0.00564

 Strip Forces referred to Strip Area, Chord
    j     Xle      Yle      Zle      Chord    Area     c_cl     ai     cl_norm    cl       cd       cdv    cm_c/4     cm_LE   C.P.x/c
    61  32.2619  -0.0084   1.0597   3.9461   0.1328  -0.2341   0.1714  -0.0857  -0.0613   0.0171   0.0000   0.0523  -0.0542    1.104
    62  32.3111  -0.0755   1.0597   3.9196   0.3924  -0.2370   0.1660  -0.0842  -0.0602  -0.0051   0.0000   0.0530  -0.0550    1.130
    63  32.4083  -0.2081   1.0597   3.8674   0.6348  -0.2531   0.1617  -0.0910  -0.0651  -0.0068   0.0000   0.0553  -0.0578    1.100
    64  32.5511  -0.4028   1.0597   3.7906   0.8495  -0.3040   0.1588  -0.1116  -0.0798  -0.0081   0.0000   0.0615  -0.0658    1.021
    65  32.7446  -0.6666   1.0597   3.6866   1.1177  -0.4730   0.0089  -0.1801  -0.1288  -0.0013   0.0000   0.0825  -0.0924    0.891
    66  32.9867  -0.9967   1.0597   3.5564   1.2625  -0.5614   0.0081  -0.2213  -0.1583  -0.0034   0.0000   0.0926  -0.1065    0.835
    67  33.2637  -1.3744   1.0597   3.4075   1.3564  -0.6188   0.0080  -0.2545  -0.1820  -0.0050   0.0000   0.0985  -0.1160    0.791
    68  33.5689  -1.7904   1.0597   3.2436   1.3990  -0.6509   0.0083  -0.2811  -0.2010  -0.0064   0.0000   0.1020  -0.1227    0.757
    69  33.8945  -2.2344   1.0597   3.0685   1.3929  -0.6559   0.0084  -0.2994  -0.2141  -0.0074   0.0000   0.1041  -0.1270    0.736
    70  34.2327  -2.6955   1.0597   2.8867   1.3435  -0.6310   0.0082  -0.3061  -0.2189  -0.0078   0.0000   0.1057  -0.1293    0.733
    71  34.5752  -3.1623   1.0597   2.7027   1.2578  -0.5788   0.0074  -0.2999  -0.2144  -0.0076   0.0000   0.1071  -0.1295    0.749
    72  34.9134  -3.6234   1.0597   2.5209   1.1444  -0.5103   0.0056  -0.2835  -0.2027  -0.0069   0.0000   0.1081  -0.1279    0.783
    73  35.2390  -4.0674   1.0597   2.3458   1.0118  -0.4385   0.0023  -0.2618  -0.1872  -0.0062   0.0000   0.1081  -0.1248    0.827
    74  35.5442  -4.4834   1.0597   2.1819   0.8685  -0.3710  -0.0033  -0.2382  -0.1703  -0.0056   0.0000   0.1060  -0.1198    0.873
    75  35.8212  -4.8611   1.0597   2.0330   0.7217  -0.3050  -0.0122  -0.2101  -0.1502  -0.0051   0.0000   0.0998  -0.1107    0.914
    76  36.0633  -5.1912   1.0597   1.9028   0.5769  -0.2239  -0.0236  -0.1647  -0.1178  -0.0046   0.0000   0.0847  -0.0920    0.969
    77  36.2471  -5.4418   1.0597   1.8040   0.3594  -0.0685   0.1154  -0.0524  -0.0375  -0.0066   0.0000   0.0444  -0.0434    1.433
    78  36.3741  -5.6149   1.0597   1.7358   0.2532  -0.0206   0.1102  -0.0162  -0.0116  -0.0036   0.0000   0.0280  -0.0250  999.000
    79  36.4605  -5.7327   1.0597   1.6894   0.1504  -0.0036   0.1073  -0.0027  -0.0019  -0.0021   0.0000   0.0164  -0.0136  999.000
    80  36.5042  -5.7923   1.0597   1.6659   0.0498   0.0001   0.1060   0.0002   0.0002  -0.0011   0.0000   0.0055  -0.0044  999.000

  Surface # 5     vertical_stabilizer                     
     # Chordwise = 10   # Spanwise = 20     First strip = 81
     Surface area Ssurf =   27.042708     Ave. chord Cave =    4.720731

 Forces referred to Sref, Cref, Bref about Xref, Yref, Zref
 Standard axis orientation,  X fwd, Z down         
     CLsurf  =  -0.00000     Clsurf  =  -0.00000
     CYsurf  =  -0.00000     Cmsurf  =   0.00000
     CDsurf  =   0.00000     Cnsurf  =   0.00000
     CDisurf =   0.00000     CDvsurf =   0.00000

 Forces referred to Ssurf, Cave 
     CLsurf  =   0.00000     CDsurf  =   0.00000

 Strip Forces referred to Strip Area, Chord
    j     Xle      Yle      Zle      Chord    Area     c_cl     ai     cl_norm    cl       cd       cdv    cm_c/4     cm_LE   C.P.x/c
    81  34.1026   0.0000   1.0901   7.1191   0.5459   0.0000  -0.0000   0.0000   0.0000   0.0000   0.0000   0.0000   0.0000   -0.525
    82  34.2314   0.0000   1.1983   7.0276   0.9775   0.0000   0.0000   0.0000   0.0000   0.0000   0.0000   0.0000   0.0000   -0.118
    83  34.4331   0.0000   1.3677   6.8842   1.3694   0.0000  -0.0000   0.0000   0.0000  -0.0000   0.0000   0.0000   0.0000   -0.440
    84  34.7038   0.0000   1.5951   6.6918   1.7040   0.0000   0.0000   0.0000   0.0000   0.0000   0.0000  -0.0000  -0.0000    0.269
    85  35.0377   0.0000   1.8756   6.4544   1.9680   0.0000   0.0000   0.0000   0.0000   0.0000   0.0000   0.0000   0.0000   -0.253
    86  35.4277   0.0000   2.2032   6.1771   2.1523   0.0000   0.0000   0.0000   0.0000   0.0000   0.0000   0.0000  -0.0000    0.200
    87  35.8650   0.0000   2.5705   5.8662   2.2535   0.0000  -0.0000   0.0000   0.0000  -0.0000   0.0000   0.0000   0.0000  999.000
    88  36.3398   0.0000   2.9693   5.5287   2.2729  -0.0000  -0.0000  -0.0000  -0.0000  -0.0000   0.0000   0.0000   0.0000  999.000
    89  36.8411   0.0000   3.3904   5.1723   2.2171   0.0000  -0.0000   0.0000   0.0000   0.0000   0.0000   0.0000   0.0000  999.000
    90  37.3575   0.0000   3.8241   4.8052   2.0965   0.0000  -0.0000   0.0000   0.0000   0.0000   0.0000   0.0000   0.0000   -0.289
    91  37.8769   0.0000   4.2604   4.4360   1.9243   0.0000   0.0000   0.0000   0.0000   0.0000   0.0000   0.0000   0.0000   -0.463
    92  38.3873   0.0000   4.6892   4.0731   1.7155   0.0000  -0.0000   0.0000   0.0000   0.0000   0.0000   0.0000   0.0000   -0.010
    93  38.8768   0.0000   5.1003   3.7251   1.4852   0.0000   0.0000   0.0000   0.0000   0.0000   0.0000  -0.0000  -0.0000    0.679
    94  39.3338   0.0000   5.4842   3.4002   1.2475   0.0000  -0.0000   0.0000   0.0000  -0.0000   0.0000  -0.0000  -0.0000    0.646
    95  39.7477   0.0000   5.8319   3.1059   1.0138   0.0000   0.0000   0.0000   0.0000  -0.0000   0.0000  -0.0000  -0.0000    0.797
    96  40.1088   0.0000   6.1352   2.8493   0.7929   0.0000  -0.0000   0.0000   0.0000  -0.0000   0.0000  -0.0000  -0.0000    0.528
    97  40.4084   0.0000   6.3868   2.6363   0.5894   0.0000  -0.0000   0.0000   0.0000   0.0000   0.0000  -0.0000  -0.0000    0.601
    98  40.6395   0.0000   6.5810   2.4720   0.4044   0.0000   0.0000   0.0000   0.0000  -0.0000   0.0000   0.0000  -0.0000    0.237
    99  40.7967   0.0000   6.7130   2.3602   0.2354   0.0000  -0.0000   0.0000   0.0000   0.0000   0.0000  -0.0000  -0.0000    0.362
   100  40.8762   0.0000   6.7798   2.3037   0.0772   0.0000   0.0000   0.0000   0.0000  -0.0000   0.0000  -0.0000  -0.0000    0.823

  Surface # 6     fuselage_horizontal                     
     # Chordwise = 10   # Spanwise = 10     First strip =101
     Surface area Ssurf =  127.532895     Ave. chord Cave =   34.468350

 Forces referred to Sref, Cref, Bref about Xref, Yref, Zref
 Standard axis orientation,  X fwd, Z down         
     CLsurf  =  -0.00506     Clsurf  =   0.00000
     CYsurf  =   0.00000     Cmsurf  =   0.06424
     CDsurf  =  -0.00039     Cnsurf  =   0.00000
     CDisurf =  -0.00039     CDvsurf =   0.00000

 Forces referred to Ssurf, Cave 
     CLsurf  =  -0.00453     CDsurf  =  -0.00035

 Strip Forces referred to Strip Area, Chord
    j     Xle      Yle      Zle      Chord    Area     c_cl     ai     cl_norm    cl       cd       cdv    cm_c/4     cm_LE   C.P.x/c
   101   3.4011  -1.6650   0.0000  27.8154  10.2917  -0.0083   0.0515  -0.0011  -0.0002  -0.0008   0.0000   0.0064   0.0008  999.000
   102   1.4576  -1.2950   0.0000  33.6099  12.4357  -0.0679   0.0427  -0.0029  -0.0020  -0.0003   0.0000   0.0072   0.0027  999.000
   103   0.6886  -0.9250   0.0000  35.9024  13.2839  -0.1222   0.0953  -0.0039  -0.0034  -0.0004   0.0000   0.0074   0.0045  999.000
   104   0.2519  -0.5550   0.0000  37.2046  13.7657  -0.2353   0.1048  -0.0066  -0.0063  -0.0003   0.0000   0.0079   0.0073    1.499
   105   0.0491  -0.1850   0.0000  37.8093  13.9895  -0.3495   0.1040  -0.0093  -0.0093  -0.0001   0.0000   0.0084   0.0104    1.157
   106   0.0491   0.1850   0.0000  37.8093  13.9895  -0.3495   0.1040  -0.0093  -0.0093  -0.0001   0.0000   0.0084   0.0104    1.157
   107   0.2519   0.5550   0.0000  37.2047  13.7657  -0.2353   0.1048  -0.0066  -0.0063  -0.0003   0.0000   0.0079   0.0073    1.499
   108   0.6886   0.9250   0.0000  35.9024  13.2839  -0.1222   0.0953  -0.0039  -0.0034  -0.0004   0.0000   0.0074   0.0045  999.000
   109   1.4576   1.2950   0.0000  33.6099  12.4357  -0.0679   0.0427  -0.0029  -0.0020  -0.0003   0.0000   0.0072   0.0027  999.000
   110   3.4011   1.6650   0.0000  27.8154  10.2917  -0.0083   0.0515  -0.0011  -0.0002  -0.0008   0.0000   0.0064   0.0008  999.000

  Surface # 7     fuselage_vertical                       
     # Chordwise = 10   # Spanwise = 10     First strip =111
     Surface area Ssurf =  127.532895     Ave. chord Cave =   34.468350

 Forces referred to Sref, Cref, Bref about Xref, Yref, Zref
 Standard axis orientation,  X fwd, Z down         
     CLsurf  =  -0.00000     Clsurf  =  -0.00000
     CYsurf  =   0.00000     Cmsurf  =  -0.00000
     CDsurf  =   0.00000     Cnsurf  =   0.00000
     CDisurf =   0.00000     CDvsurf =   0.00000

 Forces referred to Ssurf, Cave 
     CLsurf  =  -0.00000     CDsurf  =   0.00000

 Strip Forces referred to Strip Area, Chord
    j     Xle      Yle      Zle      Chord    Area     c_cl     ai     cl_norm    cl       cd       cdv    cm_c/4     cm_LE   C.P.x/c
   111   3.4011   0.0000  -1.6650  27.8154  10.2917  -0.0000  -0.0000  -0.0000  -0.0000   0.0000   0.0000   0.0000   0.0000    0.861
   112   1.4576   0.0000  -1.2950  33.6099  12.4357   0.0000   0.0000   0.0000   0.0000   0.0000   0.0000  -0.0000  -0.0000    1.701
   113   0.6886   0.0000  -0.9250  35.9024  13.2839  -0.0000   0.0000  -0.0000  -0.0000   0.0000   0.0000   0.0000   0.0000    0.333
   114   0.2519   0.0000  -0.5550  37.2046  13.7657  -0.0000   0.0000  -0.0000  -0.0000  -0.0000   0.0000   0.0000   0.0000    0.869
   115   0.0491   0.0000  -0.1850  37.8093  13.9895  -0.0000   0.0000  -0.0000  -0.0000   0.0000   0.0000   0.0000   0.0000    0.736
   116   0.0491   0.0000   0.1850  37.8093  13.9895   0.0000   0.0000   0.0000   0.0000   0.0000   0.0000  -0.0000  -0.0000  999.000
   117   0.2519   0.0000   0.5550  37.2047  13.7657  -0.0000  -0.0000  -0.0000  -0.0000  -0.0000   0.0000  -0.0000  -0.0000   -0.482
   118   0.6886   0.0000   0.9250  35.9024  13.2839   0.0000  -0.0000   0.0000   0.0000   0.0000   0.0000  -0.0000  -0.0000    1.749
   119   1.4576   0.0000   1.2950  33.6099  12.4357   0.0000   0.0000   0.0000   0.0000   0.0000   0.0000  -0.0000  -0.0000  999.000
   120   3.4011   0.0000   1.6650  27.8154  10.2917   0.0000   0.0000   0.0000   0.0000  -0.0000   0.0000  -0.0000  -0.0000    0.286
 ---------------------------------------------------------------
