 ---------------------------------------------------------------
 Surface and Strip Forces by surface

  Sref =  114.28       Cref =  3.9000       Bref =  35.408    
  Xref =  18.417       Yref =  0.0000       Zref =-0.93235    

  Surface # 1     main_wing                               
     # Chordwise = 10   # Spanwise = 20     First strip =  1
     Surface area Ssurf =   57.406339     Ave. chord Cave =    3.226606

 Forces referred to Sref, Cref, Bref about Xref, Yref, Zref
 Standard axis orientation,  X fwd, Z down         
     CLsurf  =   0.27112     Clsurf  =  -0.05564
     CYsurf  =  -0.01685     Cmsurf  =  -0.10703
     CDsurf  =   0.00443     Cnsurf  =  -0.00248
     CDisurf =   0.00443     CDvsurf =   0.00000

 Forces referred to Ssurf, Cave 
     CLsurf  =   0.54063     CDsurf  =   0.00882

 Strip Forces referred to Strip Area, Chord
    j     Xle      Yle      Zle      Chord    Area     c_cl     ai     cl_norm    cl       cd       cdv    cm_c/4     cm_LE   C.P.x/c
     1  15.6425   0.0298  -0.9323   5.8533   0.6958   2.6256   0.0459   0.4481   0.4481   0.0216   0.0000  -0.0331  -0.1452    0.324
     2  15.6425   0.2668  -0.9323   5.8533   2.0703   2.6219   0.0464   0.4476   0.4476   0.0210   0.0000  -0.0332  -0.1452    0.324
     3  15.6425   0.7350  -0.9323   5.8533   3.3938   2.5922   0.0433   0.4425   0.4425   0.0210   0.0000  -0.0333  -0.1440    0.325
     4  15.6425   1.4228  -0.9323   5.8533   4.6337   2.5178   0.0342   0.4296   0.4296   0.0219   0.0000  -0.0331  -0.1407    0.327
     5  15.8704   2.2168  -0.8931   5.6422   4.4344   2.4105   0.0247   0.5234   0.4270   0.0182   0.0000  -0.0321  -0.1187    0.325
     6  16.3905   3.0679  -0.8037   5.1603   4.7486   2.3151   0.0199   0.5501   0.4488   0.0131   0.0000  -0.0294  -0.1210    0.315
     7  17.0597   4.1628  -0.6886   4.5403   5.8190   2.2175   0.0221   0.5993   0.4888   0.0103   0.0000  -0.0302  -0.1301    0.312
     8  17.8739   5.4947  -0.5487   3.7862   5.2579   2.0960   0.0282   0.6795   0.5543   0.0085   0.0000  -0.0319  -0.1455    0.307
     9  18.6203   6.8102  -0.4104   3.2705   4.0749   1.9689   0.0293   0.7387   0.6030   0.0058   0.0000  -0.0295  -0.1601    0.299
    10  19.2714   8.0689  -0.2781   3.0279   3.8678   1.8623   0.0293   0.7548   0.6162   0.0042   0.0000  -0.0278  -0.1615    0.295
    11  19.9307   9.3432  -0.1442   2.7823   3.5541   1.7504   0.0274   0.7722   0.6304   0.0026   0.0000  -0.0271  -0.1640    0.293
    12  20.5818  10.6018  -0.0119   2.5396   3.1643   1.6320   0.0259   0.7888   0.6440   0.0013   0.0000  -0.0268  -0.1667    0.292
    13  21.2088  11.8138   0.1155   2.3060   2.7299   1.5084   0.0249   0.8031   0.6556  -0.0001   0.0000  -0.0264  -0.1688    0.290
    14  21.8404  13.0346   0.2439   2.0707   2.6095   1.3757   0.0249   0.8158   0.6660  -0.0012   0.0000  -0.0261  -0.1709    0.289
    15  22.4556  14.2238   0.3688   1.8415   2.0696   1.2346   0.0268   0.8233   0.6721  -0.0024   0.0000  -0.0250  -0.1712    0.287
    16  22.9933  15.2632   0.4781   1.6411   1.5753   1.0902   0.0322   0.8159   0.6661  -0.0034   0.0000  -0.0223  -0.1675    0.283
    17  23.4403  16.1272   0.5689   1.4746   1.1388   0.9356   0.0422   0.7794   0.6363  -0.0043   0.0000  -0.0163  -0.1555    0.276
    18  23.7855  16.7945   0.6390   1.3460   0.7613   0.7551   0.0560   0.6893   0.5627  -0.0052   0.0000  -0.0050  -0.1291    0.259
    19  24.0648  17.3344   0.6958   1.2419   0.6123   0.5190   0.0700   0.5135   0.4192  -0.0051   0.0000   0.0085  -0.0854    0.230
    20  24.2348  17.6629   0.7303   1.1786   0.1953   0.1830   0.0790   0.1909   0.1559  -0.0039   0.0000   0.0097  -0.0259    0.188

  Surface # 2     main_wing (YDUP)                        
     # Chordwise = 10   # Spanwise = 20     First strip = 21
     Surface area Ssurf =   57.406339     Ave. chord Cave =    3.226606

 Forces referred to Sref, Cref, Bref about Xref, Yref, Zref
 Standard axis orientation,  X fwd, Z down         
     CLsurf  =   0.27112     Clsurf  =   0.05564
     CYsurf  =   0.01685     Cmsurf  =  -0.10703
     CDsurf  =   0.00443     Cnsurf  =   0.00248
     CDisurf =   0.00443     CDvsurf =   0.00000

 Forces referred to Ssurf, Cave 
     CLsurf  =   0.54063     CDsurf  =   0.00882

 Strip Forces referred to Strip Area, Chord
    j     Xle      Yle      Zle      Chord    Area     c_cl     ai     cl_norm    cl       cd       cdv    cm_c/4     cm_LE   C.P.x/c
    21  15.6425  -0.0298  -0.9323   5.8533   0.6958   2.6256   0.0459   0.4481   0.4481   0.0216   0.0000  -0.0331   0.1452    0.324
    22  15.6425  -0.2668  -0.9323   5.8533   2.0703   2.6219   0.0464   0.4476   0.4476   0.0210   0.0000  -0.0332   0.1452    0.324
    23  15.6425  -0.7350  -0.9323   5.8533   3.3938   2.5922   0.0433   0.4425   0.4425   0.0210   0.0000  -0.0333   0.1440    0.325
    24  15.6425  -1.4228  -0.9323   5.8533   4.6337   2.5178   0.0342   0.4296   0.4296   0.0219   0.0000  -0.0331   0.1407    0.327
    25  15.8704  -2.2168  -0.8931   5.6422   4.4344   2.4105   0.0247   0.5234   0.4270   0.0182   0.0000  -0.0321   0.1187    0.325
    26  16.3905  -3.0679  -0.8037   5.1603   4.7486   2.3151   0.0199   0.5501   0.4488   0.0131   0.0000  -0.0294   0.1210    0.315
    27  17.0597  -4.1628  -0.6886   4.5403   5.8190   2.2175   0.0221   0.5993   0.4888   0.0103   0.0000  -0.0302   0.1301    0.312
    28  17.8739  -5.4947  -0.5487   3.7862   5.2579   2.0960   0.0282   0.6795   0.5543   0.0085   0.0000  -0.0319   0.1455    0.307
    29  18.6203  -6.8102  -0.4104   3.2705   4.0749   1.9689   0.0293   0.7387   0.6030   0.0058   0.0000  -0.0295   0.1601    0.299
    30  19.2714  -8.0689  -0.2781   3.0279   3.8678   1.8623   0.0293   0.7548   0.6162   0.0042   0.0000  -0.0278   0.1615    0.295
    31  19.9307  -9.3432  -0.1442   2.7823   3.5541   1.7504   0.0274   0.7722   0.6304   0.0026   0.0000  -0.0271   0.1640    0.293
    32  20.5818 -10.6018  -0.0119   2.5396   3.1643   1.6320   0.0259   0.7888   0.6440   0.0013   0.0000  -0.0268   0.1667    0.292
    33  21.2088 -11.8138   0.1155   2.3060   2.7299   1.5084   0.0249   0.8031   0.6556  -0.0001   0.0000  -0.0264   0.1688    0.290
    34  21.8404 -13.0346   0.2439   2.0707   2.6095   1.3757   0.0249   0.8158   0.6660  -0.0012   0.0000  -0.0261   0.1709    0.289
    35  22.4556 -14.2238   0.3688   1.8415   2.0696   1.2346   0.0268   0.8233   0.6721  -0.0024   0.0000  -0.0250   0.1712    0.287
    36  22.9933 -15.2632   0.4781   1.6411   1.5753   1.0902   0.0322   0.8159   0.6661  -0.0034   0.0000  -0.0223   0.1675    0.283
    37  23.4403 -16.1272   0.5689   1.4746   1.1388   0.9356   0.0422   0.7794   0.6363  -0.0043   0.0000  -0.0163   0.1555    0.276
    38  23.7855 -16.7945   0.6390   1.3460   0.7613   0.7551   0.0560   0.6893   0.5627  -0.0052   0.0000  -0.0050   0.1291    0.259
    39  24.0648 -17.3344   0.6958   1.2419   0.6123   0.5190   0.0700   0.5135   0.4192  -0.0051   0.0000   0.0085   0.0854    0.230
    40  24.2348 -17.6629   0.7303   1.1786   0.1953   0.1830   0.0790   0.1909   0.1559  -0.0039   0.0000   0.0097   0.0259    0.188

  Surface # 3     horizontal_stabilizer                   
     # Chordwise = 10   # Spanwise = 20     First strip = 41
     Surface area Ssurf =   16.275349     Ave. chord Cave =    2.806191

 Forces referred to Sref, Cref, Bref about Xref, Yref, Zref
 Standard axis orientation,  X fwd, Z down         
     CLsurf  =  -0.01850     Clsurf  =   0.00132
     CYsurf  =  -0.00032     Cmsurf  =   0.08547
     CDsurf  =  -0.00047     Cnsurf  =   0.00022
     CDisurf =  -0.00047     CDvsurf =   0.00000

 Forces referred to Ssurf, Cave 
     CLsurf  =  -0.12994     CDsurf  =  -0.00333

 Strip Forces referred to Strip Area, Chord
    j     Xle      Yle      Zle      Chord    Area     c_cl     ai     cl_norm    cl       cd       cdv    cm_c/4     cm_LE   C.P.x/c
    41  32.2619   0.0084   1.0597   3.9461   0.1328  -0.2095   0.1227  -0.0754  -0.0538   0.0090   0.0000   0.0390   0.0422    0.975
    42  32.3111   0.0755   1.0597   3.9196   0.3924  -0.2116   0.1188  -0.0755  -0.0539  -0.0031   0.0000   0.0395   0.0427    0.983
    43  32.4083   0.2081   1.0597   3.8674   0.6348  -0.2233   0.1155  -0.0807  -0.0576  -0.0041   0.0000   0.0411   0.0447    0.963
    44  32.5511   0.4028   1.0597   3.7906   0.8495  -0.2602   0.1134  -0.0960  -0.0685  -0.0047   0.0000   0.0453   0.0504    0.912
    45  32.7446   0.6666   1.0597   3.6866   1.1177  -0.3820   0.0060  -0.1454  -0.1038  -0.0011   0.0000   0.0601   0.0694    0.829
    46  32.9867   0.9967   1.0597   3.5564   1.2625  -0.4465   0.0054  -0.1761  -0.1257  -0.0021   0.0000   0.0670   0.0793    0.783
    47  33.2637   1.3744   1.0597   3.4075   1.3564  -0.4893   0.0052  -0.2014  -0.1437  -0.0030   0.0000   0.0709   0.0861    0.743
    48  33.5689   1.7904   1.0597   3.2436   1.3990  -0.5141   0.0053  -0.2222  -0.1586  -0.0038   0.0000   0.0730   0.0908    0.710
    49  33.8945   2.2344   1.0597   3.0685   1.3929  -0.5187   0.0054  -0.2370  -0.1691  -0.0043   0.0000   0.0742   0.0939    0.689
    50  34.2327   2.6955   1.0597   2.8867   1.3435  -0.5000   0.0052  -0.2428  -0.1733  -0.0046   0.0000   0.0751   0.0955    0.684
    51  34.5752   3.1623   1.0597   2.7027   1.2578  -0.4600   0.0045  -0.2386  -0.1703  -0.0044   0.0000   0.0760   0.0956    0.696
    52  34.9134   3.6234   1.0597   2.5209   1.1444  -0.4072   0.0032  -0.2265  -0.1616  -0.0040   0.0000   0.0766   0.0944    0.724
    53  35.2390   4.0674   1.0597   2.3458   1.0118  -0.3515   0.0007  -0.2101  -0.1500  -0.0036   0.0000   0.0766   0.0920    0.761
    54  35.5442   4.4834   1.0597   2.1819   0.8685  -0.2987  -0.0034  -0.1919  -0.1370  -0.0032   0.0000   0.0751   0.0882    0.798
    55  35.8212   4.8611   1.0597   2.0330   0.7217  -0.2467  -0.0100  -0.1702  -0.1214  -0.0029   0.0000   0.0706   0.0814    0.831
    56  36.0633   5.1912   1.0597   1.9028   0.5769  -0.1837  -0.0183  -0.1354  -0.0966  -0.0026   0.0000   0.0596   0.0676    0.867
    57  36.2471   5.4418   1.0597   1.8040   0.3594  -0.0674   0.0811  -0.0521  -0.0372  -0.0036   0.0000   0.0308   0.0323    1.077
    58  36.3741   5.6149   1.0597   1.7358   0.2532  -0.0281   0.0774  -0.0225  -0.0161  -0.0020   0.0000   0.0191   0.0187    1.439
    59  36.4605   5.7327   1.0597   1.6894   0.1504  -0.0107   0.0753  -0.0088  -0.0062  -0.0012   0.0000   0.0110   0.0102  999.000
    60  36.5042   5.7923   1.0597   1.6659   0.0498  -0.0026   0.0743  -0.0022  -0.0016  -0.0005   0.0000   0.0037   0.0033  999.000

  Surface # 4     horizontal_stabilizer (YDUP)            
     # Chordwise = 10   # Spanwise = 20     First strip = 61
     Surface area Ssurf =   16.275349     Ave. chord Cave =    2.806191

 Forces referred to Sref, Cref, Bref about Xref, Yref, Zref
 Standard axis orientation,  X fwd, Z down         
     CLsurf  =  -0.01850     Clsurf  =  -0.00132
     CYsurf  =   0.00032     Cmsurf  =   0.08547
     CDsurf  =  -0.00047     Cnsurf  =  -0.00022
     CDisurf =  -0.00047     CDvsurf =   0.00000

 Forces referred to Ssurf, Cave 
     CLsurf  =  -0.12994     CDsurf  =  -0.00333

 Strip Forces referred to Strip Area, Chord
    j     Xle      Yle      Zle      Chord    Area     c_cl     ai     cl_norm    cl       cd       cdv    cm_c/4     cm_LE   C.P.x/c
    61  32.2619  -0.0084   1.0597   3.9461   0.1328  -0.2095   0.1227  -0.0754  -0.0538   0.0090   0.0000   0.0390  -0.0422    0.975
    62  32.3111  -0.0755   1.0597   3.9196   0.3924  -0.2116   0.1188  -0.0755  -0.0539  -0.0031   0.0000   0.0395  -0.0427    0.983
    63  32.4083  -0.2081   1.0597   3.8674   0.6348  -0.2233   0.1155  -0.0807  -0.0576  -0.0041   0.0000   0.0411  -0.0447    0.963
    64  32.5511  -0.4028   1.0597   3.7906   0.8495  -0.2602   0.1134  -0.0960  -0.0685  -0.0047   0.0000   0.0453  -0.0504    0.912
    65  32.7446  -0.6666   1.0597   3.6866   1.1177  -0.3820   0.0060  -0.1454  -0.1038  -0.0011   0.0000   0.0601  -0.0694    0.829
    66  32.9867  -0.9967   1.0597   3.5564   1.2625  -0.4465   0.0054  -0.1761  -0.1257  -0.0021   0.0000   0.0670  -0.0793    0.783
    67  33.2637  -1.3744   1.0597   3.4075   1.3564  -0.4893   0.0052  -0.2014  -0.1437  -0.0030   0.0000   0.0709  -0.0861    0.743
    68  33.5689  -1.7904   1.0597   3.2436   1.3990  -0.5141   0.0053  -0.2222  -0.1586  -0.0038   0.0000   0.0730  -0.0908    0.710
    69  33.8945  -2.2344   1.0597   3.0685   1.3929  -0.5187   0.0054  -0.2370  -0.1691  -0.0043   0.0000   0.0742  -0.0939    0.689
    70  34.2327  -2.6955   1.0597   2.8867   1.3435  -0.5000   0.0052  -0.2428  -0.1733  -0.0046   0.0000   0.0751  -0.0955    0.684
    71  34.5752  -3.1623   1.0597   2.7027   1.2578  -0.4600   0.0045  -0.2386  -0.1703  -0.0044   0.0000   0.0760  -0.0956    0.696
    72  34.9134  -3.6234   1.0597   2.5209   1.1444  -0.4072   0.0032  -0.2265  -0.1616  -0.0040   0.0000   0.0766  -0.0944    0.724
    73  35.2390  -4.0674   1.0597   2.3458   1.0118  -0.3515   0.0007  -0.2101  -0.1500  -0.0036   0.0000   0.0766  -0.0920    0.761
    74  35.5442  -4.4834   1.0597   2.1819   0.8685  -0.2987  -0.0034  -0.1919  -0.1370  -0.0032   0.0000   0.0751  -0.0882    0.798
    75  35.8212  -4.8611   1.0597   2.0330   0.7217  -0.2467  -0.0100  -0.1702  -0.1214  -0.0029   0.0000   0.0706  -0.0814    0.831
    76  36.0633  -5.1912   1.0597   1.9028   0.5769  -0.1837  -0.0183  -0.1354  -0.0966  -0.0026   0.0000   0.0596  -0.0676    0.867
    77  36.2471  -5.4418   1.0597   1.8040   0.3594  -0.0674   0.0811  -0.0521  -0.0372  -0.0036   0.0000   0.0308  -0.0323    1.077
    78  36.3741  -5.6149   1.0597   1.7358   0.2532  -0.0281   0.0774  -0.0225  -0.0161  -0.0020   0.0000   0.0191  -0.0187    1.439
    79  36.4605  -5.7327   1.0597   1.6894   0.1504  -0.0107   0.0753  -0.0088  -0.0062  -0.0012   0.0000   0.0110  -0.0102  999.000
    80  36.5042  -5.7923   1.0597   1.6659   0.0498  -0.0026   0.0743  -0.0022  -0.0016  -0.0005   0.0000   0.0037  -0.0033  999.000

  Surface # 5     vertical_stabilizer                     
     # Chordwise = 10   # Spanwise = 20     First strip = 81
     Surface area Ssurf =   27.042708     Ave. chord Cave =    4.720731

 Forces referred to Sref, Cref, Bref about Xref, Yref, Zref
 Standard axis orientation,  X fwd, Z down         
     CLsurf  =  -0.00000     Clsurf  =  -0.00000
     CYsurf  =  -0.00000     Cmsurf  =   0.00000
     CDsurf  =   0.00000     Cnsurf  =   0.00000
     CDisurf =   0.00000     CDvsurf =   0.00000

 Forces referred to Ssurf, Cave 
     CLsurf  =   0.00000     CDsurf  =   0.00000

 Strip Forces referred to Strip Area, Chord
    j     Xle      Yle      Zle      Chord    Area     c_cl     ai     cl_norm    cl       cd       cdv    cm_c/4     cm_LE   C.P.x/c
    81  34.1026   0.0000   1.0901   7.1191   0.5459   0.0000  -0.0000   0.0000   0.0000   0.0000   0.0000   0.0000   0.0000   -0.123
    82  34.2314   0.0000   1.1983   7.0276   0.9775   0.0000   0.0000   0.0000   0.0000  -0.0000   0.0000   0.0000   0.0000   -0.043
    83  34.4331   0.0000   1.3677   6.8842   1.3694   0.0000  -0.0000   0.0000   0.0000  -0.0000   0.0000   0.0000   0.0000   -0.305
    84  34.7038   0.0000   1.5951   6.6918   1.7040   0.0000   0.0000   0.0000   0.0000  -0.0000   0.0000  -0.0000  -0.0000    0.276
    85  35.0377   0.0000   1.8756   6.4544   1.9680   0.0000  -0.0000   0.0000   0.0000   0.0000   0.0000   0.0000   0.0000   -0.172
    86  35.4277   0.0000   2.2032   6.1771   2.1523   0.0000   0.0000   0.0000   0.0000   0.0000   0.0000   0.0000  -0.0000    0.206
    87  35.8650   0.0000   2.5705   5.8662   2.2535   0.0000  -0.0000   0.0000   0.0000  -0.0000   0.0000   0.0000   0.0000  999.000
    88  36.3398   0.0000   2.9693   5.5287   2.2729  -0.0000  -0.0000  -0.0000  -0.0000  -0.0000   0.0000   0.0000   0.0000  999.000
    89  36.8411   0.0000   3.3904   5.1723   2.2171   0.0000  -0.0000   0.0000   0.0000  -0.0000   0.0000   0.0000   0.0000  999.000
    90  37.3575   0.0000   3.8241   4.8052   2.0965   0.0000   0.0000   0.0000   0.0000   0.0000   0.0000   0.0000   0.0000   -0.165
    91  37.8769   0.0000   4.2604   4.4360   1.9243   0.0000  -0.0000   0.0000   0.0000   0.0000   0.0000   0.0000   0.0000   -0.422
    92  38.3873   0.0000   4.6892   4.0731   1.7155   0.0000  -0.0000   0.0000   0.0000   0.0000   0.0000   0.0000   0.0000   -0.027
    93  38.8768   0.0000   5.1003   3.7251   1.4852   0.0000   0.0000   0.0000   0.0000   0.0000   0.0000  -0.0000  -0.0000    0.670
    94  39.3338   0.0000   5.4842   3.4002   1.2475   0.0000   0.0000   0.0000   0.0000  -0.0000   0.0000  -0.0000  -0.0000    0.637
    95  39.7477   0.0000   5.8319   3.1059   1.0138   0.0000   0.0000   0.0000   0.0000  -0.0000   0.0000  -0.0000  -0.0000    0.805
    96  40.1088   0.0000   6.1352   2.8493   0.7929   0.0000  -0.0000   0.0000   0.0000  -0.0000   0.0000  -0.0000  -0.0000    0.511
    97  40.4084   0.0000   6.3868   2.6363   0.5894   0.0000  -0.0000   0.0000   0.0000  -0.0000   0.0000  -0.0000  -0.0000    0.603
    98  40.6395   0.0000   6.5810   2.4720   0.4044   0.0000   0.0000   0.0000   0.0000  -0.0000   0.0000   0.0000  -0.0000    0.110
    99  40.7967   0.0000   6.7130   2.3602   0.2354   0.0000   0.0000   0.0000   0.0000   0.0000   0.0000  -0.0000  -0.0000    0.258
   100  40.8762   0.0000   6.7798   2.3037   0.0772   0.0000   0.0000   0.0000   0.0000  -0.0000   0.0000  -0.0000  -0.0000    0.869

  Surface # 6     fuselage_horizontal                     
     # Chordwise = 10   # Spanwise = 10     First strip =101
     Surface area Ssurf =  127.532895     Ave. chord Cave =   34.468350

 Forces referred to Sref, Cref, Bref about Xref, Yref, Zref
 Standard axis orientation,  X fwd, Z down         
     CLsurf  =  -0.00486     Clsurf  =   0.00000
     CYsurf  =   0.00000     Cmsurf  =   0.04313
     CDsurf  =  -0.00020     Cnsurf  =   0.00000
     CDisurf =  -0.00020     CDvsurf =   0.00000

 Forces referred to Ssurf, Cave 
     CLsurf  =  -0.00435     CDsurf  =  -0.00018

 Strip Forces referred to Strip Area, Chord
    j     Xle      Yle      Zle      Chord    Area     c_cl     ai     cl_norm    cl       cd       cdv    cm_c/4     cm_LE   C.P.x/c
   101   3.4011  -1.6650   0.0000  27.8154  10.2917  -0.0321   0.0300  -0.0057  -0.0011  -0.0003   0.0000   0.0047   0.0006  999.000
   102   1.4576  -1.2950   0.0000  33.6099  12.4357  -0.0828   0.0273  -0.0036  -0.0025  -0.0001   0.0000   0.0052   0.0021  999.000
   103   0.6886  -0.9250   0.0000  35.9024  13.2839  -0.1241   0.0668  -0.0040  -0.0035  -0.0002   0.0000   0.0052   0.0033    1.764
   104   0.2519  -0.5550   0.0000  37.2046  13.7657  -0.2120   0.0736  -0.0060  -0.0057  -0.0002   0.0000   0.0056   0.0054    1.235
   105   0.0491  -0.1850   0.0000  37.8093  13.9895  -0.2994   0.0730  -0.0080  -0.0079  -0.0001   0.0000   0.0060   0.0077    1.009
   106   0.0491   0.1850   0.0000  37.8093  13.9895  -0.2994   0.0730  -0.0080  -0.0079  -0.0001   0.0000   0.0060   0.0077    1.009
   107   0.2519   0.5550   0.0000  37.2047  13.7657  -0.2120   0.0736  -0.0060  -0.0057  -0.0002   0.0000   0.0056   0.0054    1.235
   108   0.6886   0.9250   0.0000  35.9024  13.2839  -0.1241   0.0668  -0.0040  -0.0035  -0.0002   0.0000   0.0052   0.0033    1.764
   109   1.4576   1.2950   0.0000  33.6099  12.4357  -0.0828   0.0273  -0.0036  -0.0025  -0.0001   0.0000   0.0052   0.0021  999.000
   110   3.4011   1.6650   0.0000  27.8154  10.2917  -0.0321   0.0300  -0.0057  -0.0011  -0.0003   0.0000   0.0047   0.0006  999.000

  Surface # 7     fuselage_vertical                       
     # Chordwise = 10   # Spanwise = 10     First strip =111
     Surface area Ssurf =  127.532895     Ave. chord Cave =   34.468350

 Forces referred to Sref, Cref, Bref about Xref, Yref, Zref
 Standard axis orientation,  X fwd, Z down         
     CLsurf  =  -0.00000     Clsurf  =   0.00000
     CYsurf  =   0.00000     Cmsurf  =   0.00000
     CDsurf  =   0.00000     Cnsurf  =  -0.00000
     CDisurf =   0.00000     CDvsurf =   0.00000

 Forces referred to Ssurf, Cave 
     CLsurf  =  -0.00000     CDsurf  =   0.00000

 Strip Forces referred to Strip Area, Chord
    j     Xle      Yle      Zle      Chord    Area     c_cl     ai     cl_norm    cl       cd       cdv    cm_c/4     cm_LE   C.P.x/c
   111   3.4011   0.0000  -1.6650  27.8154  10.2917  -0.0000  -0.0000  -0.0000  -0.0000   0.0000   0.0000   0.0000   0.0000    0.860
   112   1.4576   0.0000  -1.2950  33.6099  12.4357   0.0000   0.0000   0.0000   0.0000   0.0000   0.0000  -0.0000  -0.0000    1.869
   113   0.6886   0.0000  -0.9250  35.9024  13.2839  -0.0000   0.0000  -0.0000  -0.0000   0.0000   0.0000   0.0000   0.0000    0.460
   114   0.2519   0.0000  -0.5550  37.2046  13.7657  -0.0000  -0.0000  -0.0000  -0.0000   0.0000   0.0000   0.0000   0.0000    0.876
   115   0.0491   0.0000  -0.1850  37.8093  13.9895  -0.0000   0.0000  -0.0000  -0.0000  -0.0000   0.0000   0.0000   0.0000    0.726
   116   0.0491   0.0000   0.1850  37.8093  13.9895  -0.0000   0.0000  -0.0000  -0.0000   0.0000   0.0000  -0.0000  -0.0000   -0.860
   117   0.2519   0.0000   0.5550  37.2047  13.7657  -0.0000  -0.0000  -0.0000  -0.0000  -0.0000   0.0000  -0.0000   0.0000    0.167
   118   0.6886   0.0000   0.9250  35.9024  13.2839  -0.0000  -0.0000  -0.0000  -0.0000  -0.0000   0.0000  -0.0000  -0.0000  999.000
   119   1.4576   0.0000   1.2950  33.6099  12.4357  -0.0000  -0.0000  -0.0000  -0.0000   0.0000   0.0000  -0.0000  -0.0000   -0.176
   120   3.4011   0.0000   1.6650  27.8154  10.2917   0.0000   0.0000   0.0000   0.0000   0.0000   0.0000  -0.0000  -0.0000    0.342
 ---------------------------------------------------------------
