 ---------------------------------------------------------------
 Surface and Strip Forces by surface

  Sref =  114.28       Cref =  3.9000       Bref =  35.408    
  Xref =  18.417       Yref =  0.0000       Zref =-0.93235    

  Surface # 1     main_wing                               
     # Chordwise = 10   # Spanwise = 20     First strip =  1
     Surface area Ssurf =   57.406339     Ave. chord Cave =    3.226606

 Forces referred to Sref, Cref, Bref about Xref, Yref, Zref
 Standard axis orientation,  X fwd, Z down         
     CLsurf  =   0.59432     Clsurf  =  -0.11879
     CYsurf  =  -0.00292     Cmsurf  =  -0.22279
     CDsurf  =   0.02214     Cnsurf  =  -0.02242
     CDisurf =   0.02214     CDvsurf =   0.00000

 Forces referred to Ssurf, Cave 
     CLsurf  =   1.17954     CDsurf  =   0.04408

 Strip Forces referred to Strip Area, Chord
    j     Xle      Yle      Zle      Chord    Area     c_cl     ai     cl_norm    cl       cd       cdv    cm_c/4     cm_LE   C.P.x/c
     1  15.6425   0.0298  -0.9323   5.8533   0.6958   5.6834   0.1123   0.9689   0.9689   0.1101   0.0000  -0.0481  -0.2908    0.300
     2  15.6425   0.2668  -0.9323   5.8533   2.0703   5.6760   0.1121   0.9678   0.9678   0.1091   0.0000  -0.0481  -0.2905    0.300
     3  15.6425   0.7350  -0.9323   5.8533   3.3938   5.6224   0.1054   0.9582   0.9582   0.1102   0.0000  -0.0474  -0.2876    0.299
     4  15.6425   1.4228  -0.9323   5.8533   4.6337   5.5027   0.0869   0.9362   0.9362   0.1154   0.0000  -0.0452  -0.2802    0.298
     5  15.8704   2.2168  -0.8931   5.6422   4.4344   5.2337   0.0677   1.1438   0.9282   0.0934   0.0000  -0.0411  -0.2333    0.294
     6  16.3905   3.0679  -0.8037   5.1603   4.7486   5.0848   0.0601   1.2232   0.9927   0.0675   0.0000  -0.0312  -0.2371    0.281
     7  17.0597   4.1628  -0.6886   4.5403   5.8190   4.8789   0.0619   1.3395   1.0870   0.0521   0.0000  -0.0291  -0.2544    0.277
     8  17.8739   5.4947  -0.5487   3.7862   5.2579   4.5744   0.0654   1.5117   1.2267   0.0369   0.0000  -0.0307  -0.2843    0.275
     9  18.6203   6.8102  -0.4104   3.2705   4.0749   4.2595   0.0594   1.6331   1.3263   0.0206   0.0000  -0.0256  -0.3123    0.269
    10  19.2714   8.0689  -0.2781   3.0279   3.8678   4.0002   0.0583   1.6581   1.3466   0.0148   0.0000  -0.0238  -0.3148    0.268
    11  19.9307   9.3432  -0.1442   2.7823   3.5541   3.7360   0.0545   1.6869   1.3700   0.0091   0.0000  -0.0231  -0.3191    0.267
    12  20.5818  10.6018  -0.0119   2.5396   3.1643   3.4639   0.0512   1.7148   1.3927   0.0037   0.0000  -0.0227  -0.3234    0.266
    13  21.2088  11.8138   0.1155   2.3060   2.7299   3.1858   0.0493   1.7383   1.4117  -0.0013   0.0000  -0.0221  -0.3268    0.266
    14  21.8404  13.0346   0.2439   2.0707   2.6095   2.8926   0.0489   1.7587   1.4283  -0.0053   0.0000  -0.0219  -0.3300    0.265
    15  22.4556  14.2238   0.3688   1.8415   2.0696   2.5863   0.0528   1.7694   1.4370  -0.0098   0.0000  -0.0202  -0.3302    0.264
    16  22.9933  15.2632   0.4781   1.6411   1.5753   2.2799   0.0641   1.7510   1.4220  -0.0128   0.0000  -0.0161  -0.3232    0.261
    17  23.4403  16.1272   0.5689   1.4746   1.1388   1.9596   0.0866   1.6755   1.3607  -0.0144   0.0000  -0.0066  -0.3013    0.255
    18  23.7855  16.7945   0.6390   1.3460   0.7613   1.5909   0.1200   1.4910   1.2109  -0.0160   0.0000   0.0127  -0.2515    0.240
    19  24.0648  17.3344   0.6958   1.2419   0.6123   1.1034   0.1563   1.1212   0.9106  -0.0137   0.0000   0.0366  -0.1650    0.210
    20  24.2348  17.6629   0.7303   1.1786   0.1953   0.3916   0.1808   0.4213   0.3422  -0.0130   0.0000   0.0308  -0.0465    0.160

  Surface # 2     main_wing (YDUP)                        
     # Chordwise = 10   # Spanwise = 20     First strip = 21
     Surface area Ssurf =   57.406339     Ave. chord Cave =    3.226606

 Forces referred to Sref, Cref, Bref about Xref, Yref, Zref
 Standard axis orientation,  X fwd, Z down         
     CLsurf  =   0.59432     Clsurf  =   0.11879
     CYsurf  =   0.00292     Cmsurf  =  -0.22279
     CDsurf  =   0.02214     Cnsurf  =   0.02242
     CDisurf =   0.02214     CDvsurf =   0.00000

 Forces referred to Ssurf, Cave 
     CLsurf  =   1.17954     CDsurf  =   0.04408

 Strip Forces referred to Strip Area, Chord
    j     Xle      Yle      Zle      Chord    Area     c_cl     ai     cl_norm    cl       cd       cdv    cm_c/4     cm_LE   C.P.x/c
    21  15.6425  -0.0298  -0.9323   5.8533   0.6958   5.6834   0.1123   0.9689   0.9689   0.1101   0.0000  -0.0481   0.2908    0.300
    22  15.6425  -0.2668  -0.9323   5.8533   2.0703   5.6760   0.1121   0.9678   0.9678   0.1091   0.0000  -0.0481   0.2905    0.300
    23  15.6425  -0.7350  -0.9323   5.8533   3.3938   5.6224   0.1054   0.9582   0.9582   0.1102   0.0000  -0.0474   0.2876    0.299
    24  15.6425  -1.4228  -0.9323   5.8533   4.6337   5.5027   0.0869   0.9362   0.9362   0.1154   0.0000  -0.0452   0.2802    0.298
    25  15.8704  -2.2168  -0.8931   5.6422   4.4344   5.2337   0.0677   1.1438   0.9282   0.0934   0.0000  -0.0411   0.2333    0.294
    26  16.3905  -3.0679  -0.8037   5.1603   4.7486   5.0848   0.0601   1.2232   0.9927   0.0675   0.0000  -0.0312   0.2371    0.281
    27  17.0597  -4.1628  -0.6886   4.5403   5.8190   4.8789   0.0619   1.3395   1.0870   0.0521   0.0000  -0.0291   0.2544    0.277
    28  17.8739  -5.4947  -0.5487   3.7862   5.2579   4.5744   0.0654   1.5117   1.2267   0.0369   0.0000  -0.0307   0.2843    0.275
    29  18.6203  -6.8102  -0.4104   3.2705   4.0749   4.2595   0.0594   1.6331   1.3263   0.0206   0.0000  -0.0256   0.3123    0.269
    30  19.2714  -8.0689  -0.2781   3.0279   3.8678   4.0002   0.0583   1.6581   1.3466   0.0148   0.0000  -0.0238   0.3148    0.268
    31  19.9307  -9.3432  -0.1442   2.7823   3.5541   3.7360   0.0545   1.6869   1.3700   0.0091   0.0000  -0.0231   0.3191    0.267
    32  20.5818 -10.6018  -0.0119   2.5396   3.1643   3.4639   0.0512   1.7148   1.3927   0.0037   0.0000  -0.0227   0.3234    0.266
    33  21.2088 -11.8138   0.1155   2.3060   2.7299   3.1858   0.0493   1.7383   1.4117  -0.0013   0.0000  -0.0221   0.3268    0.266
    34  21.8404 -13.0346   0.2439   2.0707   2.6095   2.8926   0.0489   1.7587   1.4283  -0.0053   0.0000  -0.0219   0.3300    0.265
    35  22.4556 -14.2238   0.3688   1.8415   2.0696   2.5863   0.0528   1.7694   1.4370  -0.0098   0.0000  -0.0202   0.3302    0.264
    36  22.9933 -15.2632   0.4781   1.6411   1.5753   2.2799   0.0641   1.7510   1.4220  -0.0128   0.0000  -0.0161   0.3232    0.261
    37  23.4403 -16.1272   0.5689   1.4746   1.1388   1.9596   0.0866   1.6755   1.3607  -0.0144   0.0000  -0.0066   0.3013    0.255
    38  23.7855 -16.7945   0.6390   1.3460   0.7613   1.5909   0.1200   1.4910   1.2109  -0.0160   0.0000   0.0127   0.2515    0.240
    39  24.0648 -17.3344   0.6958   1.2419   0.6123   1.1034   0.1563   1.1212   0.9106  -0.0137   0.0000   0.0366   0.1650    0.210
    40  24.2348 -17.6629   0.7303   1.1786   0.1953   0.3916   0.1808   0.4213   0.3422  -0.0130   0.0000   0.0308   0.0465    0.160

  Surface # 3     horizontal_stabilizer                   
     # Chordwise = 10   # Spanwise = 20     First strip = 41
     Surface area Ssurf =   16.275349     Ave. chord Cave =    2.806191

 Forces referred to Sref, Cref, Bref about Xref, Yref, Zref
 Standard axis orientation,  X fwd, Z down         
     CLsurf  =  -0.03153     Clsurf  =   0.00213
     CYsurf  =  -0.00156     Cmsurf  =   0.15105
     CDsurf  =  -0.00205     Cnsurf  =   0.00113
     CDisurf =  -0.00205     CDvsurf =   0.00000

 Forces referred to Ssurf, Cave 
     CLsurf  =  -0.22141     CDsurf  =  -0.01437

 Strip Forces referred to Strip Area, Chord
    j     Xle      Yle      Zle      Chord    Area     c_cl     ai     cl_norm    cl       cd       cdv    cm_c/4     cm_LE   C.P.x/c
    41  32.2619   0.0084   1.0597   3.9461   0.1328  -0.1959   0.3307  -0.0811  -0.0587   0.0386   0.0000   0.0782   0.0730    1.580
    42  32.3111   0.0755   1.0597   3.9196   0.3924  -0.2008   0.3223  -0.0692  -0.0501  -0.0105   0.0000   0.0794   0.0744    1.835
    43  32.4083   0.2081   1.0597   3.8674   0.6348  -0.2297   0.3161  -0.0795  -0.0576  -0.0149   0.0000   0.0839   0.0797    1.708
    44  32.5511   0.4028   1.0597   3.7906   0.8495  -0.3243   0.3130  -0.1148  -0.0832  -0.0203   0.0000   0.0963   0.0949    1.408
    45  32.7446   0.6666   1.0597   3.6866   1.1177  -0.6495   0.0142  -0.2480  -0.1796  -0.0015   0.0000   0.1381   0.1469    1.019
    46  32.9867   0.9967   1.0597   3.5564   1.2625  -0.8095   0.0155  -0.3186  -0.2308  -0.0083   0.0000   0.1583   0.1735    0.936
    47  33.2637   1.3744   1.0597   3.4075   1.3564  -0.9045   0.0175  -0.3705  -0.2683  -0.0136   0.0000   0.1707   0.1911    0.886
    48  33.5689   1.7904   1.0597   3.2436   1.3990  -0.9484   0.0195  -0.4073  -0.2950  -0.0176   0.0000   0.1785   0.2028    0.855
    49  33.8945   2.2344   1.0597   3.0685   1.3929  -0.9448   0.0210  -0.4285  -0.3103  -0.0201   0.0000   0.1836   0.2101    0.842
    50  34.2327   2.6955   1.0597   2.8867   1.3435  -0.8956   0.0215  -0.4315  -0.3126  -0.0208   0.0000   0.1872   0.2135    0.849
    51  34.5752   3.1623   1.0597   2.7027   1.2578  -0.8071   0.0207  -0.4155  -0.3009  -0.0199   0.0000   0.1900   0.2134    0.881
    52  34.9134   3.6234   1.0597   2.5209   1.1444  -0.6962   0.0183  -0.3844  -0.2784  -0.0179   0.0000   0.1917   0.2103    0.939
    53  35.2390   4.0674   1.0597   2.3458   1.0118  -0.5837   0.0133  -0.3464  -0.2509  -0.0157   0.0000   0.1918   0.2048    1.014
    54  35.5442   4.4834   1.0597   2.1819   0.8685  -0.4821   0.0040  -0.3076  -0.2228  -0.0140   0.0000   0.1887   0.1967    1.097
    55  35.8212   4.8611   1.0597   2.0330   0.7217  -0.3866  -0.0125  -0.2646  -0.1917  -0.0125   0.0000   0.1792   0.1828    1.185
    56  36.0633   5.1912   1.0597   1.9028   0.5769  -0.2661  -0.0366  -0.1942  -0.1406  -0.0106   0.0000   0.1543   0.1526    1.347
    57  36.2471   5.4418   1.0597   1.8040   0.3594   0.0017   0.2403   0.0059   0.0043  -0.0161   0.0000   0.0797   0.0641  999.000
    58  36.3741   5.6149   1.0597   1.7358   0.2532   0.0574   0.2285   0.0487   0.0353  -0.0074   0.0000   0.0515   0.0349  999.000
    59  36.4605   5.7327   1.0597   1.6894   0.1504   0.0519   0.2218   0.0445   0.0323  -0.0043   0.0000   0.0310   0.0188   -0.711
    60  36.5042   5.7923   1.0597   1.6659   0.0498   0.0199   0.2188   0.0177   0.0128  -0.0031   0.0000   0.0106   0.0061   -0.575

  Surface # 4     horizontal_stabilizer (YDUP)            
     # Chordwise = 10   # Spanwise = 20     First strip = 61
     Surface area Ssurf =   16.275349     Ave. chord Cave =    2.806191

 Forces referred to Sref, Cref, Bref about Xref, Yref, Zref
 Standard axis orientation,  X fwd, Z down         
     CLsurf  =  -0.03153     Clsurf  =  -0.00213
     CYsurf  =   0.00156     Cmsurf  =   0.15105
     CDsurf  =  -0.00205     Cnsurf  =  -0.00113
     CDisurf =  -0.00205     CDvsurf =   0.00000

 Forces referred to Ssurf, Cave 
     CLsurf  =  -0.22141     CDsurf  =  -0.01437

 Strip Forces referred to Strip Area, Chord
    j     Xle      Yle      Zle      Chord    Area     c_cl     ai     cl_norm    cl       cd       cdv    cm_c/4     cm_LE   C.P.x/c
    61  32.2619  -0.0084   1.0597   3.9461   0.1328  -0.1959   0.3307  -0.0811  -0.0587   0.0386   0.0000   0.0782  -0.0730    1.580
    62  32.3111  -0.0755   1.0597   3.9196   0.3924  -0.2008   0.3223  -0.0692  -0.0501  -0.0105   0.0000   0.0794  -0.0744    1.835
    63  32.4083  -0.2081   1.0597   3.8674   0.6348  -0.2297   0.3161  -0.0795  -0.0576  -0.0149   0.0000   0.0839  -0.0797    1.708
    64  32.5511  -0.4028   1.0597   3.7906   0.8495  -0.3243   0.3130  -0.1148  -0.0832  -0.0203   0.0000   0.0963  -0.0949    1.408
    65  32.7446  -0.6666   1.0597   3.6866   1.1177  -0.6495   0.0142  -0.2480  -0.1796  -0.0015   0.0000   0.1381  -0.1469    1.019
    66  32.9867  -0.9967   1.0597   3.5564   1.2625  -0.8095   0.0155  -0.3186  -0.2308  -0.0083   0.0000   0.1583  -0.1735    0.936
    67  33.2637  -1.3744   1.0597   3.4075   1.3564  -0.9045   0.0175  -0.3705  -0.2683  -0.0136   0.0000   0.1707  -0.1911    0.886
    68  33.5689  -1.7904   1.0597   3.2436   1.3990  -0.9484   0.0195  -0.4073  -0.2950  -0.0176   0.0000   0.1785  -0.2028    0.855
    69  33.8945  -2.2344   1.0597   3.0685   1.3929  -0.9448   0.0210  -0.4285  -0.3103  -0.0201   0.0000   0.1836  -0.2101    0.842
    70  34.2327  -2.6955   1.0597   2.8867   1.3435  -0.8956   0.0215  -0.4315  -0.3126  -0.0208   0.0000   0.1872  -0.2135    0.849
    71  34.5752  -3.1623   1.0597   2.7027   1.2578  -0.8071   0.0207  -0.4155  -0.3009  -0.0199   0.0000   0.1900  -0.2134    0.881
    72  34.9134  -3.6234   1.0597   2.5209   1.1444  -0.6962   0.0183  -0.3844  -0.2784  -0.0179   0.0000   0.1917  -0.2103    0.939
    73  35.2390  -4.0674   1.0597   2.3458   1.0118  -0.5837   0.0133  -0.3464  -0.2509  -0.0157   0.0000   0.1918  -0.2048    1.014
    74  35.5442  -4.4834   1.0597   2.1819   0.8685  -0.4821   0.0040  -0.3076  -0.2228  -0.0140   0.0000   0.1887  -0.1967    1.097
    75  35.8212  -4.8611   1.0597   2.0330   0.7217  -0.3866  -0.0125  -0.2646  -0.1917  -0.0125   0.0000   0.1792  -0.1828    1.185
    76  36.0633  -5.1912   1.0597   1.9028   0.5769  -0.2661  -0.0366  -0.1942  -0.1406  -0.0106   0.0000   0.1543  -0.1526    1.347
    77  36.2471  -5.4418   1.0597   1.8040   0.3594   0.0017   0.2403   0.0059   0.0043  -0.0161   0.0000   0.0797  -0.0641  999.000
    78  36.3741  -5.6149   1.0597   1.7358   0.2532   0.0574   0.2285   0.0487   0.0353  -0.0074   0.0000   0.0515  -0.0349  999.000
    79  36.4605  -5.7327   1.0597   1.6894   0.1504   0.0519   0.2218   0.0445   0.0323  -0.0043   0.0000   0.0310  -0.0188   -0.711
    80  36.5042  -5.7923   1.0597   1.6659   0.0498   0.0199   0.2188   0.0177   0.0128  -0.0031   0.0000   0.0106  -0.0061   -0.575

  Surface # 5     vertical_stabilizer                     
     # Chordwise = 10   # Spanwise = 20     First strip = 81
     Surface area Ssurf =   27.042708     Ave. chord Cave =    4.720731

 Forces referred to Sref, Cref, Bref about Xref, Yref, Zref
 Standard axis orientation,  X fwd, Z down         
     CLsurf  =  -0.00000     Clsurf  =  -0.00000
     CYsurf  =  -0.00000     Cmsurf  =   0.00000
     CDsurf  =   0.00000     Cnsurf  =   0.00000
     CDisurf =   0.00000     CDvsurf =   0.00000

 Forces referred to Ssurf, Cave 
     CLsurf  =   0.00000     CDsurf  =   0.00000

 Strip Forces referred to Strip Area, Chord
    j     Xle      Yle      Zle      Chord    Area     c_cl     ai     cl_norm    cl       cd       cdv    cm_c/4     cm_LE   C.P.x/c
    81  34.1026   0.0000   1.0901   7.1191   0.5459   0.0000   0.0000   0.0000   0.0000   0.0000   0.0000  -0.0000  -0.0000    0.353
    82  34.2314   0.0000   1.1983   7.0276   0.9775   0.0000  -0.0000   0.0000   0.0000   0.0000   0.0000  -0.0000  -0.0000    0.290
    83  34.4331   0.0000   1.3677   6.8842   1.3694   0.0000  -0.0000   0.0000   0.0000  -0.0000   0.0000   0.0000  -0.0000    0.175
    84  34.7038   0.0000   1.5951   6.6918   1.7040   0.0000   0.0000   0.0000   0.0000   0.0000   0.0000   0.0000  -0.0000    0.220
    85  35.0377   0.0000   1.8756   6.4544   1.9680   0.0000  -0.0000   0.0000   0.0000   0.0000   0.0000   0.0000  -0.0000    0.006
    86  35.4277   0.0000   2.2032   6.1771   2.1523   0.0000   0.0000   0.0000   0.0000   0.0000   0.0000  -0.0000  -0.0000    0.283
    87  35.8650   0.0000   2.5705   5.8662   2.2535   0.0000   0.0000   0.0000   0.0000  -0.0000   0.0000  -0.0000  -0.0000    0.278
    88  36.3398   0.0000   2.9693   5.5287   2.2729   0.0000  -0.0000   0.0000   0.0000  -0.0000   0.0000   0.0000   0.0000   -0.095
    89  36.8411   0.0000   3.3904   5.1723   2.2171   0.0000  -0.0000   0.0000   0.0000  -0.0000   0.0000   0.0000   0.0000   -0.050
    90  37.3575   0.0000   3.8241   4.8052   2.0965   0.0000  -0.0000   0.0000   0.0000   0.0000   0.0000   0.0000  -0.0000    0.037
    91  37.8769   0.0000   4.2604   4.4360   1.9243   0.0000   0.0000   0.0000   0.0000  -0.0000   0.0000   0.0000  -0.0000    0.139
    92  38.3873   0.0000   4.6892   4.0731   1.7155   0.0000  -0.0000   0.0000   0.0000   0.0000   0.0000   0.0000  -0.0000    0.232
    93  38.8768   0.0000   5.1003   3.7251   1.4852   0.0000   0.0000   0.0000   0.0000  -0.0000   0.0000  -0.0000  -0.0000    0.374
    94  39.3338   0.0000   5.4842   3.4002   1.2475   0.0000  -0.0000   0.0000   0.0000   0.0000   0.0000  -0.0000  -0.0000    0.305
    95  39.7477   0.0000   5.8319   3.1059   1.0138   0.0000   0.0000   0.0000   0.0000  -0.0000   0.0000  -0.0000  -0.0000    0.382
    96  40.1088   0.0000   6.1352   2.8493   0.7929   0.0000  -0.0000   0.0000   0.0000  -0.0000   0.0000   0.0000  -0.0000    0.176
    97  40.4084   0.0000   6.3868   2.6363   0.5894   0.0000   0.0000   0.0000   0.0000   0.0000   0.0000  -0.0000  -0.0000    0.271
    98  40.6395   0.0000   6.5810   2.4720   0.4044   0.0000  -0.0000   0.0000   0.0000  -0.0000   0.0000  -0.0000  -0.0000    0.336
    99  40.7967   0.0000   6.7130   2.3602   0.2354   0.0000   0.0000   0.0000   0.0000  -0.0000   0.0000  -0.0000  -0.0000    0.325
   100  40.8762   0.0000   6.7798   2.3037   0.0772   0.0000   0.0000   0.0000   0.0000  -0.0000   0.0000   0.0000  -0.0000    0.222

  Surface # 6     fuselage_horizontal                     
     # Chordwise = 10   # Spanwise = 10     First strip =101
     Surface area Ssurf =  127.532895     Ave. chord Cave =   34.468350

 Forces referred to Sref, Cref, Bref about Xref, Yref, Zref
 Standard axis orientation,  X fwd, Z down         
     CLsurf  =  -0.00188     Clsurf  =  -0.00000
     CYsurf  =   0.00000     Cmsurf  =   0.14349
     CDsurf  =  -0.00162     Cnsurf  =  -0.00000
     CDisurf =  -0.00162     CDvsurf =   0.00000

 Forces referred to Ssurf, Cave 
     CLsurf  =  -0.00168     CDsurf  =  -0.00145

 Strip Forces referred to Strip Area, Chord
    j     Xle      Yle      Zle      Chord    Area     c_cl     ai     cl_norm    cl       cd       cdv    cm_c/4     cm_LE   C.P.x/c
   101   3.4011  -1.6650   0.0000  27.8154  10.2917   0.1471   0.1334   0.0273   0.0062  -0.0039   0.0000   0.0126   0.0014  999.000
   102   1.4576  -1.2950   0.0000  33.6099  12.4357   0.0853   0.1086   0.0043   0.0030  -0.0019   0.0000   0.0138   0.0047  999.000
   103   0.6886  -0.9250   0.0000  35.9024  13.2839  -0.0081   0.1919   0.0001   0.0001  -0.0016   0.0000   0.0149   0.0082  999.000
   104   0.2519  -0.5550   0.0000  37.2046  13.7657  -0.1859   0.2121  -0.0052  -0.0049  -0.0008   0.0000   0.0157   0.0130  999.000
   105   0.0491  -0.1850   0.0000  37.8093  13.9895  -0.3732   0.2124  -0.0102  -0.0101   0.0001   0.0000   0.0164   0.0183    1.873
   106   0.0491   0.1850   0.0000  37.8093  13.9895  -0.3732   0.2124  -0.0102  -0.0101   0.0001   0.0000   0.0164   0.0183    1.873
   107   0.2519   0.5550   0.0000  37.2047  13.7657  -0.1859   0.2121  -0.0052  -0.0049  -0.0008   0.0000   0.0157   0.0130  999.000
   108   0.6886   0.9250   0.0000  35.9024  13.2839  -0.0081   0.1919   0.0001   0.0001  -0.0016   0.0000   0.0149   0.0082  999.000
   109   1.4576   1.2950   0.0000  33.6099  12.4357   0.0853   0.1086   0.0043   0.0030  -0.0019   0.0000   0.0138   0.0047  999.000
   110   3.4011   1.6650   0.0000  27.8154  10.2917   0.1471   0.1334   0.0273   0.0062  -0.0039   0.0000   0.0126   0.0014  999.000

  Surface # 7     fuselage_vertical                       
     # Chordwise = 10   # Spanwise = 10     First strip =111
     Surface area Ssurf =  127.532895     Ave. chord Cave =   34.468350

 Forces referred to Sref, Cref, Bref about Xref, Yref, Zref
 Standard axis orientation,  X fwd, Z down         
     CLsurf  =   0.00000     Clsurf  =   0.00000
     CYsurf  =   0.00000     Cmsurf  =  -0.00000
     CDsurf  =   0.00000     Cnsurf  =  -0.00000
     CDisurf =   0.00000     CDvsurf =   0.00000

 Forces referred to Ssurf, Cave 
     CLsurf  =  -0.00000     CDsurf  =   0.00000

 Strip Forces referred to Strip Area, Chord
    j     Xle      Yle      Zle      Chord    Area     c_cl     ai     cl_norm    cl       cd       cdv    cm_c/4     cm_LE   C.P.x/c
   111   3.4011   0.0000  -1.6650  27.8154  10.2917  -0.0000   0.0000  -0.0000  -0.0000   0.0000   0.0000  -0.0000  -0.0000  999.000
   112   1.4576   0.0000  -1.2950  33.6099  12.4357  -0.0000   0.0000  -0.0000  -0.0000   0.0000   0.0000   0.0000   0.0000    0.539
   113   0.6886   0.0000  -0.9250  35.9024  13.2839  -0.0000   0.0000  -0.0000  -0.0000  -0.0000   0.0000   0.0000   0.0000    0.830
   114   0.2519   0.0000  -0.5550  37.2046  13.7657  -0.0000   0.0000  -0.0000  -0.0000   0.0000   0.0000   0.0000   0.0000  999.000
   115   0.0491   0.0000  -0.1850  37.8093  13.9895  -0.0000   0.0000  -0.0000  -0.0000  -0.0000   0.0000   0.0000   0.0000    1.775
   116   0.0491   0.0000   0.1850  37.8093  13.9895  -0.0000  -0.0000  -0.0000  -0.0000   0.0000   0.0000   0.0000   0.0000    1.161
   117   0.2519   0.0000   0.5550  37.2047  13.7657  -0.0000  -0.0000  -0.0000  -0.0000  -0.0000   0.0000   0.0000   0.0000    1.114
   118   0.6886   0.0000   0.9250  35.9024  13.2839   0.0000   0.0000   0.0000   0.0000   0.0000   0.0000  -0.0000  -0.0000    1.020
   119   1.4576   0.0000   1.2950  33.6099  12.4357   0.0000  -0.0000   0.0000   0.0000   0.0000   0.0000  -0.0000  -0.0000    1.779
   120   3.4011   0.0000   1.6650  27.8154  10.2917   0.0000  -0.0000   0.0000   0.0000  -0.0000   0.0000  -0.0000  -0.0000    0.568
 ---------------------------------------------------------------
