
      u         w         q        the        v         p         r        phi        x         y         z        psi    |  slat        flap        aileron     elevator    
  -0.7391E-02  0.2670      -28.49      -9.810     -0.3059E-17  0.1271E-16  0.1428E-15   0.000       0.000      -0.000       0.000       0.000        -0.9021E-03  0.3589E-01 -0.7692E-17  0.1434E-01
  -0.1183     -0.3631       56.59      -0.000      0.6902E-17 -0.2637E-16 -0.2360E-15  -0.000       0.000      -0.000       0.000       0.000         0.2581E-02 -0.1054      0.8389E-17 -0.4045E-01
   0.1476E-01 -0.3330E-01 -0.7871       0.000     -0.7387E-03 -0.1749E-01  0.1644E-01   0.000      -0.000       0.000      -0.000       0.000        -0.8622E-04 -0.5626E-02  0.2597E-03 -0.2174E-01
   -0.000      -0.000       1.000       0.000       0.000      -0.000      -0.000      0.8162E-32  -0.000       0.000      -0.000       0.000          0.000       0.000       0.000       0.000    
  -0.6003E-18 -0.2180E-16  0.8766E-16  -0.000     -0.3803E-01   28.33      -57.85       9.810      -0.000       0.000      -0.000      -0.000         0.1380E-17 -0.5849E-17 -0.1339E-02 -0.9694E-18
   0.4848E-03 -0.1094E-02 -0.2586E-01  -0.000     -0.9396      -24.76       19.05      -0.000       0.000      -0.000       0.000      -0.000        -0.2832E-05 -0.1848E-03  0.3460     -0.7141E-03
  -0.4129E-04  0.9316E-04  0.2202E-02  -0.000     -0.7867E-02 -0.8550     -0.3217      -0.000       0.000      -0.000       0.000      -0.000         0.2412E-06  0.1574E-04  0.6976E-02  0.6081E-04
   -0.000      -0.000       0.000     -0.8162E-32   0.000       1.000       0.000       0.000      -0.000       0.000      -0.000       0.000          0.000       0.000       0.000       0.000    
    1.000       0.000      -0.000       27.58      -0.000       0.000       0.000       0.000       0.000      -0.000       0.000       0.000         -0.000      -0.000      -0.000      -0.000    
    0.000      -0.000       0.000      -0.000       1.000      -0.000      -0.000      -27.58      -0.000       0.000      -0.000       62.22          0.000       0.000       0.000       0.000    
   -0.000       1.000      -0.000      -62.22       0.000       0.000       0.000       0.000       0.000      -0.000       0.000       0.000         -0.000      -0.000      -0.000      -0.000    
   -0.000      -0.000       0.000       0.000       0.000      -0.000       1.000     -0.1222E-31  -0.000       0.000      -0.000       0.000          0.000       0.000       0.000       0.000    
