
      u         w         q        the        v         p         r        phi        x         y         z        psi    |  slat        flap        aileron     elevator    
  -0.7052E-03  0.1610      -15.75      -9.810     -0.4722E-18 -0.3035E-15  0.4749E-17   0.000       0.000      -0.000       0.000       0.000        -0.7894E-03  0.3363E-01  0.1340E-17  0.1366E-01
  -0.8565E-01 -0.6296       93.28      -0.000     -0.9498E-18  0.7562E-15 -0.1418E-15  -0.000       0.000      -0.000       0.000       0.000         0.7271E-02 -0.3157     -0.1060E-16 -0.1093    
   0.6802E-02 -0.4578E-01  -1.141       0.000     -0.9790E-03 -0.3704E-01  0.1915E-01   0.000      -0.000       0.000      -0.000       0.000        -0.2659E-03 -0.1494E-01  0.8891E-03 -0.5206E-01
   -0.000      -0.000       1.000       0.000       0.000      -0.000      -0.000      0.5289E-32  -0.000       0.000      -0.000       0.000          0.000       0.000       0.000       0.000    
  -0.6484E-18 -0.1223E-16  0.5289E-16  -0.000     -0.7099E-01   15.45      -95.89       9.810      -0.000       0.000      -0.000      -0.000         0.1359E-17  0.6317E-18  0.2200E-02 -0.1693E-17
   0.2772E-03 -0.1866E-02 -0.4648E-01  -0.000     -0.9879      -40.48       17.16      -0.000       0.000      -0.000       0.000      -0.000        -0.1083E-04 -0.6087E-03  0.9547     -0.2121E-02
  -0.2287E-04  0.1540E-03  0.3836E-02  -0.000      0.2053E-02 -0.7505     -0.6183      -0.000       0.000      -0.000       0.000      -0.000         0.8942E-06  0.5024E-04  0.1347E-01  0.1751E-03
   -0.000      -0.000       0.000     -0.5289E-32   0.000       1.000       0.000       0.000      -0.000       0.000      -0.000       0.000          0.000       0.000       0.000       0.000    
    1.000       0.000      -0.000       15.26      -0.000       0.000       0.000       0.000       0.000      -0.000       0.000       0.000         -0.000      -0.000      -0.000      -0.000    
    0.000      -0.000       0.000      -0.000       1.000      -0.000      -0.000      -15.26      -0.000       0.000      -0.000       102.7          0.000       0.000       0.000       0.000    
   -0.000       1.000      -0.000      -102.7       0.000       0.000       0.000       0.000       0.000      -0.000       0.000       0.000         -0.000      -0.000      -0.000      -0.000    
   -0.000      -0.000       0.000       0.000       0.000      -0.000       1.000      0.4135E-32  -0.000       0.000      -0.000       0.000          0.000       0.000       0.000       0.000    
