
      u         w         q        the        v         p         r        phi        x         y         z        psi    |  slat        flap        aileron     elevator    
  -0.1068E-03  0.7588E-01  -20.53      -9.810      0.8572E-18 -0.5628E-16  0.5035E-17   0.000       0.000      -0.000       0.000       0.000        -0.6470E-03  0.2936E-01 -0.6428E-17  0.1290E-01
  -0.4748E-01 -0.4623       200.2      -0.000     -0.7117E-17 -0.3273E-17 -0.7208E-16  -0.000       0.000      -0.000       0.000       0.000         0.1056E-01 -0.4799     -0.1949E-16 -0.1567    
   0.6312E-02 -0.6413E-01  -1.581       0.000     -0.2073E-02 -0.8831E-01  0.3850E-01   0.000      -0.000       0.000      -0.000       0.000        -0.9130E-03 -0.4579E-01  0.4268E-02 -0.1475    
   -0.000      -0.000       1.000       0.000       0.000      -0.000      -0.000       0.000      -0.000       0.000      -0.000       0.000          0.000       0.000       0.000       0.000    
   0.8286E-18 -0.6851E-17 -0.1091E-15  -0.000     -0.4848E-01   20.34      -202.1       9.810      -0.000       0.000      -0.000      -0.000         0.2167E-18 -0.1162E-16  0.4899E-02 -0.3887E-17
   0.4241E-03 -0.4309E-02 -0.1062      -0.000      -1.363      -62.39       22.52      -0.000       0.000      -0.000       0.000      -0.000        -0.6134E-04 -0.3077E-02   2.981     -0.9909E-02
  -0.3167E-04  0.3218E-03  0.7932E-02  -0.000      0.4263E-02 -0.9785     -0.8200      -0.000       0.000      -0.000       0.000      -0.000         0.4580E-05  0.2297E-03  0.3825E-01  0.7399E-03
   -0.000      -0.000       0.000       0.000       0.000       1.000       0.000       0.000      -0.000       0.000      -0.000       0.000          0.000       0.000       0.000       0.000    
    1.000       0.000      -0.000       20.34      -0.000       0.000       0.000       0.000       0.000      -0.000       0.000       0.000         -0.000      -0.000      -0.000      -0.000    
    0.000      -0.000       0.000      -0.000       1.000      -0.000      -0.000      -20.34      -0.000       0.000      -0.000       206.6          0.000       0.000       0.000       0.000    
   -0.000       1.000      -0.000      -206.6       0.000       0.000       0.000       0.000       0.000      -0.000       0.000       0.000         -0.000      -0.000      -0.000      -0.000    
   -0.000      -0.000       0.000       0.000       0.000      -0.000       1.000     -0.6419E-33  -0.000       0.000      -0.000       0.000          0.000       0.000       0.000       0.000    
