
      u         w         q        the        v         p         r        phi        x         y         z        psi    |  slat        flap        aileron     elevator    
  -0.1458E-02  0.1648      -21.66      -9.810     -0.9439E-18 -0.1509E-15  0.7316E-17   0.000       0.000      -0.000       0.000       0.000        -0.8280E-03  0.3497E-01  0.2910E-17  0.1405E-01
  -0.8353E-01 -0.4748       94.58      -0.000     -0.4448E-17  0.2801E-15 -0.1594E-15  -0.000       0.000      -0.000       0.000       0.000         0.5438E-02 -0.2341     -0.8065E-17 -0.8233E-01
   0.9732E-02 -0.4677E-01  -1.147       0.000     -0.1066E-02 -0.3615E-01  0.2163E-01   0.000      -0.000       0.000      -0.000       0.000        -0.2592E-03 -0.1471E-01  0.8626E-03 -0.5198E-01
   -0.000      -0.000       1.000      -0.000       0.000      -0.000      -0.000     -0.1363E-32  -0.000       0.000      -0.000      -0.000          0.000       0.000       0.000       0.000    
  -0.7895E-18  0.3453E-18  0.9807E-16  -0.000     -0.5207E-01   21.47      -96.48       9.810      -0.000       0.000      -0.000      -0.000        -0.2813E-19 -0.1819E-17  0.7722E-03 -0.2347E-17
   0.3966E-03 -0.1906E-02 -0.4676E-01  -0.000      -1.088      -40.01       19.83      -0.000       0.000      -0.000       0.000      -0.000        -0.1056E-04 -0.5996E-03  0.9302     -0.2118E-02
  -0.3273E-04  0.1573E-03  0.3859E-02  -0.000     -0.1103E-02 -0.8670     -0.5798      -0.000       0.000      -0.000       0.000      -0.000         0.8716E-06  0.4948E-04  0.1414E-01  0.1748E-03
   -0.000      -0.000       0.000      0.1363E-32   0.000       1.000       0.000      -0.000      -0.000       0.000      -0.000      -0.000          0.000       0.000       0.000       0.000    
    1.000       0.000      -0.000       21.16      -0.000       0.000       0.000       0.000       0.000      -0.000       0.000       0.000         -0.000      -0.000      -0.000      -0.000    
    0.000      -0.000       0.000      -0.000       1.000      -0.000      -0.000      -21.16      -0.000       0.000      -0.000       101.7          0.000       0.000       0.000       0.000    
   -0.000       1.000      -0.000      -101.7       0.000       0.000       0.000       0.000       0.000      -0.000       0.000       0.000         -0.000      -0.000      -0.000      -0.000    
   -0.000      -0.000       0.000       0.000       0.000      -0.000       1.000     -0.7098E-31  -0.000       0.000      -0.000      -0.000          0.000       0.000       0.000       0.000    
