 ---------------------------------------------------------------
 Surface Forces (referred to Sref,Cref,Bref about Xmom,Ymom,Zmom)
 Standard axis orientation,  X fwd, Z down         

     Sref =   63.762       Cref =   2.3772       Bref =   27.661    
     Xmom =   11.718       Ymom =   0.0000       Zmom =   1.3850    

 n    Area         CL        CD        Cm        CY        Cn        Cl        CDi       CDv
 1   10.156       0.05139   0.00133  -0.03107  -0.00001  -0.00008  -0.00357   0.00054   0.00000   main_wing_1
 2   10.156       0.05132   0.00132  -0.03104   0.00001   0.00008   0.00356   0.00054   0.00000   main_wing_1 (YDUP)
 3   6.9452       0.03825   0.00110  -0.02251  -0.00010  -0.00015  -0.00693   0.00030   0.00000   main_wing_2
 4   6.9452       0.03826   0.00110  -0.02251   0.00010   0.00015   0.00693   0.00030   0.00000   main_wing_2 (YDUP)
 5   6.0775       0.03465   0.00103  -0.02049  -0.00010  -0.00020  -0.00961   0.00026   0.00000   main_wing_3
 6   6.0775       0.03465   0.00103  -0.02049   0.00010   0.00020   0.00961   0.00026   0.00000   main_wing_3 (YDUP)
 7   8.7029       0.04096   0.00105  -0.02462  -0.00013  -0.00043  -0.01624   0.00037   0.00000   main_wing_4
 8   8.7029       0.04096   0.00105  -0.02462   0.00013   0.00043   0.01624   0.00037   0.00000   main_wing_4 (YDUP)
 9   10.905       0.02991   0.00066  -0.16475  -0.00007  -0.00005  -0.00269   0.00066   0.00000   horizontal_stabilizer
10   10.905       0.02991   0.00066  -0.16474   0.00007   0.00005   0.00269   0.00066   0.00000   horizontal_stabilizer (YDUP)
11   15.220       0.00000  -0.00000  -0.00000  -0.00000   0.00000  -0.00000  -0.00000   0.00000   vertical_stabilizer
12   65.503       0.00763   0.00004   0.04994   0.00000  -0.00000   0.00000   0.00004   0.00000   fuselage_horizontal
13   65.103       0.00000   0.00000  -0.00000  -0.00000   0.00000   0.00000   0.00000   0.00000   fuselage_vertical
14  0.21864       0.00026   0.00000   0.00012  -0.00000  -0.00000  -0.00002   0.00000   0.00000   nacelle_horizontal
15  0.21864       0.00017   0.00000   0.00008  -0.00000   0.00000   0.00001   0.00000   0.00000   nacelle_horizontal (YDUP)
16  0.21864      -0.00000  -0.00000  -0.00000  -0.00003  -0.00000   0.00000  -0.00000   0.00000   nacelle_vertical
17  0.21864      -0.00000  -0.00000  -0.00000   0.00002   0.00000  -0.00000  -0.00000   0.00000   nacelle_vertical (YDUP)
18  0.21864       0.00026   0.00000   0.00011   0.00000  -0.00000  -0.00005   0.00000   0.00000   nacelle_2_horizontal
19  0.21864       0.00000  -0.00000   0.00000  -0.00000  -0.00000  -0.00000  -0.00000   0.00000   nacelle_2_vertical
20  0.21864       0.00025   0.00000   0.00010  -0.00000  -0.00000  -0.00007   0.00000   0.00000   nacelle_3_horizontal
21  0.21864      -0.00000  -0.00000   0.00000   0.00000  -0.00000   0.00000  -0.00000   0.00000   nacelle_3_vertical
22  0.21864       0.00024   0.00000   0.00008   0.00000  -0.00000  -0.00009   0.00000   0.00000   nacelle_4_horizontal
23  0.21864      -0.00000  -0.00000  -0.00000   0.00001   0.00000  -0.00000  -0.00000   0.00000   nacelle_4_vertical
24  0.21864       0.00017   0.00000   0.00008  -0.00000   0.00000   0.00001   0.00000   0.00000   nacelle_5_horizontal
25  0.21864      -0.00000  -0.00000  -0.00000   0.00002   0.00000  -0.00000  -0.00000   0.00000   nacelle_5_vertical
26  0.21864       0.00026   0.00000   0.00011  -0.00000   0.00000   0.00005   0.00000   0.00000   nacelle_6_horizontal
27  0.21864       0.00000  -0.00000   0.00000   0.00000   0.00000   0.00000  -0.00000   0.00000   nacelle_6_vertical
28  0.21864       0.00025   0.00000   0.00010   0.00000   0.00000   0.00007   0.00000   0.00000   nacelle_7_horizontal
29  0.21864      -0.00000  -0.00000   0.00000  -0.00000   0.00000  -0.00000  -0.00000   0.00000   nacelle_7_vertical
30  0.21864       0.00024   0.00000   0.00008  -0.00000   0.00000   0.00009   0.00000   0.00000   nacelle_8_horizontal
31  0.21864      -0.00000  -0.00000  -0.00000  -0.00001  -0.00000   0.00000  -0.00000   0.00000   nacelle_8_vertical

 Surface Forces (referred to Ssurf,Cave about root LE on hinge axis)

   n  Ssurf        Cave        cl_surf    cd_surf    cdv_surf  cmLE_surf
   1  10.156      2.7502       0.322659   0.008332   0.000000  -0.071527   main_wing_1
   2  10.156      2.7502       0.322216   0.008306   0.000000  -0.071492   main_wing_1 (YDUP)
   3  6.9452      2.5990       0.351208   0.010127   0.000000  -0.075808   main_wing_2
   4  6.9452      2.5990       0.351233   0.010125   0.000000  -0.075808   main_wing_2 (YDUP)
   5  6.0775      2.2744       0.363475   0.010811   0.000000  -0.079552   main_wing_3
   6  6.0775      2.2744       0.363491   0.010811   0.000000  -0.079555   main_wing_3 (YDUP)
   7  8.7029      1.8155       0.300111   0.007698   0.000000  -0.072455   main_wing_4
   8  8.7029      1.8155       0.300117   0.007698   0.000000  -0.072456   main_wing_4 (YDUP)
   9  10.905      1.9066       0.174894   0.003839   0.000000  -0.077138   horizontal_stabilizer
  10  10.905      1.9066       0.174885   0.003839   0.000000  -0.077134   horizontal_stabilizer (YDUP)
  11  15.220      3.0842       0.000000  -0.000000   0.000000  -0.000000   vertical_stabilizer
  12  65.503      23.647       0.007432   0.000034   0.000000   0.002247   fuselage_horizontal
  13  65.103      23.503       0.000000   0.000000   0.000000  -0.000000   fuselage_vertical
  14 0.21864     0.58759       0.076910   0.000758   0.000000   0.016842   nacelle_horizontal
  15 0.21864     0.58759       0.049909   0.000463   0.000000   0.011239   nacelle_horizontal (YDUP)
  16 0.21864     0.58759      -0.000024  -0.000051   0.000000  -0.000020   nacelle_vertical
  17 0.21864     0.58759      -0.000016  -0.000034   0.000000  -0.000013   nacelle_vertical (YDUP)
  18 0.21864     0.58759       0.075077   0.000780   0.000000   0.016457   nacelle_2_horizontal
  19 0.21864     0.58759       0.000001  -0.000002   0.000000  -0.000001   nacelle_2_vertical
  20 0.21864     0.58759       0.073654   0.000856   0.000000   0.016104   nacelle_3_horizontal
  21 0.21864     0.58759      -0.000000  -0.000002   0.000000  -0.000001   nacelle_3_vertical
  22 0.21864     0.58759       0.071302   0.001032   0.000000   0.015455   nacelle_4_horizontal
  23 0.21864     0.58759      -0.000003  -0.000003   0.000000  -0.000001   nacelle_4_vertical
  24 0.21864     0.58759       0.049909   0.000463   0.000000   0.011240   nacelle_5_horizontal
  25 0.21864     0.58759      -0.000016  -0.000034   0.000000  -0.000013   nacelle_5_vertical
  26 0.21864     0.58759       0.075085   0.000780   0.000000   0.016461   nacelle_6_horizontal
  27 0.21864     0.58759       0.000001  -0.000002   0.000000  -0.000001   nacelle_6_vertical
  28 0.21864     0.58759       0.073656   0.000856   0.000000   0.016106   nacelle_7_horizontal
  29 0.21864     0.58759      -0.000000  -0.000002   0.000000  -0.000001   nacelle_7_vertical
  30 0.21864     0.58759       0.071302   0.001032   0.000000   0.015457   nacelle_8_horizontal
  31 0.21864     0.58759      -0.000003  -0.000003   0.000000  -0.000001   nacelle_8_vertical
 ---------------------------------------------------------------
