 ---------------------------------------------------------------
 Surface and Strip Forces by surface

  Sref =  65.653       Cref =  2.4122       Bref =  28.068    
  Xref =  11.851       Yref =  0.0000       Zref =  1.3850    

  Surface # 1     main_wing_1                             
     # Chordwise = 10   # Spanwise = 30     First strip =  1
     Surface area Ssurf =   32.823320     Ave. chord Cave =    2.338809

 Forces referred to Sref, Cref, Bref about Xref, Yref, Zref
 Standard axis orientation,  X fwd, Z down         
     CLsurf  =   1.50456     Clsurf  =  -0.27956
     CYsurf  =   0.01486     Cmsurf  =   0.05124
     CDsurf  =   0.11582     Cnsurf  =  -0.17840
     CDisurf =   0.11582     CDvsurf =   0.00000

 Forces referred to Ssurf, Cave 
     CLsurf  =   3.00940     CDsurf  =   0.23166

 Strip Forces referred to Strip Area, Chord
    j     Xle      Yle      Zle      Chord    Area     c_cl     ai     cl_norm    cl       cd       cdv    cm_c/4     cm_LE   C.P.x/c
     1  11.0483   0.0086   1.3850   2.8025   0.0964   6.6898   0.2050   2.7677   2.7677   0.2943   0.0000  -0.0267  -0.6235    0.260
     2  11.0483   0.0773   1.3850   2.8025   0.2880   6.6911   0.2052   2.7692   2.7692   0.2930   0.0000  -0.0267  -0.6236    0.260
     3  11.0483   0.2139   1.3850   2.8025   0.4766   6.7001   0.2049   2.7752   2.7752   0.2903   0.0000  -0.0263  -0.6240    0.259
     4  11.0483   0.4169   1.3850   2.8025   0.6599   6.7288   0.2036   2.7926   2.7926   0.2842   0.0000  -0.0251  -0.6253    0.259
     5  11.0483   0.6842   1.3850   2.8025   0.8359   6.7922   0.2009   2.8303   2.8303   0.2718   0.0000  -0.0222  -0.6281    0.258
     6  11.0483   1.0127   1.3850   2.8025   1.0029   6.9005   0.1967   2.8947   2.8947   0.2506   0.0000  -0.0172  -0.6327    0.256
     7  11.0483   1.3989   1.3850   2.8025   1.1588   7.0457   0.1923   2.9804   2.9804   0.2231   0.0000  -0.0105  -0.6391    0.254
     8  11.0496   1.8894   1.3850   2.7971   1.5917   7.2031   0.1864   3.0816   3.0816   0.1904   0.0000  -0.0035  -0.6473    0.251
     9  11.0525   2.4875   1.3850   2.7854   1.7421   7.3057   0.1811   3.1562   3.1562   0.1705   0.0000   0.0001  -0.6556    0.250
    10  11.0557   3.1394   1.3850   2.7727   1.8764   7.3064   0.1805   3.1555   3.1555   0.1919   0.0000   0.0005  -0.6583    0.250
    11  11.0591   3.8382   1.3850   2.7591   1.9837   7.0632   0.1845   2.9278   2.9278   0.3690   0.0000  -0.0120  -0.6520    0.254
    12  11.0712   4.5367   1.3850   2.7109   1.8306   6.9677   0.1807   2.9410   2.9410   0.3687   0.0000  -0.0099  -0.6522    0.253
    13  11.0923   5.2247   1.3850   2.6263   1.8349   7.0224   0.1691   3.1892   3.1892   0.2114   0.0000  -0.0005  -0.6686    0.250
    14  11.1141   5.9322   1.3850   2.5393   1.8141   6.8769   0.1599   3.2498   3.2498   0.1881   0.0000  -0.0035  -0.6802    0.251
    15  11.1362   6.6515   1.3850   2.4509   1.7703   6.6769   0.1528   3.2720   3.2720   0.1855   0.0000  -0.0056  -0.6864    0.252
    16  11.1584   7.3749   1.3850   2.3619   1.7061   6.4502   0.1480   3.2804   3.2804   0.1854   0.0000  -0.0067  -0.6891    0.252
    17  11.1805   8.0942   1.3850   2.2735   1.6242   6.2052   0.1459   3.2775   3.2775   0.1865   0.0000  -0.0070  -0.6891    0.252
    18  11.2023   8.8017   1.3850   2.1865   1.5276   5.9453   0.1467   3.2624   3.2624   0.1896   0.0000  -0.0068  -0.6862    0.252
    19  11.2234   9.4897   1.3850   2.1019   1.4194   5.6717   0.1505   3.2324   3.2324   0.1950   0.0000  -0.0060  -0.6802    0.252
    20  11.2443  10.1680   1.3850   2.0185   1.3710   5.3790   0.1580   3.1840   3.1840   0.2035   0.0000  -0.0045  -0.6704    0.251
    21  11.2646  10.8282   1.3850   1.9373   1.2386   5.0627   0.1702   3.1101   3.1101   0.2157   0.0000  -0.0022  -0.6552    0.251
    22  11.2835  11.4449   1.3850   1.8615   1.1028   4.7228   0.1879   3.0028   3.0028   0.2314   0.0000   0.0013  -0.6327    0.250
    23  11.3009  12.0114   1.3850   1.7919   0.9659   4.3516   0.2119   2.8528   2.8528   0.2501   0.0000   0.0065  -0.6003    0.248
    24  11.3166  12.5215   1.3850   1.7292   0.8296   3.9374   0.2429   2.6486   2.6486   0.2693   0.0000   0.0139  -0.5551    0.245
    25  11.3303  12.9696   1.3850   1.6741   0.6951   3.4653   0.2802   2.3775   2.3775   0.2848   0.0000   0.0236  -0.4936    0.240
    26  11.3421  13.3508   1.3850   1.6273   0.5632   2.9197   0.3215   2.0283   2.0283   0.2901   0.0000   0.0345  -0.4139    0.233
    27  11.3508  13.6352   1.3850   1.5923   0.3588   2.3212   0.3598   1.6178   1.6178   0.2758   0.0000   0.0424  -0.3219    0.224
    28  11.3568  13.8295   1.3850   1.5684   0.2552   1.7042   0.3908   1.1806   1.1806   0.2390   0.0000   0.0433  -0.2283    0.213
    29  11.3608  13.9602   1.3850   1.5523   0.1527   1.0439   0.4152   0.7105   0.7105   0.1747   0.0000   0.0337  -0.1343    0.203
    30  11.3628  14.0260   1.3850   1.5442   0.0508   0.3519   0.4304   0.2330   0.2330   0.0695   0.0000   0.0130  -0.0439    0.194

  Surface # 2     main_wing_1 (YDUP)                      
     # Chordwise = 10   # Spanwise = 30     First strip = 31
     Surface area Ssurf =   32.823320     Ave. chord Cave =    2.338809

 Forces referred to Sref, Cref, Bref about Xref, Yref, Zref
 Standard axis orientation,  X fwd, Z down         
     CLsurf  =   1.50456     Clsurf  =   0.27956
     CYsurf  =  -0.01486     Cmsurf  =   0.05124
     CDsurf  =   0.11582     Cnsurf  =   0.17840
     CDisurf =   0.11582     CDvsurf =   0.00000

 Forces referred to Ssurf, Cave 
     CLsurf  =   3.00940     CDsurf  =   0.23166

 Strip Forces referred to Strip Area, Chord
    j     Xle      Yle      Zle      Chord    Area     c_cl     ai     cl_norm    cl       cd       cdv    cm_c/4     cm_LE   C.P.x/c
    31  11.0483  -0.0086   1.3850   2.8025   0.0964   6.6898   0.2050   2.7677   2.7677   0.2943   0.0000  -0.0267   0.6235    0.260
    32  11.0483  -0.0773   1.3850   2.8025   0.2880   6.6911   0.2052   2.7692   2.7692   0.2930   0.0000  -0.0267   0.6236    0.260
    33  11.0483  -0.2139   1.3850   2.8025   0.4766   6.7001   0.2049   2.7752   2.7752   0.2903   0.0000  -0.0263   0.6240    0.259
    34  11.0483  -0.4169   1.3850   2.8025   0.6599   6.7288   0.2036   2.7926   2.7926   0.2842   0.0000  -0.0251   0.6253    0.259
    35  11.0483  -0.6842   1.3850   2.8025   0.8359   6.7922   0.2009   2.8303   2.8303   0.2718   0.0000  -0.0222   0.6281    0.258
    36  11.0483  -1.0127   1.3850   2.8025   1.0029   6.9005   0.1967   2.8947   2.8947   0.2506   0.0000  -0.0172   0.6327    0.256
    37  11.0483  -1.3989   1.3850   2.8025   1.1588   7.0457   0.1923   2.9804   2.9804   0.2231   0.0000  -0.0105   0.6391    0.254
    38  11.0496  -1.8894   1.3850   2.7971   1.5917   7.2031   0.1864   3.0816   3.0816   0.1904   0.0000  -0.0035   0.6473    0.251
    39  11.0525  -2.4875   1.3850   2.7854   1.7421   7.3057   0.1811   3.1562   3.1562   0.1705   0.0000   0.0001   0.6556    0.250
    40  11.0557  -3.1394   1.3850   2.7727   1.8764   7.3064   0.1805   3.1555   3.1555   0.1919   0.0000   0.0005   0.6583    0.250
    41  11.0591  -3.8382   1.3850   2.7591   1.9837   7.0632   0.1845   2.9278   2.9278   0.3690   0.0000  -0.0120   0.6520    0.254
    42  11.0712  -4.5367   1.3850   2.7109   1.8306   6.9677   0.1807   2.9410   2.9410   0.3687   0.0000  -0.0099   0.6522    0.253
    43  11.0923  -5.2247   1.3850   2.6263   1.8349   7.0224   0.1691   3.1892   3.1892   0.2114   0.0000  -0.0005   0.6686    0.250
    44  11.1141  -5.9322   1.3850   2.5393   1.8141   6.8769   0.1599   3.2498   3.2498   0.1881   0.0000  -0.0035   0.6802    0.251
    45  11.1362  -6.6515   1.3850   2.4509   1.7703   6.6769   0.1528   3.2720   3.2720   0.1855   0.0000  -0.0056   0.6864    0.252
    46  11.1584  -7.3749   1.3850   2.3619   1.7061   6.4502   0.1480   3.2804   3.2804   0.1854   0.0000  -0.0067   0.6891    0.252
    47  11.1805  -8.0942   1.3850   2.2735   1.6242   6.2052   0.1459   3.2775   3.2775   0.1865   0.0000  -0.0070   0.6891    0.252
    48  11.2023  -8.8017   1.3850   2.1865   1.5276   5.9453   0.1467   3.2624   3.2624   0.1896   0.0000  -0.0068   0.6862    0.252
    49  11.2234  -9.4897   1.3850   2.1019   1.4194   5.6717   0.1505   3.2324   3.2324   0.1950   0.0000  -0.0060   0.6802    0.252
    50  11.2443 -10.1680   1.3850   2.0185   1.3710   5.3790   0.1580   3.1840   3.1840   0.2035   0.0000  -0.0045   0.6704    0.251
    51  11.2646 -10.8282   1.3850   1.9373   1.2386   5.0627   0.1702   3.1101   3.1101   0.2157   0.0000  -0.0022   0.6552    0.251
    52  11.2835 -11.4449   1.3850   1.8615   1.1028   4.7228   0.1879   3.0028   3.0028   0.2314   0.0000   0.0013   0.6327    0.250
    53  11.3009 -12.0114   1.3850   1.7919   0.9659   4.3516   0.2119   2.8528   2.8528   0.2501   0.0000   0.0065   0.6003    0.248
    54  11.3166 -12.5215   1.3850   1.7292   0.8296   3.9374   0.2429   2.6486   2.6486   0.2693   0.0000   0.0139   0.5551    0.245
    55  11.3303 -12.9696   1.3850   1.6741   0.6951   3.4653   0.2802   2.3775   2.3775   0.2848   0.0000   0.0236   0.4936    0.240
    56  11.3421 -13.3508   1.3850   1.6273   0.5632   2.9197   0.3215   2.0283   2.0283   0.2901   0.0000   0.0345   0.4139    0.233
    57  11.3508 -13.6352   1.3850   1.5923   0.3588   2.3212   0.3598   1.6178   1.6178   0.2758   0.0000   0.0424   0.3219    0.224
    58  11.3568 -13.8295   1.3850   1.5684   0.2552   1.7042   0.3908   1.1806   1.1806   0.2390   0.0000   0.0433   0.2283    0.213
    59  11.3608 -13.9602   1.3850   1.5523   0.1527   1.0439   0.4152   0.7105   0.7105   0.1747   0.0000   0.0337   0.1343    0.203
    60  11.3628 -14.0260   1.3850   1.5442   0.0508   0.3519   0.4304   0.2330   0.2330   0.0695   0.0000   0.0130   0.0439    0.194

  Surface # 3     horizontal_stabilizer                   
     # Chordwise = 10   # Spanwise = 30     First strip = 61
     Surface area Ssurf =    7.357384     Ave. chord Cave =    1.566034

 Forces referred to Sref, Cref, Bref about Xref, Yref, Zref
 Standard axis orientation,  X fwd, Z down         
     CLsurf  =   0.04705     Clsurf  =  -0.00178
     CYsurf  =   0.00528     Cmsurf  =  -0.25833
     CDsurf  =   0.00892     Cnsurf  =  -0.00386
     CDisurf =   0.00892     CDvsurf =   0.00000

 Forces referred to Ssurf, Cave 
     CLsurf  =   0.41987     CDsurf  =   0.07963

 Strip Forces referred to Strip Area, Chord
    j     Xle      Yle      Zle      Chord    Area     c_cl     ai     cl_norm    cl       cd       cdv    cm_c/4     cm_LE   C.P.x/c
    61  24.4238   0.0030   6.3914   1.9570   0.0237   1.5673   0.6321   0.4359   0.4329   0.7562   0.0000   0.1093  -0.0900   -0.002
    62  24.4274   0.0273   6.3914   1.9530   0.0708   1.5666   0.6324   0.8059   0.8003   0.2710   0.0000   0.1100  -0.0896    0.113
    63  24.4345   0.0754   6.3914   1.9449   0.1166   1.5606   0.6335   0.8321   0.8263   0.2368   0.0000   0.1128  -0.0869    0.114
    64  24.4450   0.1470   6.3914   1.9330   0.1605   1.5396   0.6367   0.8390   0.8332   0.2179   0.0000   0.1192  -0.0790    0.107
    65  24.4588   0.2413   6.3914   1.9173   0.2017   1.4873   0.6437   0.8309   0.8251   0.1941   0.0000   0.1328  -0.0605    0.089
    66  24.4758   0.3572   6.3914   1.8980   0.2395   1.3697   0.6563   0.7941   0.7886   0.1528   0.0000   0.1616  -0.0186    0.045
    67  24.4963   0.4970   6.3914   1.8747   0.2875   1.0381   0.0051   0.5882   0.5841   0.1451   0.0000   0.2440   0.1044   -0.168
    68  24.5202   0.6600   6.3914   1.8476   0.3183   0.8750   0.0271   0.5098   0.5062   0.1153   0.0000   0.2822   0.1620   -0.307
    69  24.5468   0.8411   6.3914   1.8174   0.3442   0.7660   0.0476   0.4600   0.4568   0.0943   0.0000   0.3054   0.1979   -0.419
    70  24.5757   1.0383   6.3914   1.7845   0.3647   0.6870   0.0645   0.4256   0.4227   0.0789   0.0000   0.3202   0.2216   -0.508
    71  24.6067   1.2493   6.3914   1.7494   0.3798   0.6270   0.0776   0.4007   0.3979   0.0676   0.0000   0.3298   0.2377   -0.579
    72  24.6394   1.4719   6.3914   1.7123   0.3895   0.5796   0.0877   0.3818   0.3792   0.0594   0.0000   0.3361   0.2488   -0.636
    73  24.6734   1.7036   6.3914   1.6736   0.3939   0.5411   0.0953   0.3672   0.3646   0.0535   0.0000   0.3403   0.2567   -0.683
    74  24.7084   1.9420   6.3914   1.6339   0.3932   0.5087   0.1011   0.3554   0.3529   0.0491   0.0000   0.3431   0.2624   -0.722
    75  24.7440   2.1843   6.3914   1.5935   0.3878   0.4807   0.1054   0.3456   0.3432   0.0459   0.0000   0.3450   0.2667   -0.755
    76  24.7797   2.4280   6.3914   1.5529   0.3779   0.4558   0.1085   0.3371   0.3348   0.0435   0.0000   0.3462   0.2700   -0.784
    77  24.8153   2.6703   6.3914   1.5125   0.3640   0.4331   0.1107   0.3295   0.3272   0.0417   0.0000   0.3470   0.2725   -0.811
    78  24.8503   2.9087   6.3914   1.4728   0.3466   0.4120   0.1117   0.3222   0.3199   0.0403   0.0000   0.3473   0.2745   -0.836
    79  24.8843   3.1404   6.3914   1.4342   0.3263   0.3920   0.1116   0.3149   0.3127   0.0393   0.0000   0.3471   0.2758   -0.860
    80  24.9170   3.3630   6.3914   1.3971   0.3033   0.3732   0.1096   0.3074   0.3052   0.0389   0.0000   0.3459   0.2762   -0.883
    81  24.9480   3.5740   6.3914   1.3619   0.2783   0.3561   0.1051   0.2999   0.2978   0.0393   0.0000   0.3431   0.2748   -0.902
    82  24.9769   3.7712   6.3914   1.3290   0.2517   0.3424   0.0964   0.2935   0.2915   0.0413   0.0000   0.3374   0.2701   -0.907
    83  25.0035   3.9522   6.3914   1.2989   0.2238   0.3359   0.0817   0.2913   0.2893   0.0459   0.0000   0.3260   0.2585   -0.877
    84  25.0274   4.1153   6.3914   1.2717   0.1950   0.3453   0.0589   0.3006   0.2985   0.0552   0.0000   0.3038   0.2334   -0.768
    85  25.0485   4.2585   6.3914   1.2478   0.1656   0.3920   0.0282   0.3404   0.3380   0.0735   0.0000   0.2599   0.1794   -0.519
    86  25.0681   4.3923   6.3914   1.2255   0.1634   0.5806   0.6641   0.5343   0.5305   0.0833   0.0000   0.1476   0.0289   -0.028
    87  25.0856   4.5117   6.3914   1.2056   0.1269   0.5390   0.6378   0.4850   0.4816   0.1038   0.0000   0.1058  -0.0059    0.030
    88  25.0989   4.6025   6.3914   1.1904   0.0905   0.4222   0.6218   0.3771   0.3744   0.0924   0.0000   0.0767  -0.0118    0.045
    89  25.1078   4.6636   6.3914   1.1803   0.0542   0.2665   0.6124   0.2360   0.2343   0.0642   0.0000   0.0482  -0.0081    0.044
    90  25.1123   4.6943   6.3914   1.1751   0.0181   0.0909   0.6079   0.0819   0.0813   0.0206   0.0000   0.0166  -0.0027    0.045

  Surface # 4     horizontal_stabilizer (YDUP)            
     # Chordwise = 10   # Spanwise = 30     First strip = 91
     Surface area Ssurf =    7.357384     Ave. chord Cave =    1.566034

 Forces referred to Sref, Cref, Bref about Xref, Yref, Zref
 Standard axis orientation,  X fwd, Z down         
     CLsurf  =   0.04705     Clsurf  =   0.00178
     CYsurf  =  -0.00528     Cmsurf  =  -0.25833
     CDsurf  =   0.00892     Cnsurf  =   0.00386
     CDisurf =   0.00892     CDvsurf =   0.00000

 Forces referred to Ssurf, Cave 
     CLsurf  =   0.41987     CDsurf  =   0.07963

 Strip Forces referred to Strip Area, Chord
    j     Xle      Yle      Zle      Chord    Area     c_cl     ai     cl_norm    cl       cd       cdv    cm_c/4     cm_LE   C.P.x/c
    91  24.4238  -0.0030   6.3914   1.9570   0.0237   1.5673   0.6321   0.4359   0.4329   0.7562   0.0000   0.1093   0.0900   -0.002
    92  24.4274  -0.0273   6.3914   1.9530   0.0708   1.5666   0.6324   0.8059   0.8003   0.2710   0.0000   0.1100   0.0896    0.113
    93  24.4345  -0.0754   6.3914   1.9449   0.1166   1.5606   0.6335   0.8321   0.8263   0.2368   0.0000   0.1128   0.0869    0.114
    94  24.4450  -0.1470   6.3914   1.9330   0.1605   1.5396   0.6367   0.8390   0.8332   0.2179   0.0000   0.1192   0.0790    0.107
    95  24.4588  -0.2413   6.3914   1.9173   0.2017   1.4873   0.6437   0.8309   0.8251   0.1941   0.0000   0.1328   0.0605    0.089
    96  24.4758  -0.3572   6.3914   1.8980   0.2395   1.3697   0.6563   0.7941   0.7886   0.1528   0.0000   0.1616   0.0186    0.045
    97  24.4963  -0.4970   6.3914   1.8747   0.2875   1.0381   0.0051   0.5882   0.5841   0.1451   0.0000   0.2440  -0.1044   -0.168
    98  24.5202  -0.6600   6.3914   1.8476   0.3183   0.8750   0.0271   0.5098   0.5062   0.1153   0.0000   0.2822  -0.1620   -0.307
    99  24.5468  -0.8411   6.3914   1.8174   0.3442   0.7660   0.0476   0.4600   0.4568   0.0943   0.0000   0.3054  -0.1979   -0.419
   100  24.5757  -1.0383   6.3914   1.7845   0.3647   0.6870   0.0645   0.4256   0.4227   0.0789   0.0000   0.3202  -0.2216   -0.508
   101  24.6067  -1.2493   6.3914   1.7494   0.3798   0.6270   0.0776   0.4007   0.3979   0.0676   0.0000   0.3298  -0.2377   -0.579
   102  24.6394  -1.4719   6.3914   1.7123   0.3895   0.5796   0.0877   0.3818   0.3792   0.0594   0.0000   0.3361  -0.2488   -0.636
   103  24.6734  -1.7036   6.3914   1.6736   0.3939   0.5411   0.0953   0.3672   0.3646   0.0535   0.0000   0.3403  -0.2567   -0.683
   104  24.7084  -1.9420   6.3914   1.6339   0.3932   0.5087   0.1011   0.3554   0.3529   0.0491   0.0000   0.3431  -0.2624   -0.722
   105  24.7440  -2.1843   6.3914   1.5935   0.3878   0.4807   0.1054   0.3456   0.3432   0.0459   0.0000   0.3450  -0.2667   -0.755
   106  24.7797  -2.4280   6.3914   1.5529   0.3779   0.4558   0.1085   0.3371   0.3348   0.0435   0.0000   0.3462  -0.2700   -0.784
   107  24.8153  -2.6703   6.3914   1.5125   0.3640   0.4331   0.1107   0.3295   0.3272   0.0417   0.0000   0.3470  -0.2725   -0.811
   108  24.8503  -2.9087   6.3914   1.4728   0.3466   0.4120   0.1117   0.3222   0.3199   0.0403   0.0000   0.3473  -0.2745   -0.836
   109  24.8843  -3.1404   6.3914   1.4342   0.3263   0.3920   0.1116   0.3149   0.3127   0.0393   0.0000   0.3471  -0.2758   -0.860
   110  24.9170  -3.3630   6.3914   1.3971   0.3033   0.3732   0.1096   0.3074   0.3052   0.0389   0.0000   0.3459  -0.2762   -0.883
   111  24.9480  -3.5740   6.3914   1.3619   0.2783   0.3561   0.1051   0.2999   0.2978   0.0393   0.0000   0.3431  -0.2748   -0.902
   112  24.9769  -3.7712   6.3914   1.3290   0.2517   0.3424   0.0964   0.2935   0.2915   0.0413   0.0000   0.3374  -0.2701   -0.907
   113  25.0035  -3.9522   6.3914   1.2989   0.2238   0.3359   0.0817   0.2913   0.2893   0.0459   0.0000   0.3260  -0.2585   -0.877
   114  25.0274  -4.1153   6.3914   1.2717   0.1950   0.3453   0.0589   0.3006   0.2985   0.0552   0.0000   0.3038  -0.2334   -0.768
   115  25.0485  -4.2585   6.3914   1.2478   0.1656   0.3920   0.0282   0.3404   0.3380   0.0735   0.0000   0.2599  -0.1794   -0.519
   116  25.0681  -4.3923   6.3914   1.2255   0.1634   0.5806   0.6641   0.5343   0.5305   0.0833   0.0000   0.1476  -0.0289   -0.028
   117  25.0856  -4.5117   6.3914   1.2056   0.1269   0.5390   0.6378   0.4850   0.4816   0.1038   0.0000   0.1058   0.0059    0.030
   118  25.0989  -4.6025   6.3914   1.1904   0.0905   0.4222   0.6218   0.3771   0.3744   0.0924   0.0000   0.0767   0.0118    0.045
   119  25.1078  -4.6636   6.3914   1.1803   0.0542   0.2665   0.6124   0.2360   0.2343   0.0642   0.0000   0.0482   0.0081    0.044
   120  25.1123  -4.6943   6.3914   1.1751   0.0181   0.0909   0.6079   0.0819   0.0813   0.0206   0.0000   0.0166   0.0027    0.045

  Surface # 5     vertical_stabilizer                     
     # Chordwise = 10   # Spanwise = 30     First strip =121
     Surface area Ssurf =   17.906305     Ave. chord Cave =    3.345347

 Forces referred to Sref, Cref, Bref about Xref, Yref, Zref
 Standard axis orientation,  X fwd, Z down         
     CLsurf  =   0.00000     Clsurf  =  -0.00000
     CYsurf  =  -0.00000     Cmsurf  =  -0.00000
     CDsurf  =  -0.00000     Cnsurf  =   0.00000
     CDisurf =  -0.00000     CDvsurf =   0.00000

 Forces referred to Ssurf, Cave 
     CLsurf  =   0.00000     CDsurf  =  -0.00000

 Strip Forces referred to Strip Area, Chord
    j     Xle      Yle      Zle      Chord    Area     c_cl     ai     cl_norm    cl       cd       cdv    cm_c/4     cm_LE   C.P.x/c
   121  21.6096   0.0000   1.0561   4.1763   0.1721   0.0000   0.0000   0.0000   0.0000   0.0000   0.0000   0.0000   0.0000   -0.393
   122  21.6434   0.0000   1.1105   4.1593   0.2802   0.0000   0.0000   0.0000   0.0000   0.0000   0.0000   0.0000   0.0000  999.000
   123  21.6934   0.0000   1.1907   4.1342   0.3846   0.0000  -0.0000   0.0000   0.0000   0.0000   0.0000   0.0000   0.0000   -0.951
   124  21.7591   0.0000   1.2963   4.1012   0.4836   0.0000   0.0000   0.0000   0.0000  -0.0000   0.0000   0.0000   0.0000   -0.491
   125  21.8400   0.0000   1.4263   4.0606   0.5754   0.0000  -0.0000   0.0000   0.0000  -0.0000   0.0000   0.0000   0.0000   -0.221
   126  21.9354   0.0000   1.5794   4.0128   0.6588   0.0000   0.0000   0.0000   0.0000  -0.0000   0.0000   0.0000  -0.0000    0.065
   127  22.0442   0.0000   1.7543   3.9581   0.7326   0.0000   0.0000   0.0000   0.0000   0.0000   0.0000   0.0000  -0.0000    0.125
   128  22.1655   0.0000   1.9491   3.8972   0.7957   0.0000   0.0000   0.0000   0.0000   0.0000   0.0000   0.0000  -0.0000    0.048
   129  22.2981   0.0000   2.1621   3.8307   0.8474   0.0000   0.0000   0.0000   0.0000  -0.0000   0.0000   0.0000   0.0000   -0.127
   130  22.4407   0.0000   2.3910   3.7591   0.8874   0.0000   0.0000   0.0000   0.0000  -0.0000   0.0000   0.0000   0.0000   -0.147
   131  22.5917   0.0000   2.6336   3.6833   0.9154   0.0000  -0.0000   0.0000   0.0000   0.0000   0.0000   0.0000   0.0000   -0.062
   132  22.7497   0.0000   2.8875   3.6040   0.9315   0.0000   0.0000   0.0000   0.0000  -0.0000   0.0000   0.0000  -0.0000    0.170
   133  22.9131   0.0000   3.1499   3.5220   0.9360   0.0000   0.0000   0.0000   0.0000  -0.0000   0.0000   0.0000  -0.0000    0.147
   134  23.0802   0.0000   3.4183   3.4381   0.9294   0.0000   0.0000   0.0000   0.0000   0.0000   0.0000   0.0000  -0.0000    0.142
   135  23.2493   0.0000   3.6899   3.3532   0.9124   0.0000  -0.0000   0.0000   0.0000  -0.0000   0.0000   0.0000  -0.0000    0.244
   136  23.4186   0.0000   3.9618   3.2683   0.8859   0.0000  -0.0000   0.0000   0.0000  -0.0000   0.0000  -0.0000  -0.0000    0.285
   137  23.5864   0.0000   4.2313   3.1840   0.8508   0.0000  -0.0000   0.0000   0.0000  -0.0000   0.0000   0.0000  -0.0000    0.146
   138  23.7509   0.0000   4.4955   3.1015   0.8082   0.0000  -0.0000   0.0000   0.0000  -0.0000   0.0000   0.0000  -0.0000    0.114
   139  23.9104   0.0000   4.7518   3.0214   0.7591   0.0000   0.0000   0.0000   0.0000  -0.0000   0.0000  -0.0000  -0.0000    0.288
   140  24.0633   0.0000   4.9974   2.9446   0.7046   0.0000   0.0000   0.0000   0.0000  -0.0000   0.0000  -0.0000  -0.0000    0.325
   141  24.2080   0.0000   5.2297   2.8720   0.6457   0.0000   0.0000   0.0000   0.0000   0.0000   0.0000  -0.0000  -0.0000    0.402
   142  24.3429   0.0000   5.4464   2.8043   0.5833   0.0000   0.0000   0.0000   0.0000   0.0000   0.0000  -0.0000  -0.0000    0.361
   143  24.4666   0.0000   5.6452   2.7422   0.5183   0.0000  -0.0000   0.0000   0.0000   0.0000   0.0000  -0.0000  -0.0000    0.390
   144  24.5779   0.0000   5.8239   2.6863   0.4514   0.0000   0.0000   0.0000   0.0000   0.0000   0.0000  -0.0000  -0.0000    0.471
   145  24.6756   0.0000   5.9808   2.6373   0.3831   0.0000   0.0000   0.0000   0.0000  -0.0000   0.0000  -0.0000  -0.0000    0.535
   146  24.7585   0.0000   6.1141   2.5957   0.3141   0.0000  -0.0000   0.0000   0.0000  -0.0000   0.0000  -0.0000  -0.0000    0.555
   147  24.8260   0.0000   6.2225   2.5618   0.2445   0.0000   0.0000   0.0000   0.0000  -0.0000   0.0000  -0.0000  -0.0000    0.572
   148  24.8773   0.0000   6.3047   2.5361   0.1748   0.0000   0.0000   0.0000   0.0000   0.0000   0.0000  -0.0000  -0.0000    0.669
   149  24.9117   0.0000   6.3601   2.5188   0.1049   0.0000  -0.0000   0.0000   0.0000  -0.0000   0.0000  -0.0000  -0.0000    0.488
   150  24.9290   0.0000   6.3879   2.5101   0.0350   0.0000  -0.0000   0.0000   0.0000  -0.0000   0.0000  -0.0000  -0.0000    1.266

  Surface # 6     fuselage_horizontal                     
     # Chordwise = 10   # Spanwise = 30     First strip =151
     Surface area Ssurf =   68.215848     Ave. chord Cave =   24.626660

 Forces referred to Sref, Cref, Bref about Xref, Yref, Zref
 Standard axis orientation,  X fwd, Z down         
     CLsurf  =   0.08553     Clsurf  =   0.00000
     CYsurf  =  -0.00000     Cmsurf  =   0.39474
     CDsurf  =   0.02756     Cnsurf  =   0.00000
     CDisurf =   0.02756     CDvsurf =   0.00000

 Forces referred to Ssurf, Cave 
     CLsurf  =   0.08232     CDsurf  =   0.02653

 Strip Forces referred to Strip Area, Chord
    j     Xle      Yle      Zle      Chord    Area     c_cl     ai     cl_norm    cl       cd       cdv    cm_c/4     cm_LE   C.P.x/c
   151   3.1318  -1.3388   0.0000  17.7836   1.6420   0.7284   0.5366   0.0709   0.0641  -0.0169   0.0000   0.0113   0.0002    0.074
   152   2.6452  -1.2465   0.0000  19.5836   1.8082   1.0973   0.5554   0.0844   0.0763  -0.0081   0.0000   0.0145   0.0001    0.060
   153   2.1586  -1.1542   0.0000  21.3835   1.9744   1.3843   0.5703   0.0949   0.0857  -0.0061   0.0000   0.0159  -0.0001    0.065
   154   1.7878  -1.0618   0.0000  22.6830   2.0944   1.6085   0.5792   0.1099   0.0909  -0.0027   0.0000   0.0181   0.0001    0.051
   155   1.5328  -0.9695   0.0000  23.4821   2.1682   1.7969   0.5808   0.1048   0.0867   0.0122   0.0000   0.0191  -0.0000    0.029
   156   1.2777  -0.8772   0.0000  24.2812   2.2420   1.9594   0.5826   0.1072   0.0886   0.0165   0.0000   0.0197  -0.0002    0.028
   157   1.0579  -0.7848   0.0000  24.9817   2.3066   2.0939   0.5839   0.0976   0.0898   0.0202   0.0000   0.0203  -0.0003    0.024
   158   0.8733  -0.6925   0.0000  25.5837   2.3622   2.2158   0.5845   0.1004   0.0924   0.0213   0.0000   0.0206  -0.0005    0.027
   159   0.6887  -0.6002   0.0000  26.1857   2.4178   2.3216   0.5857   0.1119   0.1030   0.0106   0.0000   0.0207  -0.0006    0.049
   160   0.5311  -0.5078   0.0000  26.6432   2.4601   2.4004   0.5864   0.1261   0.1062   0.0088   0.0000   0.0211  -0.0008    0.051
   161   0.4004  -0.4155   0.0000  26.9562   2.4890   2.4600   0.5868   0.1121   0.0945   0.0263   0.0000   0.0213  -0.0009    0.024
   162   0.2697  -0.3232   0.0000  27.2691   2.5178   2.5057   0.5872   0.1094   0.0922   0.0303   0.0000   0.0214  -0.0009    0.018
   163   0.1703  -0.2308   0.0000  27.4597   2.5354   2.5306   0.5873   0.0968   0.0823   0.0440   0.0000   0.0216  -0.0011   -0.013
   164   0.1022  -0.1385   0.0000  27.5278   2.5417   2.5402   0.5873   0.0816   0.0694   0.0613   0.0000   0.0218  -0.0010   -0.064
   165   0.0341  -0.0462   0.0000  27.5959   2.5480   2.5376   0.5873   0.0141   0.0120   0.1368   0.0000   0.0219  -0.0009  999.000
   166   0.0341   0.0462   0.0000  27.5959   2.5480   2.5376   0.5873   0.0141   0.0120   0.1368   0.0000   0.0219  -0.0009  999.000
   167   0.1022   0.1385   0.0000  27.5278   2.5417   2.5402   0.5873   0.0816   0.0694   0.0613   0.0000   0.0218  -0.0010   -0.064
   168   0.1703   0.2308   0.0000  27.4597   2.5354   2.5306   0.5873   0.0968   0.0823   0.0440   0.0000   0.0216  -0.0011   -0.013
   169   0.2697   0.3232   0.0000  27.2691   2.5178   2.5057   0.5872   0.1094   0.0922   0.0303   0.0000   0.0214  -0.0009    0.018
   170   0.4004   0.4155   0.0000  26.9562   2.4890   2.4600   0.5868   0.1121   0.0945   0.0263   0.0000   0.0213  -0.0009    0.024
   171   0.5311   0.5078   0.0000  26.6432   2.4601   2.4004   0.5864   0.1261   0.1062   0.0088   0.0000   0.0211  -0.0008    0.051
   172   0.6887   0.6002   0.0000  26.1857   2.4178   2.3216   0.5857   0.1119   0.1030   0.0106   0.0000   0.0207  -0.0006    0.049
   173   0.8733   0.6925   0.0000  25.5837   2.3622   2.2158   0.5845   0.1004   0.0924   0.0213   0.0000   0.0206  -0.0005    0.027
   174   1.0579   0.7848   0.0000  24.9817   2.3066   2.0939   0.5839   0.0976   0.0898   0.0202   0.0000   0.0203  -0.0003    0.024
   175   1.2777   0.8772   0.0000  24.2812   2.2420   1.9594   0.5826   0.1072   0.0886   0.0165   0.0000   0.0197  -0.0002    0.028
   176   1.5327   0.9695   0.0000  23.4821   2.1682   1.7969   0.5808   0.1048   0.0867   0.0122   0.0000   0.0191  -0.0000    0.029
   177   1.7878   1.0618   0.0000  22.6830   2.0944   1.6085   0.5792   0.1099   0.0909  -0.0027   0.0000   0.0181   0.0001    0.051
   178   2.1586   1.1542   0.0000  21.3835   1.9744   1.3843   0.5703   0.0949   0.0857  -0.0061   0.0000   0.0159  -0.0001    0.065
   179   2.6452   1.2465   0.0000  19.5836   1.8082   1.0973   0.5554   0.0844   0.0763  -0.0081   0.0000   0.0145   0.0001    0.060
   180   3.1318   1.3388   0.0000  17.7836   1.6420   0.7284   0.5366   0.0709   0.0641  -0.0169   0.0000   0.0113   0.0002    0.074

  Surface # 7     fuselage_vertical                       
     # Chordwise = 10   # Spanwise = 30     First strip =181
     Surface area Ssurf =   67.949596     Ave. chord Cave =   24.530540

 Forces referred to Sref, Cref, Bref about Xref, Yref, Zref
 Standard axis orientation,  X fwd, Z down         
     CLsurf  =  -0.00000     Clsurf  =   0.00000
     CYsurf  =   0.00000     Cmsurf  =   0.00000
     CDsurf  =  -0.00000     Cnsurf  =  -0.00000
     CDisurf =  -0.00000     CDvsurf =   0.00000

 Forces referred to Ssurf, Cave 
     CLsurf  =  -0.00000     CDsurf  =  -0.00000

 Strip Forces referred to Strip Area, Chord
    j     Xle      Yle      Zle      Chord    Area     c_cl     ai     cl_norm    cl       cd       cdv    cm_c/4     cm_LE   C.P.x/c
   181   2.8564   0.0000  -1.3388  17.8752   1.6505   0.0000   0.0000   0.0000   0.0000  -0.0000   0.0000  -0.0000  -0.0000    0.314
   182   1.8191   0.0000  -1.2465  19.8583   1.8336   0.0000   0.0000   0.0000   0.0000  -0.0000   0.0000  -0.0000  -0.0000    0.347
   183   0.7817   0.0000  -1.1542  21.8414   2.0167   0.0000   0.0000   0.0000   0.0000  -0.0000   0.0000  -0.0000  -0.0000    0.366
   184   0.2207   0.0000  -1.0618  23.0712   2.1302   0.0000  -0.0000   0.0000   0.0000  -0.0000   0.0000  -0.0000  -0.0000    0.350
   185   0.1361   0.0000  -0.9695  23.5476   2.1742   0.0000  -0.0000   0.0000   0.0000  -0.0000   0.0000  -0.0000  -0.0000    0.302
   186   0.0514   0.0000  -0.8772  24.0239   2.2182   0.0000  -0.0000   0.0000   0.0000  -0.0000   0.0000   0.0000  -0.0000    0.227
   187   0.0141   0.0000  -0.7848  24.4074   2.2536   0.0000  -0.0000   0.0000   0.0000  -0.0000   0.0000   0.0000   0.0000  999.000
   188   0.0240   0.0000  -0.6925  24.6981   2.2805   0.0000  -0.0000   0.0000   0.0000  -0.0000   0.0000   0.0000   0.0000  999.000
   189   0.0339   0.0000  -0.6002  24.9887   2.3073  -0.0000  -0.0000  -0.0000  -0.0000  -0.0000   0.0000   0.0000   0.0000  999.000
   190   0.0665   0.0000  -0.5078  25.2331   2.3299  -0.0000  -0.0000  -0.0000  -0.0000  -0.0000   0.0000   0.0000   0.0000    1.512
   191   0.1216   0.0000  -0.4155  25.4314   2.3482  -0.0000  -0.0000  -0.0000  -0.0000  -0.0000   0.0000   0.0000   0.0000    1.448
   192   0.1768   0.0000  -0.3232  25.6296   2.3665  -0.0000   0.0000  -0.0000  -0.0000  -0.0000   0.0000   0.0000   0.0000    1.422
   193   0.2450   0.0000  -0.2308  25.7997   2.3822  -0.0000   0.0000  -0.0000  -0.0000   0.0000   0.0000   0.0000   0.0000    1.469
   194   0.3263   0.0000  -0.1385  25.9416   2.3953  -0.0000   0.0000  -0.0000  -0.0000   0.0000   0.0000   0.0000   0.0000  999.000
   195   0.4076   0.0000  -0.0462  26.0836   2.4084  -0.0000   0.0000  -0.0000  -0.0000   0.0000   0.0000   0.0000   0.0000    1.157
   196   0.5006   0.0000   0.0462  26.2032   2.4194  -0.0000  -0.0000  -0.0000  -0.0000  -0.0000   0.0000   0.0000   0.0000    1.112
   197   0.6052   0.0000   0.1385  26.3004   2.4284   0.0000  -0.0000   0.0000   0.0000  -0.0000   0.0000  -0.0000  -0.0000    0.360
   198   0.7098   0.0000   0.2308  26.3977   2.4374   0.0000   0.0000   0.0000   0.0000  -0.0000   0.0000  -0.0000  -0.0000    0.477
   199   0.8268   0.0000   0.3232  26.4519   2.4424   0.0000  -0.0000   0.0000   0.0000   0.0000   0.0000  -0.0000  -0.0000    0.517
   200   0.9561   0.0000   0.4155  26.4631   2.4434   0.0000  -0.0000   0.0000   0.0000   0.0000   0.0000  -0.0000  -0.0000    0.521
   201   1.0855   0.0000   0.5078  26.4742   2.4445   0.0000  -0.0000   0.0000   0.0000   0.0000   0.0000  -0.0000  -0.0000    0.524
   202   1.2301   0.0000   0.6002  26.3999   2.4376   0.0000  -0.0000   0.0000   0.0000  -0.0000   0.0000  -0.0000  -0.0000    0.536
   203   1.3898   0.0000   0.6925  26.2402   2.4228   0.0000  -0.0000   0.0000   0.0000  -0.0000   0.0000  -0.0000  -0.0000    0.539
   204   1.5494   0.0000   0.7848  26.0805   2.4081   0.0000  -0.0000   0.0000   0.0000  -0.0000   0.0000  -0.0000  -0.0000    0.549
   205   1.7323   0.0000   0.8772  25.8976   2.3912   0.0000  -0.0000   0.0000   0.0000  -0.0000   0.0000  -0.0000  -0.0000    0.560
   206   1.9383   0.0000   0.9695  25.6916   2.3722   0.0000  -0.0000   0.0000   0.0000  -0.0000   0.0000  -0.0000  -0.0000    0.627
   207   2.1443   0.0000   1.0618  25.4857   2.3532   0.0000  -0.0000   0.0000   0.0000  -0.0000   0.0000  -0.0000  -0.0000    0.738
   208   2.4353   0.0000   1.1542  23.9662   2.2129  -0.0000   0.0000  -0.0000  -0.0000   0.0000   0.0000   0.0000   0.0000    0.643
   209   2.8112   0.0000   1.2465  21.1332   1.9513  -0.0000   0.0000  -0.0000  -0.0000  -0.0000   0.0000   0.0000   0.0000    0.706
   210   3.1871   0.0000   1.3388  18.3001   1.6897  -0.0000  -0.0000  -0.0000  -0.0000   0.0000   0.0000   0.0000   0.0000    0.795

  Surface # 8     nacelle_horizontal                      
     # Chordwise =  6   # Spanwise = 11     First strip =211
     Surface area Ssurf =    1.882323     Ave. chord Cave =    1.723897

 Forces referred to Sref, Cref, Bref about Xref, Yref, Zref
 Standard axis orientation,  X fwd, Z down         
     CLsurf  =   0.01511     Clsurf  =  -0.00166
     CYsurf  =  -0.00045     Cmsurf  =   0.00972
     CDsurf  =  -0.00154     Cnsurf  =  -0.00156
     CDisurf =  -0.00154     CDvsurf =   0.00000

 Forces referred to Ssurf, Cave 
     CLsurf  =   0.52693     CDsurf  =  -0.05376

 Strip Forces referred to Strip Area, Chord
    j     Xle      Yle      Zle      Chord    Area     c_cl     ai     cl_norm    cl       cd       cdv    cm_c/4     cm_LE   C.P.x/c
   211  10.7240   3.7111   0.8391   0.6018   0.0657   0.4779   0.8481   2.3392   1.3367  -0.4537   0.0000   0.0584  -0.0344    0.206
   212  10.4179   3.8203   0.8391   1.4164   0.1547   0.6552   0.7282   0.7758   0.6784  -0.1314   0.0000   0.0873  -0.0147    0.121
   213  10.2618   3.9295   0.8391   1.8708   0.2043   0.7413   0.6248   0.5789   0.5462  -0.0663   0.0000   0.0975  -0.0010    0.071
   214  10.1498   4.0387   0.8391   2.2271   0.2432   0.7771   0.5435   0.4470   0.4423  -0.0070   0.0000   0.0998   0.0096    0.024
   215  10.0947   4.1206   0.8391   2.4446   0.1335   0.7767   0.4947   0.3629   0.3535   0.0590   0.0000   0.0981   0.0177   -0.027
   216  10.0770   4.1752   0.8391   2.5621   0.1399   0.7670   0.4592   0.3381   0.3293   0.0605   0.0000   0.0970   0.0210   -0.044
   217  10.0859   4.2571   0.8391   2.5033   0.2734   0.7571   0.4786   0.3628   0.3534   0.0336   0.0000   0.0998   0.0231   -0.033
   218  10.1499   4.3663   0.8391   2.2271   0.2432   0.7343   0.5516   0.4277   0.4232  -0.0136   0.0000   0.1019   0.0149    0.009
   219  10.2618   4.4755   0.8391   1.8709   0.2041   0.6966   0.6409   0.5472   0.5162  -0.0663   0.0000   0.0995   0.0041    0.057
   220  10.4179   4.5846   0.8391   1.4164   0.1547   0.6225   0.7570   0.7328   0.6408  -0.1198   0.0000   0.0894  -0.0106    0.111
   221  10.7240   4.6938   0.8391   0.6018   0.0657   0.4614   0.9029   2.2018   1.2582  -0.3952   0.0000   0.0592  -0.0325    0.203

  Surface # 9     nacelle_horizontal (YDUP)               
     # Chordwise =  6   # Spanwise = 11     First strip =222
     Surface area Ssurf =    1.882323     Ave. chord Cave =    1.723897

 Forces referred to Sref, Cref, Bref about Xref, Yref, Zref
 Standard axis orientation,  X fwd, Z down         
     CLsurf  =   0.01511     Clsurf  =   0.00166
     CYsurf  =   0.00045     Cmsurf  =   0.00972
     CDsurf  =  -0.00154     Cnsurf  =   0.00156
     CDisurf =  -0.00154     CDvsurf =   0.00000

 Forces referred to Ssurf, Cave 
     CLsurf  =   0.52693     CDsurf  =  -0.05376

 Strip Forces referred to Strip Area, Chord
    j     Xle      Yle      Zle      Chord    Area     c_cl     ai     cl_norm    cl       cd       cdv    cm_c/4     cm_LE   C.P.x/c
   222  10.7240  -3.7111   0.8391   0.6018   0.0657   0.4779   0.8481   2.3392   1.3367  -0.4537   0.0000   0.0584   0.0344    0.206
   223  10.4179  -3.8203   0.8391   1.4164   0.1547   0.6552   0.7282   0.7758   0.6784  -0.1314   0.0000   0.0873   0.0147    0.121
   224  10.2618  -3.9295   0.8391   1.8708   0.2043   0.7413   0.6248   0.5789   0.5462  -0.0663   0.0000   0.0975   0.0010    0.071
   225  10.1498  -4.0387   0.8391   2.2271   0.2432   0.7771   0.5435   0.4470   0.4423  -0.0070   0.0000   0.0998  -0.0096    0.024
   226  10.0947  -4.1206   0.8391   2.4446   0.1335   0.7767   0.4947   0.3629   0.3535   0.0590   0.0000   0.0981  -0.0177   -0.027
   227  10.0770  -4.1752   0.8391   2.5621   0.1399   0.7670   0.4592   0.3381   0.3293   0.0605   0.0000   0.0970  -0.0210   -0.044
   228  10.0859  -4.2571   0.8391   2.5033   0.2734   0.7571   0.4786   0.3628   0.3534   0.0336   0.0000   0.0998  -0.0231   -0.033
   229  10.1499  -4.3663   0.8391   2.2271   0.2432   0.7343   0.5516   0.4277   0.4232  -0.0136   0.0000   0.1019  -0.0149    0.009
   230  10.2618  -4.4755   0.8391   1.8709   0.2041   0.6966   0.6409   0.5472   0.5162  -0.0663   0.0000   0.0995  -0.0041    0.057
   231  10.4179  -4.5846   0.8391   1.4164   0.1547   0.6225   0.7570   0.7328   0.6408  -0.1198   0.0000   0.0894   0.0106    0.111
   232  10.7240  -4.6938   0.8391   0.6018   0.0657   0.4614   0.9029   2.2018   1.2582  -0.3952   0.0000   0.0592   0.0325    0.203

  Surface #10     nacelle_vertical                        
     # Chordwise =  6   # Spanwise = 11     First strip =233
     Surface area Ssurf =    1.882259     Ave. chord Cave =    1.723839

 Forces referred to Sref, Cref, Bref about Xref, Yref, Zref
 Standard axis orientation,  X fwd, Z down         
     CLsurf  =   0.00001     Clsurf  =  -0.00001
     CYsurf  =   0.00016     Cmsurf  =   0.00001
     CDsurf  =  -0.00001     Cnsurf  =   0.00000
     CDisurf =  -0.00001     CDvsurf =   0.00000

 Forces referred to Ssurf, Cave 
     CLsurf  =  -0.00558     CDsurf  =  -0.00019

 Strip Forces referred to Strip Area, Chord
    j     Xle      Yle      Zle      Chord    Area     c_cl     ai     cl_norm    cl       cd       cdv    cm_c/4     cm_LE   C.P.x/c
   233  10.7240   4.2025   0.3477   0.6018   0.0657  -0.0298   0.0454  -0.0547  -0.0495  -0.0016   0.0000  -0.0086   0.0009    0.076
   234  10.4179   4.2025   0.4569   1.4164   0.1547  -0.0328   0.0342  -0.0240  -0.0232  -0.0003   0.0000  -0.0034   0.0013    0.105
   235  10.2618   4.2025   0.5661   1.8708   0.2043  -0.0434   0.0294  -0.0262  -0.0232  -0.0003   0.0000  -0.0027   0.0020    0.134
   236  10.1499   4.2025   0.6753   2.2271   0.2432  -0.0574   0.0232  -0.0341  -0.0258  -0.0005   0.0000  -0.0035   0.0023    0.115
   237  10.0947   4.2025   0.7572   2.4446   0.1335  -0.0415   0.0231  -0.0389  -0.0170   0.0001   0.0000  -0.0019   0.0023    0.140
   238  10.0770   4.2025   0.8118   2.5621   0.1399  -0.0192   0.0228  -0.0172  -0.0075  -0.0000   0.0000   0.0021   0.0038    0.530
   239  10.0859   4.2025   0.8936   2.5034   0.2731   0.0509   0.0216   0.0249   0.0203  -0.0002   0.0000   0.0053   0.0002   -0.010
   240  10.1498   4.2025   1.0028   2.2271   0.2432   0.0405   0.0273   0.0356   0.0182  -0.0003   0.0000   0.0066   0.0016   -0.114
   241  10.2618   4.2025   1.1120   1.8709   0.2043   0.0129   0.0255   0.0202   0.0069  -0.0001   0.0000   0.0038   0.0013   -0.296
   242  10.4179   4.2025   1.2212   1.4164   0.1547   0.0030   0.0246   0.0107   0.0022   0.0000   0.0000   0.0010   0.0003   -0.230
   243  10.7240   4.2025   1.3304   0.6018   0.0657  -0.0097   0.0203 -12.2210  -0.0162   0.0014   0.0000  -0.0073  -0.0008   -0.203

  Surface #11     nacelle_vertical (YDUP)                 
     # Chordwise =  6   # Spanwise = 11     First strip =244
     Surface area Ssurf =    1.882259     Ave. chord Cave =    1.723839

 Forces referred to Sref, Cref, Bref about Xref, Yref, Zref
 Standard axis orientation,  X fwd, Z down         
     CLsurf  =   0.00001     Clsurf  =   0.00001
     CYsurf  =  -0.00016     Cmsurf  =   0.00001
     CDsurf  =  -0.00001     Cnsurf  =  -0.00000
     CDisurf =  -0.00001     CDvsurf =   0.00000

 Forces referred to Ssurf, Cave 
     CLsurf  =  -0.00558     CDsurf  =  -0.00019

 Strip Forces referred to Strip Area, Chord
    j     Xle      Yle      Zle      Chord    Area     c_cl     ai     cl_norm    cl       cd       cdv    cm_c/4     cm_LE   C.P.x/c
   244  10.7240  -4.2025   0.3477   0.6018   0.0657  -0.0298   0.0454  -0.0547  -0.0495  -0.0016   0.0000  -0.0086  -0.0009    0.076
   245  10.4179  -4.2025   0.4569   1.4164   0.1547  -0.0328   0.0342  -0.0240  -0.0232  -0.0003   0.0000  -0.0034  -0.0013    0.105
   246  10.2618  -4.2025   0.5661   1.8708   0.2043  -0.0434   0.0294  -0.0262  -0.0232  -0.0003   0.0000  -0.0027  -0.0020    0.134
   247  10.1499  -4.2025   0.6753   2.2271   0.2432  -0.0574   0.0232  -0.0341  -0.0258  -0.0005   0.0000  -0.0035  -0.0023    0.115
   248  10.0947  -4.2025   0.7572   2.4446   0.1335  -0.0415   0.0231  -0.0389  -0.0170   0.0001   0.0000  -0.0019  -0.0023    0.140
   249  10.0770  -4.2025   0.8118   2.5621   0.1399  -0.0192   0.0228  -0.0172  -0.0075  -0.0000   0.0000   0.0021  -0.0038    0.530
   250  10.0859  -4.2025   0.8936   2.5034   0.2731   0.0509   0.0216   0.0249   0.0203  -0.0002   0.0000   0.0053  -0.0002   -0.010
   251  10.1498  -4.2025   1.0028   2.2271   0.2432   0.0405   0.0273   0.0356   0.0182  -0.0003   0.0000   0.0066  -0.0016   -0.114
   252  10.2618  -4.2025   1.1120   1.8709   0.2043   0.0129   0.0255   0.0202   0.0069  -0.0001   0.0000   0.0038  -0.0013   -0.296
   253  10.4179  -4.2025   1.2212   1.4164   0.1547   0.0030   0.0246   0.0107   0.0022   0.0000   0.0000   0.0010  -0.0003   -0.230
   254  10.7240  -4.2025   1.3304   0.6018   0.0657  -0.0097   0.0203 -12.2210  -0.0162   0.0014   0.0000  -0.0073   0.0008   -0.203
 ---------------------------------------------------------------
