 ---------------------------------------------------------------
 Surface and Strip Forces by surface

  Sref =  65.653       Cref =  2.4122       Bref =  28.068    
  Xref =  11.851       Yref =  0.0000       Zref =  1.3850    

  Surface # 1     main_wing_1                             
     # Chordwise = 10   # Spanwise = 30     First strip =  1
     Surface area Ssurf =   32.823320     Ave. chord Cave =    2.338809

 Forces referred to Sref, Cref, Bref about Xref, Yref, Zref
 Standard axis orientation,  X fwd, Z down         
     CLsurf  =   0.74503     Clsurf  =  -0.15928
     CYsurf  =   0.00307     Cmsurf  =   0.02374
     CDsurf  =   0.03148     Cnsurf  =  -0.03595
     CDisurf =   0.03148     CDvsurf =   0.00000

 Forces referred to Ssurf, Cave 
     CLsurf  =   1.49021     CDsurf  =   0.06296

 Strip Forces referred to Strip Area, Chord
    j     Xle      Yle      Zle      Chord    Area     c_cl     ai     cl_norm    cl       cd       cdv    cm_c/4     cm_LE   C.P.x/c
     1  11.0483   0.0086   1.3850   2.8025   0.0964   3.9711   0.0953   1.4435   1.4435   0.0902   0.0000  -0.0149  -0.3692    0.260
     2  11.0483   0.0773   1.3850   2.8025   0.2880   3.9716   0.0956   1.4440   1.4440   0.0894   0.0000  -0.0150  -0.3693    0.260
     3  11.0483   0.2139   1.3850   2.8025   0.4766   3.9749   0.0956   1.4456   1.4456   0.0880   0.0000  -0.0149  -0.3695    0.260
     4  11.0483   0.4169   1.3850   2.8025   0.6599   3.9855   0.0950   1.4501   1.4501   0.0858   0.0000  -0.0146  -0.3702    0.260
     5  11.0483   0.6842   1.3850   2.8025   0.8359   4.0087   0.0936   1.4598   1.4598   0.0817   0.0000  -0.0138  -0.3714    0.259
     6  11.0483   1.0127   1.3850   2.8025   1.0029   4.0484   0.0916   1.4762   1.4762   0.0752   0.0000  -0.0123  -0.3735    0.258
     7  11.0483   1.3989   1.3850   2.8025   1.1588   4.1013   0.0896   1.4979   1.4979   0.0671   0.0000  -0.0105  -0.3763    0.257
     8  11.0496   1.8894   1.3850   2.7971   1.5917   4.1553   0.0864   1.5239   1.5239   0.0560   0.0000  -0.0091  -0.3805    0.256
     9  11.0525   2.4875   1.3850   2.7854   1.7421   4.1812   0.0832   1.5426   1.5426   0.0463   0.0000  -0.0101  -0.3854    0.257
    10  11.0557   3.1394   1.3850   2.7727   1.8764   4.1565   0.0834   1.5397   1.5397   0.0492   0.0000  -0.0126  -0.3874    0.258
    11  11.0591   3.8382   1.3850   2.7591   1.9837   4.0055   0.0869   1.4790   1.4790   0.0923   0.0000  -0.0221  -0.3851    0.265
    12  11.0712   4.5367   1.3850   2.7109   1.8306   3.9530   0.0859   1.4854   1.4854   0.0931   0.0000  -0.0222  -0.3865    0.265
    13  11.0923   5.2247   1.3850   2.6263   1.8349   3.9903   0.0804   1.5589   1.5589   0.0559   0.0000  -0.0152  -0.3948    0.260
    14  11.1141   5.9322   1.3850   2.5393   1.8141   3.9172   0.0761   1.5843   1.5843   0.0511   0.0000  -0.0156  -0.4011    0.260
    15  11.1362   6.6515   1.3850   2.4509   1.7703   3.8069   0.0728   1.5954   1.5954   0.0507   0.0000  -0.0165  -0.4046    0.260
    16  11.1584   7.3749   1.3850   2.3619   1.7061   3.6791   0.0706   1.6000   1.6000   0.0507   0.0000  -0.0170  -0.4062    0.261
    17  11.1805   8.0942   1.3850   2.2735   1.6242   3.5399   0.0696   1.5992   1.5992   0.0511   0.0000  -0.0171  -0.4062    0.261
    18  11.2023   8.8017   1.3850   2.1865   1.5276   3.3916   0.0699   1.5929   1.5929   0.0518   0.0000  -0.0170  -0.4046    0.261
    19  11.2234   9.4897   1.3850   2.1019   1.4194   3.2350   0.0716   1.5800   1.5800   0.0532   0.0000  -0.0164  -0.4010    0.260
    20  11.2443  10.1680   1.3850   2.0185   1.3710   3.0670   0.0750   1.5591   1.5591   0.0554   0.0000  -0.0156  -0.3953    0.260
    21  11.2646  10.8282   1.3850   1.9373   1.2386   2.8852   0.0806   1.5270   1.5270   0.0585   0.0000  -0.0142  -0.3863    0.259
    22  11.2835  11.4449   1.3850   1.8615   1.1028   2.6895   0.0887   1.4798   1.4798   0.0626   0.0000  -0.0121  -0.3731    0.258
    23  11.3009  12.0114   1.3850   1.7919   0.9659   2.4759   0.0996   1.4132   1.4132   0.0672   0.0000  -0.0089  -0.3542    0.256
    24  11.3166  12.5215   1.3850   1.7292   0.8296   2.2377   0.1137   1.3212   1.3212   0.0720   0.0000  -0.0045  -0.3279    0.253
    25  11.3303  12.9696   1.3850   1.6741   0.6951   1.9671   0.1306   1.1968   1.1968   0.0757   0.0000   0.0013  -0.2924    0.249
    26  11.3421  13.3508   1.3850   1.6273   0.5632   1.6555   0.1493   1.0332   1.0332   0.0766   0.0000   0.0079  -0.2463    0.242
    27  11.3508  13.6352   1.3850   1.5923   0.3588   1.3149   0.1667   0.8360   0.8360   0.0722   0.0000   0.0133  -0.1930    0.234
    28  11.3568  13.8295   1.3850   1.5684   0.2552   0.9648   0.1809   0.6206   0.6206   0.0618   0.0000   0.0155  -0.1383    0.225
    29  11.3608  13.9602   1.3850   1.5523   0.1527   0.5907   0.1922   0.3823   0.3823   0.0441   0.0000   0.0128  -0.0823    0.217
    30  11.3628  14.0260   1.3850   1.5442   0.0508   0.1991   0.1993   0.1290   0.1290   0.0168   0.0000   0.0050  -0.0272    0.211

  Surface # 2     main_wing_1 (YDUP)                      
     # Chordwise = 10   # Spanwise = 30     First strip = 31
     Surface area Ssurf =   32.823320     Ave. chord Cave =    2.338809

 Forces referred to Sref, Cref, Bref about Xref, Yref, Zref
 Standard axis orientation,  X fwd, Z down         
     CLsurf  =   0.74503     Clsurf  =   0.15928
     CYsurf  =  -0.00307     Cmsurf  =   0.02374
     CDsurf  =   0.03148     Cnsurf  =   0.03595
     CDisurf =   0.03148     CDvsurf =   0.00000

 Forces referred to Ssurf, Cave 
     CLsurf  =   1.49021     CDsurf  =   0.06296

 Strip Forces referred to Strip Area, Chord
    j     Xle      Yle      Zle      Chord    Area     c_cl     ai     cl_norm    cl       cd       cdv    cm_c/4     cm_LE   C.P.x/c
    31  11.0483  -0.0086   1.3850   2.8025   0.0964   3.9711   0.0953   1.4435   1.4435   0.0902   0.0000  -0.0149   0.3692    0.260
    32  11.0483  -0.0773   1.3850   2.8025   0.2880   3.9716   0.0956   1.4440   1.4440   0.0894   0.0000  -0.0150   0.3693    0.260
    33  11.0483  -0.2139   1.3850   2.8025   0.4766   3.9749   0.0956   1.4456   1.4456   0.0880   0.0000  -0.0149   0.3695    0.260
    34  11.0483  -0.4169   1.3850   2.8025   0.6599   3.9855   0.0950   1.4501   1.4501   0.0858   0.0000  -0.0146   0.3702    0.260
    35  11.0483  -0.6842   1.3850   2.8025   0.8359   4.0087   0.0936   1.4598   1.4598   0.0817   0.0000  -0.0138   0.3714    0.259
    36  11.0483  -1.0127   1.3850   2.8025   1.0029   4.0484   0.0916   1.4762   1.4762   0.0752   0.0000  -0.0123   0.3735    0.258
    37  11.0483  -1.3989   1.3850   2.8025   1.1588   4.1013   0.0896   1.4979   1.4979   0.0671   0.0000  -0.0105   0.3763    0.257
    38  11.0496  -1.8894   1.3850   2.7971   1.5917   4.1553   0.0864   1.5239   1.5239   0.0560   0.0000  -0.0091   0.3805    0.256
    39  11.0525  -2.4875   1.3850   2.7854   1.7421   4.1812   0.0832   1.5426   1.5426   0.0463   0.0000  -0.0101   0.3854    0.257
    40  11.0557  -3.1394   1.3850   2.7727   1.8764   4.1565   0.0834   1.5397   1.5397   0.0492   0.0000  -0.0126   0.3874    0.258
    41  11.0591  -3.8382   1.3850   2.7591   1.9837   4.0055   0.0869   1.4790   1.4790   0.0923   0.0000  -0.0221   0.3851    0.265
    42  11.0712  -4.5367   1.3850   2.7109   1.8306   3.9530   0.0859   1.4854   1.4854   0.0931   0.0000  -0.0222   0.3865    0.265
    43  11.0923  -5.2247   1.3850   2.6263   1.8349   3.9903   0.0804   1.5589   1.5589   0.0559   0.0000  -0.0152   0.3948    0.260
    44  11.1141  -5.9322   1.3850   2.5393   1.8141   3.9172   0.0761   1.5843   1.5843   0.0511   0.0000  -0.0156   0.4011    0.260
    45  11.1362  -6.6515   1.3850   2.4509   1.7703   3.8069   0.0728   1.5954   1.5954   0.0507   0.0000  -0.0165   0.4046    0.260
    46  11.1584  -7.3749   1.3850   2.3619   1.7061   3.6791   0.0706   1.6000   1.6000   0.0507   0.0000  -0.0170   0.4062    0.261
    47  11.1805  -8.0942   1.3850   2.2735   1.6242   3.5399   0.0696   1.5992   1.5992   0.0511   0.0000  -0.0171   0.4062    0.261
    48  11.2023  -8.8017   1.3850   2.1865   1.5276   3.3916   0.0699   1.5929   1.5929   0.0518   0.0000  -0.0170   0.4046    0.261
    49  11.2234  -9.4897   1.3850   2.1019   1.4194   3.2350   0.0716   1.5800   1.5800   0.0532   0.0000  -0.0164   0.4010    0.260
    50  11.2443 -10.1680   1.3850   2.0185   1.3710   3.0670   0.0750   1.5591   1.5591   0.0554   0.0000  -0.0156   0.3953    0.260
    51  11.2646 -10.8282   1.3850   1.9373   1.2386   2.8852   0.0806   1.5270   1.5270   0.0585   0.0000  -0.0142   0.3863    0.259
    52  11.2835 -11.4449   1.3850   1.8615   1.1028   2.6895   0.0887   1.4798   1.4798   0.0626   0.0000  -0.0121   0.3731    0.258
    53  11.3009 -12.0114   1.3850   1.7919   0.9659   2.4759   0.0996   1.4132   1.4132   0.0672   0.0000  -0.0089   0.3542    0.256
    54  11.3166 -12.5215   1.3850   1.7292   0.8296   2.2377   0.1137   1.3212   1.3212   0.0720   0.0000  -0.0045   0.3279    0.253
    55  11.3303 -12.9696   1.3850   1.6741   0.6951   1.9671   0.1306   1.1968   1.1968   0.0757   0.0000   0.0013   0.2924    0.249
    56  11.3421 -13.3508   1.3850   1.6273   0.5632   1.6555   0.1493   1.0332   1.0332   0.0766   0.0000   0.0079   0.2463    0.242
    57  11.3508 -13.6352   1.3850   1.5923   0.3588   1.3149   0.1667   0.8360   0.8360   0.0722   0.0000   0.0133   0.1930    0.234
    58  11.3568 -13.8295   1.3850   1.5684   0.2552   0.9648   0.1809   0.6206   0.6206   0.0618   0.0000   0.0155   0.1383    0.225
    59  11.3608 -13.9602   1.3850   1.5523   0.1527   0.5907   0.1922   0.3823   0.3823   0.0441   0.0000   0.0128   0.0823    0.217
    60  11.3628 -14.0260   1.3850   1.5442   0.0508   0.1991   0.1993   0.1290   0.1290   0.0168   0.0000   0.0050   0.0272    0.211

  Surface # 3     horizontal_stabilizer                   
     # Chordwise = 10   # Spanwise = 30     First strip = 61
     Surface area Ssurf =    7.357384     Ave. chord Cave =    1.566034

 Forces referred to Sref, Cref, Bref about Xref, Yref, Zref
 Standard axis orientation,  X fwd, Z down         
     CLsurf  =   0.02425     Clsurf  =  -0.00136
     CYsurf  =   0.00101     Cmsurf  =  -0.12932
     CDsurf  =   0.00217     Cnsurf  =  -0.00075
     CDisurf =   0.00217     CDvsurf =   0.00000

 Forces referred to Ssurf, Cave 
     CLsurf  =   0.21641     CDsurf  =   0.01935

 Strip Forces referred to Strip Area, Chord
    j     Xle      Yle      Zle      Chord    Area     c_cl     ai     cl_norm    cl       cd       cdv    cm_c/4     cm_LE   C.P.x/c
    61  24.4238   0.0030   6.3914   1.9570   0.0237   0.8317   0.2731   0.3944   0.3904   0.1844   0.0000   0.0582  -0.0475    0.101
    62  24.4274   0.0273   6.3914   1.9530   0.0708   0.8313   0.2733   0.4280   0.4236   0.0640   0.0000   0.0586  -0.0473    0.112
    63  24.4345   0.0754   6.3914   1.9449   0.1166   0.8282   0.2737   0.4305   0.4261   0.0556   0.0000   0.0600  -0.0460    0.109
    64  24.4450   0.1470   6.3914   1.9330   0.1605   0.8176   0.2750   0.4287   0.4243   0.0512   0.0000   0.0634  -0.0419    0.101
    65  24.4588   0.2413   6.3914   1.9173   0.2017   0.7911   0.2777   0.4193   0.4151   0.0458   0.0000   0.0703  -0.0325    0.081
    66  24.4758   0.3572   6.3914   1.8980   0.2395   0.7319   0.2826   0.3936   0.3896   0.0367   0.0000   0.0850  -0.0113    0.032
    67  24.4963   0.4970   6.3914   1.8747   0.2875   0.5657   0.0114   0.3064   0.3033   0.0346   0.0000   0.1264   0.0505   -0.167
    68  24.5202   0.6600   6.3914   1.8476   0.3183   0.4833   0.0201   0.2662   0.2635   0.0278   0.0000   0.1460   0.0797   -0.304
    69  24.5468   0.8411   6.3914   1.8174   0.3442   0.4278   0.0282   0.2401   0.2376   0.0230   0.0000   0.1580   0.0981   -0.415
    70  24.5757   1.0383   6.3914   1.7845   0.3647   0.3873   0.0351   0.2218   0.2195   0.0195   0.0000   0.1658   0.1103   -0.505
    71  24.6067   1.2493   6.3914   1.7494   0.3798   0.3562   0.0405   0.2085   0.2064   0.0169   0.0000   0.1709   0.1187   -0.578
    72  24.6394   1.4719   6.3914   1.7123   0.3895   0.3316   0.0446   0.1986   0.1966   0.0150   0.0000   0.1743   0.1245   -0.637
    73  24.6734   1.7036   6.3914   1.6736   0.3939   0.3112   0.0478   0.1909   0.1890   0.0135   0.0000   0.1765   0.1287   -0.684
    74  24.7084   1.9420   6.3914   1.6339   0.3932   0.2939   0.0502   0.1849   0.1830   0.0125   0.0000   0.1781   0.1317   -0.723
    75  24.7440   2.1843   6.3914   1.5935   0.3878   0.2787   0.0520   0.1799   0.1780   0.0117   0.0000   0.1791   0.1339   -0.756
    76  24.7797   2.4280   6.3914   1.5529   0.3779   0.2649   0.0534   0.1755   0.1737   0.0111   0.0000   0.1798   0.1357   -0.785
    77  24.8153   2.6703   6.3914   1.5125   0.3640   0.2521   0.0543   0.1716   0.1698   0.0107   0.0000   0.1802   0.1371   -0.811
    78  24.8503   2.9087   6.3914   1.4728   0.3466   0.2400   0.0548   0.1677   0.1660   0.0103   0.0000   0.1804   0.1382   -0.837
    79  24.8843   3.1404   6.3914   1.4342   0.3263   0.2282   0.0547   0.1638   0.1622   0.0100   0.0000   0.1803   0.1390   -0.862
    80  24.9170   3.3630   6.3914   1.3971   0.3033   0.2169   0.0539   0.1598   0.1582   0.0098   0.0000   0.1797   0.1394   -0.886
    81  24.9480   3.5740   6.3914   1.3619   0.2783   0.2063   0.0520   0.1559   0.1543   0.0098   0.0000   0.1782   0.1388   -0.905
    82  24.9769   3.7712   6.3914   1.3290   0.2517   0.1973   0.0485   0.1526   0.1510   0.0102   0.0000   0.1751   0.1365   -0.909
    83  25.0035   3.9522   6.3914   1.2989   0.2238   0.1918   0.0424   0.1515   0.1500   0.0111   0.0000   0.1690   0.1307   -0.877
    84  25.0274   4.1153   6.3914   1.2717   0.1950   0.1942   0.0332   0.1562   0.1546   0.0130   0.0000   0.1574   0.1180   -0.768
    85  25.0485   4.2585   6.3914   1.2478   0.1656   0.2151   0.0210   0.1758   0.1740   0.0170   0.0000   0.1347   0.0906   -0.524
    86  25.0681   4.3923   6.3914   1.2255   0.1634   0.3064   0.2859   0.2565   0.2538   0.0192   0.0000   0.0778   0.0151   -0.057
    87  25.0856   4.5117   6.3914   1.2056   0.1269   0.2824   0.2754   0.2387   0.2363   0.0235   0.0000   0.0560  -0.0026    0.013
    88  25.0989   4.6025   6.3914   1.1904   0.0905   0.2205   0.2689   0.1881   0.1862   0.0208   0.0000   0.0406  -0.0057    0.032
    89  25.1078   4.6636   6.3914   1.1803   0.0542   0.1389   0.2650   0.1193   0.1180   0.0144   0.0000   0.0254  -0.0039    0.035
    90  25.1123   4.6943   6.3914   1.1751   0.0181   0.0473   0.2631   0.0409   0.0405   0.0045   0.0000   0.0088  -0.0013    0.034

  Surface # 4     horizontal_stabilizer (YDUP)            
     # Chordwise = 10   # Spanwise = 30     First strip = 91
     Surface area Ssurf =    7.357384     Ave. chord Cave =    1.566034

 Forces referred to Sref, Cref, Bref about Xref, Yref, Zref
 Standard axis orientation,  X fwd, Z down         
     CLsurf  =   0.02425     Clsurf  =   0.00136
     CYsurf  =  -0.00101     Cmsurf  =  -0.12932
     CDsurf  =   0.00217     Cnsurf  =   0.00075
     CDisurf =   0.00217     CDvsurf =   0.00000

 Forces referred to Ssurf, Cave 
     CLsurf  =   0.21641     CDsurf  =   0.01935

 Strip Forces referred to Strip Area, Chord
    j     Xle      Yle      Zle      Chord    Area     c_cl     ai     cl_norm    cl       cd       cdv    cm_c/4     cm_LE   C.P.x/c
    91  24.4238  -0.0030   6.3914   1.9570   0.0237   0.8317   0.2731   0.3944   0.3904   0.1844   0.0000   0.0582   0.0475    0.101
    92  24.4274  -0.0273   6.3914   1.9530   0.0708   0.8313   0.2733   0.4280   0.4236   0.0640   0.0000   0.0586   0.0473    0.112
    93  24.4345  -0.0754   6.3914   1.9449   0.1166   0.8282   0.2737   0.4305   0.4261   0.0556   0.0000   0.0600   0.0460    0.109
    94  24.4450  -0.1470   6.3914   1.9330   0.1605   0.8176   0.2750   0.4287   0.4243   0.0512   0.0000   0.0634   0.0419    0.101
    95  24.4588  -0.2413   6.3914   1.9173   0.2017   0.7911   0.2777   0.4193   0.4151   0.0458   0.0000   0.0703   0.0325    0.081
    96  24.4758  -0.3572   6.3914   1.8980   0.2395   0.7319   0.2826   0.3936   0.3896   0.0367   0.0000   0.0850   0.0113    0.032
    97  24.4963  -0.4970   6.3914   1.8747   0.2875   0.5657   0.0114   0.3064   0.3033   0.0346   0.0000   0.1264  -0.0505   -0.167
    98  24.5202  -0.6600   6.3914   1.8476   0.3183   0.4833   0.0201   0.2662   0.2635   0.0278   0.0000   0.1460  -0.0797   -0.304
    99  24.5468  -0.8411   6.3914   1.8174   0.3442   0.4278   0.0282   0.2401   0.2376   0.0230   0.0000   0.1580  -0.0981   -0.415
   100  24.5757  -1.0383   6.3914   1.7845   0.3647   0.3873   0.0351   0.2218   0.2195   0.0195   0.0000   0.1658  -0.1103   -0.505
   101  24.6067  -1.2493   6.3914   1.7494   0.3798   0.3562   0.0405   0.2085   0.2064   0.0169   0.0000   0.1709  -0.1187   -0.578
   102  24.6394  -1.4719   6.3914   1.7123   0.3895   0.3316   0.0446   0.1986   0.1966   0.0150   0.0000   0.1743  -0.1245   -0.637
   103  24.6734  -1.7036   6.3914   1.6736   0.3939   0.3112   0.0478   0.1909   0.1890   0.0135   0.0000   0.1765  -0.1287   -0.684
   104  24.7084  -1.9420   6.3914   1.6339   0.3932   0.2939   0.0502   0.1849   0.1830   0.0125   0.0000   0.1781  -0.1317   -0.723
   105  24.7440  -2.1843   6.3914   1.5935   0.3878   0.2787   0.0520   0.1799   0.1780   0.0117   0.0000   0.1791  -0.1339   -0.756
   106  24.7797  -2.4280   6.3914   1.5529   0.3779   0.2649   0.0534   0.1755   0.1737   0.0111   0.0000   0.1798  -0.1357   -0.785
   107  24.8153  -2.6703   6.3914   1.5125   0.3640   0.2521   0.0543   0.1716   0.1698   0.0107   0.0000   0.1802  -0.1371   -0.811
   108  24.8503  -2.9087   6.3914   1.4728   0.3466   0.2400   0.0548   0.1677   0.1660   0.0103   0.0000   0.1804  -0.1382   -0.837
   109  24.8843  -3.1404   6.3914   1.4342   0.3263   0.2282   0.0547   0.1638   0.1622   0.0100   0.0000   0.1803  -0.1390   -0.862
   110  24.9170  -3.3630   6.3914   1.3971   0.3033   0.2169   0.0539   0.1598   0.1582   0.0098   0.0000   0.1797  -0.1394   -0.886
   111  24.9480  -3.5740   6.3914   1.3619   0.2783   0.2063   0.0520   0.1559   0.1543   0.0098   0.0000   0.1782  -0.1388   -0.905
   112  24.9769  -3.7712   6.3914   1.3290   0.2517   0.1973   0.0485   0.1526   0.1510   0.0102   0.0000   0.1751  -0.1365   -0.909
   113  25.0035  -3.9522   6.3914   1.2989   0.2238   0.1918   0.0424   0.1515   0.1500   0.0111   0.0000   0.1690  -0.1307   -0.877
   114  25.0274  -4.1153   6.3914   1.2717   0.1950   0.1942   0.0332   0.1562   0.1546   0.0130   0.0000   0.1574  -0.1180   -0.768
   115  25.0485  -4.2585   6.3914   1.2478   0.1656   0.2151   0.0210   0.1758   0.1740   0.0170   0.0000   0.1347  -0.0906   -0.524
   116  25.0681  -4.3923   6.3914   1.2255   0.1634   0.3064   0.2859   0.2565   0.2538   0.0192   0.0000   0.0778  -0.0151   -0.057
   117  25.0856  -4.5117   6.3914   1.2056   0.1269   0.2824   0.2754   0.2387   0.2363   0.0235   0.0000   0.0560   0.0026    0.013
   118  25.0989  -4.6025   6.3914   1.1904   0.0905   0.2205   0.2689   0.1881   0.1862   0.0208   0.0000   0.0406   0.0057    0.032
   119  25.1078  -4.6636   6.3914   1.1803   0.0542   0.1389   0.2650   0.1193   0.1180   0.0144   0.0000   0.0254   0.0039    0.035
   120  25.1123  -4.6943   6.3914   1.1751   0.0181   0.0473   0.2631   0.0409   0.0405   0.0045   0.0000   0.0088   0.0013    0.034

  Surface # 5     vertical_stabilizer                     
     # Chordwise = 10   # Spanwise = 30     First strip =121
     Surface area Ssurf =   17.906305     Ave. chord Cave =    3.345347

 Forces referred to Sref, Cref, Bref about Xref, Yref, Zref
 Standard axis orientation,  X fwd, Z down         
     CLsurf  =   0.00000     Clsurf  =   0.00000
     CYsurf  =   0.00000     Cmsurf  =  -0.00000
     CDsurf  =  -0.00000     Cnsurf  =  -0.00000
     CDisurf =  -0.00000     CDvsurf =   0.00000

 Forces referred to Ssurf, Cave 
     CLsurf  =  -0.00000     CDsurf  =  -0.00000

 Strip Forces referred to Strip Area, Chord
    j     Xle      Yle      Zle      Chord    Area     c_cl     ai     cl_norm    cl       cd       cdv    cm_c/4     cm_LE   C.P.x/c
   121  21.6096   0.0000   1.0561   4.1763   0.1721  -0.0000   0.0000  -0.0000  -0.0000   0.0000   0.0000  -0.0000  -0.0000   -0.194
   122  21.6434   0.0000   1.1105   4.1593   0.2802  -0.0000   0.0000  -0.0000  -0.0000   0.0000   0.0000  -0.0000   0.0000    0.026
   123  21.6934   0.0000   1.1907   4.1342   0.3846  -0.0000   0.0000  -0.0000  -0.0000  -0.0000   0.0000  -0.0000  -0.0000   -0.116
   124  21.7591   0.0000   1.2963   4.1012   0.4836  -0.0000  -0.0000  -0.0000  -0.0000   0.0000   0.0000  -0.0000   0.0000    0.142
   125  21.8400   0.0000   1.4263   4.0606   0.5754  -0.0000   0.0000  -0.0000  -0.0000  -0.0000   0.0000  -0.0000   0.0000    0.134
   126  21.9354   0.0000   1.5794   4.0128   0.6588  -0.0000   0.0000  -0.0000  -0.0000  -0.0000   0.0000  -0.0000   0.0000    0.099
   127  22.0442   0.0000   1.7543   3.9581   0.7326  -0.0000   0.0000  -0.0000  -0.0000   0.0000   0.0000  -0.0000   0.0000    0.174
   128  22.1655   0.0000   1.9491   3.8972   0.7957  -0.0000   0.0000  -0.0000  -0.0000  -0.0000   0.0000  -0.0000   0.0000    0.150
   129  22.2981   0.0000   2.1621   3.8307   0.8474  -0.0000   0.0000  -0.0000  -0.0000  -0.0000   0.0000  -0.0000   0.0000    0.178
   130  22.4407   0.0000   2.3910   3.7591   0.8874  -0.0000   0.0000  -0.0000  -0.0000   0.0000   0.0000   0.0000   0.0000    0.279
   131  22.5917   0.0000   2.6336   3.6833   0.9154  -0.0000   0.0000  -0.0000  -0.0000  -0.0000   0.0000   0.0000   0.0000    0.336
   132  22.7497   0.0000   2.8875   3.6040   0.9315  -0.0000   0.0000  -0.0000  -0.0000  -0.0000   0.0000   0.0000   0.0000    0.362
   133  22.9131   0.0000   3.1499   3.5220   0.9360  -0.0000   0.0000  -0.0000  -0.0000  -0.0000   0.0000   0.0000   0.0000    0.343
   134  23.0802   0.0000   3.4183   3.4381   0.9294  -0.0000   0.0000  -0.0000  -0.0000   0.0000   0.0000   0.0000   0.0000    0.381
   135  23.2493   0.0000   3.6899   3.3532   0.9124  -0.0000   0.0000  -0.0000  -0.0000  -0.0000   0.0000   0.0000   0.0000    0.299
   136  23.4186   0.0000   3.9618   3.2683   0.8859  -0.0000   0.0000  -0.0000  -0.0000  -0.0000   0.0000   0.0000   0.0000    0.300
   137  23.5864   0.0000   4.2313   3.1840   0.8508  -0.0000   0.0000  -0.0000  -0.0000  -0.0000   0.0000   0.0000   0.0000    0.322
   138  23.7509   0.0000   4.4955   3.1015   0.8082  -0.0000   0.0000  -0.0000  -0.0000  -0.0000   0.0000   0.0000   0.0000    0.319
   139  23.9104   0.0000   4.7518   3.0214   0.7591  -0.0000   0.0000  -0.0000  -0.0000  -0.0000   0.0000   0.0000   0.0000    0.356
   140  24.0633   0.0000   4.9974   2.9446   0.7046  -0.0000  -0.0000  -0.0000  -0.0000  -0.0000   0.0000   0.0000   0.0000    0.375
   141  24.2080   0.0000   5.2297   2.8720   0.6457  -0.0000   0.0000  -0.0000  -0.0000  -0.0000   0.0000   0.0000   0.0000    0.342
   142  24.3429   0.0000   5.4464   2.8043   0.5833  -0.0000   0.0000  -0.0000  -0.0000  -0.0000   0.0000   0.0000   0.0000    0.307
   143  24.4666   0.0000   5.6452   2.7422   0.5183  -0.0000  -0.0000  -0.0000  -0.0000   0.0000   0.0000   0.0000   0.0000    0.321
   144  24.5779   0.0000   5.8239   2.6863   0.4514  -0.0000   0.0000  -0.0000  -0.0000   0.0000   0.0000   0.0000   0.0000    0.272
   145  24.6756   0.0000   5.9808   2.6373   0.3831  -0.0000  -0.0000  -0.0000  -0.0000   0.0000   0.0000  -0.0000   0.0000    0.249
   146  24.7585   0.0000   6.1141   2.5957   0.3141  -0.0000  -0.0000  -0.0000  -0.0000   0.0000   0.0000  -0.0000   0.0000    0.221
   147  24.8260   0.0000   6.2225   2.5618   0.2445  -0.0000   0.0000  -0.0000  -0.0000   0.0000   0.0000  -0.0000   0.0000    0.109
   148  24.8773   0.0000   6.3047   2.5361   0.1748  -0.0000  -0.0000  -0.0000  -0.0000   0.0000   0.0000  -0.0000   0.0000    0.107
   149  24.9117   0.0000   6.3601   2.5188   0.1049  -0.0000   0.0000  -0.0000  -0.0000  -0.0000   0.0000  -0.0000  -0.0000   -0.017
   150  24.9290   0.0000   6.3879   2.5101   0.0350  -0.0000   0.0000  -0.0000  -0.0000  -0.0000   0.0000  -0.0000   0.0000    0.009

  Surface # 6     fuselage_horizontal                     
     # Chordwise = 10   # Spanwise = 30     First strip =151
     Surface area Ssurf =   68.215848     Ave. chord Cave =   24.626660

 Forces referred to Sref, Cref, Bref about Xref, Yref, Zref
 Standard axis orientation,  X fwd, Z down         
     CLsurf  =   0.03704     Clsurf  =   0.00000
     CYsurf  =  -0.00000     Cmsurf  =   0.20125
     CDsurf  =   0.00475     Cnsurf  =  -0.00000
     CDisurf =   0.00475     CDvsurf =   0.00000

 Forces referred to Ssurf, Cave 
     CLsurf  =   0.03565     CDsurf  =   0.00457

 Strip Forces referred to Strip Area, Chord
    j     Xle      Yle      Zle      Chord    Area     c_cl     ai     cl_norm    cl       cd       cdv    cm_c/4     cm_LE   C.P.x/c
   151   3.1318  -1.3388   0.0000  17.7836   1.6420   0.3269   0.2324   0.0235   0.0202  -0.0041   0.0000   0.0071   0.0005   -0.104
   152   2.6452  -1.2465   0.0000  19.5836   1.8082   0.4897   0.2409   0.0309   0.0265  -0.0022   0.0000   0.0091   0.0005   -0.093
   153   2.1586  -1.1542   0.0000  21.3835   1.9744   0.6122   0.2476   0.0352   0.0302  -0.0020   0.0000   0.0099   0.0005   -0.078
   154   1.7878  -1.0618   0.0000  22.6830   2.0944   0.7081   0.2515   0.0439   0.0328  -0.0018   0.0000   0.0108   0.0010   -0.079
   155   1.5328  -0.9695   0.0000  23.4821   2.1682   0.7877   0.2522   0.0459   0.0343   0.0017   0.0000   0.0114   0.0010   -0.082
   156   1.2777  -0.8772   0.0000  24.2812   2.2420   0.8555   0.2529   0.0479   0.0358   0.0025   0.0000   0.0117   0.0010   -0.077
   157   1.0579  -0.7848   0.0000  24.9817   2.3066   0.9121   0.2535   0.0418   0.0370   0.0032   0.0000   0.0120   0.0013   -0.075
   158   0.8733  -0.6925   0.0000  25.5837   2.3622   0.9620   0.2537   0.0431   0.0381   0.0032   0.0000   0.0122   0.0013   -0.070
   159   0.6887  -0.6002   0.0000  26.1857   2.4178   1.0048   0.2541   0.0450   0.0398  -0.0002   0.0000   0.0123   0.0012   -0.059
   160   0.5311  -0.5078   0.0000  26.6432   2.4601   1.0382   0.2545   0.0528   0.0407  -0.0010   0.0000   0.0124   0.0016   -0.056
   161   0.4004  -0.4155   0.0000  26.9562   2.4890   1.0643   0.2546   0.0518   0.0399   0.0037   0.0000   0.0125   0.0015   -0.064
   162   0.2697  -0.3232   0.0000  27.2691   2.5178   1.0844   0.2548   0.0520   0.0400   0.0043   0.0000   0.0126   0.0015   -0.064
   163   0.1703  -0.2308   0.0000  27.4597   2.5354   1.0973   0.2548   0.0503   0.0393   0.0078   0.0000   0.0127   0.0021   -0.072
   164   0.1022  -0.1385   0.0000  27.5278   2.5417   1.1040   0.2548   0.0488   0.0381   0.0126   0.0000   0.0127   0.0022   -0.084
   165   0.0341  -0.0462   0.0000  27.5959   2.5480   1.1056   0.2548   0.0421   0.0329   0.0318   0.0000   0.0128   0.0022   -0.138
   166   0.0341   0.0462   0.0000  27.5959   2.5480   1.1056   0.2548   0.0421   0.0329   0.0318   0.0000   0.0128   0.0022   -0.138
   167   0.1022   0.1385   0.0000  27.5278   2.5417   1.1040   0.2548   0.0488   0.0381   0.0126   0.0000   0.0127   0.0022   -0.084
   168   0.1703   0.2308   0.0000  27.4597   2.5354   1.0973   0.2548   0.0503   0.0393   0.0078   0.0000   0.0127   0.0021   -0.072
   169   0.2697   0.3232   0.0000  27.2691   2.5178   1.0844   0.2548   0.0520   0.0400   0.0043   0.0000   0.0126   0.0015   -0.064
   170   0.4004   0.4155   0.0000  26.9562   2.4890   1.0643   0.2546   0.0518   0.0399   0.0037   0.0000   0.0125   0.0015   -0.064
   171   0.5311   0.5078   0.0000  26.6432   2.4601   1.0382   0.2545   0.0528   0.0407  -0.0010   0.0000   0.0124   0.0016   -0.056
   172   0.6887   0.6002   0.0000  26.1857   2.4178   1.0048   0.2541   0.0450   0.0398  -0.0002   0.0000   0.0123   0.0012   -0.059
   173   0.8733   0.6925   0.0000  25.5837   2.3622   0.9620   0.2537   0.0431   0.0381   0.0032   0.0000   0.0122   0.0013   -0.070
   174   1.0579   0.7848   0.0000  24.9817   2.3066   0.9121   0.2535   0.0418   0.0370   0.0032   0.0000   0.0120   0.0013   -0.075
   175   1.2777   0.8772   0.0000  24.2812   2.2420   0.8555   0.2529   0.0479   0.0358   0.0025   0.0000   0.0117   0.0010   -0.077
   176   1.5327   0.9695   0.0000  23.4821   2.1682   0.7877   0.2522   0.0459   0.0343   0.0017   0.0000   0.0114   0.0010   -0.082
   177   1.7878   1.0618   0.0000  22.6830   2.0944   0.7081   0.2515   0.0439   0.0328  -0.0018   0.0000   0.0108   0.0010   -0.079
   178   2.1586   1.1542   0.0000  21.3835   1.9744   0.6122   0.2476   0.0352   0.0302  -0.0020   0.0000   0.0099   0.0005   -0.078
   179   2.6452   1.2465   0.0000  19.5836   1.8082   0.4897   0.2409   0.0309   0.0265  -0.0022   0.0000   0.0091   0.0005   -0.093
   180   3.1318   1.3388   0.0000  17.7836   1.6420   0.3269   0.2324   0.0235   0.0202  -0.0041   0.0000   0.0071   0.0005   -0.104

  Surface # 7     fuselage_vertical                       
     # Chordwise = 10   # Spanwise = 30     First strip =181
     Surface area Ssurf =   67.949596     Ave. chord Cave =   24.530540

 Forces referred to Sref, Cref, Bref about Xref, Yref, Zref
 Standard axis orientation,  X fwd, Z down         
     CLsurf  =   0.00000     Clsurf  =   0.00000
     CYsurf  =  -0.00000     Cmsurf  =   0.00000
     CDsurf  =  -0.00000     Cnsurf  =   0.00000
     CDisurf =  -0.00000     CDvsurf =   0.00000

 Forces referred to Ssurf, Cave 
     CLsurf  =   0.00000     CDsurf  =  -0.00000

 Strip Forces referred to Strip Area, Chord
    j     Xle      Yle      Zle      Chord    Area     c_cl     ai     cl_norm    cl       cd       cdv    cm_c/4     cm_LE   C.P.x/c
   181   2.8564   0.0000  -1.3388  17.8752   1.6505  -0.0000   0.0000  -0.0000  -0.0000  -0.0000   0.0000  -0.0000  -0.0000   -0.196
   182   1.8191   0.0000  -1.2465  19.8583   1.8336  -0.0000   0.0000  -0.0000  -0.0000  -0.0000   0.0000  -0.0000  -0.0000   -0.379
   183   0.7817   0.0000  -1.1542  21.8414   2.0167  -0.0000  -0.0000  -0.0000  -0.0000  -0.0000   0.0000  -0.0000  -0.0000   -0.438
   184   0.2207   0.0000  -1.0618  23.0712   2.1302   0.0000  -0.0000   0.0000   0.0000   0.0000   0.0000  -0.0000  -0.0000  999.000
   185   0.1361   0.0000  -0.9695  23.5476   2.1742   0.0000  -0.0000   0.0000   0.0000   0.0000   0.0000  -0.0000  -0.0000    1.869
   186   0.0514   0.0000  -0.8772  24.0239   2.2182   0.0000  -0.0000   0.0000   0.0000   0.0000   0.0000  -0.0000  -0.0000    1.758
   187   0.0141   0.0000  -0.7848  24.4074   2.2536   0.0000  -0.0000   0.0000   0.0000   0.0000   0.0000  -0.0000  -0.0000    1.168
   188   0.0240   0.0000  -0.6925  24.6981   2.2805   0.0000  -0.0000   0.0000   0.0000   0.0000   0.0000  -0.0000  -0.0000    1.098
   189   0.0339   0.0000  -0.6002  24.9887   2.3073   0.0000  -0.0000   0.0000   0.0000   0.0000   0.0000  -0.0000  -0.0000    1.046
   190   0.0665   0.0000  -0.5078  25.2331   2.3299   0.0000  -0.0000   0.0000   0.0000   0.0000   0.0000  -0.0000  -0.0000    0.859
   191   0.1216   0.0000  -0.4155  25.4314   2.3482   0.0000  -0.0000   0.0000   0.0000   0.0000   0.0000  -0.0000  -0.0000    0.794
   192   0.1768   0.0000  -0.3232  25.6296   2.3665   0.0000  -0.0000   0.0000   0.0000   0.0000   0.0000  -0.0000  -0.0000    0.701
   193   0.2450   0.0000  -0.2308  25.7997   2.3822   0.0000  -0.0000   0.0000   0.0000  -0.0000   0.0000  -0.0000  -0.0000    0.629
   194   0.3263   0.0000  -0.1385  25.9416   2.3953   0.0000  -0.0000   0.0000   0.0000  -0.0000   0.0000  -0.0000  -0.0000    0.382
   195   0.4076   0.0000  -0.0462  26.0836   2.4084   0.0000  -0.0000   0.0000   0.0000  -0.0000   0.0000  -0.0000  -0.0000    0.374
   196   0.5006   0.0000   0.0462  26.2032   2.4194   0.0000   0.0000   0.0000   0.0000   0.0000   0.0000  -0.0000  -0.0000    0.320
   197   0.6052   0.0000   0.1385  26.3004   2.4284   0.0000   0.0000   0.0000   0.0000   0.0000   0.0000   0.0000  -0.0000    0.126
   198   0.7098   0.0000   0.2308  26.3977   2.4374   0.0000   0.0000   0.0000   0.0000   0.0000   0.0000   0.0000   0.0000  999.000
   199   0.8268   0.0000   0.3232  26.4519   2.4424  -0.0000   0.0000  -0.0000  -0.0000  -0.0000   0.0000   0.0000   0.0000    1.945
   200   0.9561   0.0000   0.4155  26.4631   2.4434  -0.0000   0.0000  -0.0000  -0.0000  -0.0000   0.0000   0.0000   0.0000    1.634
   201   1.0855   0.0000   0.5078  26.4742   2.4445  -0.0000   0.0000  -0.0000  -0.0000  -0.0000   0.0000   0.0000   0.0000    1.636
   202   1.2301   0.0000   0.6002  26.3999   2.4376  -0.0000   0.0000  -0.0000  -0.0000  -0.0000   0.0000   0.0000   0.0000    1.387
   203   1.3898   0.0000   0.6925  26.2402   2.4228  -0.0000   0.0000  -0.0000  -0.0000  -0.0000   0.0000   0.0000   0.0000    1.349
   204   1.5494   0.0000   0.7848  26.0805   2.4081  -0.0000  -0.0000  -0.0000  -0.0000  -0.0000   0.0000   0.0000   0.0000    1.318
   205   1.7323   0.0000   0.8772  25.8976   2.3912  -0.0000   0.0000  -0.0000  -0.0000  -0.0000   0.0000   0.0000   0.0000    1.183
   206   1.9383   0.0000   0.9695  25.6916   2.3722  -0.0000   0.0000  -0.0000  -0.0000  -0.0000   0.0000   0.0000   0.0000    1.122
   207   2.1443   0.0000   1.0618  25.4857   2.3532  -0.0000   0.0000  -0.0000  -0.0000  -0.0000   0.0000   0.0000   0.0000    1.008
   208   2.4353   0.0000   1.1542  23.9662   2.2129   0.0000   0.0000   0.0000   0.0000   0.0000   0.0000  -0.0000  -0.0000    0.464
   209   2.8112   0.0000   1.2465  21.1332   1.9513   0.0000  -0.0000   0.0000   0.0000   0.0000   0.0000  -0.0000  -0.0000    0.778
   210   3.1871   0.0000   1.3388  18.3001   1.6897   0.0000  -0.0000   0.0000   0.0000   0.0000   0.0000  -0.0000  -0.0000    0.823

  Surface # 8     nacelle_horizontal                      
     # Chordwise =  6   # Spanwise = 11     First strip =211
     Surface area Ssurf =    1.882323     Ave. chord Cave =    1.723897

 Forces referred to Sref, Cref, Bref about Xref, Yref, Zref
 Standard axis orientation,  X fwd, Z down         
     CLsurf  =   0.00692     Clsurf  =  -0.00099
     CYsurf  =  -0.00009     Cmsurf  =   0.00496
     CDsurf  =  -0.00025     Cnsurf  =  -0.00031
     CDisurf =  -0.00025     CDvsurf =   0.00000

 Forces referred to Ssurf, Cave 
     CLsurf  =   0.24128     CDsurf  =  -0.00870

 Strip Forces referred to Strip Area, Chord
    j     Xle      Yle      Zle      Chord    Area     c_cl     ai     cl_norm    cl       cd       cdv    cm_c/4     cm_LE   C.P.x/c
   211  10.7240   3.7111   0.8391   0.6018   0.0657   0.3024   0.3904   1.4616   0.5462  -0.0945   0.0000   0.0388  -0.0213    0.179
   212  10.4179   3.8203   0.8391   1.4164   0.1547   0.3993   0.3268   0.3662   0.2990  -0.0255   0.0000   0.0570  -0.0070    0.059
   213  10.2618   3.9295   0.8391   1.8708   0.2043   0.4396   0.2756   0.2689   0.2467  -0.0120   0.0000   0.0634   0.0030   -0.007
   214  10.1498   4.0387   0.8391   2.2271   0.2432   0.4519   0.2361   0.2131   0.2099   0.0013   0.0000   0.0647   0.0106   -0.058
   215  10.0947   4.1206   0.8391   2.4446   0.1335   0.4480   0.2127   0.1925   0.1851   0.0174   0.0000   0.0633   0.0166   -0.092
   216  10.0770   4.1752   0.8391   2.5621   0.1399   0.4410   0.1957   0.1805   0.1737   0.0172   0.0000   0.0624   0.0184   -0.109
   217  10.0859   4.2571   0.8391   2.5033   0.2734   0.4347   0.2048   0.1840   0.1770   0.0106   0.0000   0.0638   0.0194   -0.111
   218  10.1499   4.3663   0.8391   2.2271   0.2432   0.4271   0.2400   0.2019   0.1988  -0.0004   0.0000   0.0652   0.0132   -0.078
   219  10.2618   4.4755   0.8391   1.8709   0.2041   0.4122   0.2834   0.2525   0.2316  -0.0123   0.0000   0.0638   0.0056   -0.026
   220  10.4179   4.5846   0.8391   1.4164   0.1547   0.3761   0.3407   0.3448   0.2815  -0.0236   0.0000   0.0574  -0.0046    0.046
   221  10.7240   4.6938   0.8391   0.6018   0.0657   0.2878   0.4167   1.3858   0.5179  -0.0826   0.0000   0.0386  -0.0199    0.175

  Surface # 9     nacelle_horizontal (YDUP)               
     # Chordwise =  6   # Spanwise = 11     First strip =222
     Surface area Ssurf =    1.882323     Ave. chord Cave =    1.723897

 Forces referred to Sref, Cref, Bref about Xref, Yref, Zref
 Standard axis orientation,  X fwd, Z down         
     CLsurf  =   0.00692     Clsurf  =   0.00099
     CYsurf  =   0.00009     Cmsurf  =   0.00496
     CDsurf  =  -0.00025     Cnsurf  =   0.00031
     CDisurf =  -0.00025     CDvsurf =   0.00000

 Forces referred to Ssurf, Cave 
     CLsurf  =   0.24128     CDsurf  =  -0.00870

 Strip Forces referred to Strip Area, Chord
    j     Xle      Yle      Zle      Chord    Area     c_cl     ai     cl_norm    cl       cd       cdv    cm_c/4     cm_LE   C.P.x/c
   222  10.7240  -3.7111   0.8391   0.6018   0.0657   0.3024   0.3904   1.4616   0.5462  -0.0945   0.0000   0.0388   0.0213    0.179
   223  10.4179  -3.8203   0.8391   1.4164   0.1547   0.3993   0.3268   0.3662   0.2990  -0.0255   0.0000   0.0570   0.0070    0.059
   224  10.2618  -3.9295   0.8391   1.8708   0.2043   0.4396   0.2756   0.2689   0.2467  -0.0120   0.0000   0.0634  -0.0030   -0.007
   225  10.1498  -4.0387   0.8391   2.2271   0.2432   0.4519   0.2361   0.2131   0.2099   0.0013   0.0000   0.0647  -0.0106   -0.058
   226  10.0947  -4.1206   0.8391   2.4446   0.1335   0.4480   0.2127   0.1925   0.1851   0.0174   0.0000   0.0633  -0.0166   -0.092
   227  10.0770  -4.1752   0.8391   2.5621   0.1399   0.4410   0.1957   0.1805   0.1737   0.0172   0.0000   0.0624  -0.0184   -0.109
   228  10.0859  -4.2571   0.8391   2.5033   0.2734   0.4347   0.2048   0.1840   0.1770   0.0106   0.0000   0.0638  -0.0194   -0.111
   229  10.1499  -4.3663   0.8391   2.2271   0.2432   0.4271   0.2400   0.2019   0.1988  -0.0004   0.0000   0.0652  -0.0132   -0.078
   230  10.2618  -4.4755   0.8391   1.8709   0.2041   0.4122   0.2834   0.2525   0.2316  -0.0123   0.0000   0.0638  -0.0056   -0.026
   231  10.4179  -4.5846   0.8391   1.4164   0.1547   0.3761   0.3407   0.3448   0.2815  -0.0236   0.0000   0.0574   0.0046    0.046
   232  10.7240  -4.6938   0.8391   0.6018   0.0657   0.2878   0.4167   1.3858   0.5179  -0.0826   0.0000   0.0386   0.0199    0.175

  Surface #10     nacelle_vertical                        
     # Chordwise =  6   # Spanwise = 11     First strip =233
     Surface area Ssurf =    1.882259     Ave. chord Cave =    1.723839

 Forces referred to Sref, Cref, Bref about Xref, Yref, Zref
 Standard axis orientation,  X fwd, Z down         
     CLsurf  =   0.00000     Clsurf  =  -0.00000
     CYsurf  =   0.00006     Cmsurf  =   0.00000
     CDsurf  =  -0.00000     Cnsurf  =  -0.00000
     CDisurf =  -0.00000     CDvsurf =   0.00000

 Forces referred to Ssurf, Cave 
     CLsurf  =  -0.00211     CDsurf  =  -0.00007

 Strip Forces referred to Strip Area, Chord
    j     Xle      Yle      Zle      Chord    Area     c_cl     ai     cl_norm    cl       cd       cdv    cm_c/4     cm_LE   C.P.x/c
   233  10.7240   4.2025   0.3477   0.6018   0.0657  -0.0130   0.0213  -0.0366  -0.0215  -0.0002   0.0000  -0.0019   0.0009    0.163
   234  10.4179   4.2025   0.4569   1.4164   0.1547  -0.0185   0.0159  -0.0136  -0.0131  -0.0001   0.0000  -0.0007   0.0013    0.194
   235  10.2618   4.2025   0.5661   1.8708   0.2043  -0.0255   0.0137  -0.0136  -0.0136  -0.0001   0.0000  -0.0009   0.0016    0.186
   236  10.1499   4.2025   0.6753   2.2271   0.2432  -0.0352   0.0108  -0.0161  -0.0158  -0.0001   0.0000  -0.0019   0.0016    0.132
   237  10.0947   4.2025   0.7572   2.4446   0.1335  -0.0294   0.0108  -0.0151  -0.0120   0.0000   0.0000  -0.0014   0.0015    0.135
   238  10.0770   4.2025   0.8118   2.5621   0.1399  -0.0118   0.0107  -0.0058  -0.0046  -0.0000   0.0000   0.0010   0.0021    0.472
   239  10.0859   4.2025   0.8936   2.5034   0.2731   0.0225   0.0101   0.0090   0.0090  -0.0000   0.0000   0.0041   0.0017   -0.203
   240  10.1498   4.2025   1.0028   2.2271   0.2432   0.0255   0.0128   0.0134   0.0114  -0.0001   0.0000   0.0046   0.0013   -0.152
   241  10.2618   4.2025   1.1120   1.8709   0.2043   0.0143   0.0120   0.0107   0.0076  -0.0001   0.0000   0.0029   0.0006   -0.130
   242  10.4179   4.2025   1.2212   1.4164   0.1547   0.0097   0.0117   0.0121   0.0068  -0.0001   0.0000   0.0017  -0.0000    0.006
   243  10.7240   4.2025   1.3304   0.6018   0.0657   0.0046   0.0101   0.0671   0.0077  -0.0000   0.0000  -0.0006  -0.0006    0.323

  Surface #11     nacelle_vertical (YDUP)                 
     # Chordwise =  6   # Spanwise = 11     First strip =244
     Surface area Ssurf =    1.882259     Ave. chord Cave =    1.723839

 Forces referred to Sref, Cref, Bref about Xref, Yref, Zref
 Standard axis orientation,  X fwd, Z down         
     CLsurf  =   0.00000     Clsurf  =   0.00000
     CYsurf  =  -0.00006     Cmsurf  =   0.00000
     CDsurf  =  -0.00000     Cnsurf  =   0.00000
     CDisurf =  -0.00000     CDvsurf =   0.00000

 Forces referred to Ssurf, Cave 
     CLsurf  =  -0.00211     CDsurf  =  -0.00007

 Strip Forces referred to Strip Area, Chord
    j     Xle      Yle      Zle      Chord    Area     c_cl     ai     cl_norm    cl       cd       cdv    cm_c/4     cm_LE   C.P.x/c
   244  10.7240  -4.2025   0.3477   0.6018   0.0657  -0.0130   0.0213  -0.0366  -0.0215  -0.0002   0.0000  -0.0019  -0.0009    0.163
   245  10.4179  -4.2025   0.4569   1.4164   0.1547  -0.0185   0.0159  -0.0136  -0.0131  -0.0001   0.0000  -0.0007  -0.0013    0.194
   246  10.2618  -4.2025   0.5661   1.8708   0.2043  -0.0255   0.0137  -0.0136  -0.0136  -0.0001   0.0000  -0.0009  -0.0016    0.186
   247  10.1499  -4.2025   0.6753   2.2271   0.2432  -0.0352   0.0108  -0.0161  -0.0158  -0.0001   0.0000  -0.0019  -0.0016    0.132
   248  10.0947  -4.2025   0.7572   2.4446   0.1335  -0.0294   0.0108  -0.0151  -0.0120   0.0000   0.0000  -0.0014  -0.0015    0.135
   249  10.0770  -4.2025   0.8118   2.5621   0.1399  -0.0118   0.0107  -0.0058  -0.0046  -0.0000   0.0000   0.0010  -0.0021    0.472
   250  10.0859  -4.2025   0.8936   2.5034   0.2731   0.0225   0.0101   0.0090   0.0090  -0.0000   0.0000   0.0041  -0.0017   -0.203
   251  10.1498  -4.2025   1.0028   2.2271   0.2432   0.0255   0.0128   0.0134   0.0114  -0.0001   0.0000   0.0046  -0.0013   -0.152
   252  10.2618  -4.2025   1.1120   1.8709   0.2043   0.0143   0.0120   0.0107   0.0076  -0.0001   0.0000   0.0029  -0.0006   -0.130
   253  10.4179  -4.2025   1.2212   1.4164   0.1547   0.0097   0.0117   0.0121   0.0068  -0.0001   0.0000   0.0017   0.0000    0.006
   254  10.7240  -4.2025   1.3304   0.6018   0.0657   0.0046   0.0101   0.0671   0.0077  -0.0000   0.0000  -0.0006   0.0006    0.323
 ---------------------------------------------------------------
