 ---------------------------------------------------------------
 Surface and Strip Forces by surface

  Sref =  65.653       Cref =  2.4122       Bref =  28.068    
  Xref =  11.851       Yref =  0.0000       Zref =  1.3850    

  Surface # 1     main_wing_1                             
     # Chordwise = 10   # Spanwise = 30     First strip =  1
     Surface area Ssurf =   32.823320     Ave. chord Cave =    2.338809

 Forces referred to Sref, Cref, Bref about Xref, Yref, Zref
 Standard axis orientation,  X fwd, Z down         
     CLsurf  =   0.25540     Clsurf  =  -0.05573
     CYsurf  =   0.00030     Cmsurf  =   0.00131
     CDsurf  =   0.00368     Cnsurf  =  -0.00308
     CDisurf =   0.00368     CDvsurf =   0.00000

 Forces referred to Ssurf, Cave 
     CLsurf  =   0.51086     CDsurf  =   0.00737

 Strip Forces referred to Strip Area, Chord
    j     Xle      Yle      Zle      Chord    Area     c_cl     ai     cl_norm    cl       cd       cdv    cm_c/4     cm_LE   C.P.x/c
     1  11.0483   0.0086   1.3850   2.8025   0.0964   1.4274   0.0302   0.5098   0.5098   0.0111   0.0000  -0.0103  -0.1376    0.270
     2  11.0483   0.0773   1.3850   2.8025   0.2880   1.4275   0.0305   0.5099   0.5099   0.0108   0.0000  -0.0104  -0.1377    0.270
     3  11.0483   0.2139   1.3850   2.8025   0.4766   1.4282   0.0307   0.5101   0.5101   0.0105   0.0000  -0.0105  -0.1379    0.271
     4  11.0483   0.4169   1.3850   2.8025   0.6599   1.4301   0.0305   0.5108   0.5108   0.0101   0.0000  -0.0107  -0.1383    0.271
     5  11.0483   0.6842   1.3850   2.8025   0.8359   1.4340   0.0299   0.5123   0.5123   0.0096   0.0000  -0.0109  -0.1389    0.271
     6  11.0483   1.0127   1.3850   2.8025   1.0029   1.4407   0.0292   0.5147   0.5147   0.0089   0.0000  -0.0113  -0.1398    0.272
     7  11.0483   1.3989   1.3850   2.8025   1.1588   1.4496   0.0288   0.5179   0.5179   0.0083   0.0000  -0.0119  -0.1413    0.273
     8  11.0496   1.8894   1.3850   2.7971   1.5917   1.4566   0.0273   0.5216   0.5216   0.0068   0.0000  -0.0135  -0.1437    0.276
     9  11.0525   2.4875   1.3850   2.7854   1.7421   1.4556   0.0253   0.5235   0.5235   0.0048   0.0000  -0.0165  -0.1471    0.281
    10  11.0557   3.1394   1.3850   2.7727   1.8764   1.4447   0.0260   0.5220   0.5220   0.0049   0.0000  -0.0194  -0.1497    0.287
    11  11.0591   3.8382   1.3850   2.7591   1.9837   1.4022   0.0292   0.5088   0.5088   0.0096   0.0000  -0.0235  -0.1505    0.296
    12  11.0712   4.5367   1.3850   2.7109   1.8306   1.3866   0.0298   0.5121   0.5121   0.0101   0.0000  -0.0241  -0.1519    0.297
    13  11.0923   5.2247   1.3850   2.6263   1.8349   1.3947   0.0278   0.5319   0.5319   0.0068   0.0000  -0.0219  -0.1546    0.291
    14  11.1141   5.9322   1.3850   2.5393   1.8141   1.3695   0.0263   0.5402   0.5402   0.0063   0.0000  -0.0220  -0.1567    0.291
    15  11.1362   6.6515   1.3850   2.4509   1.7703   1.3316   0.0252   0.5442   0.5442   0.0063   0.0000  -0.0223  -0.1580    0.291
    16  11.1584   7.3749   1.3850   2.3619   1.7061   1.2875   0.0245   0.5460   0.5460   0.0063   0.0000  -0.0224  -0.1586    0.291
    17  11.1805   8.0942   1.3850   2.2735   1.6242   1.2392   0.0241   0.5459   0.5459   0.0063   0.0000  -0.0225  -0.1587    0.291
    18  11.2023   8.8017   1.3850   2.1865   1.5276   1.1875   0.0242   0.5440   0.5440   0.0064   0.0000  -0.0224  -0.1581    0.291
    19  11.2234   9.4897   1.3850   2.1019   1.4194   1.1326   0.0248   0.5397   0.5397   0.0065   0.0000  -0.0222  -0.1568    0.291
    20  11.2443  10.1680   1.3850   2.0185   1.3710   1.0737   0.0259   0.5327   0.5327   0.0068   0.0000  -0.0219  -0.1548    0.291
    21  11.2646  10.8282   1.3850   1.9373   1.2386   1.0097   0.0277   0.5219   0.5219   0.0071   0.0000  -0.0214  -0.1516    0.291
    22  11.2835  11.4449   1.3850   1.8615   1.1028   0.9407   0.0303   0.5061   0.5061   0.0076   0.0000  -0.0206  -0.1468    0.291
    23  11.3009  12.0114   1.3850   1.7919   0.9659   0.8655   0.0339   0.4836   0.4836   0.0081   0.0000  -0.0194  -0.1400    0.290
    24  11.3166  12.5215   1.3850   1.7292   0.8296   0.7818   0.0385   0.4526   0.4526   0.0086   0.0000  -0.0176  -0.1306    0.289
    25  11.3303  12.9696   1.3850   1.6741   0.6951   0.6870   0.0441   0.4107   0.4107   0.0090   0.0000  -0.0153  -0.1178    0.287
    26  11.3421  13.3508   1.3850   1.6273   0.5632   0.5781   0.0504   0.3555   0.3555   0.0090   0.0000  -0.0122  -0.1010    0.284
    27  11.3508  13.6352   1.3850   1.5923   0.3588   0.4594   0.0565   0.2886   0.2886   0.0084   0.0000  -0.0089  -0.0810    0.281
    28  11.3568  13.8295   1.3850   1.5684   0.2552   0.3372   0.0616   0.2151   0.2151   0.0069   0.0000  -0.0058  -0.0596    0.277
    29  11.3608  13.9602   1.3850   1.5523   0.1527   0.2066   0.0656   0.1331   0.1331   0.0046   0.0000  -0.0032  -0.0365    0.274
    30  11.3628  14.0260   1.3850   1.5442   0.0508   0.0697   0.0683   0.0451   0.0451   0.0016   0.0000  -0.0011  -0.0123    0.273

  Surface # 2     main_wing_1 (YDUP)                      
     # Chordwise = 10   # Spanwise = 30     First strip = 31
     Surface area Ssurf =   32.823320     Ave. chord Cave =    2.338809

 Forces referred to Sref, Cref, Bref about Xref, Yref, Zref
 Standard axis orientation,  X fwd, Z down         
     CLsurf  =   0.25540     Clsurf  =   0.05573
     CYsurf  =  -0.00030     Cmsurf  =   0.00131
     CDsurf  =   0.00368     Cnsurf  =   0.00308
     CDisurf =   0.00368     CDvsurf =   0.00000

 Forces referred to Ssurf, Cave 
     CLsurf  =   0.51086     CDsurf  =   0.00737

 Strip Forces referred to Strip Area, Chord
    j     Xle      Yle      Zle      Chord    Area     c_cl     ai     cl_norm    cl       cd       cdv    cm_c/4     cm_LE   C.P.x/c
    31  11.0483  -0.0086   1.3850   2.8025   0.0964   1.4274   0.0302   0.5098   0.5098   0.0111   0.0000  -0.0103   0.1376    0.270
    32  11.0483  -0.0773   1.3850   2.8025   0.2880   1.4275   0.0305   0.5099   0.5099   0.0108   0.0000  -0.0104   0.1377    0.270
    33  11.0483  -0.2139   1.3850   2.8025   0.4766   1.4282   0.0307   0.5101   0.5101   0.0105   0.0000  -0.0105   0.1379    0.271
    34  11.0483  -0.4169   1.3850   2.8025   0.6599   1.4301   0.0305   0.5108   0.5108   0.0101   0.0000  -0.0107   0.1383    0.271
    35  11.0483  -0.6842   1.3850   2.8025   0.8359   1.4340   0.0299   0.5123   0.5123   0.0096   0.0000  -0.0109   0.1389    0.271
    36  11.0483  -1.0127   1.3850   2.8025   1.0029   1.4407   0.0292   0.5147   0.5147   0.0089   0.0000  -0.0113   0.1398    0.272
    37  11.0483  -1.3989   1.3850   2.8025   1.1588   1.4496   0.0288   0.5179   0.5179   0.0083   0.0000  -0.0119   0.1413    0.273
    38  11.0496  -1.8894   1.3850   2.7971   1.5917   1.4566   0.0273   0.5216   0.5216   0.0068   0.0000  -0.0135   0.1437    0.276
    39  11.0525  -2.4875   1.3850   2.7854   1.7421   1.4556   0.0253   0.5235   0.5235   0.0048   0.0000  -0.0165   0.1471    0.281
    40  11.0557  -3.1394   1.3850   2.7727   1.8764   1.4447   0.0260   0.5220   0.5220   0.0049   0.0000  -0.0194   0.1497    0.287
    41  11.0591  -3.8382   1.3850   2.7591   1.9837   1.4022   0.0292   0.5088   0.5088   0.0096   0.0000  -0.0235   0.1505    0.296
    42  11.0712  -4.5367   1.3850   2.7109   1.8306   1.3866   0.0298   0.5121   0.5121   0.0101   0.0000  -0.0241   0.1519    0.297
    43  11.0923  -5.2247   1.3850   2.6263   1.8349   1.3947   0.0278   0.5319   0.5319   0.0068   0.0000  -0.0219   0.1546    0.291
    44  11.1141  -5.9322   1.3850   2.5393   1.8141   1.3695   0.0263   0.5402   0.5402   0.0063   0.0000  -0.0220   0.1567    0.291
    45  11.1362  -6.6515   1.3850   2.4509   1.7703   1.3316   0.0252   0.5442   0.5442   0.0063   0.0000  -0.0223   0.1580    0.291
    46  11.1584  -7.3749   1.3850   2.3619   1.7061   1.2875   0.0245   0.5460   0.5460   0.0063   0.0000  -0.0224   0.1586    0.291
    47  11.1805  -8.0942   1.3850   2.2735   1.6242   1.2392   0.0241   0.5459   0.5459   0.0063   0.0000  -0.0225   0.1587    0.291
    48  11.2023  -8.8017   1.3850   2.1865   1.5276   1.1875   0.0242   0.5440   0.5440   0.0064   0.0000  -0.0224   0.1581    0.291
    49  11.2234  -9.4897   1.3850   2.1019   1.4194   1.1326   0.0248   0.5397   0.5397   0.0065   0.0000  -0.0222   0.1568    0.291
    50  11.2443 -10.1680   1.3850   2.0185   1.3710   1.0737   0.0259   0.5327   0.5327   0.0068   0.0000  -0.0219   0.1548    0.291
    51  11.2646 -10.8282   1.3850   1.9373   1.2386   1.0097   0.0277   0.5219   0.5219   0.0071   0.0000  -0.0214   0.1516    0.291
    52  11.2835 -11.4449   1.3850   1.8615   1.1028   0.9407   0.0303   0.5061   0.5061   0.0076   0.0000  -0.0206   0.1468    0.291
    53  11.3009 -12.0114   1.3850   1.7919   0.9659   0.8655   0.0339   0.4836   0.4836   0.0081   0.0000  -0.0194   0.1400    0.290
    54  11.3166 -12.5215   1.3850   1.7292   0.8296   0.7818   0.0385   0.4526   0.4526   0.0086   0.0000  -0.0176   0.1306    0.289
    55  11.3303 -12.9696   1.3850   1.6741   0.6951   0.6870   0.0441   0.4107   0.4107   0.0090   0.0000  -0.0153   0.1178    0.287
    56  11.3421 -13.3508   1.3850   1.6273   0.5632   0.5781   0.0504   0.3555   0.3555   0.0090   0.0000  -0.0122   0.1010    0.284
    57  11.3508 -13.6352   1.3850   1.5923   0.3588   0.4594   0.0565   0.2886   0.2886   0.0084   0.0000  -0.0089   0.0810    0.281
    58  11.3568 -13.8295   1.3850   1.5684   0.2552   0.3372   0.0616   0.2151   0.2151   0.0069   0.0000  -0.0058   0.0596    0.277
    59  11.3608 -13.9602   1.3850   1.5523   0.1527   0.2066   0.0656   0.1331   0.1331   0.0046   0.0000  -0.0032   0.0365    0.274
    60  11.3628 -14.0260   1.3850   1.5442   0.0508   0.0697   0.0683   0.0451   0.0451   0.0016   0.0000  -0.0011   0.0123    0.273

  Surface # 3     horizontal_stabilizer                   
     # Chordwise = 10   # Spanwise = 30     First strip = 61
     Surface area Ssurf =    7.357384     Ave. chord Cave =    1.566034

 Forces referred to Sref, Cref, Bref about Xref, Yref, Zref
 Standard axis orientation,  X fwd, Z down         
     CLsurf  =   0.00595     Clsurf  =  -0.00037
     CYsurf  =   0.00006     Cmsurf  =  -0.03013
     CDsurf  =   0.00016     Cnsurf  =  -0.00005
     CDisurf =   0.00016     CDvsurf =   0.00000

 Forces referred to Ssurf, Cave 
     CLsurf  =   0.05312     CDsurf  =   0.00146

 Strip Forces referred to Strip Area, Chord
    j     Xle      Yle      Zle      Chord    Area     c_cl     ai     cl_norm    cl       cd       cdv    cm_c/4     cm_LE   C.P.x/c
    61  24.4238   0.0030   6.3914   1.9570   0.0237   0.2132   0.0736   0.1095   0.1083   0.0132   0.0000   0.0165  -0.0106    0.097
    62  24.4274   0.0273   6.3914   1.9530   0.0708   0.2131   0.0737   0.1102   0.1090   0.0047   0.0000   0.0166  -0.0105    0.097
    63  24.4345   0.0754   6.3914   1.9449   0.1166   0.2122   0.0738   0.1103   0.1091   0.0041   0.0000   0.0170  -0.0102    0.094
    64  24.4450   0.1470   6.3914   1.9330   0.1605   0.2094   0.0741   0.1095   0.1083   0.0038   0.0000   0.0179  -0.0091    0.085
    65  24.4588   0.2413   6.3914   1.9173   0.2017   0.2025   0.0747   0.1068   0.1056   0.0034   0.0000   0.0198  -0.0065    0.063
    66  24.4758   0.3572   6.3914   1.8980   0.2395   0.1869   0.0759   0.0996   0.0985   0.0027   0.0000   0.0237  -0.0009    0.010
    67  24.4963   0.4970   6.3914   1.8747   0.2875   0.1433   0.0071   0.0773   0.0765   0.0026   0.0000   0.0346   0.0153   -0.203
    68  24.5202   0.6600   6.3914   1.8476   0.3183   0.1216   0.0091   0.0666   0.0658   0.0021   0.0000   0.0398   0.0231   -0.355
    69  24.5468   0.8411   6.3914   1.8174   0.3442   0.1069   0.0111   0.0595   0.0588   0.0018   0.0000   0.0431   0.0281   -0.483
    70  24.5757   1.0383   6.3914   1.7845   0.3647   0.0961   0.0128   0.0545   0.0539   0.0015   0.0000   0.0453   0.0315   -0.590
    71  24.6067   1.2493   6.3914   1.7494   0.3798   0.0879   0.0141   0.0509   0.0503   0.0013   0.0000   0.0467   0.0338   -0.679
    72  24.6394   1.4719   6.3914   1.7123   0.3895   0.0814   0.0152   0.0481   0.0476   0.0012   0.0000   0.0477   0.0354   -0.752
    73  24.6734   1.7036   6.3914   1.6736   0.3939   0.0761   0.0160   0.0460   0.0455   0.0011   0.0000   0.0483   0.0366   -0.812
    74  24.7084   1.9420   6.3914   1.6339   0.3932   0.0716   0.0166   0.0444   0.0439   0.0010   0.0000   0.0488   0.0374   -0.862
    75  24.7440   2.1843   6.3914   1.5935   0.3878   0.0677   0.0170   0.0430   0.0425   0.0009   0.0000   0.0491   0.0380   -0.904
    76  24.7797   2.4280   6.3914   1.5529   0.3779   0.0642   0.0174   0.0418   0.0414   0.0009   0.0000   0.0493   0.0385   -0.941
    77  24.8153   2.6703   6.3914   1.5125   0.3640   0.0610   0.0176   0.0408   0.0403   0.0008   0.0000   0.0494   0.0389   -0.974
    78  24.8503   2.9087   6.3914   1.4728   0.3466   0.0579   0.0177   0.0398   0.0394   0.0008   0.0000   0.0494   0.0392  999.000
    79  24.8843   3.1404   6.3914   1.4342   0.3263   0.0550   0.0177   0.0388   0.0384   0.0008   0.0000   0.0494   0.0394  999.000
    80  24.9170   3.3630   6.3914   1.3971   0.3033   0.0522   0.0174   0.0378   0.0374   0.0008   0.0000   0.0492   0.0394  999.000
    81  24.9480   3.5740   6.3914   1.3619   0.2783   0.0496   0.0169   0.0369   0.0365   0.0008   0.0000   0.0487   0.0392  999.000
    82  24.9769   3.7712   6.3914   1.3290   0.2517   0.0475   0.0159   0.0362   0.0358   0.0008   0.0000   0.0478   0.0385  999.000
    83  25.0035   3.9522   6.3914   1.2989   0.2238   0.0464   0.0144   0.0361   0.0357   0.0008   0.0000   0.0461   0.0367  999.000
    84  25.0274   4.1153   6.3914   1.2717   0.1950   0.0474   0.0120   0.0377   0.0373   0.0010   0.0000   0.0428   0.0331   -0.898
    85  25.0485   4.2585   6.3914   1.2478   0.1656   0.0533   0.0090   0.0432   0.0427   0.0012   0.0000   0.0366   0.0256   -0.606
    86  25.0681   4.3923   6.3914   1.2255   0.1634   0.0776   0.0762   0.0641   0.0634   0.0014   0.0000   0.0214   0.0055   -0.088
    87  25.0856   4.5117   6.3914   1.2056   0.1269   0.0719   0.0736   0.0603   0.0597   0.0017   0.0000   0.0154   0.0005   -0.008
    88  25.0989   4.6025   6.3914   1.1904   0.0905   0.0562   0.0719   0.0478   0.0472   0.0015   0.0000   0.0111  -0.0007    0.015
    89  25.1078   4.6636   6.3914   1.1803   0.0542   0.0355   0.0709   0.0304   0.0300   0.0010   0.0000   0.0069  -0.0006    0.019
    90  25.1123   4.6943   6.3914   1.1751   0.0181   0.0121   0.0704   0.0104   0.0103   0.0003   0.0000   0.0024  -0.0002    0.019

  Surface # 4     horizontal_stabilizer (YDUP)            
     # Chordwise = 10   # Spanwise = 30     First strip = 91
     Surface area Ssurf =    7.357384     Ave. chord Cave =    1.566034

 Forces referred to Sref, Cref, Bref about Xref, Yref, Zref
 Standard axis orientation,  X fwd, Z down         
     CLsurf  =   0.00595     Clsurf  =   0.00037
     CYsurf  =  -0.00006     Cmsurf  =  -0.03013
     CDsurf  =   0.00016     Cnsurf  =   0.00005
     CDisurf =   0.00016     CDvsurf =   0.00000

 Forces referred to Ssurf, Cave 
     CLsurf  =   0.05312     CDsurf  =   0.00146

 Strip Forces referred to Strip Area, Chord
    j     Xle      Yle      Zle      Chord    Area     c_cl     ai     cl_norm    cl       cd       cdv    cm_c/4     cm_LE   C.P.x/c
    91  24.4238  -0.0030   6.3914   1.9570   0.0237   0.2132   0.0736   0.1095   0.1083   0.0132   0.0000   0.0165   0.0106    0.097
    92  24.4274  -0.0273   6.3914   1.9530   0.0708   0.2131   0.0737   0.1102   0.1090   0.0047   0.0000   0.0166   0.0105    0.097
    93  24.4345  -0.0754   6.3914   1.9449   0.1166   0.2122   0.0738   0.1103   0.1091   0.0041   0.0000   0.0170   0.0102    0.094
    94  24.4450  -0.1470   6.3914   1.9330   0.1605   0.2094   0.0741   0.1095   0.1083   0.0038   0.0000   0.0179   0.0091    0.085
    95  24.4588  -0.2413   6.3914   1.9173   0.2017   0.2025   0.0747   0.1068   0.1056   0.0034   0.0000   0.0198   0.0065    0.063
    96  24.4758  -0.3572   6.3914   1.8980   0.2395   0.1869   0.0759   0.0996   0.0985   0.0027   0.0000   0.0237   0.0009    0.010
    97  24.4963  -0.4970   6.3914   1.8747   0.2875   0.1433   0.0071   0.0773   0.0765   0.0026   0.0000   0.0346  -0.0153   -0.203
    98  24.5202  -0.6600   6.3914   1.8476   0.3183   0.1216   0.0091   0.0666   0.0658   0.0021   0.0000   0.0398  -0.0231   -0.355
    99  24.5468  -0.8411   6.3914   1.8174   0.3442   0.1069   0.0111   0.0595   0.0588   0.0018   0.0000   0.0431  -0.0281   -0.483
   100  24.5757  -1.0383   6.3914   1.7845   0.3647   0.0961   0.0128   0.0545   0.0539   0.0015   0.0000   0.0453  -0.0315   -0.590
   101  24.6067  -1.2493   6.3914   1.7494   0.3798   0.0879   0.0141   0.0509   0.0503   0.0013   0.0000   0.0467  -0.0338   -0.679
   102  24.6394  -1.4719   6.3914   1.7123   0.3895   0.0814   0.0152   0.0481   0.0476   0.0012   0.0000   0.0477  -0.0354   -0.752
   103  24.6734  -1.7036   6.3914   1.6736   0.3939   0.0761   0.0160   0.0460   0.0455   0.0011   0.0000   0.0483  -0.0366   -0.812
   104  24.7084  -1.9420   6.3914   1.6339   0.3932   0.0716   0.0166   0.0444   0.0439   0.0010   0.0000   0.0488  -0.0374   -0.862
   105  24.7440  -2.1843   6.3914   1.5935   0.3878   0.0677   0.0170   0.0430   0.0425   0.0009   0.0000   0.0491  -0.0380   -0.904
   106  24.7797  -2.4280   6.3914   1.5529   0.3779   0.0642   0.0174   0.0418   0.0414   0.0009   0.0000   0.0493  -0.0385   -0.941
   107  24.8153  -2.6703   6.3914   1.5125   0.3640   0.0610   0.0176   0.0408   0.0403   0.0008   0.0000   0.0494  -0.0389   -0.974
   108  24.8503  -2.9087   6.3914   1.4728   0.3466   0.0579   0.0177   0.0398   0.0394   0.0008   0.0000   0.0494  -0.0392  999.000
   109  24.8843  -3.1404   6.3914   1.4342   0.3263   0.0550   0.0177   0.0388   0.0384   0.0008   0.0000   0.0494  -0.0394  999.000
   110  24.9170  -3.3630   6.3914   1.3971   0.3033   0.0522   0.0174   0.0378   0.0374   0.0008   0.0000   0.0492  -0.0394  999.000
   111  24.9480  -3.5740   6.3914   1.3619   0.2783   0.0496   0.0169   0.0369   0.0365   0.0008   0.0000   0.0487  -0.0392  999.000
   112  24.9769  -3.7712   6.3914   1.3290   0.2517   0.0475   0.0159   0.0362   0.0358   0.0008   0.0000   0.0478  -0.0385  999.000
   113  25.0035  -3.9522   6.3914   1.2989   0.2238   0.0464   0.0144   0.0361   0.0357   0.0008   0.0000   0.0461  -0.0367  999.000
   114  25.0274  -4.1153   6.3914   1.2717   0.1950   0.0474   0.0120   0.0377   0.0373   0.0010   0.0000   0.0428  -0.0331   -0.898
   115  25.0485  -4.2585   6.3914   1.2478   0.1656   0.0533   0.0090   0.0432   0.0427   0.0012   0.0000   0.0366  -0.0256   -0.606
   116  25.0681  -4.3923   6.3914   1.2255   0.1634   0.0776   0.0762   0.0641   0.0634   0.0014   0.0000   0.0214  -0.0055   -0.088
   117  25.0856  -4.5117   6.3914   1.2056   0.1269   0.0719   0.0736   0.0603   0.0597   0.0017   0.0000   0.0154  -0.0005   -0.008
   118  25.0989  -4.6025   6.3914   1.1904   0.0905   0.0562   0.0719   0.0478   0.0472   0.0015   0.0000   0.0111   0.0007    0.015
   119  25.1078  -4.6636   6.3914   1.1803   0.0542   0.0355   0.0709   0.0304   0.0300   0.0010   0.0000   0.0069   0.0006    0.019
   120  25.1123  -4.6943   6.3914   1.1751   0.0181   0.0121   0.0704   0.0104   0.0103   0.0003   0.0000   0.0024   0.0002    0.019

  Surface # 5     vertical_stabilizer                     
     # Chordwise = 10   # Spanwise = 30     First strip =121
     Surface area Ssurf =   17.906305     Ave. chord Cave =    3.345347

 Forces referred to Sref, Cref, Bref about Xref, Yref, Zref
 Standard axis orientation,  X fwd, Z down         
     CLsurf  =   0.00000     Clsurf  =   0.00000
     CYsurf  =   0.00000     Cmsurf  =  -0.00000
     CDsurf  =  -0.00000     Cnsurf  =  -0.00000
     CDisurf =  -0.00000     CDvsurf =   0.00000

 Forces referred to Ssurf, Cave 
     CLsurf  =  -0.00000     CDsurf  =  -0.00000

 Strip Forces referred to Strip Area, Chord
    j     Xle      Yle      Zle      Chord    Area     c_cl     ai     cl_norm    cl       cd       cdv    cm_c/4     cm_LE   C.P.x/c
   121  21.6096   0.0000   1.0561   4.1763   0.1721   0.0000  -0.0000   0.0000   0.0000   0.0000   0.0000  -0.0000  -0.0000    0.829
   122  21.6434   0.0000   1.1105   4.1593   0.2802   0.0000   0.0000   0.0000   0.0000   0.0000   0.0000  -0.0000  -0.0000    0.845
   123  21.6934   0.0000   1.1907   4.1342   0.3846   0.0000  -0.0000   0.0000   0.0000   0.0000   0.0000  -0.0000  -0.0000    0.873
   124  21.7591   0.0000   1.2963   4.1012   0.4836   0.0000   0.0000   0.0000   0.0000   0.0000   0.0000  -0.0000  -0.0000    0.888
   125  21.8400   0.0000   1.4263   4.0606   0.5754   0.0000  -0.0000   0.0000   0.0000  -0.0000   0.0000  -0.0000  -0.0000    0.890
   126  21.9354   0.0000   1.5794   4.0128   0.6588   0.0000   0.0000   0.0000   0.0000  -0.0000   0.0000  -0.0000  -0.0000    0.839
   127  22.0442   0.0000   1.7543   3.9581   0.7326   0.0000   0.0000   0.0000   0.0000   0.0000   0.0000  -0.0000  -0.0000    0.804
   128  22.1655   0.0000   1.9491   3.8972   0.7957   0.0000   0.0000   0.0000   0.0000  -0.0000   0.0000  -0.0000  -0.0000    0.779
   129  22.2981   0.0000   2.1621   3.8307   0.8474   0.0000  -0.0000   0.0000   0.0000   0.0000   0.0000  -0.0000  -0.0000    0.724
   130  22.4407   0.0000   2.3910   3.7591   0.8874   0.0000  -0.0000   0.0000   0.0000   0.0000   0.0000  -0.0000  -0.0000    0.691
   131  22.5917   0.0000   2.6336   3.6833   0.9154   0.0000  -0.0000   0.0000   0.0000   0.0000   0.0000  -0.0000  -0.0000  999.000
   132  22.7497   0.0000   2.8875   3.6040   0.9315  -0.0000  -0.0000  -0.0000  -0.0000   0.0000   0.0000  -0.0000   0.0000    0.166
   133  22.9131   0.0000   3.1499   3.5220   0.9360  -0.0000   0.0000  -0.0000  -0.0000  -0.0000   0.0000  -0.0000  -0.0000   -0.154
   134  23.0802   0.0000   3.4183   3.4381   0.9294  -0.0000  -0.0000  -0.0000  -0.0000  -0.0000   0.0000   0.0000   0.0000    0.430
   135  23.2493   0.0000   3.6899   3.3532   0.9124  -0.0000  -0.0000  -0.0000  -0.0000  -0.0000   0.0000   0.0000   0.0000    0.383
   136  23.4186   0.0000   3.9618   3.2683   0.8859  -0.0000   0.0000  -0.0000  -0.0000   0.0000   0.0000  -0.0000   0.0000    0.234
   137  23.5864   0.0000   4.2313   3.1840   0.8508  -0.0000   0.0000  -0.0000  -0.0000  -0.0000   0.0000  -0.0000   0.0000    0.132
   138  23.7509   0.0000   4.4955   3.1015   0.8082  -0.0000   0.0000  -0.0000  -0.0000  -0.0000   0.0000  -0.0000   0.0000    0.187
   139  23.9104   0.0000   4.7518   3.0214   0.7591  -0.0000  -0.0000  -0.0000  -0.0000   0.0000   0.0000   0.0000   0.0000    0.275
   140  24.0633   0.0000   4.9974   2.9446   0.7046  -0.0000   0.0000  -0.0000  -0.0000   0.0000   0.0000   0.0000   0.0000    0.308
   141  24.2080   0.0000   5.2297   2.8720   0.6457  -0.0000  -0.0000  -0.0000  -0.0000  -0.0000   0.0000   0.0000   0.0000    0.425
   142  24.3429   0.0000   5.4464   2.8043   0.5833  -0.0000  -0.0000  -0.0000  -0.0000   0.0000   0.0000   0.0000   0.0000    0.457
   143  24.4666   0.0000   5.6452   2.7422   0.5183  -0.0000   0.0000  -0.0000  -0.0000  -0.0000   0.0000   0.0000   0.0000    0.430
   144  24.5779   0.0000   5.8239   2.6863   0.4514  -0.0000   0.0000  -0.0000  -0.0000   0.0000   0.0000   0.0000   0.0000    0.436
   145  24.6756   0.0000   5.9808   2.6373   0.3831  -0.0000  -0.0000  -0.0000  -0.0000   0.0000   0.0000   0.0000   0.0000    0.483
   146  24.7585   0.0000   6.1141   2.5957   0.3141  -0.0000  -0.0000  -0.0000  -0.0000   0.0000   0.0000   0.0000   0.0000    0.511
   147  24.8260   0.0000   6.2225   2.5618   0.2445  -0.0000  -0.0000  -0.0000  -0.0000   0.0000   0.0000   0.0000   0.0000    0.473
   148  24.8773   0.0000   6.3047   2.5361   0.1748  -0.0000   0.0000  -0.0000  -0.0000   0.0000   0.0000   0.0000   0.0000    0.482
   149  24.9117   0.0000   6.3601   2.5188   0.1049  -0.0000   0.0000  -0.0000  -0.0000  -0.0000   0.0000   0.0000   0.0000    0.577
   150  24.9290   0.0000   6.3879   2.5101   0.0350  -0.0000  -0.0000  -0.0000  -0.0000  -0.0000   0.0000   0.0000   0.0000    0.347

  Surface # 6     fuselage_horizontal                     
     # Chordwise = 10   # Spanwise = 30     First strip =151
     Surface area Ssurf =   68.215848     Ave. chord Cave =   24.626660

 Forces referred to Sref, Cref, Bref about Xref, Yref, Zref
 Standard axis orientation,  X fwd, Z down         
     CLsurf  =   0.00821     Clsurf  =   0.00000
     CYsurf  =  -0.00000     Cmsurf  =   0.05475
     CDsurf  =   0.00032     Cnsurf  =   0.00000
     CDisurf =   0.00032     CDvsurf =   0.00000

 Forces referred to Ssurf, Cave 
     CLsurf  =   0.00790     CDsurf  =   0.00031

 Strip Forces referred to Strip Area, Chord
    j     Xle      Yle      Zle      Chord    Area     c_cl     ai     cl_norm    cl       cd       cdv    cm_c/4     cm_LE   C.P.x/c
   151   3.1318  -1.3388   0.0000  17.7836   1.6420   0.0729   0.0600   0.0049   0.0041  -0.0002   0.0000   0.0023   0.0002   -0.297
   152   2.6452  -1.2465   0.0000  19.5836   1.8082   0.1093   0.0629   0.0066   0.0056  -0.0001   0.0000   0.0029   0.0003   -0.261
   153   2.1586  -1.1542   0.0000  21.3835   1.9744   0.1363   0.0651   0.0075   0.0064  -0.0001   0.0000   0.0031   0.0003   -0.235
   154   1.7878  -1.0618   0.0000  22.6830   2.0944   0.1577   0.0665   0.0096   0.0070  -0.0001   0.0000   0.0033   0.0005   -0.225
   155   1.5328  -0.9695   0.0000  23.4821   2.1682   0.1752   0.0667   0.0102   0.0075   0.0002   0.0000   0.0035   0.0006   -0.217
   156   1.2777  -0.8772   0.0000  24.2812   2.2420   0.1900   0.0670   0.0107   0.0078   0.0002   0.0000   0.0036   0.0006   -0.208
   157   1.0579  -0.7848   0.0000  24.9817   2.3066   0.2024   0.0672   0.0093   0.0081   0.0002   0.0000   0.0037   0.0007   -0.202
   158   0.8733  -0.6925   0.0000  25.5837   2.3622   0.2132   0.0673   0.0095   0.0083   0.0002   0.0000   0.0037   0.0007   -0.196
   159   0.6887  -0.6002   0.0000  26.1857   2.4178   0.2224   0.0675   0.0097   0.0085  -0.0003   0.0000   0.0037   0.0007   -0.189
   160   0.5311  -0.5078   0.0000  26.6432   2.4601   0.2298   0.0676   0.0115   0.0087  -0.0004   0.0000   0.0038   0.0009   -0.186
   161   0.4004  -0.4155   0.0000  26.9562   2.4890   0.2356   0.0677   0.0116   0.0088   0.0001   0.0000   0.0038   0.0009   -0.185
   162   0.2697  -0.3232   0.0000  27.2691   2.5178   0.2402   0.0678   0.0117   0.0088   0.0001   0.0000   0.0038   0.0009   -0.183
   163   0.1703  -0.2308   0.0000  27.4597   2.5354   0.2433   0.0678   0.0116   0.0089   0.0004   0.0000   0.0038   0.0013   -0.183
   164   0.1022  -0.1385   0.0000  27.5278   2.5417   0.2451   0.0678   0.0116   0.0089   0.0010   0.0000   0.0039   0.0013   -0.185
   165   0.0341  -0.0462   0.0000  27.5959   2.5480   0.2458   0.0678   0.0114   0.0087   0.0029   0.0000   0.0039   0.0013   -0.192
   166   0.0341   0.0462   0.0000  27.5959   2.5480   0.2458   0.0678   0.0114   0.0087   0.0029   0.0000   0.0039   0.0013   -0.192
   167   0.1022   0.1385   0.0000  27.5278   2.5417   0.2451   0.0678   0.0116   0.0089   0.0010   0.0000   0.0039   0.0013   -0.185
   168   0.1703   0.2308   0.0000  27.4597   2.5354   0.2433   0.0678   0.0116   0.0089   0.0004   0.0000   0.0038   0.0013   -0.183
   169   0.2697   0.3232   0.0000  27.2691   2.5178   0.2402   0.0678   0.0117   0.0088   0.0001   0.0000   0.0038   0.0009   -0.183
   170   0.4004   0.4155   0.0000  26.9562   2.4890   0.2356   0.0677   0.0116   0.0088   0.0001   0.0000   0.0038   0.0009   -0.185
   171   0.5311   0.5078   0.0000  26.6432   2.4601   0.2298   0.0676   0.0115   0.0087  -0.0004   0.0000   0.0038   0.0009   -0.186
   172   0.6887   0.6002   0.0000  26.1857   2.4178   0.2224   0.0675   0.0097   0.0085  -0.0003   0.0000   0.0037   0.0007   -0.189
   173   0.8733   0.6925   0.0000  25.5837   2.3622   0.2132   0.0673   0.0095   0.0083   0.0002   0.0000   0.0037   0.0007   -0.196
   174   1.0579   0.7848   0.0000  24.9817   2.3066   0.2024   0.0672   0.0093   0.0081   0.0002   0.0000   0.0037   0.0007   -0.202
   175   1.2777   0.8772   0.0000  24.2812   2.2420   0.1900   0.0670   0.0107   0.0078   0.0002   0.0000   0.0036   0.0006   -0.208
   176   1.5327   0.9695   0.0000  23.4821   2.1682   0.1752   0.0667   0.0102   0.0075   0.0002   0.0000   0.0035   0.0006   -0.217
   177   1.7878   1.0618   0.0000  22.6830   2.0944   0.1577   0.0665   0.0096   0.0070  -0.0001   0.0000   0.0033   0.0005   -0.225
   178   2.1586   1.1542   0.0000  21.3835   1.9744   0.1363   0.0651   0.0075   0.0064  -0.0001   0.0000   0.0031   0.0003   -0.235
   179   2.6452   1.2465   0.0000  19.5836   1.8082   0.1093   0.0629   0.0066   0.0056  -0.0001   0.0000   0.0029   0.0003   -0.261
   180   3.1318   1.3388   0.0000  17.7836   1.6420   0.0729   0.0600   0.0049   0.0041  -0.0002   0.0000   0.0023   0.0002   -0.297

  Surface # 7     fuselage_vertical                       
     # Chordwise = 10   # Spanwise = 30     First strip =181
     Surface area Ssurf =   67.949596     Ave. chord Cave =   24.530540

 Forces referred to Sref, Cref, Bref about Xref, Yref, Zref
 Standard axis orientation,  X fwd, Z down         
     CLsurf  =  -0.00000     Clsurf  =   0.00000
     CYsurf  =  -0.00000     Cmsurf  =   0.00000
     CDsurf  =  -0.00000     Cnsurf  =   0.00000
     CDisurf =  -0.00000     CDvsurf =   0.00000

 Forces referred to Ssurf, Cave 
     CLsurf  =   0.00000     CDsurf  =  -0.00000

 Strip Forces referred to Strip Area, Chord
    j     Xle      Yle      Zle      Chord    Area     c_cl     ai     cl_norm    cl       cd       cdv    cm_c/4     cm_LE   C.P.x/c
   181   2.8564   0.0000  -1.3388  17.8752   1.6505   0.0000  -0.0000   0.0000   0.0000   0.0000   0.0000   0.0000   0.0000   -0.669
   182   1.8191   0.0000  -1.2465  19.8583   1.8336   0.0000  -0.0000   0.0000   0.0000   0.0000   0.0000   0.0000   0.0000   -0.152
   183   0.7817   0.0000  -1.1542  21.8414   2.0167   0.0000  -0.0000   0.0000   0.0000   0.0000   0.0000   0.0000  -0.0000    0.215
   184   0.2207   0.0000  -1.0618  23.0712   2.1302   0.0000   0.0000   0.0000   0.0000   0.0000   0.0000  -0.0000  -0.0000    0.565
   185   0.1361   0.0000  -0.9695  23.5476   2.1742   0.0000   0.0000   0.0000   0.0000   0.0000   0.0000  -0.0000  -0.0000    0.582
   186   0.0514   0.0000  -0.8772  24.0239   2.2182   0.0000   0.0000   0.0000   0.0000   0.0000   0.0000  -0.0000  -0.0000    0.607
   187   0.0141   0.0000  -0.7848  24.4074   2.2536   0.0000   0.0000   0.0000   0.0000   0.0000   0.0000  -0.0000  -0.0000    0.618
   188   0.0240   0.0000  -0.6925  24.6981   2.2805   0.0000   0.0000   0.0000   0.0000   0.0000   0.0000  -0.0000  -0.0000    0.625
   189   0.0339   0.0000  -0.6002  24.9887   2.3073   0.0000   0.0000   0.0000   0.0000   0.0000   0.0000  -0.0000  -0.0000    0.589
   190   0.0665   0.0000  -0.5078  25.2331   2.3299   0.0000   0.0000   0.0000   0.0000   0.0000   0.0000  -0.0000  -0.0000    0.452
   191   0.1216   0.0000  -0.4155  25.4314   2.3482   0.0000   0.0000   0.0000   0.0000   0.0000   0.0000   0.0000  -0.0000    0.040
   192   0.1768   0.0000  -0.3232  25.6296   2.3665   0.0000   0.0000   0.0000   0.0000   0.0000   0.0000   0.0000   0.0000  999.000
   193   0.2450   0.0000  -0.2308  25.7997   2.3822  -0.0000  -0.0000  -0.0000  -0.0000  -0.0000   0.0000   0.0000   0.0000  999.000
   194   0.3263   0.0000  -0.1385  25.9416   2.3953   0.0000  -0.0000   0.0000   0.0000  -0.0000   0.0000   0.0000   0.0000  999.000
   195   0.4076   0.0000  -0.0462  26.0836   2.4084   0.0000  -0.0000   0.0000   0.0000  -0.0000   0.0000  -0.0000  -0.0000    0.505
   196   0.5006   0.0000   0.0462  26.2032   2.4194   0.0000   0.0000   0.0000   0.0000   0.0000   0.0000  -0.0000  -0.0000    0.796
   197   0.6052   0.0000   0.1385  26.3004   2.4284   0.0000   0.0000   0.0000   0.0000   0.0000   0.0000  -0.0000  -0.0000    0.844
   198   0.7098   0.0000   0.2308  26.3977   2.4374   0.0000   0.0000   0.0000   0.0000   0.0000   0.0000  -0.0000  -0.0000    0.849
   199   0.8268   0.0000   0.3232  26.4519   2.4424   0.0000   0.0000   0.0000   0.0000  -0.0000   0.0000  -0.0000  -0.0000    0.880
   200   0.9561   0.0000   0.4155  26.4631   2.4434   0.0000  -0.0000   0.0000   0.0000  -0.0000   0.0000  -0.0000  -0.0000    0.887
   201   1.0855   0.0000   0.5078  26.4742   2.4445   0.0000   0.0000   0.0000   0.0000  -0.0000   0.0000  -0.0000  -0.0000    0.890
   202   1.2301   0.0000   0.6002  26.3999   2.4376   0.0000   0.0000   0.0000   0.0000  -0.0000   0.0000  -0.0000  -0.0000    0.893
   203   1.3898   0.0000   0.6925  26.2402   2.4228   0.0000  -0.0000   0.0000   0.0000  -0.0000   0.0000  -0.0000  -0.0000    0.894
   204   1.5494   0.0000   0.7848  26.0805   2.4081   0.0000   0.0000   0.0000   0.0000  -0.0000   0.0000  -0.0000  -0.0000    0.900
   205   1.7323   0.0000   0.8772  25.8976   2.3912   0.0000   0.0000   0.0000   0.0000  -0.0000   0.0000  -0.0000  -0.0000    0.886
   206   1.9383   0.0000   0.9695  25.6916   2.3722   0.0000   0.0000   0.0000   0.0000  -0.0000   0.0000  -0.0000  -0.0000    0.865
   207   2.1443   0.0000   1.0618  25.4857   2.3532   0.0000   0.0000   0.0000   0.0000  -0.0000   0.0000  -0.0000  -0.0000    0.857
   208   2.4353   0.0000   1.1542  23.9662   2.2129  -0.0000  -0.0000  -0.0000  -0.0000  -0.0000   0.0000   0.0000   0.0000    0.698
   209   2.8112   0.0000   1.2465  21.1332   1.9513  -0.0000  -0.0000  -0.0000  -0.0000   0.0000   0.0000  -0.0000   0.0000    0.119
   210   3.1871   0.0000   1.3388  18.3001   1.6897  -0.0000  -0.0000  -0.0000  -0.0000  -0.0000   0.0000   0.0000   0.0000    0.372

  Surface # 8     nacelle_horizontal                      
     # Chordwise =  6   # Spanwise = 11     First strip =211
     Surface area Ssurf =    1.882323     Ave. chord Cave =    1.723897

 Forces referred to Sref, Cref, Bref about Xref, Yref, Zref
 Standard axis orientation,  X fwd, Z down         
     CLsurf  =   0.00198     Clsurf  =  -0.00029
     CYsurf  =  -0.00001     Cmsurf  =   0.00145
     CDsurf  =  -0.00003     Cnsurf  =  -0.00003
     CDisurf =  -0.00003     CDvsurf =   0.00000

 Forces referred to Ssurf, Cave 
     CLsurf  =   0.06897     CDsurf  =  -0.00115

 Strip Forces referred to Strip Area, Chord
    j     Xle      Yle      Zle      Chord    Area     c_cl     ai     cl_norm    cl       cd       cdv    cm_c/4     cm_LE   C.P.x/c
   211  10.7240   3.7111   0.8391   0.6018   0.0657   0.0962   0.1211   0.4859   0.1609  -0.0087   0.0000   0.0132  -0.0066    0.168
   212  10.4179   3.8203   0.8391   1.4164   0.1547   0.1228   0.0974   0.1083   0.0871  -0.0026   0.0000   0.0196  -0.0011    0.025
   213  10.2618   3.9295   0.8391   1.8708   0.2043   0.1313   0.0792   0.0772   0.0704  -0.0015   0.0000   0.0220   0.0028   -0.062
   214  10.1498   4.0387   0.8391   2.2271   0.2432   0.1316   0.0650   0.0603   0.0593  -0.0003   0.0000   0.0226   0.0059   -0.130
   215  10.0947   4.1206   0.8391   2.4446   0.1335   0.1288   0.0564   0.0550   0.0527   0.0012   0.0000   0.0221   0.0085   -0.169
   216  10.0770   4.1752   0.8391   2.5621   0.1399   0.1258   0.0501   0.0512   0.0491   0.0011   0.0000   0.0218   0.0091   -0.194
   217  10.0859   4.2571   0.8391   2.5033   0.2734   0.1237   0.0534   0.0516   0.0495   0.0005   0.0000   0.0223   0.0094   -0.200
   218  10.1499   4.3663   0.8391   2.2271   0.2432   0.1236   0.0664   0.0566   0.0557  -0.0004   0.0000   0.0227   0.0067   -0.157
   219  10.2618   4.4755   0.8391   1.8709   0.2041   0.1223   0.0821   0.0720   0.0656  -0.0015   0.0000   0.0221   0.0037   -0.086
   220  10.4179   4.5846   0.8391   1.4164   0.1547   0.1148   0.1027   0.1013   0.0814  -0.0025   0.0000   0.0196  -0.0003    0.009
   221  10.7240   4.6938   0.8391   0.6018   0.0657   0.0910   0.1307   0.4596   0.1522  -0.0077   0.0000   0.0131  -0.0061    0.164

  Surface # 9     nacelle_horizontal (YDUP)               
     # Chordwise =  6   # Spanwise = 11     First strip =222
     Surface area Ssurf =    1.882323     Ave. chord Cave =    1.723897

 Forces referred to Sref, Cref, Bref about Xref, Yref, Zref
 Standard axis orientation,  X fwd, Z down         
     CLsurf  =   0.00198     Clsurf  =   0.00029
     CYsurf  =   0.00001     Cmsurf  =   0.00145
     CDsurf  =  -0.00003     Cnsurf  =   0.00003
     CDisurf =  -0.00003     CDvsurf =   0.00000

 Forces referred to Ssurf, Cave 
     CLsurf  =   0.06897     CDsurf  =  -0.00115

 Strip Forces referred to Strip Area, Chord
    j     Xle      Yle      Zle      Chord    Area     c_cl     ai     cl_norm    cl       cd       cdv    cm_c/4     cm_LE   C.P.x/c
   222  10.7240  -3.7111   0.8391   0.6018   0.0657   0.0962   0.1211   0.4859   0.1609  -0.0087   0.0000   0.0132   0.0066    0.168
   223  10.4179  -3.8203   0.8391   1.4164   0.1547   0.1228   0.0974   0.1083   0.0871  -0.0026   0.0000   0.0196   0.0011    0.025
   224  10.2618  -3.9295   0.8391   1.8708   0.2043   0.1313   0.0792   0.0772   0.0704  -0.0015   0.0000   0.0220  -0.0028   -0.062
   225  10.1498  -4.0387   0.8391   2.2271   0.2432   0.1316   0.0650   0.0603   0.0593  -0.0003   0.0000   0.0226  -0.0059   -0.130
   226  10.0947  -4.1206   0.8391   2.4446   0.1335   0.1288   0.0564   0.0550   0.0527   0.0012   0.0000   0.0221  -0.0085   -0.169
   227  10.0770  -4.1752   0.8391   2.5621   0.1399   0.1258   0.0501   0.0512   0.0491   0.0011   0.0000   0.0218  -0.0091   -0.194
   228  10.0859  -4.2571   0.8391   2.5033   0.2734   0.1237   0.0534   0.0516   0.0495   0.0005   0.0000   0.0223  -0.0094   -0.200
   229  10.1499  -4.3663   0.8391   2.2271   0.2432   0.1236   0.0664   0.0566   0.0557  -0.0004   0.0000   0.0227  -0.0067   -0.157
   230  10.2618  -4.4755   0.8391   1.8709   0.2041   0.1223   0.0821   0.0720   0.0656  -0.0015   0.0000   0.0221  -0.0037   -0.086
   231  10.4179  -4.5846   0.8391   1.4164   0.1547   0.1148   0.1027   0.1013   0.0814  -0.0025   0.0000   0.0196   0.0003    0.009
   232  10.7240  -4.6938   0.8391   0.6018   0.0657   0.0910   0.1307   0.4596   0.1522  -0.0077   0.0000   0.0131   0.0061    0.164

  Surface #10     nacelle_vertical                        
     # Chordwise =  6   # Spanwise = 11     First strip =233
     Surface area Ssurf =    1.882259     Ave. chord Cave =    1.723839

 Forces referred to Sref, Cref, Bref about Xref, Yref, Zref
 Standard axis orientation,  X fwd, Z down         
     CLsurf  =   0.00000     Clsurf  =  -0.00000
     CYsurf  =   0.00003     Cmsurf  =   0.00000
     CDsurf  =  -0.00000     Cnsurf  =   0.00000
     CDisurf =  -0.00000     CDvsurf =   0.00000

 Forces referred to Ssurf, Cave 
     CLsurf  =  -0.00110     CDsurf  =  -0.00001

 Strip Forces referred to Strip Area, Chord
    j     Xle      Yle      Zle      Chord    Area     c_cl     ai     cl_norm    cl       cd       cdv    cm_c/4     cm_LE   C.P.x/c
   233  10.7240   4.2025   0.3477   0.6018   0.0657  -0.0041   0.0066  -0.0172  -0.0068  -0.0000   0.0000  -0.0002   0.0004    0.218
   234  10.4179   4.2025   0.4569   1.4164   0.1547  -0.0066   0.0048  -0.0054  -0.0046  -0.0000   0.0000  -0.0001   0.0006    0.230
   235  10.2618   4.2025   0.5661   1.8708   0.2043  -0.0089   0.0041  -0.0050  -0.0048  -0.0000   0.0000  -0.0002   0.0006    0.203
   236  10.1499   4.2025   0.6753   2.2271   0.2432  -0.0120   0.0032  -0.0054  -0.0054  -0.0000   0.0000  -0.0006   0.0005    0.132
   237  10.0947   4.2025   0.7572   2.4446   0.1335  -0.0106   0.0032  -0.0047  -0.0043   0.0000   0.0000  -0.0005   0.0005    0.126
   238  10.0770   4.2025   0.8118   2.5621   0.1399  -0.0049   0.0032  -0.0021  -0.0019  -0.0000   0.0000   0.0003   0.0007    0.401
   239  10.0859   4.2025   0.8936   2.5034   0.2731   0.0044   0.0030   0.0018   0.0017  -0.0000   0.0000   0.0015   0.0010   -0.598
   240  10.1498   4.2025   1.0028   2.2271   0.2432   0.0065   0.0040   0.0030   0.0029  -0.0000   0.0000   0.0016   0.0007   -0.301
   241  10.2618   4.2025   1.1120   1.8709   0.2043   0.0041   0.0036   0.0025   0.0022  -0.0000   0.0000   0.0010   0.0003   -0.224
   242  10.4179   4.2025   1.2212   1.4164   0.1547   0.0031   0.0035   0.0030   0.0022  -0.0000   0.0000   0.0007   0.0001   -0.049
   243  10.7240   4.2025   1.3304   0.6018   0.0657   0.0022   0.0032   0.0140   0.0037  -0.0000   0.0000   0.0003  -0.0002    0.181

  Surface #11     nacelle_vertical (YDUP)                 
     # Chordwise =  6   # Spanwise = 11     First strip =244
     Surface area Ssurf =    1.882259     Ave. chord Cave =    1.723839

 Forces referred to Sref, Cref, Bref about Xref, Yref, Zref
 Standard axis orientation,  X fwd, Z down         
     CLsurf  =   0.00000     Clsurf  =   0.00000
     CYsurf  =  -0.00003     Cmsurf  =   0.00000
     CDsurf  =  -0.00000     Cnsurf  =  -0.00000
     CDisurf =  -0.00000     CDvsurf =   0.00000

 Forces referred to Ssurf, Cave 
     CLsurf  =  -0.00110     CDsurf  =  -0.00001

 Strip Forces referred to Strip Area, Chord
    j     Xle      Yle      Zle      Chord    Area     c_cl     ai     cl_norm    cl       cd       cdv    cm_c/4     cm_LE   C.P.x/c
   244  10.7240  -4.2025   0.3477   0.6018   0.0657  -0.0041   0.0066  -0.0172  -0.0068  -0.0000   0.0000  -0.0002  -0.0004    0.218
   245  10.4179  -4.2025   0.4569   1.4164   0.1547  -0.0066   0.0048  -0.0054  -0.0046  -0.0000   0.0000  -0.0001  -0.0006    0.230
   246  10.2618  -4.2025   0.5661   1.8708   0.2043  -0.0089   0.0041  -0.0050  -0.0048  -0.0000   0.0000  -0.0002  -0.0006    0.203
   247  10.1499  -4.2025   0.6753   2.2271   0.2432  -0.0120   0.0032  -0.0054  -0.0054  -0.0000   0.0000  -0.0006  -0.0005    0.132
   248  10.0947  -4.2025   0.7572   2.4446   0.1335  -0.0106   0.0032  -0.0047  -0.0043   0.0000   0.0000  -0.0005  -0.0005    0.126
   249  10.0770  -4.2025   0.8118   2.5621   0.1399  -0.0049   0.0032  -0.0021  -0.0019  -0.0000   0.0000   0.0003  -0.0007    0.401
   250  10.0859  -4.2025   0.8936   2.5034   0.2731   0.0044   0.0030   0.0018   0.0017  -0.0000   0.0000   0.0015  -0.0010   -0.598
   251  10.1498  -4.2025   1.0028   2.2271   0.2432   0.0065   0.0040   0.0030   0.0029  -0.0000   0.0000   0.0016  -0.0007   -0.301
   252  10.2618  -4.2025   1.1120   1.8709   0.2043   0.0041   0.0036   0.0025   0.0022  -0.0000   0.0000   0.0010  -0.0003   -0.224
   253  10.4179  -4.2025   1.2212   1.4164   0.1547   0.0031   0.0035   0.0030   0.0022  -0.0000   0.0000   0.0007  -0.0001   -0.049
   254  10.7240  -4.2025   1.3304   0.6018   0.0657   0.0022   0.0032   0.0140   0.0037  -0.0000   0.0000   0.0003   0.0002    0.181
 ---------------------------------------------------------------
