
      u         w         q        the        v         p         r        phi        x         y         z        psi    |  slat        flap        aileron     elevator    
  -0.1097E-02  0.2565      -17.41      -9.810     -0.8546E-17  0.1892E-15  0.1411E-15   0.000       0.000      -0.000       0.000       0.000        -0.9553E-03  0.3330E-01 -0.6914E-17  0.1123E-01
  -0.1416     -0.5558       57.57      -0.000      0.2234E-16 -0.6839E-15 -0.2627E-15  -0.000       0.000      -0.000       0.000       0.000         0.4901E-02 -0.1711      0.1295E-16 -0.5331E-01
   0.8818E-02 -0.3258E-01 -0.8613       0.000      0.5843E-03 -0.1048E-01 -0.9329E-02   0.000      -0.000       0.000      -0.000       0.000        -0.5209E-03  0.6526E-03  0.1245E-03 -0.3240E-01
   -0.000      -0.000       1.000       0.000       0.000      -0.000      -0.000       0.000      -0.000       0.000      -0.000       0.000          0.000       0.000       0.000       0.000    
   0.5853E-17 -0.1218E-15  0.3795E-15  -0.000     -0.9911E-01   17.16      -59.49       9.810      -0.000       0.000      -0.000      -0.000        -0.3794E-18 -0.1831E-16 -0.9601E-03 -0.1689E-17
   0.3043E-04 -0.1124E-03 -0.2972E-02  -0.000     -0.1883      -17.35       8.420      -0.000       0.000      -0.000       0.000      -0.000        -0.1798E-05  0.2252E-05  0.3719     -0.1118E-03
   0.1691E-03 -0.6247E-03 -0.1651E-01  -0.000      0.3873E-01 -0.2708     -0.7291      -0.000       0.000      -0.000       0.000      -0.000        -0.9988E-05  0.1251E-04 -0.1770E-03 -0.6211E-03
   -0.000      -0.000       0.000       0.000       0.000       1.000       0.000       0.000      -0.000       0.000      -0.000       0.000          0.000       0.000       0.000       0.000    
    1.000       0.000      -0.000       16.93      -0.000       0.000       0.000       0.000       0.000      -0.000       0.000       0.000         -0.000      -0.000      -0.000      -0.000    
    0.000      -0.000       0.000      -0.000       1.000      -0.000      -0.000      -16.93      -0.000       0.000      -0.000       62.54          0.000       0.000       0.000       0.000    
   -0.000       1.000      -0.000      -62.54       0.000       0.000       0.000       0.000       0.000      -0.000       0.000       0.000         -0.000      -0.000      -0.000      -0.000    
   -0.000      -0.000       0.000       0.000       0.000      -0.000       1.000     -0.2220E-31  -0.000       0.000      -0.000       0.000          0.000       0.000       0.000       0.000    
