
      u         w         q        the        v         p         r        phi        x         y         z        psi    |  slat        flap        aileron     elevator    
   0.3665E-03  0.1094      -10.51      -9.810     -0.2822E-17  0.5648E-16  0.1041E-15   0.000       0.000      -0.000       0.000       0.000        -0.7233E-03  0.2604E-01  0.7074E-18  0.9191E-02
  -0.7883E-01 -0.8052       128.6      -0.000      0.6400E-16  0.4981E-15 -0.9994E-15  -0.000       0.000      -0.000       0.000       0.000         0.1502E-01 -0.5426      0.1628E-16 -0.1669    
   0.3772E-02 -0.4952E-01  -1.306       0.000      0.1208E-02 -0.6816E-02 -0.2291E-01   0.000      -0.000       0.000      -0.000       0.000        -0.1859E-02  0.1855E-02  0.2549E-03 -0.1106    
   -0.000      -0.000       1.000       0.000       0.000      -0.000      -0.000       0.000      -0.000       0.000      -0.000       0.000          0.000       0.000       0.000       0.000    
  -0.2117E-17 -0.2439E-17  0.8731E-16  -0.000     -0.1499       10.33      -130.8       9.810      -0.000       0.000      -0.000      -0.000        -0.7647E-19 -0.7583E-17 -0.2684E-02 -0.2635E-17
   0.9326E-05 -0.1224E-03 -0.3228E-02  -0.000     -0.3419      -28.36       8.011      -0.000       0.000      -0.000       0.000      -0.000        -0.4595E-05  0.4587E-05   1.324     -0.2735E-03
   0.8257E-04 -0.1084E-02 -0.2858E-01  -0.000      0.6867E-01  0.2321      -1.333      -0.000       0.000      -0.000       0.000      -0.000        -0.4068E-04  0.4061E-04 -0.1407E-01 -0.2421E-02
   -0.000      -0.000       0.000       0.000       0.000       1.000       0.000       0.000      -0.000       0.000      -0.000       0.000          0.000       0.000       0.000       0.000    
    1.000       0.000      -0.000       10.32      -0.000       0.000       0.000       0.000       0.000      -0.000       0.000       0.000         -0.000      -0.000      -0.000      -0.000    
    0.000      -0.000       0.000      -0.000       1.000      -0.000      -0.000      -10.32      -0.000       0.000      -0.000       135.5          0.000       0.000       0.000       0.000    
   -0.000       1.000      -0.000      -135.5       0.000       0.000       0.000       0.000       0.000      -0.000       0.000       0.000         -0.000      -0.000      -0.000      -0.000    
   -0.000      -0.000       0.000       0.000       0.000      -0.000       1.000      0.7635E-32  -0.000       0.000      -0.000       0.000          0.000       0.000       0.000       0.000    
