 ---------------------------------------------------------------
 Surface and Strip Forces by surface

  Sref =  151.41       Cref =  4.4752       Bref =  40.756    
  Xref =  18.882       Yref =  0.0000       Zref =-0.93235    

  Surface # 1     main_wing_1                             
     # Chordwise = 10   # Spanwise = 30     First strip =  1
     Surface area Ssurf =   76.063440     Ave. chord Cave =    3.713983

 Forces referred to Sref, Cref, Bref about Xref, Yref, Zref
 Standard axis orientation,  X fwd, Z down         
     CLsurf  =   0.23435     Clsurf  =  -0.04879
     CYsurf  =  -0.01680     Cmsurf  =   0.02901
     CDsurf  =   0.00349     Cnsurf  =  -0.00224
     CDisurf =   0.00349     CDvsurf =   0.00000

 Forces referred to Ssurf, Cave 
     CLsurf  =   0.46763     CDsurf  =   0.00694

 Strip Forces referred to Strip Area, Chord
    j     Xle      Yle      Zle      Chord    Area     c_cl     ai     cl_norm    cl       cd       cdv    cm_c/4     cm_LE   C.P.x/c
     1  13.1562   0.0132  -0.9323   6.7727   0.3582   2.5850   0.0431   0.3811   0.3811   0.0219   0.0000  -0.0295  -0.1249    0.327
     2  13.1562   0.1189  -0.9323   6.7727   1.0708   2.5845   0.0436   0.3810   0.3810   0.0217   0.0000  -0.0295  -0.1249    0.327
     3  13.1562   0.3290  -0.9323   6.7727   1.7716   2.5794   0.0444   0.3803   0.3803   0.0214   0.0000  -0.0297  -0.1249    0.328
     4  13.1562   0.6413  -0.9323   6.7727   2.4529   2.5618   0.0449   0.3777   0.3777   0.0208   0.0000  -0.0302  -0.1247    0.330
     5  13.1562   1.0524  -0.9323   6.7727   3.1075   2.5235   0.0449   0.3721   0.3721   0.0196   0.0000  -0.0308  -0.1240    0.333
     6  13.1562   1.5577  -0.9323   6.7727   3.7279   2.4648   0.0443   0.3634   0.3634   0.0190   0.0000  -0.0318  -0.1228    0.338
     7  13.3505   2.1655  -0.8985   6.5993   4.4092   2.3760   0.0407   0.4404   0.3598   0.0146   0.0000  -0.0322  -0.1048    0.340
     8  13.7775   2.8720  -0.8243   6.2184   4.6681   2.3104   0.0371   0.4547   0.3715   0.0111   0.0000  -0.0306  -0.1058    0.332
     9  14.2518   3.6566  -0.7418   5.7952   4.7814   2.2499   0.0349   0.4753   0.3883   0.0086   0.0000  -0.0310  -0.1097    0.330
    10  14.7910   4.5487  -0.6481   5.3142   5.1436   2.1897   0.0347   0.5046   0.4122   0.0073   0.0000  -0.0323  -0.1159    0.328
    11  15.3918   5.5427  -0.5436   4.7782   4.9135   2.1248   0.0341   0.5446   0.4449   0.0070   0.0000  -0.0336  -0.1241    0.325
    12  16.0255   6.5912  -0.4334   4.2129   4.5391   2.0483   0.0273   0.5956   0.4865   0.0061   0.0000  -0.0347  -0.1340    0.321
    13  16.6115   7.6326  -0.3239   3.8242   3.8740   1.9704   0.0170   0.6308   0.5156   0.0050   0.0000  -0.0331  -0.1439    0.314
    14  17.1396   8.6528  -0.2167   3.6265   3.7565   1.9036   0.0161   0.6427   0.5254   0.0041   0.0000  -0.0314  -0.1446    0.310
    15  17.6765   9.6902  -0.1077   3.4255   3.5876   1.8338   0.0170   0.6555   0.5359   0.0031   0.0000  -0.0304  -0.1461    0.307
    16  18.2163  10.7332   0.0019   3.2234   3.3760   1.7596   0.0177   0.6685   0.5465   0.0022   0.0000  -0.0299  -0.1479    0.305
    17  18.7532  11.7705   0.1110   3.0224   3.1308   1.6811   0.0181   0.6812   0.5568   0.0013   0.0000  -0.0296  -0.1499    0.303
    18  19.2813  12.7907   0.2182   2.8247   2.8615   1.5988   0.0183   0.6932   0.5667   0.0005   0.0000  -0.0293  -0.1518    0.302
    19  19.7947  13.7827   0.3224   2.6325   2.5775   1.5134   0.0187   0.7041   0.5756  -0.0003   0.0000  -0.0289  -0.1535    0.300
    20  20.3028  14.7644   0.4256   2.4423   2.4220   1.4237   0.0193   0.7140   0.5837  -0.0011   0.0000  -0.0286  -0.1550    0.299
    21  20.7990  15.7230   0.5264   2.2565   2.1063   1.3300   0.0204   0.7220   0.5902  -0.0019   0.0000  -0.0279  -0.1559    0.297
    22  21.2625  16.6185   0.6205   2.0830   1.8017   1.2340   0.0226   0.7257   0.5933  -0.0027   0.0000  -0.0268  -0.1555    0.295
    23  21.6883  17.4411   0.7070   1.9236   1.5139   1.1347   0.0261   0.7227   0.5908  -0.0034   0.0000  -0.0249  -0.1533    0.292
    24  22.0716  18.1818   0.7848   1.7801   1.2468   1.0291   0.0314   0.7083   0.5791  -0.0041   0.0000  -0.0215  -0.1476    0.287
    25  22.4084  18.8324   0.8532   1.6540   1.0026   0.9117   0.0388   0.6754   0.5521  -0.0048   0.0000  -0.0157  -0.1365    0.278
    26  22.6948  19.3859   0.9113   1.5468   0.7816   0.7749   0.0473   0.6139   0.5018  -0.0056   0.0000  -0.0069  -0.1175    0.264
    27  22.9086  19.7989   0.9548   1.4667   0.4825   0.6204   0.0548   0.5184   0.4238  -0.0067   0.0000   0.0032  -0.0912    0.242
    28  23.0546  20.0810   0.9844   1.4121   0.3355   0.4573   0.0599   0.3970   0.3246  -0.0069   0.0000   0.0097  -0.0633    0.220
    29  23.1528  20.2708   1.0044   1.3753   0.1975   0.2805   0.0631   0.2501   0.2045  -0.0061   0.0000   0.0102  -0.0363    0.200
    30  23.2022  20.3662   1.0144   1.3568   0.0652   0.0946   0.0649   0.0856   0.0700  -0.0042   0.0000   0.0041  -0.0119    0.192

  Surface # 2     main_wing_1 (YDUP)                      
     # Chordwise = 10   # Spanwise = 30     First strip = 31
     Surface area Ssurf =   76.063440     Ave. chord Cave =    3.713983

 Forces referred to Sref, Cref, Bref about Xref, Yref, Zref
 Standard axis orientation,  X fwd, Z down         
     CLsurf  =   0.23435     Clsurf  =   0.04879
     CYsurf  =   0.01680     Cmsurf  =   0.02901
     CDsurf  =   0.00349     Cnsurf  =   0.00224
     CDisurf =   0.00349     CDvsurf =   0.00000

 Forces referred to Ssurf, Cave 
     CLsurf  =   0.46763     CDsurf  =   0.00694

 Strip Forces referred to Strip Area, Chord
    j     Xle      Yle      Zle      Chord    Area     c_cl     ai     cl_norm    cl       cd       cdv    cm_c/4     cm_LE   C.P.x/c
    31  13.1562  -0.0132  -0.9323   6.7727   0.3582   2.5850   0.0431   0.3811   0.3811   0.0219   0.0000  -0.0295   0.1249    0.327
    32  13.1562  -0.1189  -0.9323   6.7727   1.0708   2.5845   0.0436   0.3810   0.3810   0.0217   0.0000  -0.0295   0.1249    0.327
    33  13.1562  -0.3290  -0.9323   6.7727   1.7716   2.5794   0.0444   0.3803   0.3803   0.0214   0.0000  -0.0297   0.1249    0.328
    34  13.1562  -0.6413  -0.9323   6.7727   2.4529   2.5618   0.0449   0.3777   0.3777   0.0208   0.0000  -0.0302   0.1247    0.330
    35  13.1562  -1.0524  -0.9323   6.7727   3.1075   2.5235   0.0449   0.3721   0.3721   0.0196   0.0000  -0.0308   0.1240    0.333
    36  13.1562  -1.5577  -0.9323   6.7727   3.7279   2.4648   0.0443   0.3634   0.3634   0.0190   0.0000  -0.0318   0.1228    0.338
    37  13.3505  -2.1655  -0.8985   6.5993   4.4092   2.3760   0.0407   0.4404   0.3598   0.0146   0.0000  -0.0322   0.1048    0.340
    38  13.7775  -2.8720  -0.8243   6.2184   4.6681   2.3104   0.0371   0.4547   0.3715   0.0111   0.0000  -0.0306   0.1058    0.332
    39  14.2518  -3.6566  -0.7418   5.7952   4.7814   2.2499   0.0349   0.4753   0.3883   0.0086   0.0000  -0.0310   0.1097    0.330
    40  14.7910  -4.5487  -0.6481   5.3142   5.1436   2.1897   0.0347   0.5046   0.4122   0.0073   0.0000  -0.0323   0.1159    0.328
    41  15.3918  -5.5427  -0.5436   4.7782   4.9135   2.1248   0.0341   0.5446   0.4449   0.0070   0.0000  -0.0336   0.1241    0.325
    42  16.0255  -6.5912  -0.4334   4.2129   4.5391   2.0483   0.0273   0.5956   0.4865   0.0061   0.0000  -0.0347   0.1340    0.321
    43  16.6115  -7.6326  -0.3239   3.8242   3.8740   1.9704   0.0170   0.6308   0.5156   0.0050   0.0000  -0.0331   0.1439    0.314
    44  17.1396  -8.6528  -0.2167   3.6265   3.7565   1.9036   0.0161   0.6427   0.5254   0.0041   0.0000  -0.0314   0.1446    0.310
    45  17.6765  -9.6902  -0.1077   3.4255   3.5876   1.8338   0.0170   0.6555   0.5359   0.0031   0.0000  -0.0304   0.1461    0.307
    46  18.2163 -10.7332   0.0019   3.2234   3.3760   1.7596   0.0177   0.6685   0.5465   0.0022   0.0000  -0.0299   0.1479    0.305
    47  18.7532 -11.7705   0.1110   3.0224   3.1308   1.6811   0.0181   0.6812   0.5568   0.0013   0.0000  -0.0296   0.1499    0.303
    48  19.2813 -12.7907   0.2182   2.8247   2.8615   1.5988   0.0183   0.6932   0.5667   0.0005   0.0000  -0.0293   0.1518    0.302
    49  19.7947 -13.7827   0.3224   2.6325   2.5775   1.5134   0.0187   0.7041   0.5756  -0.0003   0.0000  -0.0289   0.1535    0.300
    50  20.3028 -14.7644   0.4256   2.4423   2.4220   1.4237   0.0193   0.7140   0.5837  -0.0011   0.0000  -0.0286   0.1550    0.299
    51  20.7990 -15.7230   0.5264   2.2565   2.1063   1.3300   0.0204   0.7220   0.5902  -0.0019   0.0000  -0.0279   0.1559    0.297
    52  21.2625 -16.6185   0.6205   2.0830   1.8017   1.2340   0.0226   0.7257   0.5933  -0.0027   0.0000  -0.0268   0.1555    0.295
    53  21.6883 -17.4411   0.7070   1.9236   1.5139   1.1347   0.0261   0.7227   0.5908  -0.0034   0.0000  -0.0249   0.1533    0.292
    54  22.0716 -18.1818   0.7848   1.7801   1.2468   1.0291   0.0314   0.7083   0.5791  -0.0041   0.0000  -0.0215   0.1476    0.287
    55  22.4084 -18.8324   0.8532   1.6540   1.0026   0.9117   0.0388   0.6754   0.5521  -0.0048   0.0000  -0.0157   0.1365    0.278
    56  22.6948 -19.3859   0.9113   1.5468   0.7816   0.7749   0.0473   0.6139   0.5018  -0.0056   0.0000  -0.0069   0.1175    0.264
    57  22.9086 -19.7989   0.9548   1.4667   0.4825   0.6204   0.0548   0.5184   0.4238  -0.0067   0.0000   0.0032   0.0912    0.242
    58  23.0546 -20.0810   0.9844   1.4121   0.3355   0.4573   0.0599   0.3970   0.3246  -0.0069   0.0000   0.0097   0.0633    0.220
    59  23.1528 -20.2708   1.0044   1.3753   0.1975   0.2805   0.0631   0.2501   0.2045  -0.0061   0.0000   0.0102   0.0363    0.200
    60  23.2022 -20.3662   1.0144   1.3568   0.0652   0.0946   0.0649   0.0856   0.0700  -0.0042   0.0000   0.0041   0.0119    0.192

  Surface # 3     horizontal_stabilizer                   
     # Chordwise = 10   # Spanwise = 30     First strip = 61
     Surface area Ssurf =   24.801542     Ave. chord Cave =    3.464048

 Forces referred to Sref, Cref, Bref about Xref, Yref, Zref
 Standard axis orientation,  X fwd, Z down         
     CLsurf  =   0.01041     Clsurf  =  -0.00085
     CYsurf  =   0.00010     Cmsurf  =  -0.03846
     CDsurf  =   0.00038     Cnsurf  =  -0.00006
     CDisurf =   0.00038     CDvsurf =   0.00000

 Forces referred to Ssurf, Cave 
     CLsurf  =   0.06356     CDsurf  =   0.00231

 Strip Forces referred to Strip Area, Chord
    j     Xle      Yle      Zle      Chord    Area     c_cl     ai     cl_norm    cl       cd       cdv    cm_c/4     cm_LE   C.P.x/c
    61  32.2591   0.0046   1.0597   4.8737   0.0901   0.2851   0.0435   0.0810   0.0577   0.0164   0.0000  -0.0025  -0.0138    0.294
    62  32.2862   0.0415   1.0597   4.8591   0.2685   0.2850   0.0436   0.0821   0.0585   0.0038   0.0000  -0.0025  -0.0138    0.293
    63  32.3400   0.1150   1.0597   4.8302   0.4415   0.2847   0.0438   0.0826   0.0589   0.0029   0.0000  -0.0023  -0.0137    0.289
    64  32.4201   0.2241   1.0597   4.7871   0.6059   0.2834   0.0440   0.0829   0.0591   0.0027   0.0000  -0.0019  -0.0135    0.283
    65  32.5254   0.3678   1.0597   4.7305   0.7585   0.2803   0.0442   0.0830   0.0592   0.0026   0.0000  -0.0013  -0.0130    0.273
    66  32.6549   0.5443   1.0597   4.6609   0.8965   0.2740   0.0443   0.0824   0.0587   0.0025   0.0000  -0.0005  -0.0123    0.259
    67  32.8112   0.7575   1.0597   4.5768   1.0696   0.2607   0.0366   0.0798   0.0569   0.0024   0.0000   0.0008  -0.0108    0.236
    68  32.9935   1.0059   1.0597   4.4789   1.1761   0.2487   0.0368   0.0778   0.0555   0.0023   0.0000   0.0017  -0.0098    0.220
    69  33.1959   1.2819   1.0597   4.3701   1.2611   0.2363   0.0370   0.0758   0.0540   0.0022   0.0000   0.0023  -0.0090    0.208
    70  33.4163   1.5823   1.0597   4.2516   1.3241   0.2244   0.0372   0.0740   0.0527   0.0022   0.0000   0.0027  -0.0085    0.199
    71  33.6522   1.9039   1.0597   4.1248   1.3648   0.2149   0.0373   0.0730   0.0521   0.0021   0.0000   0.0030  -0.0081    0.193
    72  33.9010   2.2432   1.0597   3.9911   1.3836   0.2093   0.0374   0.0735   0.0524   0.0022   0.0000   0.0032  -0.0080    0.189
    73  34.1600   2.5963   1.0597   3.8519   1.3816   0.2080   0.0376   0.0757   0.0540   0.0022   0.0000   0.0034  -0.0081    0.186
    74  34.4265   2.9595   1.0597   3.7087   1.3602   0.2107   0.0377   0.0796   0.0568   0.0023   0.0000   0.0038  -0.0084    0.183
    75  34.6973   3.3289   1.0597   3.5631   1.3213   0.2164   0.0379   0.0851   0.0607   0.0024   0.0000   0.0043  -0.0088    0.180
    76  34.9697   3.7002   1.0597   3.4167   1.2670   0.2240   0.0381   0.0919   0.0655   0.0025   0.0000   0.0049  -0.0093    0.175
    77  35.2406   4.0695   1.0597   3.2711   1.1997   0.2320   0.0383   0.0994   0.0709   0.0025   0.0000   0.0057  -0.0097    0.170
    78  35.5070   4.4327   1.0597   3.1279   1.1219   0.2385   0.0385   0.1069   0.0762   0.0026   0.0000   0.0066  -0.0101    0.164
    79  35.7661   4.7859   1.0597   2.9886   1.0361   0.2418   0.0388   0.1134   0.0809   0.0026   0.0000   0.0076  -0.0102    0.156
    80  36.0149   5.1251   1.0597   2.8549   0.9446   0.2408   0.0390   0.1183   0.0843   0.0025   0.0000   0.0087  -0.0100    0.147
    81  36.2508   5.4467   1.0597   2.7281   0.8496   0.2352   0.0392   0.1209   0.0862   0.0024   0.0000   0.0097  -0.0095    0.137
    82  36.4711   5.7471   1.0597   2.6097   0.7531   0.2251   0.0394   0.1209   0.0862   0.0022   0.0000   0.0108  -0.0087    0.125
    83  36.6736   6.0231   1.0597   2.5009   0.6567   0.2107   0.0395   0.1182   0.0843   0.0019   0.0000   0.0116  -0.0076    0.112
    84  36.8558   6.2716   1.0597   2.4029   0.5615   0.1931   0.0395   0.1127   0.0804   0.0017   0.0000   0.0121  -0.0065    0.100
    85  37.0159   6.4899   1.0597   2.3169   0.4686   0.1734   0.0395   0.1050   0.0749   0.0014   0.0000   0.0119  -0.0055    0.091
    86  37.1654   6.6937   1.0597   2.2365   0.4544   0.1533   0.0475   0.0961   0.0686   0.0012   0.0000   0.0105  -0.0053    0.096
    87  37.2989   6.8757   1.0597   2.1647   0.3472   0.1237   0.0475   0.0802   0.0572   0.0008   0.0000   0.0094  -0.0040    0.086
    88  37.4004   7.0140   1.0597   2.1102   0.2444   0.0904   0.0476   0.0602   0.0429   0.0004   0.0000   0.0076  -0.0025    0.074
    89  37.4686   7.1071   1.0597   2.0735   0.1452   0.0550   0.0476   0.0373   0.0266   0.0000   0.0000   0.0050  -0.0013    0.063
    90  37.5029   7.1538   1.0597   2.0551   0.0481   0.0185   0.0476   0.0126   0.0090  -0.0004   0.0000   0.0017  -0.0004    0.058

  Surface # 4     horizontal_stabilizer (YDUP)            
     # Chordwise = 10   # Spanwise = 30     First strip = 91
     Surface area Ssurf =   24.801542     Ave. chord Cave =    3.464048

 Forces referred to Sref, Cref, Bref about Xref, Yref, Zref
 Standard axis orientation,  X fwd, Z down         
     CLsurf  =   0.01041     Clsurf  =   0.00085
     CYsurf  =  -0.00010     Cmsurf  =  -0.03846
     CDsurf  =   0.00038     Cnsurf  =   0.00006
     CDisurf =   0.00038     CDvsurf =   0.00000

 Forces referred to Ssurf, Cave 
     CLsurf  =   0.06356     CDsurf  =   0.00231

 Strip Forces referred to Strip Area, Chord
    j     Xle      Yle      Zle      Chord    Area     c_cl     ai     cl_norm    cl       cd       cdv    cm_c/4     cm_LE   C.P.x/c
    91  32.2591  -0.0046   1.0597   4.8737   0.0901   0.2851   0.0435   0.0810   0.0577   0.0164   0.0000  -0.0025   0.0138    0.294
    92  32.2862  -0.0415   1.0597   4.8591   0.2685   0.2850   0.0436   0.0821   0.0585   0.0038   0.0000  -0.0025   0.0138    0.293
    93  32.3400  -0.1150   1.0597   4.8302   0.4415   0.2847   0.0438   0.0826   0.0589   0.0029   0.0000  -0.0023   0.0137    0.289
    94  32.4201  -0.2241   1.0597   4.7871   0.6059   0.2834   0.0440   0.0829   0.0591   0.0027   0.0000  -0.0019   0.0135    0.283
    95  32.5254  -0.3678   1.0597   4.7305   0.7585   0.2803   0.0442   0.0830   0.0592   0.0026   0.0000  -0.0013   0.0130    0.273
    96  32.6549  -0.5443   1.0597   4.6609   0.8965   0.2740   0.0443   0.0824   0.0587   0.0025   0.0000  -0.0005   0.0123    0.259
    97  32.8112  -0.7575   1.0597   4.5768   1.0696   0.2607   0.0366   0.0798   0.0569   0.0024   0.0000   0.0008   0.0108    0.236
    98  32.9935  -1.0059   1.0597   4.4789   1.1761   0.2487   0.0368   0.0778   0.0555   0.0023   0.0000   0.0017   0.0098    0.220
    99  33.1959  -1.2819   1.0597   4.3701   1.2611   0.2363   0.0370   0.0758   0.0540   0.0022   0.0000   0.0023   0.0090    0.208
   100  33.4163  -1.5823   1.0597   4.2516   1.3241   0.2244   0.0372   0.0740   0.0527   0.0022   0.0000   0.0027   0.0085    0.199
   101  33.6522  -1.9039   1.0597   4.1248   1.3648   0.2149   0.0373   0.0730   0.0521   0.0021   0.0000   0.0030   0.0081    0.193
   102  33.9010  -2.2432   1.0597   3.9911   1.3836   0.2093   0.0374   0.0735   0.0524   0.0022   0.0000   0.0032   0.0080    0.189
   103  34.1600  -2.5963   1.0597   3.8519   1.3816   0.2080   0.0376   0.0757   0.0540   0.0022   0.0000   0.0034   0.0081    0.186
   104  34.4265  -2.9595   1.0597   3.7087   1.3602   0.2107   0.0377   0.0796   0.0568   0.0023   0.0000   0.0038   0.0084    0.183
   105  34.6973  -3.3289   1.0597   3.5631   1.3213   0.2164   0.0379   0.0851   0.0607   0.0024   0.0000   0.0043   0.0088    0.180
   106  34.9697  -3.7002   1.0597   3.4167   1.2670   0.2240   0.0381   0.0919   0.0655   0.0025   0.0000   0.0049   0.0093    0.175
   107  35.2406  -4.0695   1.0597   3.2711   1.1997   0.2320   0.0383   0.0994   0.0709   0.0025   0.0000   0.0057   0.0097    0.170
   108  35.5070  -4.4327   1.0597   3.1279   1.1219   0.2385   0.0385   0.1069   0.0762   0.0026   0.0000   0.0066   0.0101    0.164
   109  35.7661  -4.7859   1.0597   2.9886   1.0361   0.2418   0.0388   0.1134   0.0809   0.0026   0.0000   0.0076   0.0102    0.156
   110  36.0149  -5.1251   1.0597   2.8549   0.9446   0.2408   0.0390   0.1183   0.0843   0.0025   0.0000   0.0087   0.0100    0.147
   111  36.2508  -5.4467   1.0597   2.7281   0.8496   0.2352   0.0392   0.1209   0.0862   0.0024   0.0000   0.0097   0.0095    0.137
   112  36.4711  -5.7471   1.0597   2.6097   0.7531   0.2251   0.0394   0.1209   0.0862   0.0022   0.0000   0.0108   0.0087    0.125
   113  36.6736  -6.0231   1.0597   2.5009   0.6567   0.2107   0.0395   0.1182   0.0843   0.0019   0.0000   0.0116   0.0076    0.112
   114  36.8558  -6.2716   1.0597   2.4029   0.5615   0.1931   0.0395   0.1127   0.0804   0.0017   0.0000   0.0121   0.0065    0.100
   115  37.0159  -6.4899   1.0597   2.3169   0.4686   0.1734   0.0395   0.1050   0.0749   0.0014   0.0000   0.0119   0.0055    0.091
   116  37.1654  -6.6937   1.0597   2.2365   0.4544   0.1533   0.0475   0.0961   0.0686   0.0012   0.0000   0.0105   0.0053    0.096
   117  37.2989  -6.8757   1.0597   2.1647   0.3472   0.1237   0.0475   0.0802   0.0572   0.0008   0.0000   0.0094   0.0040    0.086
   118  37.4004  -7.0140   1.0597   2.1102   0.2444   0.0904   0.0476   0.0602   0.0429   0.0004   0.0000   0.0076   0.0025    0.074
   119  37.4686  -7.1071   1.0597   2.0735   0.1452   0.0550   0.0476   0.0373   0.0266   0.0000   0.0000   0.0050   0.0013    0.063
   120  37.5029  -7.1538   1.0597   2.0551   0.0481   0.0185   0.0476   0.0126   0.0090  -0.0004   0.0000   0.0017   0.0004    0.058

  Surface # 5     vertical_stabilizer                     
     # Chordwise = 10   # Spanwise = 30     First strip =121
     Surface area Ssurf =   49.674121     Ave. chord Cave =    6.398089

 Forces referred to Sref, Cref, Bref about Xref, Yref, Zref
 Standard axis orientation,  X fwd, Z down         
     CLsurf  =   0.00000     Clsurf  =  -0.00000
     CYsurf  =  -0.00000     Cmsurf  =  -0.00000
     CDsurf  =  -0.00000     Cnsurf  =   0.00000
     CDisurf =  -0.00000     CDvsurf =   0.00000

 Forces referred to Ssurf, Cave 
     CLsurf  =   0.00000     CDsurf  =  -0.00000

 Strip Forces referred to Strip Area, Chord
    j     Xle      Yle      Zle      Chord    Area     c_cl     ai     cl_norm    cl       cd       cdv    cm_c/4     cm_LE   C.P.x/c
   121  27.2121   0.0000   1.1113   9.6623   0.5775  -0.0000   0.0000  -0.0000  -0.0000   0.0000   0.0000   0.0000   0.0000    0.940
   122  27.3059   0.0000   1.1901   9.5956   0.9378  -0.0000   0.0000  -0.0000  -0.0000  -0.0000   0.0000   0.0000   0.0000    0.957
   123  27.4446   0.0000   1.3066   9.4971   1.2816  -0.0000  -0.0000  -0.0000  -0.0000  -0.0000   0.0000   0.0000   0.0000    1.037
   124  27.6269   0.0000   1.4597   9.3675   1.6020   0.0000   0.0000   0.0000   0.0000   0.0000   0.0000   0.0000   0.0000   -0.795
   125  27.8513   0.0000   1.6482   9.2079   1.8927   0.0000  -0.0000   0.0000   0.0000  -0.0000   0.0000   0.0000  -0.0000    0.248
   126  28.1157   0.0000   1.8704   9.0199   2.1481   0.0000  -0.0000   0.0000   0.0000  -0.0000   0.0000  -0.0000  -0.0000    0.303
   127  28.4177   0.0000   2.1240   8.8053   2.3638   0.0000  -0.0000   0.0000   0.0000  -0.0000   0.0000  -0.0000  -0.0000    0.318
   128  28.7542   0.0000   2.4066   8.5661   2.5368   0.0000  -0.0000   0.0000   0.0000  -0.0000   0.0000  -0.0000  -0.0000    0.310
   129  29.1219   0.0000   2.7155   8.3046   2.6649   0.0000  -0.0000   0.0000   0.0000  -0.0000   0.0000  -0.0000  -0.0000    0.272
   130  29.5172   0.0000   3.0476   8.0236   2.7474   0.0000  -0.0000   0.0000   0.0000  -0.0000   0.0000  -0.0000  -0.0000    0.284
   131  29.9362   0.0000   3.3995   7.7257   2.7851   0.0000  -0.0000   0.0000   0.0000  -0.0000   0.0000  -0.0000  -0.0000    0.302
   132  30.3745   0.0000   3.7677   7.4141   2.7796   0.0000   0.0000   0.0000   0.0000  -0.0000   0.0000  -0.0000  -0.0000    0.386
   133  30.8277   0.0000   4.1483   7.0919   2.7338   0.0000  -0.0000   0.0000   0.0000  -0.0000   0.0000  -0.0000  -0.0000    0.276
   134  31.2912   0.0000   4.5376   6.7625   2.6516   0.0000  -0.0000   0.0000   0.0000  -0.0000   0.0000  -0.0000  -0.0000    0.324
   135  31.7601   0.0000   4.9315   6.4291   2.5374   0.0000   0.0000   0.0000   0.0000  -0.0000   0.0000  -0.0000  -0.0000    0.323
   136  32.2297   0.0000   5.3260   6.0953   2.3965   0.0000  -0.0000   0.0000   0.0000   0.0000   0.0000   0.0000  -0.0000    0.175
   137  32.6951   0.0000   5.7169   5.7644   2.2343   0.0000  -0.0000   0.0000   0.0000  -0.0000   0.0000   0.0000  -0.0000    0.249
   138  33.1514   0.0000   6.1002   5.4400   2.0562   0.0000  -0.0000   0.0000   0.0000  -0.0000   0.0000   0.0000  -0.0000    0.138
   139  33.5939   0.0000   6.4718   5.1254   1.8679   0.0000   0.0000   0.0000   0.0000  -0.0000   0.0000   0.0000  -0.0000    0.182
   140  34.0180   0.0000   6.8281   4.8240   1.6743   0.0000  -0.0000   0.0000   0.0000   0.0000   0.0000   0.0000   0.0000   -0.112
   141  34.4192   0.0000   7.1651   4.5387   1.4801   0.0000  -0.0000   0.0000   0.0000   0.0000   0.0000   0.0000   0.0000   -0.326
   142  34.7934   0.0000   7.4794   4.2727   1.2891   0.0000  -0.0000   0.0000   0.0000  -0.0000   0.0000   0.0000   0.0000   -0.396
   143  35.1366   0.0000   7.7677   4.0287   1.1044   0.0000   0.0000   0.0000   0.0000   0.0000   0.0000   0.0000   0.0000   -0.010
   144  35.4453   0.0000   8.0270   3.8093   0.9284   0.0000  -0.0000   0.0000   0.0000  -0.0000   0.0000   0.0000   0.0000   -0.081
   145  35.7161   0.0000   8.2545   3.6167   0.7621   0.0000  -0.0000   0.0000   0.0000  -0.0000   0.0000   0.0000   0.0000   -0.260
   146  35.9463   0.0000   8.4479   3.4530   0.6061   0.0000  -0.0000   0.0000   0.0000  -0.0000   0.0000   0.0000   0.0000   -0.102
   147  36.1335   0.0000   8.6050   3.3200   0.4597   0.0000   0.0000   0.0000   0.0000  -0.0000   0.0000   0.0000  -0.0000    0.078
   148  36.2756   0.0000   8.7244   3.2190   0.3218   0.0000  -0.0000   0.0000   0.0000  -0.0000   0.0000   0.0000   0.0000   -0.270
   149  36.3711   0.0000   8.8047   3.1510   0.1903   0.0000   0.0000   0.0000   0.0000  -0.0000   0.0000   0.0000  -0.0000    0.084
   150  36.4192   0.0000   8.8450   3.1169   0.0630   0.0000   0.0000   0.0000   0.0000  -0.0000   0.0000   0.0000  -0.0000    0.171

  Surface # 6     fuselage_horizontal                     
     # Chordwise = 10   # Spanwise = 30     First strip =151
     Surface area Ssurf =  125.374167     Ave. chord Cave =   33.884910

 Forces referred to Sref, Cref, Bref about Xref, Yref, Zref
 Standard axis orientation,  X fwd, Z down         
     CLsurf  =  -0.00572     Clsurf  =   0.00000
     CYsurf  =  -0.00000     Cmsurf  =   0.01890
     CDsurf  =  -0.00072     Cnsurf  =  -0.00000
     CDisurf =  -0.00072     CDvsurf =   0.00000

 Forces referred to Ssurf, Cave 
     CLsurf  =  -0.00691     CDsurf  =  -0.00087

 Strip Forces referred to Strip Area, Chord
    j     Xle      Yle      Zle      Chord    Area     c_cl     ai     cl_norm    cl       cd       cdv    cm_c/4     cm_LE   C.P.x/c
   151   4.5084  -1.7883   0.0000  24.6775   3.0436  -0.0525   0.0527  -0.0036  -0.0022   0.0014   0.0000   0.0024   0.0005    1.349
   152   3.8079  -1.6650   0.0000  27.0934   3.3415  -0.0801   0.0594  -0.0050  -0.0030   0.0014   0.0000   0.0032   0.0007    1.299
   153   3.1073  -1.5417   0.0000  29.5093   3.6395  -0.1010   0.0691  -0.0057  -0.0035   0.0008   0.0000   0.0035   0.0008    1.268
   154   2.5735  -1.4183   0.0000  31.2560   3.8549  -0.1340   0.0633  -0.0070  -0.0043  -0.0006   0.0000   0.0037   0.0015    1.113
   155   2.2064  -1.2950   0.0000  32.3337   3.9878  -0.1620   0.0564  -0.0082  -0.0050  -0.0001   0.0000   0.0041   0.0017    1.060
   156   1.8393  -1.1717   0.0000  33.4114   4.1207  -0.1898   0.0492  -0.0093  -0.0057  -0.0003   0.0000   0.0044   0.0018    1.019
   157   1.5229  -1.0483   0.0000  34.3557   4.2372  -0.2165   0.0452  -0.0080  -0.0063  -0.0006   0.0000   0.0046   0.0026    0.988
   158   1.2572  -0.9250   0.0000  35.1666   4.3372  -0.2419   0.0442  -0.0087  -0.0068  -0.0012   0.0000   0.0048   0.0028    0.960
   159   0.9915  -0.8017   0.0000  35.9775   4.4372  -0.2653   0.0444  -0.0091  -0.0072  -0.0040   0.0000   0.0050   0.0029    0.946
   160   0.7645  -0.6783   0.0000  36.5961   4.5135  -0.3052   0.0452  -0.0117  -0.0081  -0.0053   0.0000   0.0052   0.0040    0.899
   161   0.5764  -0.5550   0.0000  37.0222   4.5661  -0.3259   0.0456  -0.0125  -0.0087  -0.0028   0.0000   0.0054   0.0042    0.870
   162   0.3883  -0.4317   0.0000  37.4484   4.6186  -0.3436   0.0460  -0.0130  -0.0090  -0.0034   0.0000   0.0055   0.0043    0.857
   163   0.2452  -0.3083   0.0000  37.7105   4.6510  -0.3638   0.0461  -0.0129  -0.0095  -0.0025   0.0000   0.0056   0.0063    0.837
   164   0.1471  -0.1850   0.0000  37.8086   4.6631  -0.3717   0.0461  -0.0133  -0.0098  -0.0001   0.0000   0.0057   0.0064    0.825
   165   0.0490  -0.0617   0.0000  37.9067   4.6752  -0.3739   0.0461  -0.0138  -0.0102   0.0058   0.0000   0.0057   0.0064    0.808
   166   0.0490   0.0617   0.0000  37.9067   4.6752  -0.3739   0.0461  -0.0138  -0.0102   0.0058   0.0000   0.0057   0.0064    0.808
   167   0.1471   0.1850   0.0000  37.8086   4.6631  -0.3717   0.0461  -0.0133  -0.0098  -0.0001   0.0000   0.0057   0.0064    0.825
   168   0.2452   0.3083   0.0000  37.7105   4.6510  -0.3638   0.0461  -0.0129  -0.0095  -0.0025   0.0000   0.0056   0.0063    0.837
   169   0.3883   0.4317   0.0000  37.4484   4.6186  -0.3436   0.0460  -0.0130  -0.0090  -0.0034   0.0000   0.0055   0.0043    0.857
   170   0.5764   0.5550   0.0000  37.0222   4.5661  -0.3259   0.0456  -0.0125  -0.0087  -0.0028   0.0000   0.0054   0.0042    0.870
   171   0.7645   0.6783   0.0000  36.5961   4.5135  -0.3052   0.0452  -0.0117  -0.0081  -0.0053   0.0000   0.0052   0.0040    0.899
   172   0.9915   0.8017   0.0000  35.9775   4.4372  -0.2653   0.0444  -0.0091  -0.0072  -0.0040   0.0000   0.0050   0.0029    0.946
   173   1.2571   0.9250   0.0000  35.1666   4.3372  -0.2419   0.0442  -0.0087  -0.0068  -0.0012   0.0000   0.0048   0.0028    0.960
   174   1.5228   1.0483   0.0000  34.3557   4.2372  -0.2165   0.0452  -0.0080  -0.0063  -0.0006   0.0000   0.0046   0.0026    0.988
   175   1.8393   1.1717   0.0000  33.4114   4.1207  -0.1898   0.0492  -0.0093  -0.0057  -0.0003   0.0000   0.0044   0.0018    1.019
   176   2.2064   1.2950   0.0000  32.3337   3.9878  -0.1620   0.0564  -0.0082  -0.0050  -0.0001   0.0000   0.0041   0.0017    1.060
   177   2.5735   1.4183   0.0000  31.2560   3.8549  -0.1340   0.0633  -0.0070  -0.0043  -0.0006   0.0000   0.0037   0.0015    1.113
   178   3.1073   1.5417   0.0000  29.5093   3.6395  -0.1010   0.0691  -0.0057  -0.0035   0.0008   0.0000   0.0035   0.0008    1.268
   179   3.8079   1.6650   0.0000  27.0934   3.3415  -0.0801   0.0594  -0.0050  -0.0030   0.0014   0.0000   0.0032   0.0007    1.299
   180   4.5083   1.7883   0.0000  24.6775   3.0436  -0.0525   0.0527  -0.0036  -0.0022   0.0014   0.0000   0.0024   0.0005    1.349

  Surface # 7     fuselage_vertical                       
     # Chordwise = 10   # Spanwise = 30     First strip =181
     Surface area Ssurf =  124.957954     Ave. chord Cave =   33.772420

 Forces referred to Sref, Cref, Bref about Xref, Yref, Zref
 Standard axis orientation,  X fwd, Z down         
     CLsurf  =  -0.00000     Clsurf  =  -0.00000
     CYsurf  =  -0.00000     Cmsurf  =   0.00000
     CDsurf  =   0.00000     Cnsurf  =   0.00000
     CDisurf =   0.00000     CDvsurf =   0.00000

 Forces referred to Ssurf, Cave 
     CLsurf  =   0.00000     CDsurf  =   0.00000

 Strip Forces referred to Strip Area, Chord
    j     Xle      Yle      Zle      Chord    Area     c_cl     ai     cl_norm    cl       cd       cdv    cm_c/4     cm_LE   C.P.x/c
   181   4.1119   0.0000  -1.7883  24.8339   3.0628   0.0000   0.0000   0.0000   0.0000  -0.0000   0.0000  -0.0000  -0.0000    0.744
   182   2.6186   0.0000  -1.6650  27.5624   3.3994   0.0000   0.0000   0.0000   0.0000  -0.0000   0.0000  -0.0000  -0.0000    1.071
   183   1.1253   0.0000  -1.5417  30.2910   3.7359   0.0000   0.0000   0.0000   0.0000  -0.0000   0.0000  -0.0000  -0.0000  999.000
   184   0.3177   0.0000  -1.4183  31.9720   3.9432   0.0000   0.0000   0.0000   0.0000   0.0000   0.0000  -0.0000  -0.0000    0.766
   185   0.1958   0.0000  -1.2950  32.6055   4.0213   0.0000   0.0000   0.0000   0.0000   0.0000   0.0000  -0.0000  -0.0000    0.719
   186   0.0739   0.0000  -1.1717  33.2390   4.0995   0.0000   0.0000   0.0000   0.0000   0.0000   0.0000  -0.0000  -0.0000    0.674
   187   0.0201   0.0000  -1.0483  33.7449   4.1619   0.0000   0.0000   0.0000   0.0000   0.0000   0.0000  -0.0000  -0.0000    0.588
   188   0.0344   0.0000  -0.9250  34.1231   4.2085   0.0000   0.0000   0.0000   0.0000   0.0000   0.0000  -0.0000  -0.0000    0.567
   189   0.0487   0.0000  -0.8017  34.5015   4.2552   0.0000   0.0000   0.0000   0.0000   0.0000   0.0000  -0.0000  -0.0000    0.588
   190   0.0956   0.0000  -0.6783  34.8164   4.2940   0.0000   0.0000   0.0000   0.0000   0.0000   0.0000  -0.0000  -0.0000    0.864
   191   0.1750   0.0000  -0.5550  35.0679   4.3250  -0.0000   0.0000  -0.0000  -0.0000   0.0000   0.0000   0.0000   0.0000    0.551
   192   0.2545   0.0000  -0.4317  35.3194   4.3561  -0.0000   0.0000  -0.0000  -0.0000   0.0000   0.0000   0.0000   0.0000    0.530
   193   0.3527   0.0000  -0.3083  35.5325   4.3823  -0.0000   0.0000  -0.0000  -0.0000   0.0000   0.0000   0.0000   0.0000    0.445
   194   0.4698   0.0000  -0.1850  35.7070   4.4039  -0.0000   0.0000  -0.0000  -0.0000  -0.0000   0.0000   0.0000   0.0000    0.261
   195   0.5868   0.0000  -0.0617  35.8816   4.4254   0.0000  -0.0000   0.0000   0.0000  -0.0000   0.0000  -0.0000  -0.0000  999.000
   196   0.7206   0.0000   0.0617  36.0254   4.4431   0.0000  -0.0000   0.0000   0.0000   0.0000   0.0000  -0.0000  -0.0000    0.777
   197   0.8712   0.0000   0.1850  36.1384   4.4571   0.0000  -0.0000   0.0000   0.0000   0.0000   0.0000  -0.0000  -0.0000    1.086
   198   1.0218   0.0000   0.3083  36.2515   4.4710   0.0000  -0.0000   0.0000   0.0000   0.0000   0.0000  -0.0000  -0.0000    0.865
   199   1.1902   0.0000   0.4317  36.3067   4.4778   0.0000  -0.0000   0.0000   0.0000  -0.0000   0.0000  -0.0000  -0.0000    0.803
   200   1.3764   0.0000   0.5550  36.3040   4.4775   0.0000  -0.0000   0.0000   0.0000  -0.0000   0.0000  -0.0000  -0.0000    0.786
   201   1.5626   0.0000   0.6783  36.3013   4.4772   0.0000  -0.0000   0.0000   0.0000  -0.0000   0.0000  -0.0000  -0.0000    0.778
   202   1.7707   0.0000   0.8017  36.1850   4.4628   0.0000  -0.0000   0.0000   0.0000  -0.0000   0.0000  -0.0000  -0.0000    0.766
   203   2.0006   0.0000   0.9250  35.9551   4.4345   0.0000  -0.0000   0.0000   0.0000  -0.0000   0.0000  -0.0000  -0.0000    0.755
   204   2.2305   0.0000   1.0483  35.7252   4.4061   0.0000  -0.0000   0.0000   0.0000  -0.0000   0.0000  -0.0000  -0.0000    0.753
   205   2.4937   0.0000   1.1717  35.4619   4.3736   0.0000  -0.0000   0.0000   0.0000  -0.0000   0.0000  -0.0000  -0.0000    0.723
   206   2.7902   0.0000   1.2950  35.1655   4.3371   0.0000  -0.0000   0.0000   0.0000  -0.0000   0.0000  -0.0000  -0.0000    0.683
   207   3.0867   0.0000   1.4183  34.8689   4.3005   0.0000  -0.0000   0.0000   0.0000  -0.0000   0.0000  -0.0000  -0.0000    0.643
   208   3.5056   0.0000   1.5417  32.8455   4.0509   0.0000  -0.0000   0.0000   0.0000   0.0000   0.0000  -0.0000  -0.0000    0.514
   209   4.0468   0.0000   1.6650  29.0952   3.5884   0.0000  -0.0000   0.0000   0.0000   0.0000   0.0000   0.0000  -0.0000    0.156
   210   4.5880   0.0000   1.7883  25.3448   3.1259  -0.0000  -0.0000  -0.0000  -0.0000   0.0000   0.0000   0.0000   0.0000  999.000
 ---------------------------------------------------------------
