
      u         w         q        the        v         p         r        phi        x         y         z        psi    |  slat        flap        aileron     elevator    
   0.2442E-03  0.5557E-01  -11.61      -9.810      0.3679E-17  0.9805E-16  0.1037E-16   0.000       0.000      -0.000       0.000       0.000        -0.3682E-03  0.1837E-01 -0.5423E-17  0.2858E-02
  -0.5234E-01 -0.6341       223.3      -0.000     -0.2680E-16  0.7960E-15 -0.5589E-16  -0.000       0.000      -0.000       0.000       0.000         0.1561E-01 -0.7320      0.5022E-17 -0.2614    
   0.7692E-03 -0.1542E-01  -1.157       0.000     -0.4266E-02 -0.2277      0.6153E-01   0.000      -0.000       0.000      -0.000       0.000        -0.1977E-02  0.7311E-02  0.1043E-01 -0.1253    
   -0.000      -0.000       1.000       0.000       0.000      -0.000      -0.000      0.3511E-33  -0.000       0.000      -0.000       0.000          0.000       0.000       0.000       0.000    
  -0.2081E-17 -0.4413E-16  0.6841E-15  -0.000     -0.8705E-01   11.29      -225.9       9.810      -0.000       0.000      -0.000      -0.000         0.1110E-16  0.1468E-17  0.8166E-02  0.7802E-16
   0.1451E-03 -0.2909E-02 -0.2182      -0.000     -0.9339      -49.63       13.53      -0.000       0.000      -0.000       0.000      -0.000        -0.3731E-03  0.1379E-02   2.274     -0.2365E-01
   0.1878E-05 -0.3764E-04 -0.2824E-02  -0.000      0.1389E-01 -0.5110     -0.5422      -0.000       0.000      -0.000       0.000      -0.000        -0.4828E-05  0.1785E-04  0.2038E-01 -0.3060E-03
   -0.000      -0.000       0.000     -0.3511E-33   0.000       1.000       0.000       0.000      -0.000       0.000      -0.000       0.000          0.000       0.000       0.000       0.000    
    1.000       0.000      -0.000       11.47      -0.000       0.000       0.000       0.000       0.000      -0.000       0.000       0.000         -0.000      -0.000      -0.000      -0.000    
    0.000      -0.000       0.000      -0.000       1.000      -0.000      -0.000      -11.47      -0.000       0.000      -0.000       229.9          0.000       0.000       0.000       0.000    
   -0.000       1.000      -0.000      -229.9       0.000       0.000       0.000       0.000       0.000      -0.000       0.000       0.000         -0.000      -0.000      -0.000      -0.000    
   -0.000      -0.000       0.000       0.000       0.000      -0.000       1.000      0.1188E-32  -0.000       0.000      -0.000       0.000          0.000       0.000       0.000       0.000    
