 ---------------------------------------------------------------
 Surface and Strip Forces by surface

  Sref =  114.28       Cref =  3.9000       Bref =  35.408    
  Xref =  18.175       Yref =  0.0000       Zref =-0.93235    

  Surface # 1     main_wing                               
     # Chordwise = 10   # Spanwise = 20     First strip =  1
     Surface area Ssurf =   57.406339     Ave. chord Cave =    3.226606

 Forces referred to Sref, Cref, Bref about Xref, Yref, Zref
 Standard axis orientation,  X fwd, Z down         
     CLsurf  =   0.60244     Clsurf  =  -0.12034
     CYsurf  =  -0.00216     Cmsurf  =  -0.26274
     CDsurf  =   0.02281     Cnsurf  =  -0.02311
     CDisurf =   0.02281     CDvsurf =   0.00000

 Forces referred to Ssurf, Cave 
     CLsurf  =   1.19552     CDsurf  =   0.04542

 Strip Forces referred to Strip Area, Chord
    j     Xle      Yle      Zle      Chord    Area     c_cl     ai     cl_norm    cl       cd       cdv    cm_c/4     cm_LE   C.P.x/c
     1  15.6425   0.0298  -0.9323   5.8533   0.6958   5.7594   0.1125   0.9818   0.9818   0.1133   0.0000  -0.0486  -0.2946    0.299
     2  15.6425   0.2668  -0.9323   5.8533   2.0703   5.7518   0.1121   0.9807   0.9807   0.1123   0.0000  -0.0486  -0.2943    0.300
     3  15.6425   0.7350  -0.9323   5.8533   3.3938   5.6976   0.1044   0.9710   0.9710   0.1133   0.0000  -0.0479  -0.2912    0.299
     4  15.6425   1.4228  -0.9323   5.8533   4.6337   5.5763   0.0835   0.9487   0.9487   0.1187   0.0000  -0.0456  -0.2838    0.298
     5  15.8704   2.2168  -0.8931   5.6422   4.4344   5.3017   0.0628   1.1587   0.9403   0.0960   0.0000  -0.0415  -0.2362    0.294
     6  16.3905   3.0679  -0.8037   5.1603   4.7486   5.1514   0.0550   1.2396   1.0059   0.0694   0.0000  -0.0313  -0.2400    0.281
     7  17.0597   4.1628  -0.6886   4.5403   5.8190   4.9429   0.0577   1.3576   1.1017   0.0537   0.0000  -0.0291  -0.2575    0.276
     8  17.8739   5.4947  -0.5487   3.7862   5.2579   4.6342   0.0653   1.5322   1.2434   0.0380   0.0000  -0.0307  -0.2877    0.275
     9  18.6203   6.8102  -0.4104   3.2705   4.0749   4.3151   0.0629   1.6554   1.3444   0.0212   0.0000  -0.0257  -0.3161    0.269
    10  19.2714   8.0689  -0.2781   3.0279   3.8678   4.0522   0.0617   1.6808   1.3650   0.0154   0.0000  -0.0237  -0.3186    0.267
    11  19.9307   9.3432  -0.1442   2.7823   3.5541   3.7845   0.0572   1.7099   1.3886   0.0095   0.0000  -0.0231  -0.3229    0.267
    12  20.5818  10.6018  -0.0119   2.5396   3.1643   3.5088   0.0534   1.7383   1.4117   0.0040   0.0000  -0.0227  -0.3273    0.266
    13  21.2088  11.8138   0.1155   2.3060   2.7299   3.2271   0.0511   1.7621   1.4310  -0.0012   0.0000  -0.0221  -0.3308    0.265
    14  21.8404  13.0346   0.2439   2.0707   2.6095   2.9300   0.0505   1.7827   1.4478  -0.0053   0.0000  -0.0219  -0.3340    0.265
    15  22.4556  14.2238   0.3688   1.8415   2.0696   2.6198   0.0543   1.7936   1.4566  -0.0099   0.0000  -0.0202  -0.3342    0.264
    16  22.9933  15.2632   0.4781   1.6411   1.5753   2.3094   0.0656   1.7750   1.4415  -0.0130   0.0000  -0.0160  -0.3271    0.261
    17  23.4403  16.1272   0.5689   1.4746   1.1388   1.9849   0.0883   1.6984   1.3793  -0.0147   0.0000  -0.0063  -0.3049    0.255
    18  23.7855  16.7945   0.6390   1.3460   0.7613   1.6114   0.1221   1.5115   1.2275  -0.0163   0.0000   0.0131  -0.2545    0.239
    19  24.0648  17.3344   0.6958   1.2419   0.6123   1.1176   0.1589   1.1365   0.9230  -0.0140   0.0000   0.0373  -0.1669    0.210
    20  24.2348  17.6629   0.7303   1.1786   0.1953   0.3966   0.1837   0.4272   0.3469  -0.0133   0.0000   0.0313  -0.0470    0.160

  Surface # 2     main_wing (YDUP)                        
     # Chordwise = 10   # Spanwise = 20     First strip = 21
     Surface area Ssurf =   57.406339     Ave. chord Cave =    3.226606

 Forces referred to Sref, Cref, Bref about Xref, Yref, Zref
 Standard axis orientation,  X fwd, Z down         
     CLsurf  =   0.60244     Clsurf  =   0.12034
     CYsurf  =   0.00216     Cmsurf  =  -0.26274
     CDsurf  =   0.02281     Cnsurf  =   0.02311
     CDisurf =   0.02281     CDvsurf =   0.00000

 Forces referred to Ssurf, Cave 
     CLsurf  =   1.19552     CDsurf  =   0.04542

 Strip Forces referred to Strip Area, Chord
    j     Xle      Yle      Zle      Chord    Area     c_cl     ai     cl_norm    cl       cd       cdv    cm_c/4     cm_LE   C.P.x/c
    21  15.6425  -0.0298  -0.9323   5.8533   0.6958   5.7594   0.1125   0.9818   0.9818   0.1133   0.0000  -0.0486   0.2946    0.299
    22  15.6425  -0.2668  -0.9323   5.8533   2.0703   5.7518   0.1121   0.9807   0.9807   0.1123   0.0000  -0.0486   0.2943    0.300
    23  15.6425  -0.7350  -0.9323   5.8533   3.3938   5.6976   0.1044   0.9710   0.9710   0.1133   0.0000  -0.0479   0.2912    0.299
    24  15.6425  -1.4228  -0.9323   5.8533   4.6337   5.5763   0.0835   0.9487   0.9487   0.1187   0.0000  -0.0456   0.2838    0.298
    25  15.8704  -2.2168  -0.8931   5.6422   4.4344   5.3017   0.0628   1.1587   0.9403   0.0960   0.0000  -0.0415   0.2362    0.294
    26  16.3905  -3.0679  -0.8037   5.1603   4.7486   5.1514   0.0550   1.2396   1.0059   0.0694   0.0000  -0.0313   0.2400    0.281
    27  17.0597  -4.1628  -0.6886   4.5403   5.8190   4.9429   0.0577   1.3576   1.1017   0.0537   0.0000  -0.0291   0.2575    0.276
    28  17.8739  -5.4947  -0.5487   3.7862   5.2579   4.6342   0.0653   1.5322   1.2434   0.0380   0.0000  -0.0307   0.2877    0.275
    29  18.6203  -6.8102  -0.4104   3.2705   4.0749   4.3151   0.0629   1.6554   1.3444   0.0212   0.0000  -0.0257   0.3161    0.269
    30  19.2714  -8.0689  -0.2781   3.0279   3.8678   4.0522   0.0617   1.6808   1.3650   0.0154   0.0000  -0.0237   0.3186    0.267
    31  19.9307  -9.3432  -0.1442   2.7823   3.5541   3.7845   0.0572   1.7099   1.3886   0.0095   0.0000  -0.0231   0.3229    0.267
    32  20.5818 -10.6018  -0.0119   2.5396   3.1643   3.5088   0.0534   1.7383   1.4117   0.0040   0.0000  -0.0227   0.3273    0.266
    33  21.2088 -11.8138   0.1155   2.3060   2.7299   3.2271   0.0511   1.7621   1.4310  -0.0012   0.0000  -0.0221   0.3308    0.265
    34  21.8404 -13.0346   0.2439   2.0707   2.6095   2.9300   0.0505   1.7827   1.4478  -0.0053   0.0000  -0.0219   0.3340    0.265
    35  22.4556 -14.2238   0.3688   1.8415   2.0696   2.6198   0.0543   1.7936   1.4566  -0.0099   0.0000  -0.0202   0.3342    0.264
    36  22.9933 -15.2632   0.4781   1.6411   1.5753   2.3094   0.0656   1.7750   1.4415  -0.0130   0.0000  -0.0160   0.3271    0.261
    37  23.4403 -16.1272   0.5689   1.4746   1.1388   1.9849   0.0883   1.6984   1.3793  -0.0147   0.0000  -0.0063   0.3049    0.255
    38  23.7855 -16.7945   0.6390   1.3460   0.7613   1.6114   0.1221   1.5115   1.2275  -0.0163   0.0000   0.0131   0.2545    0.239
    39  24.0648 -17.3344   0.6958   1.2419   0.6123   1.1176   0.1589   1.1365   0.9230  -0.0140   0.0000   0.0373   0.1669    0.210
    40  24.2348 -17.6629   0.7303   1.1786   0.1953   0.3966   0.1837   0.4272   0.3469  -0.0133   0.0000   0.0313   0.0470    0.160

  Surface # 3     horizontal_stabilizer                   
     # Chordwise = 10   # Spanwise = 20     First strip = 41
     Surface area Ssurf =   16.275349     Ave. chord Cave =    2.806191

 Forces referred to Sref, Cref, Bref about Xref, Yref, Zref
 Standard axis orientation,  X fwd, Z down         
     CLsurf  =  -0.03985     Clsurf  =   0.00271
     CYsurf  =  -0.00219     Cmsurf  =   0.19072
     CDsurf  =  -0.00250     Cnsurf  =   0.00157
     CDisurf =  -0.00250     CDvsurf =   0.00000

 Forces referred to Ssurf, Cave 
     CLsurf  =  -0.27980     CDsurf  =  -0.01755

 Strip Forces referred to Strip Area, Chord
    j     Xle      Yle      Zle      Chord    Area     c_cl     ai     cl_norm    cl       cd       cdv    cm_c/4     cm_LE   C.P.x/c
    41  32.2619   0.0084   1.0597   3.9461   0.1328  -0.3229   0.3525  -0.1276  -0.0925   0.0419   0.0000   0.0885   0.0879    1.207
    42  32.3111   0.0755   1.0597   3.9196   0.3924  -0.3284   0.3429  -0.1133  -0.0821  -0.0167   0.0000   0.0899   0.0894    1.345
    43  32.4083   0.2081   1.0597   3.8674   0.6348  -0.3606   0.3358  -0.1252  -0.0907  -0.0217   0.0000   0.0946   0.0951    1.293
    44  32.5511   0.4028   1.0597   3.7906   0.8495  -0.4648   0.3321  -0.1648  -0.1195  -0.0277   0.0000   0.1079   0.1117    1.153
    45  32.7446   0.6666   1.0597   3.6866   1.1177  -0.8222   0.0036  -0.3138  -0.2274  -0.0025   0.0000   0.1535   0.1687    0.925
    46  32.9867   0.9967   1.0597   3.5564   1.2625  -0.9973   0.0049  -0.3927  -0.2846  -0.0099   0.0000   0.1754   0.1979    0.866
    47  33.2637   1.3744   1.0597   3.4075   1.3564  -1.1007   0.0070  -0.4510  -0.3268  -0.0157   0.0000   0.1887   0.2172    0.827
    48  33.5689   1.7904   1.0597   3.2436   1.3990  -1.1483   0.0092  -0.4934  -0.3576  -0.0203   0.0000   0.1970   0.2302    0.801
    49  33.8945   2.2344   1.0597   3.0685   1.3929  -1.1449   0.0107  -0.5195  -0.3764  -0.0233   0.0000   0.2024   0.2384    0.788
    50  34.2327   2.6955   1.0597   2.8867   1.3435  -1.0927   0.0113  -0.5268  -0.3817  -0.0244   0.0000   0.2062   0.2426    0.790
    51  34.5752   3.1623   1.0597   2.7027   1.2578  -0.9978   0.0104  -0.5138  -0.3724  -0.0236   0.0000   0.2089   0.2429    0.811
    52  34.9134   3.6234   1.0597   2.5209   1.1444  -0.8769   0.0075  -0.4844  -0.3510  -0.0215   0.0000   0.2104   0.2398    0.849
    53  35.2390   4.0674   1.0597   2.3458   1.0118  -0.7513   0.0018  -0.4462  -0.3233  -0.0190   0.0000   0.2099   0.2338    0.899
    54  35.5442   4.4834   1.0597   2.1819   0.8685  -0.6336  -0.0089  -0.4047  -0.2933  -0.0168   0.0000   0.2058   0.2245    0.952
    55  35.8212   4.8611   1.0597   2.0330   0.7217  -0.5184  -0.0275  -0.3554  -0.2575  -0.0148   0.0000   0.1947   0.2084    1.006
    56  36.0633   5.1912   1.0597   1.9028   0.5769  -0.3719  -0.0545  -0.2720  -0.1971  -0.0127   0.0000   0.1667   0.1738    1.096
    57  36.2471   5.4418   1.0597   1.8040   0.3594  -0.0614   0.2494  -0.0418  -0.0303  -0.0212   0.0000   0.0844   0.0749  999.000
    58  36.3741   5.6149   1.0597   1.7358   0.2532   0.0167   0.2361   0.0166   0.0120  -0.0103   0.0000   0.0535   0.0412  999.000
    59  36.4605   5.7327   1.0597   1.6894   0.1504   0.0287   0.2287   0.0257   0.0186  -0.0058   0.0000   0.0318   0.0222  999.000
    60  36.5042   5.7923   1.0597   1.6659   0.0498   0.0123   0.2252   0.0114   0.0083  -0.0034   0.0000   0.0108   0.0072  999.000

  Surface # 4     horizontal_stabilizer (YDUP)            
     # Chordwise = 10   # Spanwise = 20     First strip = 61
     Surface area Ssurf =   16.275349     Ave. chord Cave =    2.806191

 Forces referred to Sref, Cref, Bref about Xref, Yref, Zref
 Standard axis orientation,  X fwd, Z down         
     CLsurf  =  -0.03985     Clsurf  =  -0.00271
     CYsurf  =   0.00219     Cmsurf  =   0.19072
     CDsurf  =  -0.00250     Cnsurf  =  -0.00157
     CDisurf =  -0.00250     CDvsurf =   0.00000

 Forces referred to Ssurf, Cave 
     CLsurf  =  -0.27980     CDsurf  =  -0.01755

 Strip Forces referred to Strip Area, Chord
    j     Xle      Yle      Zle      Chord    Area     c_cl     ai     cl_norm    cl       cd       cdv    cm_c/4     cm_LE   C.P.x/c
    61  32.2619  -0.0084   1.0597   3.9461   0.1328  -0.3229   0.3525  -0.1276  -0.0925   0.0419   0.0000   0.0885  -0.0879    1.207
    62  32.3111  -0.0755   1.0597   3.9196   0.3924  -0.3284   0.3429  -0.1133  -0.0821  -0.0167   0.0000   0.0899  -0.0894    1.345
    63  32.4083  -0.2081   1.0597   3.8674   0.6348  -0.3606   0.3358  -0.1252  -0.0907  -0.0217   0.0000   0.0946  -0.0951    1.293
    64  32.5511  -0.4028   1.0597   3.7906   0.8495  -0.4648   0.3321  -0.1648  -0.1195  -0.0277   0.0000   0.1079  -0.1117    1.153
    65  32.7446  -0.6666   1.0597   3.6866   1.1177  -0.8222   0.0036  -0.3138  -0.2274  -0.0025   0.0000   0.1535  -0.1687    0.925
    66  32.9867  -0.9967   1.0597   3.5564   1.2625  -0.9973   0.0049  -0.3927  -0.2846  -0.0099   0.0000   0.1754  -0.1979    0.866
    67  33.2637  -1.3744   1.0597   3.4075   1.3564  -1.1007   0.0070  -0.4510  -0.3268  -0.0157   0.0000   0.1887  -0.2172    0.827
    68  33.5689  -1.7904   1.0597   3.2436   1.3990  -1.1483   0.0092  -0.4934  -0.3576  -0.0203   0.0000   0.1970  -0.2302    0.801
    69  33.8945  -2.2344   1.0597   3.0685   1.3929  -1.1449   0.0107  -0.5195  -0.3764  -0.0233   0.0000   0.2024  -0.2384    0.788
    70  34.2327  -2.6955   1.0597   2.8867   1.3435  -1.0927   0.0113  -0.5268  -0.3817  -0.0244   0.0000   0.2062  -0.2426    0.790
    71  34.5752  -3.1623   1.0597   2.7027   1.2578  -0.9978   0.0104  -0.5138  -0.3724  -0.0236   0.0000   0.2089  -0.2429    0.811
    72  34.9134  -3.6234   1.0597   2.5209   1.1444  -0.8769   0.0075  -0.4844  -0.3510  -0.0215   0.0000   0.2104  -0.2398    0.849
    73  35.2390  -4.0674   1.0597   2.3458   1.0118  -0.7513   0.0018  -0.4462  -0.3233  -0.0190   0.0000   0.2099  -0.2338    0.899
    74  35.5442  -4.4834   1.0597   2.1819   0.8685  -0.6336  -0.0089  -0.4047  -0.2933  -0.0168   0.0000   0.2058  -0.2245    0.952
    75  35.8212  -4.8611   1.0597   2.0330   0.7217  -0.5184  -0.0275  -0.3554  -0.2575  -0.0148   0.0000   0.1947  -0.2084    1.006
    76  36.0633  -5.1912   1.0597   1.9028   0.5769  -0.3719  -0.0545  -0.2720  -0.1971  -0.0127   0.0000   0.1667  -0.1738    1.096
    77  36.2471  -5.4418   1.0597   1.8040   0.3594  -0.0614   0.2494  -0.0418  -0.0303  -0.0212   0.0000   0.0844  -0.0749  999.000
    78  36.3741  -5.6149   1.0597   1.7358   0.2532   0.0167   0.2361   0.0166   0.0120  -0.0103   0.0000   0.0535  -0.0412  999.000
    79  36.4605  -5.7327   1.0597   1.6894   0.1504   0.0287   0.2287   0.0257   0.0186  -0.0058   0.0000   0.0318  -0.0222  999.000
    80  36.5042  -5.7923   1.0597   1.6659   0.0498   0.0123   0.2252   0.0114   0.0083  -0.0034   0.0000   0.0108  -0.0072  999.000

  Surface # 5     vertical_stabilizer                     
     # Chordwise = 10   # Spanwise = 20     First strip = 81
     Surface area Ssurf =   27.042708     Ave. chord Cave =    4.720731

 Forces referred to Sref, Cref, Bref about Xref, Yref, Zref
 Standard axis orientation,  X fwd, Z down         
     CLsurf  =  -0.00000     Clsurf  =  -0.00000
     CYsurf  =  -0.00000     Cmsurf  =   0.00000
     CDsurf  =   0.00000     Cnsurf  =   0.00000
     CDisurf =   0.00000     CDvsurf =   0.00000

 Forces referred to Ssurf, Cave 
     CLsurf  =   0.00000     CDsurf  =   0.00000

 Strip Forces referred to Strip Area, Chord
    j     Xle      Yle      Zle      Chord    Area     c_cl     ai     cl_norm    cl       cd       cdv    cm_c/4     cm_LE   C.P.x/c
    81  34.1026   0.0000   1.0901   7.1191   0.5459   0.0000   0.0000   0.0000   0.0000   0.0000   0.0000  -0.0000  -0.0000    0.354
    82  34.2314   0.0000   1.1983   7.0276   0.9775   0.0000  -0.0000   0.0000   0.0000   0.0000   0.0000  -0.0000  -0.0000    0.278
    83  34.4331   0.0000   1.3677   6.8842   1.3694   0.0000  -0.0000   0.0000   0.0000  -0.0000   0.0000   0.0000  -0.0000    0.167
    84  34.7038   0.0000   1.5951   6.6918   1.7040   0.0000   0.0000   0.0000   0.0000   0.0000   0.0000   0.0000  -0.0000    0.208
    85  35.0377   0.0000   1.8756   6.4544   1.9680   0.0000  -0.0000   0.0000   0.0000  -0.0000   0.0000   0.0000   0.0000   -0.022
    86  35.4277   0.0000   2.2032   6.1771   2.1523   0.0000   0.0000   0.0000   0.0000  -0.0000   0.0000  -0.0000  -0.0000    0.275
    87  35.8650   0.0000   2.5705   5.8662   2.2535   0.0000   0.0000   0.0000   0.0000  -0.0000   0.0000  -0.0000  -0.0000    0.278
    88  36.3398   0.0000   2.9693   5.5287   2.2729   0.0000  -0.0000   0.0000   0.0000   0.0000   0.0000   0.0000   0.0000   -0.141
    89  36.8411   0.0000   3.3904   5.1723   2.2171   0.0000   0.0000   0.0000   0.0000  -0.0000   0.0000   0.0000   0.0000   -0.093
    90  37.3575   0.0000   3.8241   4.8052   2.0965   0.0000  -0.0000   0.0000   0.0000   0.0000   0.0000   0.0000  -0.0000    0.006
    91  37.8769   0.0000   4.2604   4.4360   1.9243   0.0000   0.0000   0.0000   0.0000  -0.0000   0.0000   0.0000  -0.0000    0.129
    92  38.3873   0.0000   4.6892   4.0731   1.7155   0.0000  -0.0000   0.0000   0.0000   0.0000   0.0000   0.0000  -0.0000    0.237
    93  38.8768   0.0000   5.1003   3.7251   1.4852   0.0000   0.0000   0.0000   0.0000  -0.0000   0.0000  -0.0000  -0.0000    0.396
    94  39.3338   0.0000   5.4842   3.4002   1.2475   0.0000  -0.0000   0.0000   0.0000   0.0000   0.0000  -0.0000  -0.0000    0.323
    95  39.7477   0.0000   5.8319   3.1059   1.0138   0.0000   0.0000   0.0000   0.0000   0.0000   0.0000  -0.0000  -0.0000    0.418
    96  40.1088   0.0000   6.1352   2.8493   0.7929   0.0000  -0.0000   0.0000   0.0000   0.0000   0.0000   0.0000  -0.0000    0.178
    97  40.4084   0.0000   6.3868   2.6363   0.5894   0.0000   0.0000   0.0000   0.0000  -0.0000   0.0000  -0.0000  -0.0000    0.306
    98  40.6395   0.0000   6.5810   2.4720   0.4044   0.0000   0.0000   0.0000   0.0000  -0.0000   0.0000  -0.0000  -0.0000    0.386
    99  40.7967   0.0000   6.7130   2.3602   0.2354   0.0000   0.0000   0.0000   0.0000   0.0000   0.0000  -0.0000  -0.0000    0.379
   100  40.8762   0.0000   6.7798   2.3037   0.0772   0.0000  -0.0000   0.0000   0.0000  -0.0000   0.0000  -0.0000  -0.0000    0.260

  Surface # 6     fuselage_horizontal                     
     # Chordwise = 10   # Spanwise = 10     First strip =101
     Surface area Ssurf =  127.532895     Ave. chord Cave =   34.468350

 Forces referred to Sref, Cref, Bref about Xref, Yref, Zref
 Standard axis orientation,  X fwd, Z down         
     CLsurf  =  -0.00147     Clsurf  =  -0.00000
     CYsurf  =   0.00000     Cmsurf  =   0.14403
     CDsurf  =  -0.00157     Cnsurf  =  -0.00000
     CDisurf =  -0.00157     CDvsurf =   0.00000

 Forces referred to Ssurf, Cave 
     CLsurf  =  -0.00132     CDsurf  =  -0.00141

 Strip Forces referred to Strip Area, Chord
    j     Xle      Yle      Zle      Chord    Area     c_cl     ai     cl_norm    cl       cd       cdv    cm_c/4     cm_LE   C.P.x/c
   101   3.4011  -1.6650   0.0000  27.8154  10.2917   0.1521   0.1224   0.0281   0.0064  -0.0040   0.0000   0.0128   0.0014  999.000
   102   1.4576  -1.2950   0.0000  33.6099  12.4357   0.0876   0.1004   0.0044   0.0031  -0.0019   0.0000   0.0140   0.0048  999.000
   103   0.6886  -0.9250   0.0000  35.9024  13.2839   0.0009   0.1960   0.0004   0.0004  -0.0016   0.0000   0.0149   0.0082  999.000
   104   0.2519  -0.5550   0.0000  37.2046  13.7657  -0.1674   0.2180  -0.0047  -0.0045  -0.0006   0.0000   0.0155   0.0128  999.000
   105   0.0491  -0.1850   0.0000  37.8093  13.9895  -0.3464   0.2181  -0.0095  -0.0094   0.0003   0.0000   0.0161   0.0178    1.954
   106   0.0491   0.1850   0.0000  37.8093  13.9895  -0.3464   0.2181  -0.0095  -0.0094   0.0003   0.0000   0.0161   0.0178    1.954
   107   0.2519   0.5550   0.0000  37.2047  13.7657  -0.1674   0.2180  -0.0047  -0.0045  -0.0006   0.0000   0.0155   0.0128  999.000
   108   0.6886   0.9250   0.0000  35.9024  13.2839   0.0009   0.1960   0.0004   0.0004  -0.0016   0.0000   0.0149   0.0082  999.000
   109   1.4576   1.2950   0.0000  33.6099  12.4357   0.0876   0.1004   0.0044   0.0031  -0.0019   0.0000   0.0140   0.0048  999.000
   110   3.4011   1.6650   0.0000  27.8154  10.2917   0.1521   0.1224   0.0281   0.0064  -0.0040   0.0000   0.0128   0.0014  999.000

  Surface # 7     fuselage_vertical                       
     # Chordwise = 10   # Spanwise = 10     First strip =111
     Surface area Ssurf =  127.532895     Ave. chord Cave =   34.468350

 Forces referred to Sref, Cref, Bref about Xref, Yref, Zref
 Standard axis orientation,  X fwd, Z down         
     CLsurf  =  -0.00000     Clsurf  =   0.00000
     CYsurf  =   0.00000     Cmsurf  =  -0.00000
     CDsurf  =   0.00000     Cnsurf  =  -0.00000
     CDisurf =   0.00000     CDvsurf =   0.00000

 Forces referred to Ssurf, Cave 
     CLsurf  =  -0.00000     CDsurf  =   0.00000

 Strip Forces referred to Strip Area, Chord
    j     Xle      Yle      Zle      Chord    Area     c_cl     ai     cl_norm    cl       cd       cdv    cm_c/4     cm_LE   C.P.x/c
   111   3.4011   0.0000  -1.6650  27.8154  10.2917  -0.0000   0.0000  -0.0000  -0.0000   0.0000   0.0000  -0.0000  -0.0000  999.000
   112   1.4576   0.0000  -1.2950  33.6099  12.4357  -0.0000   0.0000  -0.0000  -0.0000   0.0000   0.0000   0.0000   0.0000    0.614
   113   0.6886   0.0000  -0.9250  35.9024  13.2839  -0.0000   0.0000  -0.0000  -0.0000  -0.0000   0.0000   0.0000   0.0000    0.835
   114   0.2519   0.0000  -0.5550  37.2046  13.7657  -0.0000   0.0000  -0.0000  -0.0000  -0.0000   0.0000   0.0000   0.0000    1.405
   115   0.0491   0.0000  -0.1850  37.8093  13.9895  -0.0000   0.0000  -0.0000  -0.0000   0.0000   0.0000   0.0000   0.0000    1.529
   116   0.0491   0.0000   0.1850  37.8093  13.9895  -0.0000   0.0000  -0.0000  -0.0000   0.0000   0.0000   0.0000   0.0000    1.112
   117   0.2519   0.0000   0.5550  37.2047  13.7657  -0.0000  -0.0000  -0.0000  -0.0000   0.0000   0.0000   0.0000   0.0000    1.080
   118   0.6886   0.0000   0.9250  35.9024  13.2839   0.0000   0.0000   0.0000   0.0000  -0.0000   0.0000  -0.0000  -0.0000    1.067
   119   1.4576   0.0000   1.2950  33.6099  12.4357   0.0000  -0.0000   0.0000   0.0000   0.0000   0.0000  -0.0000  -0.0000  999.000
   120   3.4011   0.0000   1.6650  27.8154  10.2917   0.0000  -0.0000   0.0000   0.0000   0.0000   0.0000  -0.0000  -0.0000    0.559
 ---------------------------------------------------------------
