 ---------------------------------------------------------------
 Surface and Strip Forces by surface

  Sref =  114.28       Cref =  3.9000       Bref =  35.408    
  Xref =  18.175       Yref =  0.0000       Zref =-0.93235    

  Surface # 1     main_wing                               
     # Chordwise = 10   # Spanwise = 20     First strip =  1
     Surface area Ssurf =   57.406339     Ave. chord Cave =    3.226606

 Forces referred to Sref, Cref, Bref about Xref, Yref, Zref
 Standard axis orientation,  X fwd, Z down         
     CLsurf  =   0.36475     Clsurf  =  -0.07463
     CYsurf  =  -0.01808     Cmsurf  =  -0.16430
     CDsurf  =   0.00809     Cnsurf  =  -0.00565
     CDisurf =   0.00809     CDvsurf =   0.00000

 Forces referred to Ssurf, Cave 
     CLsurf  =   0.72657     CDsurf  =   0.01611

 Strip Forces referred to Strip Area, Chord
    j     Xle      Yle      Zle      Chord    Area     c_cl     ai     cl_norm    cl       cd       cdv    cm_c/4     cm_LE   C.P.x/c
     1  15.6425   0.0298  -0.9323   5.8533   0.6958   3.5074   0.0620   0.5983   0.5983   0.0390   0.0000  -0.0398  -0.1896    0.316
     2  15.6425   0.2668  -0.9323   5.8533   2.0703   3.5025   0.0621   0.5975   0.5975   0.0383   0.0000  -0.0399  -0.1894    0.317
     3  15.6425   0.7350  -0.9323   5.8533   3.3938   3.4647   0.0574   0.5910   0.5910   0.0384   0.0000  -0.0397  -0.1877    0.317
     4  15.6425   1.4228  -0.9323   5.8533   4.6337   3.3734   0.0443   0.5752   0.5752   0.0405   0.0000  -0.0393  -0.1833    0.318
     5  15.8704   2.2168  -0.8931   5.6422   4.4344   3.2316   0.0313   0.7029   0.5723   0.0336   0.0000  -0.0375  -0.1544    0.315
     6  16.3905   3.0679  -0.8037   5.1603   4.7486   3.1145   0.0256   0.7420   0.6041   0.0246   0.0000  -0.0327  -0.1569    0.304
     7  17.0597   4.1628  -0.6886   4.5403   5.8190   2.9868   0.0286   0.8096   0.6592   0.0195   0.0000  -0.0325  -0.1683    0.299
     8  17.8739   5.4947  -0.5487   3.7862   5.2579   2.8197   0.0378   0.9174   0.7469   0.0153   0.0000  -0.0339  -0.1881    0.295
     9  18.6203   6.8102  -0.4104   3.2705   4.0749   2.6453   0.0403   0.9964   0.8119   0.0101   0.0000  -0.0303  -0.2068    0.287
    10  19.2714   8.0689  -0.2781   3.0279   3.8678   2.4997   0.0402   1.0174   0.8290   0.0072   0.0000  -0.0282  -0.2086    0.284
    11  19.9307   9.3432  -0.1442   2.7823   3.5541   2.3478   0.0375   1.0403   0.8476   0.0045   0.0000  -0.0274  -0.2119    0.282
    12  20.5818  10.6018  -0.0119   2.5396   3.1643   2.1878   0.0352   1.0623   0.8656   0.0020   0.0000  -0.0269  -0.2154    0.281
    13  21.2088  11.8138   0.1155   2.3060   2.7299   2.0214   0.0338   1.0812   0.8810  -0.0003   0.0000  -0.0263  -0.2183    0.280
    14  21.8404  13.0346   0.2439   2.0707   2.6095   1.8430   0.0336   1.0981   0.8947  -0.0023   0.0000  -0.0260  -0.2209    0.279
    15  22.4556  14.2238   0.3688   1.8415   2.0696   1.6533   0.0362   1.1079   0.9028  -0.0045   0.0000  -0.0244  -0.2213    0.277
    16  22.9933  15.2632   0.4781   1.6411   1.5753   1.4594   0.0434   1.0976   0.8944  -0.0064   0.0000  -0.0208  -0.2162    0.273
    17  23.4403  16.1272   0.5689   1.4746   1.1388   1.2516   0.0568   1.0479   0.8538  -0.0081   0.0000  -0.0128  -0.2000    0.265
    18  23.7855  16.7945   0.6390   1.3460   0.7613   1.0089   0.0750   0.9257   0.7543  -0.0099   0.0000   0.0022  -0.1647    0.247
    19  24.0648  17.3344   0.6958   1.2419   0.6123   0.6920   0.0930   0.6884   0.5609  -0.0097   0.0000   0.0191  -0.1069    0.216
    20  24.2348  17.6629   0.7303   1.1786   0.1953   0.2436   0.1044   0.2558   0.2084  -0.0074   0.0000   0.0165  -0.0313    0.171

  Surface # 2     main_wing (YDUP)                        
     # Chordwise = 10   # Spanwise = 20     First strip = 21
     Surface area Ssurf =   57.406339     Ave. chord Cave =    3.226606

 Forces referred to Sref, Cref, Bref about Xref, Yref, Zref
 Standard axis orientation,  X fwd, Z down         
     CLsurf  =   0.36475     Clsurf  =   0.07463
     CYsurf  =   0.01808     Cmsurf  =  -0.16430
     CDsurf  =   0.00809     Cnsurf  =   0.00565
     CDisurf =   0.00809     CDvsurf =   0.00000

 Forces referred to Ssurf, Cave 
     CLsurf  =   0.72657     CDsurf  =   0.01611

 Strip Forces referred to Strip Area, Chord
    j     Xle      Yle      Zle      Chord    Area     c_cl     ai     cl_norm    cl       cd       cdv    cm_c/4     cm_LE   C.P.x/c
    21  15.6425  -0.0298  -0.9323   5.8533   0.6958   3.5074   0.0620   0.5983   0.5983   0.0390   0.0000  -0.0398   0.1896    0.316
    22  15.6425  -0.2668  -0.9323   5.8533   2.0703   3.5025   0.0621   0.5975   0.5975   0.0383   0.0000  -0.0399   0.1894    0.317
    23  15.6425  -0.7350  -0.9323   5.8533   3.3938   3.4647   0.0574   0.5910   0.5910   0.0384   0.0000  -0.0397   0.1877    0.317
    24  15.6425  -1.4228  -0.9323   5.8533   4.6337   3.3734   0.0443   0.5752   0.5752   0.0405   0.0000  -0.0393   0.1833    0.318
    25  15.8704  -2.2168  -0.8931   5.6422   4.4344   3.2316   0.0313   0.7029   0.5723   0.0336   0.0000  -0.0375   0.1544    0.315
    26  16.3905  -3.0679  -0.8037   5.1603   4.7486   3.1145   0.0256   0.7420   0.6041   0.0246   0.0000  -0.0327   0.1569    0.304
    27  17.0597  -4.1628  -0.6886   4.5403   5.8190   2.9868   0.0286   0.8096   0.6592   0.0195   0.0000  -0.0325   0.1683    0.299
    28  17.8739  -5.4947  -0.5487   3.7862   5.2579   2.8197   0.0378   0.9174   0.7469   0.0153   0.0000  -0.0339   0.1881    0.295
    29  18.6203  -6.8102  -0.4104   3.2705   4.0749   2.6453   0.0403   0.9964   0.8119   0.0101   0.0000  -0.0303   0.2068    0.287
    30  19.2714  -8.0689  -0.2781   3.0279   3.8678   2.4997   0.0402   1.0174   0.8290   0.0072   0.0000  -0.0282   0.2086    0.284
    31  19.9307  -9.3432  -0.1442   2.7823   3.5541   2.3478   0.0375   1.0403   0.8476   0.0045   0.0000  -0.0274   0.2119    0.282
    32  20.5818 -10.6018  -0.0119   2.5396   3.1643   2.1878   0.0352   1.0623   0.8656   0.0020   0.0000  -0.0269   0.2154    0.281
    33  21.2088 -11.8138   0.1155   2.3060   2.7299   2.0214   0.0338   1.0812   0.8810  -0.0003   0.0000  -0.0263   0.2183    0.280
    34  21.8404 -13.0346   0.2439   2.0707   2.6095   1.8430   0.0336   1.0981   0.8947  -0.0023   0.0000  -0.0260   0.2209    0.279
    35  22.4556 -14.2238   0.3688   1.8415   2.0696   1.6533   0.0362   1.1079   0.9028  -0.0045   0.0000  -0.0244   0.2213    0.277
    36  22.9933 -15.2632   0.4781   1.6411   1.5753   1.4594   0.0434   1.0976   0.8944  -0.0064   0.0000  -0.0208   0.2162    0.273
    37  23.4403 -16.1272   0.5689   1.4746   1.1388   1.2516   0.0568   1.0479   0.8538  -0.0081   0.0000  -0.0128   0.2000    0.265
    38  23.7855 -16.7945   0.6390   1.3460   0.7613   1.0089   0.0750   0.9257   0.7543  -0.0099   0.0000   0.0022   0.1647    0.247
    39  24.0648 -17.3344   0.6958   1.2419   0.6123   0.6920   0.0930   0.6884   0.5609  -0.0097   0.0000   0.0191   0.1069    0.216
    40  24.2348 -17.6629   0.7303   1.1786   0.1953   0.2436   0.1044   0.2558   0.2084  -0.0074   0.0000   0.0165   0.0313    0.171

  Surface # 3     horizontal_stabilizer                   
     # Chordwise = 10   # Spanwise = 20     First strip = 41
     Surface area Ssurf =   16.275349     Ave. chord Cave =    2.806191

 Forces referred to Sref, Cref, Bref about Xref, Yref, Zref
 Standard axis orientation,  X fwd, Z down         
     CLsurf  =  -0.02811     Clsurf  =   0.00199
     CYsurf  =  -0.00076     Cmsurf  =   0.13208
     CDsurf  =  -0.00092     Cnsurf  =   0.00053
     CDisurf =  -0.00092     CDvsurf =   0.00000

 Forces referred to Ssurf, Cave 
     CLsurf  =  -0.19736     CDsurf  =  -0.00646

 Strip Forces referred to Strip Area, Chord
    j     Xle      Yle      Zle      Chord    Area     c_cl     ai     cl_norm    cl       cd       cdv    cm_c/4     cm_LE   C.P.x/c
    41  32.2619   0.0084   1.0597   3.9461   0.1328  -0.3145   0.1837  -0.1149  -0.0822   0.0213   0.0000   0.0595   0.0640    0.973
    42  32.3111   0.0755   1.0597   3.9196   0.3924  -0.3177   0.1776  -0.1129  -0.0808  -0.0068   0.0000   0.0602   0.0649    0.995
    43  32.4083   0.2081   1.0597   3.8674   0.6348  -0.3356   0.1726  -0.1207  -0.0863  -0.0089   0.0000   0.0627   0.0680    0.976
    44  32.5511   0.4028   1.0597   3.7906   0.8495  -0.3920   0.1693  -0.1438  -0.1029  -0.0104   0.0000   0.0694   0.0768    0.925
    45  32.7446   0.6666   1.0597   3.6866   1.1177  -0.5788   0.0030  -0.2204  -0.1576  -0.0013   0.0000   0.0925   0.1062    0.837
    46  32.9867   0.9967   1.0597   3.5564   1.2625  -0.6755   0.0021  -0.2664  -0.1905  -0.0036   0.0000   0.1035   0.1217    0.793
    47  33.2637   1.3744   1.0597   3.4075   1.3564  -0.7376   0.0019  -0.3034  -0.2170  -0.0054   0.0000   0.1099   0.1323    0.757
    48  33.5689   1.7904   1.0597   3.2436   1.3990  -0.7717   0.0021  -0.3333  -0.2384  -0.0070   0.0000   0.1137   0.1396    0.727
    49  33.8945   2.2344   1.0597   3.0685   1.3929  -0.7769   0.0022  -0.3546  -0.2536  -0.0082   0.0000   0.1160   0.1446    0.707
    50  34.2327   2.6955   1.0597   2.8867   1.3435  -0.7503   0.0020  -0.3640  -0.2603  -0.0087   0.0000   0.1177   0.1473    0.702
    51  34.5752   3.1623   1.0597   2.7027   1.2578  -0.6945   0.0010  -0.3599  -0.2574  -0.0086   0.0000   0.1190   0.1478    0.712
    52  34.9134   3.6234   1.0597   2.5209   1.1444  -0.6203  -0.0011  -0.3447  -0.2465  -0.0079   0.0000   0.1198   0.1462    0.736
    53  35.2390   4.0674   1.0597   2.3458   1.0118  -0.5410  -0.0048  -0.3231  -0.2311  -0.0071   0.0000   0.1194   0.1428    0.767
    54  35.5442   4.4834   1.0597   2.1819   0.8685  -0.4640  -0.0112  -0.2979  -0.2131  -0.0064   0.0000   0.1167   0.1370    0.798
    55  35.8212   4.8611   1.0597   2.0330   0.7217  -0.3861  -0.0213  -0.2660  -0.1903  -0.0059   0.0000   0.1094   0.1265    0.825
    56  36.0633   5.1912   1.0597   1.9028   0.5769  -0.2891  -0.0342  -0.2128  -0.1522  -0.0053   0.0000   0.0922   0.1050    0.856
    57  36.2471   5.4418   1.0597   1.8040   0.3594  -0.1084   0.1198  -0.0833  -0.0596  -0.0084   0.0000   0.0474   0.0503    1.045
    58  36.3741   5.6149   1.0597   1.7358   0.2532  -0.0466   0.1140  -0.0371  -0.0265  -0.0047   0.0000   0.0293   0.0291    1.357
    59  36.4605   5.7327   1.0597   1.6894   0.1504  -0.0185   0.1107  -0.0150  -0.0107  -0.0027   0.0000   0.0169   0.0158    1.828
    60  36.5042   5.7923   1.0597   1.6659   0.0498  -0.0048   0.1092  -0.0038  -0.0027  -0.0013   0.0000   0.0056   0.0051  999.000

  Surface # 4     horizontal_stabilizer (YDUP)            
     # Chordwise = 10   # Spanwise = 20     First strip = 61
     Surface area Ssurf =   16.275349     Ave. chord Cave =    2.806191

 Forces referred to Sref, Cref, Bref about Xref, Yref, Zref
 Standard axis orientation,  X fwd, Z down         
     CLsurf  =  -0.02811     Clsurf  =  -0.00199
     CYsurf  =   0.00076     Cmsurf  =   0.13208
     CDsurf  =  -0.00092     Cnsurf  =  -0.00053
     CDisurf =  -0.00092     CDvsurf =   0.00000

 Forces referred to Ssurf, Cave 
     CLsurf  =  -0.19736     CDsurf  =  -0.00646

 Strip Forces referred to Strip Area, Chord
    j     Xle      Yle      Zle      Chord    Area     c_cl     ai     cl_norm    cl       cd       cdv    cm_c/4     cm_LE   C.P.x/c
    61  32.2619  -0.0084   1.0597   3.9461   0.1328  -0.3145   0.1837  -0.1149  -0.0822   0.0213   0.0000   0.0595  -0.0640    0.973
    62  32.3111  -0.0755   1.0597   3.9196   0.3924  -0.3177   0.1776  -0.1129  -0.0808  -0.0068   0.0000   0.0602  -0.0649    0.995
    63  32.4083  -0.2081   1.0597   3.8674   0.6348  -0.3356   0.1726  -0.1207  -0.0863  -0.0089   0.0000   0.0627  -0.0680    0.976
    64  32.5511  -0.4028   1.0597   3.7906   0.8495  -0.3920   0.1693  -0.1438  -0.1029  -0.0104   0.0000   0.0694  -0.0768    0.925
    65  32.7446  -0.6666   1.0597   3.6866   1.1177  -0.5788   0.0030  -0.2204  -0.1576  -0.0013   0.0000   0.0925  -0.1062    0.837
    66  32.9867  -0.9967   1.0597   3.5564   1.2625  -0.6755   0.0021  -0.2664  -0.1905  -0.0036   0.0000   0.1035  -0.1217    0.793
    67  33.2637  -1.3744   1.0597   3.4075   1.3564  -0.7376   0.0019  -0.3034  -0.2170  -0.0054   0.0000   0.1099  -0.1323    0.757
    68  33.5689  -1.7904   1.0597   3.2436   1.3990  -0.7717   0.0021  -0.3333  -0.2384  -0.0070   0.0000   0.1137  -0.1396    0.727
    69  33.8945  -2.2344   1.0597   3.0685   1.3929  -0.7769   0.0022  -0.3546  -0.2536  -0.0082   0.0000   0.1160  -0.1446    0.707
    70  34.2327  -2.6955   1.0597   2.8867   1.3435  -0.7503   0.0020  -0.3640  -0.2603  -0.0087   0.0000   0.1177  -0.1473    0.702
    71  34.5752  -3.1623   1.0597   2.7027   1.2578  -0.6945   0.0010  -0.3599  -0.2574  -0.0086   0.0000   0.1190  -0.1478    0.712
    72  34.9134  -3.6234   1.0597   2.5209   1.1444  -0.6203  -0.0011  -0.3447  -0.2465  -0.0079   0.0000   0.1198  -0.1462    0.736
    73  35.2390  -4.0674   1.0597   2.3458   1.0118  -0.5410  -0.0048  -0.3231  -0.2311  -0.0071   0.0000   0.1194  -0.1428    0.767
    74  35.5442  -4.4834   1.0597   2.1819   0.8685  -0.4640  -0.0112  -0.2979  -0.2131  -0.0064   0.0000   0.1167  -0.1370    0.798
    75  35.8212  -4.8611   1.0597   2.0330   0.7217  -0.3861  -0.0213  -0.2660  -0.1903  -0.0059   0.0000   0.1094  -0.1265    0.825
    76  36.0633  -5.1912   1.0597   1.9028   0.5769  -0.2891  -0.0342  -0.2128  -0.1522  -0.0053   0.0000   0.0922  -0.1050    0.856
    77  36.2471  -5.4418   1.0597   1.8040   0.3594  -0.1084   0.1198  -0.0833  -0.0596  -0.0084   0.0000   0.0474  -0.0503    1.045
    78  36.3741  -5.6149   1.0597   1.7358   0.2532  -0.0466   0.1140  -0.0371  -0.0265  -0.0047   0.0000   0.0293  -0.0291    1.357
    79  36.4605  -5.7327   1.0597   1.6894   0.1504  -0.0185   0.1107  -0.0150  -0.0107  -0.0027   0.0000   0.0169  -0.0158    1.828
    80  36.5042  -5.7923   1.0597   1.6659   0.0498  -0.0048   0.1092  -0.0038  -0.0027  -0.0013   0.0000   0.0056  -0.0051  999.000

  Surface # 5     vertical_stabilizer                     
     # Chordwise = 10   # Spanwise = 20     First strip = 81
     Surface area Ssurf =   27.042708     Ave. chord Cave =    4.720731

 Forces referred to Sref, Cref, Bref about Xref, Yref, Zref
 Standard axis orientation,  X fwd, Z down         
     CLsurf  =   0.00000     Clsurf  =  -0.00000
     CYsurf  =  -0.00000     Cmsurf  =  -0.00000
     CDsurf  =  -0.00000     Cnsurf  =   0.00000
     CDisurf =  -0.00000     CDvsurf =   0.00000

 Forces referred to Ssurf, Cave 
     CLsurf  =   0.00000     CDsurf  =  -0.00000

 Strip Forces referred to Strip Area, Chord
    j     Xle      Yle      Zle      Chord    Area     c_cl     ai     cl_norm    cl       cd       cdv    cm_c/4     cm_LE   C.P.x/c
    81  34.1026   0.0000   1.0901   7.1191   0.5459   0.0000  -0.0000   0.0000   0.0000   0.0000   0.0000   0.0000   0.0000  999.000
    82  34.2314   0.0000   1.1983   7.0276   0.9775   0.0000   0.0000   0.0000   0.0000   0.0000   0.0000   0.0000   0.0000   -0.161
    83  34.4331   0.0000   1.3677   6.8842   1.3694   0.0000  -0.0000   0.0000   0.0000   0.0000   0.0000   0.0000   0.0000   -0.472
    84  34.7038   0.0000   1.5951   6.6918   1.7040   0.0000   0.0000   0.0000   0.0000  -0.0000   0.0000  -0.0000  -0.0000    0.258
    85  35.0377   0.0000   1.8756   6.4544   1.9680   0.0000  -0.0000   0.0000   0.0000   0.0000   0.0000   0.0000   0.0000   -0.268
    86  35.4277   0.0000   2.2032   6.1771   2.1523   0.0000   0.0000   0.0000   0.0000  -0.0000   0.0000   0.0000  -0.0000    0.188
    87  35.8650   0.0000   2.5705   5.8662   2.2535  -0.0000  -0.0000  -0.0000  -0.0000  -0.0000   0.0000   0.0000   0.0000  999.000
    88  36.3398   0.0000   2.9693   5.5287   2.2729  -0.0000  -0.0000  -0.0000  -0.0000  -0.0000   0.0000   0.0000   0.0000  999.000
    89  36.8411   0.0000   3.3904   5.1723   2.2171  -0.0000  -0.0000  -0.0000  -0.0000  -0.0000   0.0000   0.0000   0.0000  999.000
    90  37.3575   0.0000   3.8241   4.8052   2.0965   0.0000  -0.0000   0.0000   0.0000  -0.0000   0.0000   0.0000   0.0000   -0.800
    91  37.8769   0.0000   4.2604   4.4360   1.9243   0.0000   0.0000   0.0000   0.0000  -0.0000   0.0000   0.0000   0.0000  999.000
    92  38.3873   0.0000   4.6892   4.0731   1.7155   0.0000  -0.0000   0.0000   0.0000   0.0000   0.0000   0.0000   0.0000   -0.671
    93  38.8768   0.0000   5.1003   3.7251   1.4852   0.0000   0.0000   0.0000   0.0000  -0.0000   0.0000  -0.0000  -0.0000    0.843
    94  39.3338   0.0000   5.4842   3.4002   1.2475   0.0000  -0.0000   0.0000   0.0000   0.0000   0.0000  -0.0000  -0.0000    1.077
    95  39.7477   0.0000   5.8319   3.1059   1.0138   0.0000   0.0000   0.0000   0.0000   0.0000   0.0000  -0.0000  -0.0000    1.164
    96  40.1088   0.0000   6.1352   2.8493   0.7929   0.0000   0.0000   0.0000   0.0000   0.0000   0.0000  -0.0000  -0.0000    1.370
    97  40.4084   0.0000   6.3868   2.6363   0.5894  -0.0000  -0.0000  -0.0000  -0.0000   0.0000   0.0000  -0.0000  -0.0000  999.000
    98  40.6395   0.0000   6.5810   2.4720   0.4044  -0.0000   0.0000  -0.0000  -0.0000  -0.0000   0.0000  -0.0000  -0.0000   -0.298
    99  40.7967   0.0000   6.7130   2.3602   0.2354  -0.0000   0.0000  -0.0000  -0.0000  -0.0000   0.0000  -0.0000  -0.0000   -0.354
   100  40.8762   0.0000   6.7798   2.3037   0.0772   0.0000   0.0000   0.0000   0.0000  -0.0000   0.0000  -0.0000  -0.0000  999.000

  Surface # 6     fuselage_horizontal                     
     # Chordwise = 10   # Spanwise = 10     First strip =101
     Surface area Ssurf =  127.532895     Ave. chord Cave =   34.468350

 Forces referred to Sref, Cref, Bref about Xref, Yref, Zref
 Standard axis orientation,  X fwd, Z down         
     CLsurf  =  -0.00478     Clsurf  =   0.00000
     CYsurf  =   0.00000     Cmsurf  =   0.06443
     CDsurf  =  -0.00037     Cnsurf  =  -0.00000
     CDisurf =  -0.00037     CDvsurf =   0.00000

 Forces referred to Ssurf, Cave 
     CLsurf  =  -0.00429     CDsurf  =  -0.00033

 Strip Forces referred to Strip Area, Chord
    j     Xle      Yle      Zle      Chord    Area     c_cl     ai     cl_norm    cl       cd       cdv    cm_c/4     cm_LE   C.P.x/c
   101   3.4011  -1.6650   0.0000  27.8154  10.2917  -0.0070   0.0449  -0.0008  -0.0002  -0.0008   0.0000   0.0065   0.0008  999.000
   102   1.4576  -1.2950   0.0000  33.6099  12.4357  -0.0656   0.0375  -0.0028  -0.0019  -0.0004   0.0000   0.0073   0.0028  999.000
   103   0.6886  -0.9250   0.0000  35.9024  13.2839  -0.1133   0.0977  -0.0036  -0.0031  -0.0004   0.0000   0.0073   0.0044  999.000
   104   0.2519  -0.5550   0.0000  37.2046  13.7657  -0.2218   0.1080  -0.0062  -0.0060  -0.0002   0.0000   0.0078   0.0071    1.549
   105   0.0491  -0.1850   0.0000  37.8093  13.9895  -0.3330   0.1071  -0.0089  -0.0088  -0.0001   0.0000   0.0082   0.0100    1.176
   106   0.0491   0.1850   0.0000  37.8093  13.9895  -0.3330   0.1071  -0.0089  -0.0088  -0.0001   0.0000   0.0082   0.0100    1.176
   107   0.2519   0.5550   0.0000  37.2047  13.7657  -0.2218   0.1080  -0.0062  -0.0060  -0.0002   0.0000   0.0078   0.0071    1.549
   108   0.6886   0.9250   0.0000  35.9024  13.2839  -0.1133   0.0977  -0.0036  -0.0031  -0.0004   0.0000   0.0073   0.0044  999.000
   109   1.4576   1.2950   0.0000  33.6099  12.4357  -0.0656   0.0375  -0.0028  -0.0019  -0.0004   0.0000   0.0073   0.0028  999.000
   110   3.4011   1.6650   0.0000  27.8154  10.2917  -0.0070   0.0449  -0.0008  -0.0002  -0.0008   0.0000   0.0065   0.0008  999.000

  Surface # 7     fuselage_vertical                       
     # Chordwise = 10   # Spanwise = 10     First strip =111
     Surface area Ssurf =  127.532895     Ave. chord Cave =   34.468350

 Forces referred to Sref, Cref, Bref about Xref, Yref, Zref
 Standard axis orientation,  X fwd, Z down         
     CLsurf  =   0.00000     Clsurf  =   0.00000
     CYsurf  =   0.00000     Cmsurf  =  -0.00000
     CDsurf  =   0.00000     Cnsurf  =   0.00000
     CDisurf =   0.00000     CDvsurf =   0.00000

 Forces referred to Ssurf, Cave 
     CLsurf  =  -0.00000     CDsurf  =   0.00000

 Strip Forces referred to Strip Area, Chord
    j     Xle      Yle      Zle      Chord    Area     c_cl     ai     cl_norm    cl       cd       cdv    cm_c/4     cm_LE   C.P.x/c
   111   3.4011   0.0000  -1.6650  27.8154  10.2917  -0.0000  -0.0000  -0.0000  -0.0000   0.0000   0.0000   0.0000   0.0000    0.860
   112   1.4576   0.0000  -1.2950  33.6099  12.4357   0.0000   0.0000   0.0000   0.0000   0.0000   0.0000  -0.0000  -0.0000    1.733
   113   0.6886   0.0000  -0.9250  35.9024  13.2839  -0.0000   0.0000  -0.0000  -0.0000   0.0000   0.0000   0.0000   0.0000    0.352
   114   0.2519   0.0000  -0.5550  37.2046  13.7657  -0.0000  -0.0000  -0.0000  -0.0000  -0.0000   0.0000   0.0000   0.0000    0.868
   115   0.0491   0.0000  -0.1850  37.8093  13.9895  -0.0000   0.0000  -0.0000  -0.0000  -0.0000   0.0000   0.0000   0.0000    0.743
   116   0.0491   0.0000   0.1850  37.8093  13.9895  -0.0000   0.0000  -0.0000  -0.0000  -0.0000   0.0000  -0.0000  -0.0000  999.000
   117   0.2519   0.0000   0.5550  37.2047  13.7657  -0.0000  -0.0000  -0.0000  -0.0000   0.0000   0.0000  -0.0000  -0.0000   -0.002
   118   0.6886   0.0000   0.9250  35.9024  13.2839   0.0000  -0.0000   0.0000   0.0000   0.0000   0.0000  -0.0000  -0.0000    1.829
   119   1.4576   0.0000   1.2950  33.6099  12.4357  -0.0000   0.0000  -0.0000  -0.0000   0.0000   0.0000  -0.0000  -0.0000  999.000
   120   3.4011   0.0000   1.6650  27.8154  10.2917   0.0000   0.0000   0.0000   0.0000   0.0000   0.0000  -0.0000  -0.0000    0.265
 ---------------------------------------------------------------
