 ---------------------------------------------------------------
 Surface and Strip Forces by surface

  Sref =  114.28       Cref =  3.9000       Bref =  35.408    
  Xref =  18.175       Yref =  0.0000       Zref =-0.93235    

  Surface # 1     main_wing                               
     # Chordwise = 10   # Spanwise = 20     First strip =  1
     Surface area Ssurf =   57.406339     Ave. chord Cave =    3.226606

 Forces referred to Sref, Cref, Bref about Xref, Yref, Zref
 Standard axis orientation,  X fwd, Z down         
     CLsurf  =   0.76849     Clsurf  =  -0.14940
     CYsurf  =   0.02899     Cmsurf  =  -0.33142
     CDsurf  =   0.03791     Cnsurf  =  -0.04454
     CDisurf =   0.03791     CDvsurf =   0.00000

 Forces referred to Ssurf, Cave 
     CLsurf  =   1.52016     CDsurf  =   0.07548

 Strip Forces referred to Strip Area, Chord
    j     Xle      Yle      Zle      Chord    Area     c_cl     ai     cl_norm    cl       cd       cdv    cm_c/4     cm_LE   C.P.x/c
     1  15.6425   0.0298  -0.9323   5.8533   0.6958   7.2738   0.1514   1.2409   1.2409   0.1955   0.0000  -0.0536  -0.3643    0.293
     2  15.6425   0.2668  -0.9323   5.8533   2.0703   7.2647   0.1507   1.2397   1.2397   0.1943   0.0000  -0.0535  -0.3638    0.293
     3  15.6425   0.7350  -0.9323   5.8533   3.3938   7.2011   0.1411   1.2279   1.2279   0.1957   0.0000  -0.0523  -0.3599    0.293
     4  15.6425   1.4228  -0.9323   5.8533   4.6337   7.0668   0.1152   1.2017   1.2017   0.2023   0.0000  -0.0483  -0.3501    0.290
     5  15.8704   2.2168  -0.8931   5.6422   4.4344   6.6373   0.0891   1.4569   1.1842   0.1575   0.0000  -0.0430  -0.2881    0.286
     6  16.3905   3.0679  -0.8037   5.1603   4.7486   6.4878   0.0796   1.5791   1.2834   0.1121   0.0000  -0.0290  -0.2934    0.273
     7  17.0597   4.1628  -0.6886   4.5403   5.8190   6.2300   0.0811   1.7377   1.4123   0.0858   0.0000  -0.0258  -0.3152    0.268
     8  17.8739   5.4947  -0.5487   3.7862   5.2579   5.8157   0.0854   1.9601   1.5931   0.0579   0.0000  -0.0279  -0.3520    0.268
     9  18.6203   6.8102  -0.4104   3.2705   4.0749   5.3891   0.0774   2.1135   1.7191   0.0291   0.0000  -0.0222  -0.3861    0.263
    10  19.2714   8.0689  -0.2781   3.0279   3.8678   5.0412   0.0753   2.1385   1.7394   0.0216   0.0000  -0.0207  -0.3885    0.262
    11  19.9307   9.3432  -0.1442   2.7823   3.5541   4.6921   0.0695   2.1694   1.7645   0.0136   0.0000  -0.0202  -0.3928    0.261
    12  20.5818  10.6018  -0.0119   2.5396   3.1643   4.3371   0.0647   2.1999   1.7894   0.0058   0.0000  -0.0198  -0.3973    0.261
    13  21.2088  11.8138   0.1155   2.3060   2.7299   3.9784   0.0617   2.2253   1.8100  -0.0014   0.0000  -0.0193  -0.4007    0.261
    14  21.8404  13.0346   0.2439   2.0707   2.6095   3.6037   0.0608   2.2468   1.8275  -0.0068   0.0000  -0.0192  -0.4039    0.260
    15  22.4556  14.2238   0.3688   1.8415   2.0696   3.2165   0.0653   2.2574   1.8361  -0.0128   0.0000  -0.0176  -0.4039    0.260
    16  22.9933  15.2632   0.4781   1.6411   1.5753   2.8342   0.0794   2.2331   1.8164  -0.0159   0.0000  -0.0135  -0.3959    0.257
    17  23.4403  16.1272   0.5689   1.4746   1.1388   2.4406   0.1090   2.1404   1.7410  -0.0158   0.0000  -0.0036  -0.3712    0.252
    18  23.7855  16.7945   0.6390   1.3460   0.7613   1.9924   0.1556   1.9145   1.5573  -0.0147   0.0000   0.0173  -0.3137    0.239
    19  24.0648  17.3344   0.6958   1.2419   0.6123   1.3942   0.2103   1.4510   1.1802  -0.0087   0.0000   0.0457  -0.2089    0.211
    20  24.2348  17.6629   0.7303   1.1786   0.1953   0.4983   0.2489   0.5503   0.4476  -0.0131   0.0000   0.0401  -0.0583    0.160

  Surface # 2     main_wing (YDUP)                        
     # Chordwise = 10   # Spanwise = 20     First strip = 21
     Surface area Ssurf =   57.406339     Ave. chord Cave =    3.226606

 Forces referred to Sref, Cref, Bref about Xref, Yref, Zref
 Standard axis orientation,  X fwd, Z down         
     CLsurf  =   0.76849     Clsurf  =   0.14940
     CYsurf  =  -0.02899     Cmsurf  =  -0.33142
     CDsurf  =   0.03791     Cnsurf  =   0.04454
     CDisurf =   0.03791     CDvsurf =   0.00000

 Forces referred to Ssurf, Cave 
     CLsurf  =   1.52016     CDsurf  =   0.07548

 Strip Forces referred to Strip Area, Chord
    j     Xle      Yle      Zle      Chord    Area     c_cl     ai     cl_norm    cl       cd       cdv    cm_c/4     cm_LE   C.P.x/c
    21  15.6425  -0.0298  -0.9323   5.8533   0.6958   7.2738   0.1514   1.2409   1.2409   0.1955   0.0000  -0.0536   0.3643    0.293
    22  15.6425  -0.2668  -0.9323   5.8533   2.0703   7.2647   0.1507   1.2397   1.2397   0.1943   0.0000  -0.0535   0.3638    0.293
    23  15.6425  -0.7350  -0.9323   5.8533   3.3938   7.2011   0.1411   1.2279   1.2279   0.1957   0.0000  -0.0523   0.3599    0.293
    24  15.6425  -1.4228  -0.9323   5.8533   4.6337   7.0668   0.1152   1.2017   1.2017   0.2023   0.0000  -0.0483   0.3501    0.290
    25  15.8704  -2.2168  -0.8931   5.6422   4.4344   6.6373   0.0891   1.4569   1.1842   0.1575   0.0000  -0.0430   0.2881    0.286
    26  16.3905  -3.0679  -0.8037   5.1603   4.7486   6.4878   0.0796   1.5791   1.2834   0.1121   0.0000  -0.0290   0.2934    0.273
    27  17.0597  -4.1628  -0.6886   4.5403   5.8190   6.2300   0.0811   1.7377   1.4123   0.0858   0.0000  -0.0258   0.3152    0.268
    28  17.8739  -5.4947  -0.5487   3.7862   5.2579   5.8157   0.0854   1.9601   1.5931   0.0579   0.0000  -0.0279   0.3520    0.268
    29  18.6203  -6.8102  -0.4104   3.2705   4.0749   5.3891   0.0774   2.1135   1.7191   0.0291   0.0000  -0.0222   0.3861    0.263
    30  19.2714  -8.0689  -0.2781   3.0279   3.8678   5.0412   0.0753   2.1385   1.7394   0.0216   0.0000  -0.0207   0.3885    0.262
    31  19.9307  -9.3432  -0.1442   2.7823   3.5541   4.6921   0.0695   2.1694   1.7645   0.0136   0.0000  -0.0202   0.3928    0.261
    32  20.5818 -10.6018  -0.0119   2.5396   3.1643   4.3371   0.0647   2.1999   1.7894   0.0058   0.0000  -0.0198   0.3973    0.261
    33  21.2088 -11.8138   0.1155   2.3060   2.7299   3.9784   0.0617   2.2253   1.8100  -0.0014   0.0000  -0.0193   0.4007    0.261
    34  21.8404 -13.0346   0.2439   2.0707   2.6095   3.6037   0.0608   2.2468   1.8275  -0.0068   0.0000  -0.0192   0.4039    0.260
    35  22.4556 -14.2238   0.3688   1.8415   2.0696   3.2165   0.0653   2.2574   1.8361  -0.0128   0.0000  -0.0176   0.4039    0.260
    36  22.9933 -15.2632   0.4781   1.6411   1.5753   2.8342   0.0794   2.2331   1.8164  -0.0159   0.0000  -0.0135   0.3959    0.257
    37  23.4403 -16.1272   0.5689   1.4746   1.1388   2.4406   0.1090   2.1404   1.7410  -0.0158   0.0000  -0.0036   0.3712    0.252
    38  23.7855 -16.7945   0.6390   1.3460   0.7613   1.9924   0.1556   1.9145   1.5573  -0.0147   0.0000   0.0173   0.3137    0.239
    39  24.0648 -17.3344   0.6958   1.2419   0.6123   1.3942   0.2103   1.4510   1.1802  -0.0087   0.0000   0.0457   0.2089    0.211
    40  24.2348 -17.6629   0.7303   1.1786   0.1953   0.4983   0.2489   0.5503   0.4476  -0.0131   0.0000   0.0401   0.0583    0.160

  Surface # 3     horizontal_stabilizer                   
     # Chordwise = 10   # Spanwise = 20     First strip = 41
     Surface area Ssurf =   16.275349     Ave. chord Cave =    2.806191

 Forces referred to Sref, Cref, Bref about Xref, Yref, Zref
 Standard axis orientation,  X fwd, Z down         
     CLsurf  =  -0.04700     Clsurf  =   0.00307
     CYsurf  =  -0.00365     Cmsurf  =   0.22609
     CDsurf  =  -0.00408     Cnsurf  =   0.00267
     CDisurf =  -0.00408     CDvsurf =   0.00000

 Forces referred to Ssurf, Cave 
     CLsurf  =  -0.33001     CDsurf  =  -0.02868

 Strip Forces referred to Strip Area, Chord
    j     Xle      Yle      Zle      Chord    Area     c_cl     ai     cl_norm    cl       cd       cdv    cm_c/4     cm_LE   C.P.x/c
    41  32.2619   0.0084   1.0597   3.9461   0.1328  -0.2916   0.4894  -0.1284  -0.0948   0.0555   0.0000   0.1039   0.0987    1.346
    42  32.3111   0.0755   1.0597   3.9196   0.3924  -0.2987   0.4778  -0.0979  -0.0722  -0.0243   0.0000   0.1057   0.1006    1.713
    43  32.4083   0.2081   1.0597   3.8674   0.6348  -0.3410   0.4698  -0.1115  -0.0823  -0.0322   0.0000   0.1121   0.1082    1.612
    44  32.5511   0.4028   1.0597   3.7906   0.8495  -0.4811   0.4672  -0.1615  -0.1192  -0.0439   0.0000   0.1304   0.1307    1.343
    45  32.7446   0.6666   1.0597   3.6866   1.1177  -0.9732   0.0007  -0.3732  -0.2754  -0.0037   0.0000   0.1938   0.2094    0.953
    46  32.9867   0.9967   1.0597   3.5564   1.2625  -1.2068   0.0056  -0.4746  -0.3502  -0.0170   0.0000   0.2240   0.2490    0.890
    47  33.2637   1.3744   1.0597   3.4075   1.3564  -1.3378   0.0107  -0.5458  -0.4028  -0.0274   0.0000   0.2425   0.2747    0.852
    48  33.5689   1.7904   1.0597   3.2436   1.3990  -1.3902   0.0151  -0.5936  -0.4381  -0.0352   0.0000   0.2543   0.2914    0.830
    49  33.8945   2.2344   1.0597   3.0685   1.3929  -1.3748   0.0182  -0.6192  -0.4570  -0.0398   0.0000   0.2619   0.3015    0.823
    50  34.2327   2.6955   1.0597   2.8867   1.3435  -1.3001   0.0195  -0.6220  -0.4591  -0.0411   0.0000   0.2670   0.3061    0.832
    51  34.5752   3.1623   1.0597   2.7027   1.2578  -1.1756   0.0188  -0.6010  -0.4435  -0.0392   0.0000   0.2704   0.3057    0.860
    52  34.9134   3.6234   1.0597   2.5209   1.1444  -1.0215   0.0155  -0.5605  -0.4136  -0.0350   0.0000   0.2720   0.3010    0.908
    53  35.2390   4.0674   1.0597   2.3458   1.0118  -0.8642   0.0083  -0.5102  -0.3765  -0.0304   0.0000   0.2710   0.2928    0.970
    54  35.5442   4.4834   1.0597   2.1819   0.8685  -0.7197  -0.0054  -0.4573  -0.3374  -0.0261   0.0000   0.2659   0.2809    1.038
    55  35.8212   4.8611   1.0597   2.0330   0.7217  -0.5810  -0.0305  -0.3963  -0.2925  -0.0222   0.0000   0.2524   0.2611    1.113
    56  36.0633   5.1912   1.0597   1.9028   0.5769  -0.4028  -0.0702  -0.2931  -0.2163  -0.0177   0.0000   0.2176   0.2181    1.256
    57  36.2471   5.4418   1.0597   1.8040   0.3594   0.0040   0.3606   0.0161   0.0119  -0.0304   0.0000   0.1076   0.0863  999.000
    58  36.3741   5.6149   1.0597   1.7358   0.2532   0.0871   0.3401   0.0763   0.0563  -0.0120   0.0000   0.0688   0.0453   -0.971
    59  36.4605   5.7327   1.0597   1.6894   0.1504   0.0782   0.3287   0.0684   0.0505  -0.0062   0.0000   0.0415   0.0241   -0.572
    60  36.5042   5.7923   1.0597   1.6659   0.0498   0.0299   0.3235   0.0275   0.0203  -0.0047   0.0000   0.0142   0.0079   -0.453

  Surface # 4     horizontal_stabilizer (YDUP)            
     # Chordwise = 10   # Spanwise = 20     First strip = 61
     Surface area Ssurf =   16.275349     Ave. chord Cave =    2.806191

 Forces referred to Sref, Cref, Bref about Xref, Yref, Zref
 Standard axis orientation,  X fwd, Z down         
     CLsurf  =  -0.04700     Clsurf  =  -0.00307
     CYsurf  =   0.00365     Cmsurf  =   0.22609
     CDsurf  =  -0.00408     Cnsurf  =  -0.00267
     CDisurf =  -0.00408     CDvsurf =   0.00000

 Forces referred to Ssurf, Cave 
     CLsurf  =  -0.33001     CDsurf  =  -0.02868

 Strip Forces referred to Strip Area, Chord
    j     Xle      Yle      Zle      Chord    Area     c_cl     ai     cl_norm    cl       cd       cdv    cm_c/4     cm_LE   C.P.x/c
    61  32.2619  -0.0084   1.0597   3.9461   0.1328  -0.2916   0.4894  -0.1284  -0.0948   0.0555   0.0000   0.1039  -0.0987    1.346
    62  32.3111  -0.0755   1.0597   3.9196   0.3924  -0.2987   0.4778  -0.0979  -0.0722  -0.0243   0.0000   0.1057  -0.1006    1.713
    63  32.4083  -0.2081   1.0597   3.8674   0.6348  -0.3410   0.4698  -0.1115  -0.0823  -0.0322   0.0000   0.1121  -0.1082    1.612
    64  32.5511  -0.4028   1.0597   3.7906   0.8495  -0.4811   0.4672  -0.1615  -0.1192  -0.0439   0.0000   0.1304  -0.1307    1.343
    65  32.7446  -0.6666   1.0597   3.6866   1.1177  -0.9732   0.0007  -0.3732  -0.2754  -0.0037   0.0000   0.1938  -0.2094    0.953
    66  32.9867  -0.9967   1.0597   3.5564   1.2625  -1.2068   0.0056  -0.4746  -0.3502  -0.0170   0.0000   0.2240  -0.2490    0.890
    67  33.2637  -1.3744   1.0597   3.4075   1.3564  -1.3378   0.0107  -0.5458  -0.4028  -0.0274   0.0000   0.2425  -0.2747    0.852
    68  33.5689  -1.7904   1.0597   3.2436   1.3990  -1.3902   0.0151  -0.5936  -0.4381  -0.0352   0.0000   0.2543  -0.2914    0.830
    69  33.8945  -2.2344   1.0597   3.0685   1.3929  -1.3748   0.0182  -0.6192  -0.4570  -0.0398   0.0000   0.2619  -0.3015    0.823
    70  34.2327  -2.6955   1.0597   2.8867   1.3435  -1.3001   0.0195  -0.6220  -0.4591  -0.0411   0.0000   0.2670  -0.3061    0.832
    71  34.5752  -3.1623   1.0597   2.7027   1.2578  -1.1756   0.0188  -0.6010  -0.4435  -0.0392   0.0000   0.2704  -0.3057    0.860
    72  34.9134  -3.6234   1.0597   2.5209   1.1444  -1.0215   0.0155  -0.5605  -0.4136  -0.0350   0.0000   0.2720  -0.3010    0.908
    73  35.2390  -4.0674   1.0597   2.3458   1.0118  -0.8642   0.0083  -0.5102  -0.3765  -0.0304   0.0000   0.2710  -0.2928    0.970
    74  35.5442  -4.4834   1.0597   2.1819   0.8685  -0.7197  -0.0054  -0.4573  -0.3374  -0.0261   0.0000   0.2659  -0.2809    1.038
    75  35.8212  -4.8611   1.0597   2.0330   0.7217  -0.5810  -0.0305  -0.3963  -0.2925  -0.0222   0.0000   0.2524  -0.2611    1.113
    76  36.0633  -5.1912   1.0597   1.9028   0.5769  -0.4028  -0.0702  -0.2931  -0.2163  -0.0177   0.0000   0.2176  -0.2181    1.256
    77  36.2471  -5.4418   1.0597   1.8040   0.3594   0.0040   0.3606   0.0161   0.0119  -0.0304   0.0000   0.1076  -0.0863  999.000
    78  36.3741  -5.6149   1.0597   1.7358   0.2532   0.0871   0.3401   0.0763   0.0563  -0.0120   0.0000   0.0688  -0.0453   -0.971
    79  36.4605  -5.7327   1.0597   1.6894   0.1504   0.0782   0.3287   0.0684   0.0505  -0.0062   0.0000   0.0415  -0.0241   -0.572
    80  36.5042  -5.7923   1.0597   1.6659   0.0498   0.0299   0.3235   0.0275   0.0203  -0.0047   0.0000   0.0142  -0.0079   -0.453

  Surface # 5     vertical_stabilizer                     
     # Chordwise = 10   # Spanwise = 20     First strip = 81
     Surface area Ssurf =   27.042708     Ave. chord Cave =    4.720731

 Forces referred to Sref, Cref, Bref about Xref, Yref, Zref
 Standard axis orientation,  X fwd, Z down         
     CLsurf  =   0.00000     Clsurf  =  -0.00000
     CYsurf  =  -0.00000     Cmsurf  =  -0.00000
     CDsurf  =  -0.00000     Cnsurf  =   0.00000
     CDisurf =  -0.00000     CDvsurf =   0.00000

 Forces referred to Ssurf, Cave 
     CLsurf  =   0.00000     CDsurf  =  -0.00000

 Strip Forces referred to Strip Area, Chord
    j     Xle      Yle      Zle      Chord    Area     c_cl     ai     cl_norm    cl       cd       cdv    cm_c/4     cm_LE   C.P.x/c
    81  34.1026   0.0000   1.0901   7.1191   0.5459   0.0000   0.0000   0.0000   0.0000   0.0000   0.0000  -0.0000  -0.0000    0.722
    82  34.2314   0.0000   1.1983   7.0276   0.9775   0.0000   0.0000   0.0000   0.0000   0.0000   0.0000  -0.0000  -0.0000    0.644
    83  34.4331   0.0000   1.3677   6.8842   1.3694   0.0000   0.0000   0.0000   0.0000  -0.0000   0.0000  -0.0000  -0.0000    0.503
    84  34.7038   0.0000   1.5951   6.6918   1.7040   0.0000   0.0000   0.0000   0.0000   0.0000   0.0000  -0.0000  -0.0000    0.491
    85  35.0377   0.0000   1.8756   6.4544   1.9680   0.0000   0.0000   0.0000   0.0000  -0.0000   0.0000  -0.0000  -0.0000    0.536
    86  35.4277   0.0000   2.2032   6.1771   2.1523   0.0000  -0.0000   0.0000   0.0000   0.0000   0.0000  -0.0000  -0.0000    0.349
    87  35.8650   0.0000   2.5705   5.8662   2.2535   0.0000   0.0000   0.0000   0.0000  -0.0000   0.0000  -0.0000  -0.0000    0.428
    88  36.3398   0.0000   2.9693   5.5287   2.2729   0.0000   0.0000   0.0000   0.0000   0.0000   0.0000   0.0000  -0.0000    0.185
    89  36.8411   0.0000   3.3904   5.1723   2.2171   0.0000  -0.0000   0.0000   0.0000  -0.0000   0.0000   0.0000  -0.0000    0.015
    90  37.3575   0.0000   3.8241   4.8052   2.0965   0.0000  -0.0000   0.0000   0.0000  -0.0000   0.0000   0.0000  -0.0000    0.107
    91  37.8769   0.0000   4.2604   4.4360   1.9243   0.0000   0.0000   0.0000   0.0000   0.0000   0.0000  -0.0000  -0.0000    0.273
    92  38.3873   0.0000   4.6892   4.0731   1.7155   0.0000   0.0000   0.0000   0.0000   0.0000   0.0000  -0.0000  -0.0000    0.305
    93  38.8768   0.0000   5.1003   3.7251   1.4852   0.0000   0.0000   0.0000   0.0000  -0.0000   0.0000  -0.0000  -0.0000    0.260
    94  39.3338   0.0000   5.4842   3.4002   1.2475   0.0000   0.0000   0.0000   0.0000  -0.0000   0.0000   0.0000  -0.0000    0.244
    95  39.7477   0.0000   5.8319   3.1059   1.0138   0.0000   0.0000   0.0000   0.0000  -0.0000   0.0000  -0.0000  -0.0000    0.366
    96  40.1088   0.0000   6.1352   2.8493   0.7929   0.0000  -0.0000   0.0000   0.0000   0.0000   0.0000   0.0000  -0.0000    0.215
    97  40.4084   0.0000   6.3868   2.6363   0.5894   0.0000   0.0000   0.0000   0.0000  -0.0000   0.0000  -0.0000  -0.0000    0.401
    98  40.6395   0.0000   6.5810   2.4720   0.4044   0.0000   0.0000   0.0000   0.0000  -0.0000   0.0000  -0.0000  -0.0000    0.305
    99  40.7967   0.0000   6.7130   2.3602   0.2354   0.0000   0.0000   0.0000   0.0000  -0.0000   0.0000  -0.0000  -0.0000    0.298
   100  40.8762   0.0000   6.7798   2.3037   0.0772   0.0000   0.0000   0.0000   0.0000  -0.0000   0.0000   0.0000  -0.0000    0.173

  Surface # 6     fuselage_horizontal                     
     # Chordwise = 10   # Spanwise = 10     First strip =101
     Surface area Ssurf =  127.532895     Ave. chord Cave =   34.468350

 Forces referred to Sref, Cref, Bref about Xref, Yref, Zref
 Standard axis orientation,  X fwd, Z down         
     CLsurf  =   0.00334     Clsurf  =   0.00000
     CYsurf  =   0.00000     Cmsurf  =   0.21065
     CDsurf  =  -0.00339     Cnsurf  =  -0.00000
     CDisurf =  -0.00339     CDvsurf =   0.00000

 Forces referred to Ssurf, Cave 
     CLsurf  =   0.00299     CDsurf  =  -0.00304

 Strip Forces referred to Strip Area, Chord
    j     Xle      Yle      Zle      Chord    Area     c_cl     ai     cl_norm    cl       cd       cdv    cm_c/4     cm_LE   C.P.x/c
   101   3.4011  -1.6650   0.0000  27.8154  10.2917   0.3271   0.1895   0.0559   0.0149  -0.0081   0.0000   0.0178   0.0019   -0.950
   102   1.4576  -1.2950   0.0000  33.6099  12.4357   0.2586   0.1599   0.0131   0.0093  -0.0041   0.0000   0.0193   0.0062  999.000
   103   0.6886  -0.9250   0.0000  35.9024  13.2839   0.1346   0.2782   0.0057   0.0050  -0.0033   0.0000   0.0211   0.0110  999.000
   104   0.2519  -0.5550   0.0000  37.2046  13.7657  -0.0779   0.3096  -0.0018  -0.0018  -0.0014   0.0000   0.0219   0.0172  999.000
   105   0.0491  -0.1850   0.0000  37.8093  13.9895  -0.3071   0.3112  -0.0086  -0.0086   0.0003   0.0000   0.0224   0.0236  999.000
   106   0.0491   0.1850   0.0000  37.8093  13.9895  -0.3071   0.3112  -0.0086  -0.0086   0.0003   0.0000   0.0224   0.0236  999.000
   107   0.2519   0.5550   0.0000  37.2047  13.7657  -0.0779   0.3096  -0.0018  -0.0018  -0.0014   0.0000   0.0219   0.0172  999.000
   108   0.6886   0.9250   0.0000  35.9024  13.2839   0.1346   0.2782   0.0057   0.0050  -0.0033   0.0000   0.0211   0.0110  999.000
   109   1.4576   1.2950   0.0000  33.6099  12.4357   0.2586   0.1599   0.0131   0.0093  -0.0041   0.0000   0.0193   0.0062  999.000
   110   3.4011   1.6650   0.0000  27.8154  10.2917   0.3271   0.1895   0.0559   0.0149  -0.0081   0.0000   0.0178   0.0019   -0.950

  Surface # 7     fuselage_vertical                       
     # Chordwise = 10   # Spanwise = 10     First strip =111
     Surface area Ssurf =  127.532895     Ave. chord Cave =   34.468350

 Forces referred to Sref, Cref, Bref about Xref, Yref, Zref
 Standard axis orientation,  X fwd, Z down         
     CLsurf  =  -0.00000     Clsurf  =  -0.00000
     CYsurf  =  -0.00000     Cmsurf  =   0.00000
     CDsurf  =  -0.00000     Cnsurf  =   0.00000
     CDisurf =  -0.00000     CDvsurf =   0.00000

 Forces referred to Ssurf, Cave 
     CLsurf  =   0.00000     CDsurf  =  -0.00000

 Strip Forces referred to Strip Area, Chord
    j     Xle      Yle      Zle      Chord    Area     c_cl     ai     cl_norm    cl       cd       cdv    cm_c/4     cm_LE   C.P.x/c
   111   3.4011   0.0000  -1.6650  27.8154  10.2917   0.0000  -0.0000   0.0000   0.0000  -0.0000   0.0000  -0.0000  -0.0000    0.961
   112   1.4576   0.0000  -1.2950  33.6099  12.4357   0.0000  -0.0000   0.0000   0.0000  -0.0000   0.0000  -0.0000  -0.0000    0.853
   113   0.6886   0.0000  -0.9250  35.9024  13.2839   0.0000   0.0000   0.0000   0.0000  -0.0000   0.0000  -0.0000  -0.0000    0.867
   114   0.2519   0.0000  -0.5550  37.2046  13.7657   0.0000  -0.0000   0.0000   0.0000  -0.0000   0.0000  -0.0000  -0.0000    0.746
   115   0.0491   0.0000  -0.1850  37.8093  13.9895   0.0000  -0.0000   0.0000   0.0000   0.0000   0.0000  -0.0000  -0.0000    0.433
   116   0.0491   0.0000   0.1850  37.8093  13.9895   0.0000   0.0000   0.0000   0.0000  -0.0000   0.0000   0.0000   0.0000   -0.012
   117   0.2519   0.0000   0.5550  37.2047  13.7657  -0.0000  -0.0000  -0.0000  -0.0000   0.0000   0.0000   0.0000   0.0000  999.000
   118   0.6886   0.0000   0.9250  35.9024  13.2839   0.0000   0.0000   0.0000   0.0000   0.0000   0.0000  -0.0000  -0.0000    0.251
   119   1.4576   0.0000   1.2950  33.6099  12.4357  -0.0000   0.0000  -0.0000  -0.0000  -0.0000   0.0000   0.0000   0.0000  999.000
   120   3.4011   0.0000   1.6650  27.8154  10.2917   0.0000   0.0000   0.0000   0.0000   0.0000   0.0000  -0.0000  -0.0000    0.373
 ---------------------------------------------------------------
