 ---------------------------------------------------------------
 Surface and Strip Forces by surface

  Sref =  114.28       Cref =  3.9000       Bref =  35.408    
  Xref =  18.175       Yref =  0.0000       Zref =-0.93235    

  Surface # 1     main_wing                               
     # Chordwise = 10   # Spanwise = 20     First strip =  1
     Surface area Ssurf =   57.406339     Ave. chord Cave =    3.226606

 Forces referred to Sref, Cref, Bref about Xref, Yref, Zref
 Standard axis orientation,  X fwd, Z down         
     CLsurf  =   0.45209     Clsurf  =  -0.09121
     CYsurf  =  -0.01261     Cmsurf  =  -0.19723
     CDsurf  =   0.01276     Cnsurf  =  -0.01177
     CDisurf =   0.01276     CDvsurf =   0.00000

 Forces referred to Ssurf, Cave 
     CLsurf  =   0.89892     CDsurf  =   0.02541

 Strip Forces referred to Strip Area, Chord
    j     Xle      Yle      Zle      Chord    Area     c_cl     ai     cl_norm    cl       cd       cdv    cm_c/4     cm_LE   C.P.x/c
     1  15.6425   0.0298  -0.9323   5.8533   0.6958   4.3485   0.0836   0.7418   0.7418   0.0634   0.0000  -0.0394  -0.2251    0.303
     2  15.6425   0.2668  -0.9323   5.8533   2.0703   4.3429   0.0835   0.7409   0.7409   0.0626   0.0000  -0.0394  -0.2249    0.303
     3  15.6425   0.7350  -0.9323   5.8533   3.3938   4.3015   0.0777   0.7337   0.7337   0.0631   0.0000  -0.0390  -0.2228    0.303
     4  15.6425   1.4228  -0.9323   5.8533   4.6337   4.2060   0.0619   0.7168   0.7168   0.0660   0.0000  -0.0376  -0.2173    0.302
     5  15.8704   2.2168  -0.8931   5.6422   4.4344   4.0224   0.0462   0.8775   0.7129   0.0539   0.0000  -0.0346  -0.1818    0.298
     6  16.3905   3.0679  -0.8037   5.1603   4.7486   3.8995   0.0398   0.9336   0.7585   0.0385   0.0000  -0.0278  -0.1852    0.287
     7  17.0597   4.1628  -0.6886   4.5403   5.8190   3.7383   0.0420   1.0196   0.8283   0.0296   0.0000  -0.0270  -0.1990    0.283
     8  17.8739   5.4947  -0.5487   3.7862   5.2579   3.5076   0.0486   1.1494   0.9338   0.0215   0.0000  -0.0287  -0.2224    0.281
     9  18.6203   6.8102  -0.4104   3.2705   4.0749   3.2691   0.0475   1.2412   1.0091   0.0123   0.0000  -0.0252  -0.2446    0.275
    10  19.2714   8.0689  -0.2781   3.0279   3.8678   3.0719   0.0467   1.2604   1.0248   0.0089   0.0000  -0.0237  -0.2466    0.273
    11  19.9307   9.3432  -0.1442   2.7823   3.5541   2.8703   0.0432   1.2824   1.0426   0.0056   0.0000  -0.0231  -0.2499    0.272
    12  20.5818  10.6018  -0.0119   2.5396   3.1643   2.6621   0.0403   1.3036   1.0598   0.0024   0.0000  -0.0228  -0.2533    0.272
    13  21.2088  11.8138   0.1155   2.3060   2.7299   2.4490   0.0385   1.3213   1.0742  -0.0006   0.0000  -0.0224  -0.2560    0.271
    14  21.8404  13.0346   0.2439   2.0707   2.6095   2.2241   0.0380   1.3367   1.0868  -0.0029   0.0000  -0.0222  -0.2585    0.270
    15  22.4556  14.2238   0.3688   1.8415   2.0696   1.9890   0.0409   1.3447   1.0933  -0.0055   0.0000  -0.0209  -0.2587    0.269
    16  22.9933  15.2632   0.4781   1.6411   1.5753   1.7537   0.0493   1.3307   1.0819  -0.0073   0.0000  -0.0178  -0.2534    0.266
    17  23.4403  16.1272   0.5689   1.4746   1.1388   1.5078   0.0663   1.2736   1.0354  -0.0082   0.0000  -0.0104  -0.2366    0.260
    18  23.7855  16.7945   0.6390   1.3460   0.7613   1.2249   0.0919   1.1338   0.9218  -0.0090   0.0000   0.0044  -0.1984    0.245
    19  24.0648  17.3344   0.6958   1.2419   0.6123   0.8505   0.1200   0.8533   0.6937  -0.0075   0.0000   0.0233  -0.1315    0.216
    20  24.2348  17.6629   0.7303   1.1786   0.1953   0.3022   0.1391   0.3202   0.2604  -0.0071   0.0000   0.0214  -0.0380    0.168

  Surface # 2     main_wing (YDUP)                        
     # Chordwise = 10   # Spanwise = 20     First strip = 21
     Surface area Ssurf =   57.406339     Ave. chord Cave =    3.226606

 Forces referred to Sref, Cref, Bref about Xref, Yref, Zref
 Standard axis orientation,  X fwd, Z down         
     CLsurf  =   0.45209     Clsurf  =   0.09121
     CYsurf  =   0.01261     Cmsurf  =  -0.19723
     CDsurf  =   0.01276     Cnsurf  =   0.01177
     CDisurf =   0.01276     CDvsurf =   0.00000

 Forces referred to Ssurf, Cave 
     CLsurf  =   0.89892     CDsurf  =   0.02541

 Strip Forces referred to Strip Area, Chord
    j     Xle      Yle      Zle      Chord    Area     c_cl     ai     cl_norm    cl       cd       cdv    cm_c/4     cm_LE   C.P.x/c
    21  15.6425  -0.0298  -0.9323   5.8533   0.6958   4.3485   0.0836   0.7418   0.7418   0.0634   0.0000  -0.0394   0.2251    0.303
    22  15.6425  -0.2668  -0.9323   5.8533   2.0703   4.3429   0.0835   0.7409   0.7409   0.0626   0.0000  -0.0394   0.2249    0.303
    23  15.6425  -0.7350  -0.9323   5.8533   3.3938   4.3015   0.0777   0.7337   0.7337   0.0631   0.0000  -0.0390   0.2228    0.303
    24  15.6425  -1.4228  -0.9323   5.8533   4.6337   4.2060   0.0619   0.7168   0.7168   0.0660   0.0000  -0.0376   0.2173    0.302
    25  15.8704  -2.2168  -0.8931   5.6422   4.4344   4.0224   0.0462   0.8775   0.7129   0.0539   0.0000  -0.0346   0.1818    0.298
    26  16.3905  -3.0679  -0.8037   5.1603   4.7486   3.8995   0.0398   0.9336   0.7585   0.0385   0.0000  -0.0278   0.1852    0.287
    27  17.0597  -4.1628  -0.6886   4.5403   5.8190   3.7383   0.0420   1.0196   0.8283   0.0296   0.0000  -0.0270   0.1990    0.283
    28  17.8739  -5.4947  -0.5487   3.7862   5.2579   3.5076   0.0486   1.1494   0.9338   0.0215   0.0000  -0.0287   0.2224    0.281
    29  18.6203  -6.8102  -0.4104   3.2705   4.0749   3.2691   0.0475   1.2412   1.0091   0.0123   0.0000  -0.0252   0.2446    0.275
    30  19.2714  -8.0689  -0.2781   3.0279   3.8678   3.0719   0.0467   1.2604   1.0248   0.0089   0.0000  -0.0237   0.2466    0.273
    31  19.9307  -9.3432  -0.1442   2.7823   3.5541   2.8703   0.0432   1.2824   1.0426   0.0056   0.0000  -0.0231   0.2499    0.272
    32  20.5818 -10.6018  -0.0119   2.5396   3.1643   2.6621   0.0403   1.3036   1.0598   0.0024   0.0000  -0.0228   0.2533    0.272
    33  21.2088 -11.8138   0.1155   2.3060   2.7299   2.4490   0.0385   1.3213   1.0742  -0.0006   0.0000  -0.0224   0.2560    0.271
    34  21.8404 -13.0346   0.2439   2.0707   2.6095   2.2241   0.0380   1.3367   1.0868  -0.0029   0.0000  -0.0222   0.2585    0.270
    35  22.4556 -14.2238   0.3688   1.8415   2.0696   1.9890   0.0409   1.3447   1.0933  -0.0055   0.0000  -0.0209   0.2587    0.269
    36  22.9933 -15.2632   0.4781   1.6411   1.5753   1.7537   0.0493   1.3307   1.0819  -0.0073   0.0000  -0.0178   0.2534    0.266
    37  23.4403 -16.1272   0.5689   1.4746   1.1388   1.5078   0.0663   1.2736   1.0354  -0.0082   0.0000  -0.0104   0.2366    0.260
    38  23.7855 -16.7945   0.6390   1.3460   0.7613   1.2249   0.0919   1.1338   0.9218  -0.0090   0.0000   0.0044   0.1984    0.245
    39  24.0648 -17.3344   0.6958   1.2419   0.6123   0.8505   0.1200   0.8533   0.6937  -0.0075   0.0000   0.0233   0.1315    0.216
    40  24.2348 -17.6629   0.7303   1.1786   0.1953   0.3022   0.1391   0.3202   0.2604  -0.0071   0.0000   0.0214   0.0380    0.168

  Surface # 3     horizontal_stabilizer                   
     # Chordwise = 10   # Spanwise = 20     First strip = 41
     Surface area Ssurf =   16.275349     Ave. chord Cave =    2.806191

 Forces referred to Sref, Cref, Bref about Xref, Yref, Zref
 Standard axis orientation,  X fwd, Z down         
     CLsurf  =  -0.03060     Clsurf  =   0.00212
     CYsurf  =  -0.00122     Cmsurf  =   0.14568
     CDsurf  =  -0.00141     Cnsurf  =   0.00087
     CDisurf =  -0.00141     CDvsurf =   0.00000

 Forces referred to Ssurf, Cave 
     CLsurf  =  -0.21487     CDsurf  =  -0.00993

 Strip Forces referred to Strip Area, Chord
    j     Xle      Yle      Zle      Chord    Area     c_cl     ai     cl_norm    cl       cd       cdv    cm_c/4     cm_LE   C.P.x/c
    41  32.2619   0.0084   1.0597   3.9461   0.1328  -0.2695   0.2570  -0.1007  -0.0724   0.0219   0.0000   0.0662   0.0671    1.164
    42  32.3111   0.0755   1.0597   3.9196   0.3924  -0.2736   0.2500  -0.0961  -0.0691  -0.0099   0.0000   0.0671   0.0682    1.221
    43  32.4083   0.2081   1.0597   3.8674   0.6348  -0.2974   0.2447  -0.1055  -0.0759  -0.0127   0.0000   0.0705   0.0723    1.179
    44  32.5511   0.4028   1.0597   3.7906   0.8495  -0.3741   0.2420  -0.1355  -0.0974  -0.0158   0.0000   0.0800   0.0844    1.072
    45  32.7446   0.6666   1.0597   3.6866   1.1177  -0.6367   0.0025  -0.2426  -0.1744  -0.0019   0.0000   0.1132   0.1261    0.899
    46  32.9867   0.9967   1.0597   3.5564   1.2625  -0.7655   0.0034  -0.3016  -0.2168  -0.0058   0.0000   0.1288   0.1473    0.844
    47  33.2637   1.3744   1.0597   3.4075   1.3564  -0.8418   0.0049  -0.3457  -0.2485  -0.0089   0.0000   0.1381   0.1611    0.806
    48  33.5689   1.7904   1.0597   3.2436   1.3990  -0.8775   0.0064  -0.3783  -0.2719  -0.0114   0.0000   0.1437   0.1704    0.778
    49  33.8945   2.2344   1.0597   3.0685   1.3929  -0.8754   0.0076  -0.3987  -0.2866  -0.0130   0.0000   0.1473   0.1763    0.764
    50  34.2327   2.6955   1.0597   2.8867   1.3435  -0.8363   0.0079  -0.4048  -0.2909  -0.0136   0.0000   0.1497   0.1792    0.765
    51  34.5752   3.1623   1.0597   2.7027   1.2578  -0.7648   0.0072  -0.3954  -0.2842  -0.0131   0.0000   0.1516   0.1793    0.783
    52  34.9134   3.6234   1.0597   2.5209   1.1444  -0.6738   0.0051  -0.3736  -0.2685  -0.0119   0.0000   0.1527   0.1770    0.819
    53  35.2390   4.0674   1.0597   2.3458   1.0118  -0.5791   0.0008  -0.3451  -0.2480  -0.0105   0.0000   0.1525   0.1727    0.865
    54  35.5442   4.4834   1.0597   2.1819   0.8685  -0.4899  -0.0071  -0.3140  -0.2257  -0.0093   0.0000   0.1498   0.1660    0.914
    55  35.8212   4.8611   1.0597   2.0330   0.7217  -0.4022  -0.0208  -0.2767  -0.1989  -0.0082   0.0000   0.1418   0.1542    0.963
    56  36.0633   5.1912   1.0597   1.9028   0.5769  -0.2913  -0.0406  -0.2139  -0.1537  -0.0070   0.0000   0.1213   0.1287    1.039
    57  36.2471   5.4418   1.0597   1.8040   0.3594  -0.0599   0.1807  -0.0442  -0.0318  -0.0118   0.0000   0.0611   0.0559  999.000
    58  36.3741   5.6149   1.0597   1.7358   0.2532   0.0015   0.1710   0.0024   0.0017  -0.0058   0.0000   0.0385   0.0309  999.000
    59  36.4605   5.7327   1.0597   1.6894   0.1504   0.0145   0.1655   0.0127   0.0092  -0.0032   0.0000   0.0228   0.0166  999.000
    60  36.5042   5.7923   1.0597   1.6659   0.0498   0.0068   0.1629   0.0062   0.0044  -0.0018   0.0000   0.0077   0.0054  999.000

  Surface # 4     horizontal_stabilizer (YDUP)            
     # Chordwise = 10   # Spanwise = 20     First strip = 61
     Surface area Ssurf =   16.275349     Ave. chord Cave =    2.806191

 Forces referred to Sref, Cref, Bref about Xref, Yref, Zref
 Standard axis orientation,  X fwd, Z down         
     CLsurf  =  -0.03060     Clsurf  =  -0.00212
     CYsurf  =   0.00122     Cmsurf  =   0.14568
     CDsurf  =  -0.00141     Cnsurf  =  -0.00087
     CDisurf =  -0.00141     CDvsurf =   0.00000

 Forces referred to Ssurf, Cave 
     CLsurf  =  -0.21487     CDsurf  =  -0.00993

 Strip Forces referred to Strip Area, Chord
    j     Xle      Yle      Zle      Chord    Area     c_cl     ai     cl_norm    cl       cd       cdv    cm_c/4     cm_LE   C.P.x/c
    61  32.2619  -0.0084   1.0597   3.9461   0.1328  -0.2695   0.2570  -0.1007  -0.0724   0.0219   0.0000   0.0662  -0.0671    1.164
    62  32.3111  -0.0755   1.0597   3.9196   0.3924  -0.2736   0.2500  -0.0961  -0.0691  -0.0099   0.0000   0.0671  -0.0682    1.221
    63  32.4083  -0.2081   1.0597   3.8674   0.6348  -0.2974   0.2447  -0.1055  -0.0759  -0.0127   0.0000   0.0705  -0.0723    1.179
    64  32.5511  -0.4028   1.0597   3.7906   0.8495  -0.3741   0.2420  -0.1355  -0.0974  -0.0158   0.0000   0.0800  -0.0844    1.072
    65  32.7446  -0.6666   1.0597   3.6866   1.1177  -0.6367   0.0025  -0.2426  -0.1744  -0.0019   0.0000   0.1132  -0.1261    0.899
    66  32.9867  -0.9967   1.0597   3.5564   1.2625  -0.7655   0.0034  -0.3016  -0.2168  -0.0058   0.0000   0.1288  -0.1473    0.844
    67  33.2637  -1.3744   1.0597   3.4075   1.3564  -0.8418   0.0049  -0.3457  -0.2485  -0.0089   0.0000   0.1381  -0.1611    0.806
    68  33.5689  -1.7904   1.0597   3.2436   1.3990  -0.8775   0.0064  -0.3783  -0.2719  -0.0114   0.0000   0.1437  -0.1704    0.778
    69  33.8945  -2.2344   1.0597   3.0685   1.3929  -0.8754   0.0076  -0.3987  -0.2866  -0.0130   0.0000   0.1473  -0.1763    0.764
    70  34.2327  -2.6955   1.0597   2.8867   1.3435  -0.8363   0.0079  -0.4048  -0.2909  -0.0136   0.0000   0.1497  -0.1792    0.765
    71  34.5752  -3.1623   1.0597   2.7027   1.2578  -0.7648   0.0072  -0.3954  -0.2842  -0.0131   0.0000   0.1516  -0.1793    0.783
    72  34.9134  -3.6234   1.0597   2.5209   1.1444  -0.6738   0.0051  -0.3736  -0.2685  -0.0119   0.0000   0.1527  -0.1770    0.819
    73  35.2390  -4.0674   1.0597   2.3458   1.0118  -0.5791   0.0008  -0.3451  -0.2480  -0.0105   0.0000   0.1525  -0.1727    0.865
    74  35.5442  -4.4834   1.0597   2.1819   0.8685  -0.4899  -0.0071  -0.3140  -0.2257  -0.0093   0.0000   0.1498  -0.1660    0.914
    75  35.8212  -4.8611   1.0597   2.0330   0.7217  -0.4022  -0.0208  -0.2767  -0.1989  -0.0082   0.0000   0.1418  -0.1542    0.963
    76  36.0633  -5.1912   1.0597   1.9028   0.5769  -0.2913  -0.0406  -0.2139  -0.1537  -0.0070   0.0000   0.1213  -0.1287    1.039
    77  36.2471  -5.4418   1.0597   1.8040   0.3594  -0.0599   0.1807  -0.0442  -0.0318  -0.0118   0.0000   0.0611  -0.0559  999.000
    78  36.3741  -5.6149   1.0597   1.7358   0.2532   0.0015   0.1710   0.0024   0.0017  -0.0058   0.0000   0.0385  -0.0309  999.000
    79  36.4605  -5.7327   1.0597   1.6894   0.1504   0.0145   0.1655   0.0127   0.0092  -0.0032   0.0000   0.0228  -0.0166  999.000
    80  36.5042  -5.7923   1.0597   1.6659   0.0498   0.0068   0.1629   0.0062   0.0044  -0.0018   0.0000   0.0077  -0.0054  999.000

  Surface # 5     vertical_stabilizer                     
     # Chordwise = 10   # Spanwise = 20     First strip = 81
     Surface area Ssurf =   27.042708     Ave. chord Cave =    4.720731

 Forces referred to Sref, Cref, Bref about Xref, Yref, Zref
 Standard axis orientation,  X fwd, Z down         
     CLsurf  =   0.00000     Clsurf  =  -0.00000
     CYsurf  =  -0.00000     Cmsurf  =  -0.00000
     CDsurf  =  -0.00000     Cnsurf  =   0.00000
     CDisurf =  -0.00000     CDvsurf =   0.00000

 Forces referred to Ssurf, Cave 
     CLsurf  =   0.00000     CDsurf  =  -0.00000

 Strip Forces referred to Strip Area, Chord
    j     Xle      Yle      Zle      Chord    Area     c_cl     ai     cl_norm    cl       cd       cdv    cm_c/4     cm_LE   C.P.x/c
    81  34.1026   0.0000   1.0901   7.1191   0.5459   0.0000   0.0000   0.0000   0.0000   0.0000   0.0000  -0.0000  -0.0000    0.358
    82  34.2314   0.0000   1.1983   7.0276   0.9775   0.0000   0.0000   0.0000   0.0000  -0.0000   0.0000  -0.0000  -0.0000    0.276
    83  34.4331   0.0000   1.3677   6.8842   1.3694   0.0000  -0.0000   0.0000   0.0000   0.0000   0.0000   0.0000  -0.0000    0.178
    84  34.7038   0.0000   1.5951   6.6918   1.7040   0.0000  -0.0000   0.0000   0.0000  -0.0000   0.0000   0.0000  -0.0000    0.211
    85  35.0377   0.0000   1.8756   6.4544   1.9680   0.0000  -0.0000   0.0000   0.0000   0.0000   0.0000   0.0000  -0.0000    0.017
    86  35.4277   0.0000   2.2032   6.1771   2.1523   0.0000   0.0000   0.0000   0.0000  -0.0000   0.0000  -0.0000  -0.0000    0.270
    87  35.8650   0.0000   2.5705   5.8662   2.2535   0.0000   0.0000   0.0000   0.0000  -0.0000   0.0000  -0.0000  -0.0000    0.273
    88  36.3398   0.0000   2.9693   5.5287   2.2729   0.0000  -0.0000   0.0000   0.0000  -0.0000   0.0000   0.0000   0.0000   -0.072
    89  36.8411   0.0000   3.3904   5.1723   2.2171   0.0000  -0.0000   0.0000   0.0000  -0.0000   0.0000   0.0000   0.0000   -0.030
    90  37.3575   0.0000   3.8241   4.8052   2.0965   0.0000   0.0000   0.0000   0.0000   0.0000   0.0000   0.0000  -0.0000    0.053
    91  37.8769   0.0000   4.2604   4.4360   1.9243   0.0000  -0.0000   0.0000   0.0000   0.0000   0.0000   0.0000  -0.0000    0.152
    92  38.3873   0.0000   4.6892   4.0731   1.7155   0.0000   0.0000   0.0000   0.0000   0.0000   0.0000   0.0000  -0.0000    0.233
    93  38.8768   0.0000   5.1003   3.7251   1.4852   0.0000   0.0000   0.0000   0.0000  -0.0000   0.0000  -0.0000  -0.0000    0.361
    94  39.3338   0.0000   5.4842   3.4002   1.2475   0.0000  -0.0000   0.0000   0.0000   0.0000   0.0000  -0.0000  -0.0000    0.297
    95  39.7477   0.0000   5.8319   3.1059   1.0138   0.0000   0.0000   0.0000   0.0000   0.0000   0.0000  -0.0000  -0.0000    0.362
    96  40.1088   0.0000   6.1352   2.8493   0.7929   0.0000  -0.0000   0.0000   0.0000  -0.0000   0.0000   0.0000  -0.0000    0.173
    97  40.4084   0.0000   6.3868   2.6363   0.5894   0.0000   0.0000   0.0000   0.0000   0.0000   0.0000  -0.0000  -0.0000    0.263
    98  40.6395   0.0000   6.5810   2.4720   0.4044   0.0000   0.0000   0.0000   0.0000  -0.0000   0.0000  -0.0000  -0.0000    0.320
    99  40.7967   0.0000   6.7130   2.3602   0.2354   0.0000   0.0000   0.0000   0.0000   0.0000   0.0000  -0.0000  -0.0000    0.311
   100  40.8762   0.0000   6.7798   2.3037   0.0772   0.0000  -0.0000   0.0000   0.0000  -0.0000   0.0000   0.0000  -0.0000    0.216

  Surface # 6     fuselage_horizontal                     
     # Chordwise = 10   # Spanwise = 10     First strip =101
     Surface area Ssurf =  127.532895     Ave. chord Cave =   34.468350

 Forces referred to Sref, Cref, Bref about Xref, Yref, Zref
 Standard axis orientation,  X fwd, Z down         
     CLsurf  =  -0.00188     Clsurf  =  -0.00000
     CYsurf  =   0.00000     Cmsurf  =   0.10310
     CDsurf  =  -0.00081     Cnsurf  =  -0.00000
     CDisurf =  -0.00081     CDvsurf =   0.00000

 Forces referred to Ssurf, Cave 
     CLsurf  =  -0.00169     CDsurf  =  -0.00072

 Strip Forces referred to Strip Area, Chord
    j     Xle      Yle      Zle      Chord    Area     c_cl     ai     cl_norm    cl       cd       cdv    cm_c/4     cm_LE   C.P.x/c
   101   3.4011  -1.6650   0.0000  27.8154  10.2917   0.0867   0.0835   0.0163   0.0035  -0.0021   0.0000   0.0093   0.0011  999.000
   102   1.4576  -1.2950   0.0000  33.6099  12.4357   0.0386   0.0705   0.0019   0.0013  -0.0010   0.0000   0.0103   0.0036  999.000
   103   0.6886  -0.9250   0.0000  35.9024  13.2839  -0.0146   0.1416  -0.0003  -0.0003  -0.0008   0.0000   0.0107   0.0059  999.000
   104   0.2519  -0.5550   0.0000  37.2046  13.7657  -0.1408   0.1577  -0.0040  -0.0038  -0.0003   0.0000   0.0112   0.0094  999.000
   105   0.0491  -0.1850   0.0000  37.8093  13.9895  -0.2760   0.1578  -0.0074  -0.0074   0.0002   0.0000   0.0117   0.0131    1.834
   106   0.0491   0.1850   0.0000  37.8093  13.9895  -0.2760   0.1578  -0.0074  -0.0074   0.0002   0.0000   0.0117   0.0131    1.834
   107   0.2519   0.5550   0.0000  37.2047  13.7657  -0.1408   0.1577  -0.0040  -0.0038  -0.0003   0.0000   0.0112   0.0094  999.000
   108   0.6886   0.9250   0.0000  35.9024  13.2839  -0.0146   0.1416  -0.0003  -0.0003  -0.0008   0.0000   0.0107   0.0059  999.000
   109   1.4576   1.2950   0.0000  33.6099  12.4357   0.0386   0.0705   0.0019   0.0013  -0.0010   0.0000   0.0103   0.0036  999.000
   110   3.4011   1.6650   0.0000  27.8154  10.2917   0.0867   0.0835   0.0163   0.0035  -0.0021   0.0000   0.0093   0.0011  999.000

  Surface # 7     fuselage_vertical                       
     # Chordwise = 10   # Spanwise = 10     First strip =111
     Surface area Ssurf =  127.532895     Ave. chord Cave =   34.468350

 Forces referred to Sref, Cref, Bref about Xref, Yref, Zref
 Standard axis orientation,  X fwd, Z down         
     CLsurf  =  -0.00000     Clsurf  =   0.00000
     CYsurf  =   0.00000     Cmsurf  =   0.00000
     CDsurf  =   0.00000     Cnsurf  =  -0.00000
     CDisurf =   0.00000     CDvsurf =   0.00000

 Forces referred to Ssurf, Cave 
     CLsurf  =  -0.00000     CDsurf  =   0.00000

 Strip Forces referred to Strip Area, Chord
    j     Xle      Yle      Zle      Chord    Area     c_cl     ai     cl_norm    cl       cd       cdv    cm_c/4     cm_LE   C.P.x/c
   111   3.4011   0.0000  -1.6650  27.8154  10.2917   0.0000   0.0000   0.0000   0.0000  -0.0000   0.0000  -0.0000  -0.0000  999.000
   112   1.4576   0.0000  -1.2950  33.6099  12.4357  -0.0000   0.0000  -0.0000  -0.0000   0.0000   0.0000   0.0000   0.0000    0.776
   113   0.6886   0.0000  -0.9250  35.9024  13.2839  -0.0000   0.0000  -0.0000  -0.0000  -0.0000   0.0000   0.0000   0.0000    0.916
   114   0.2519   0.0000  -0.5550  37.2046  13.7657  -0.0000   0.0000  -0.0000  -0.0000   0.0000   0.0000   0.0000   0.0000  999.000
   115   0.0491   0.0000  -0.1850  37.8093  13.9895  -0.0000   0.0000  -0.0000  -0.0000  -0.0000   0.0000   0.0000   0.0000    1.817
   116   0.0491   0.0000   0.1850  37.8093  13.9895  -0.0000  -0.0000  -0.0000  -0.0000  -0.0000   0.0000   0.0000   0.0000    1.185
   117   0.2519   0.0000   0.5550  37.2047  13.7657  -0.0000  -0.0000  -0.0000  -0.0000  -0.0000   0.0000   0.0000   0.0000    1.112
   118   0.6886   0.0000   0.9250  35.9024  13.2839   0.0000   0.0000   0.0000   0.0000  -0.0000   0.0000  -0.0000  -0.0000    1.031
   119   1.4576   0.0000   1.2950  33.6099  12.4357   0.0000  -0.0000   0.0000   0.0000   0.0000   0.0000  -0.0000  -0.0000    1.573
   120   3.4011   0.0000   1.6650  27.8154  10.2917   0.0000  -0.0000   0.0000   0.0000   0.0000   0.0000  -0.0000  -0.0000    0.639
 ---------------------------------------------------------------
