 ---------------------------------------------------------------
 Surface and Strip Forces by surface

  Sref =  114.28       Cref =  3.9000       Bref =  35.408    
  Xref =  18.175       Yref =  0.0000       Zref =-0.93235    

  Surface # 1     main_wing                               
     # Chordwise = 10   # Spanwise = 20     First strip =  1
     Surface area Ssurf =   57.406339     Ave. chord Cave =    3.226606

 Forces referred to Sref, Cref, Bref about Xref, Yref, Zref
 Standard axis orientation,  X fwd, Z down         
     CLsurf  =   1.02698     Clsurf  =  -0.19197
     CYsurf  =   0.09174     Cmsurf  =  -0.44329
     CDsurf  =   0.06771     Cnsurf  =  -0.08514
     CDisurf =   0.06771     CDvsurf =   0.00000

 Forces referred to Ssurf, Cave 
     CLsurf  =   2.02418     CDsurf  =   0.13480

 Strip Forces referred to Strip Area, Chord
    j     Xle      Yle      Zle      Chord    Area     c_cl     ai     cl_norm    cl       cd       cdv    cm_c/4     cm_LE   C.P.x/c
     1  15.6425   0.0298  -0.9323   5.8533   0.6958   9.5051   0.2050   1.6230   1.6230   0.3516   0.0000  -0.0665  -0.4725    0.291
     2  15.6425   0.2668  -0.9323   5.8533   2.0703   9.4920   0.2037   1.6211   1.6211   0.3502   0.0000  -0.0664  -0.4718    0.291
     3  15.6425   0.7350  -0.9323   5.8533   3.3938   9.4039   0.1906   1.6036   1.6036   0.3525   0.0000  -0.0646  -0.4662    0.290
     4  15.6425   1.4228  -0.9323   5.8533   4.6337   9.2229   0.1555   1.5649   1.5649   0.3630   0.0000  -0.0587  -0.4526    0.287
     5  15.8704   2.2168  -0.8931   5.6422   4.4344   8.4986   0.1204   1.8702   1.5321   0.2746   0.0000  -0.0533  -0.3673    0.285
     6  16.3905   3.0679  -0.8037   5.1603   4.7486   8.3305   0.1083   2.0587   1.6866   0.1980   0.0000  -0.0336  -0.3736    0.270
     7  17.0597   4.1628  -0.6886   4.5403   5.8190   8.0114   0.1102   2.2859   1.8726   0.1532   0.0000  -0.0279  -0.4008    0.265
     8  17.8739   5.4947  -0.5487   3.7862   5.2579   7.4741   0.1155   2.5959   2.1266   0.1031   0.0000  -0.0301  -0.4474    0.264
     9  18.6203   6.8102  -0.4104   3.2705   4.0749   6.9197   0.1044   2.8119   2.3051   0.0514   0.0000  -0.0219  -0.4898    0.259
    10  19.2714   8.0689  -0.2781   3.0279   3.8678   6.4689   0.1015   2.8469   2.3338   0.0385   0.0000  -0.0199  -0.4926    0.259
    11  19.9307   9.3432  -0.1442   2.7823   3.5541   6.0181   0.0937   2.8903   2.3695   0.0246   0.0000  -0.0193  -0.4980    0.258
    12  20.5818  10.6018  -0.0119   2.5396   3.1643   5.5609   0.0871   2.9336   2.4049   0.0111   0.0000  -0.0189  -0.5036    0.258
    13  21.2088  11.8138   0.1155   2.3060   2.7299   5.0997   0.0831   2.9700   2.4348  -0.0015   0.0000  -0.0183  -0.5078    0.257
    14  21.8404  13.0346   0.2439   2.0707   2.6095   4.6183   0.0819   3.0005   2.4598  -0.0108   0.0000  -0.0181  -0.5119    0.257
    15  22.4556  14.2238   0.3688   1.8415   2.0696   4.1213   0.0880   3.0168   2.4731  -0.0212   0.0000  -0.0160  -0.5117    0.256
    16  22.9933  15.2632   0.4781   1.6411   1.5753   3.6308   0.1072   2.9854   2.4474  -0.0268   0.0000  -0.0107  -0.5013    0.254
    17  23.4403  16.1272   0.5689   1.4746   1.1388   3.1259   0.1470   2.8612   2.3455  -0.0267   0.0000   0.0019  -0.4695    0.249
    18  23.7855  16.7945   0.6390   1.3460   0.7613   2.5507   0.2097   2.5587   2.0976  -0.0254   0.0000   0.0287  -0.3958    0.236
    19  24.0648  17.3344   0.6958   1.2419   0.6123   1.7837   0.2828   1.9371   1.5880  -0.0156   0.0000   0.0646  -0.2618    0.209
    20  24.2348  17.6629   0.7303   1.1786   0.1953   0.6369   0.3338   0.7390   0.6059  -0.0240   0.0000   0.0543  -0.0718    0.160

  Surface # 2     main_wing (YDUP)                        
     # Chordwise = 10   # Spanwise = 20     First strip = 21
     Surface area Ssurf =   57.406339     Ave. chord Cave =    3.226606

 Forces referred to Sref, Cref, Bref about Xref, Yref, Zref
 Standard axis orientation,  X fwd, Z down         
     CLsurf  =   1.02698     Clsurf  =   0.19197
     CYsurf  =  -0.09174     Cmsurf  =  -0.44329
     CDsurf  =   0.06771     Cnsurf  =   0.08514
     CDisurf =   0.06771     CDvsurf =   0.00000

 Forces referred to Ssurf, Cave 
     CLsurf  =   2.02418     CDsurf  =   0.13480

 Strip Forces referred to Strip Area, Chord
    j     Xle      Yle      Zle      Chord    Area     c_cl     ai     cl_norm    cl       cd       cdv    cm_c/4     cm_LE   C.P.x/c
    21  15.6425  -0.0298  -0.9323   5.8533   0.6958   9.5051   0.2050   1.6230   1.6230   0.3516   0.0000  -0.0665   0.4725    0.291
    22  15.6425  -0.2668  -0.9323   5.8533   2.0703   9.4920   0.2037   1.6211   1.6211   0.3502   0.0000  -0.0664   0.4718    0.291
    23  15.6425  -0.7350  -0.9323   5.8533   3.3938   9.4039   0.1906   1.6036   1.6036   0.3525   0.0000  -0.0646   0.4662    0.290
    24  15.6425  -1.4228  -0.9323   5.8533   4.6337   9.2229   0.1555   1.5649   1.5649   0.3630   0.0000  -0.0587   0.4526    0.287
    25  15.8704  -2.2168  -0.8931   5.6422   4.4344   8.4986   0.1204   1.8702   1.5321   0.2746   0.0000  -0.0533   0.3673    0.285
    26  16.3905  -3.0679  -0.8037   5.1603   4.7486   8.3305   0.1083   2.0587   1.6866   0.1980   0.0000  -0.0336   0.3736    0.270
    27  17.0597  -4.1628  -0.6886   4.5403   5.8190   8.0114   0.1102   2.2859   1.8726   0.1532   0.0000  -0.0279   0.4008    0.265
    28  17.8739  -5.4947  -0.5487   3.7862   5.2579   7.4741   0.1155   2.5959   2.1266   0.1031   0.0000  -0.0301   0.4474    0.264
    29  18.6203  -6.8102  -0.4104   3.2705   4.0749   6.9197   0.1044   2.8119   2.3051   0.0514   0.0000  -0.0219   0.4898    0.259
    30  19.2714  -8.0689  -0.2781   3.0279   3.8678   6.4689   0.1015   2.8469   2.3338   0.0385   0.0000  -0.0199   0.4926    0.259
    31  19.9307  -9.3432  -0.1442   2.7823   3.5541   6.0181   0.0937   2.8903   2.3695   0.0246   0.0000  -0.0193   0.4980    0.258
    32  20.5818 -10.6018  -0.0119   2.5396   3.1643   5.5609   0.0871   2.9336   2.4049   0.0111   0.0000  -0.0189   0.5036    0.258
    33  21.2088 -11.8138   0.1155   2.3060   2.7299   5.0997   0.0831   2.9700   2.4348  -0.0015   0.0000  -0.0183   0.5078    0.257
    34  21.8404 -13.0346   0.2439   2.0707   2.6095   4.6183   0.0819   3.0005   2.4598  -0.0108   0.0000  -0.0181   0.5119    0.257
    35  22.4556 -14.2238   0.3688   1.8415   2.0696   4.1213   0.0880   3.0168   2.4731  -0.0212   0.0000  -0.0160   0.5117    0.256
    36  22.9933 -15.2632   0.4781   1.6411   1.5753   3.6308   0.1072   2.9854   2.4474  -0.0268   0.0000  -0.0107   0.5013    0.254
    37  23.4403 -16.1272   0.5689   1.4746   1.1388   3.1259   0.1470   2.8612   2.3455  -0.0267   0.0000   0.0019   0.4695    0.249
    38  23.7855 -16.7945   0.6390   1.3460   0.7613   2.5507   0.2097   2.5587   2.0976  -0.0254   0.0000   0.0287   0.3958    0.236
    39  24.0648 -17.3344   0.6958   1.2419   0.6123   1.7837   0.2828   1.9371   1.5880  -0.0156   0.0000   0.0646   0.2618    0.209
    40  24.2348 -17.6629   0.7303   1.1786   0.1953   0.6369   0.3338   0.7390   0.6059  -0.0240   0.0000   0.0543   0.0718    0.160

  Surface # 3     horizontal_stabilizer                   
     # Chordwise = 10   # Spanwise = 20     First strip = 41
     Surface area Ssurf =   16.275349     Ave. chord Cave =    2.806191

 Forces referred to Sref, Cref, Bref about Xref, Yref, Zref
 Standard axis orientation,  X fwd, Z down         
     CLsurf  =  -0.06337     Clsurf  =   0.00394
     CYsurf  =  -0.00684     Cmsurf  =   0.30228
     CDsurf  =  -0.00756     Cnsurf  =   0.00503
     CDisurf =  -0.00756     CDvsurf =   0.00000

 Forces referred to Ssurf, Cave 
     CLsurf  =  -0.44497     CDsurf  =  -0.05306

 Strip Forces referred to Strip Area, Chord
    j     Xle      Yle      Zle      Chord    Area     c_cl     ai     cl_norm    cl       cd       cdv    cm_c/4     cm_LE   C.P.x/c
    41  32.2619   0.0084   1.0597   3.9461   0.1328  -0.3683   0.6741  -0.1955  -0.1488   0.1027   0.0000   0.1369   0.1292    1.170
    42  32.3111   0.0755   1.0597   3.9196   0.3924  -0.3777   0.6582  -0.1137  -0.0865  -0.0426   0.0000   0.1394   0.1318    1.861
    43  32.4083   0.2081   1.0597   3.8674   0.6348  -0.4339   0.6473  -0.1279  -0.0973  -0.0570   0.0000   0.1481   0.1421    1.772
    44  32.5511   0.4028   1.0597   3.7906   0.8495  -0.6201   0.6437  -0.1892  -0.1440  -0.0786   0.0000   0.1729   0.1724    1.451
    45  32.7446   0.6666   1.0597   3.6866   1.1177  -1.2767  -0.0012  -0.4957  -0.3772  -0.0061   0.0000   0.2582   0.2780    0.934
    46  32.9867   0.9967   1.0597   3.5564   1.2625  -1.5914   0.0056  -0.6267  -0.4770  -0.0310   0.0000   0.2999   0.3320    0.879
    47  33.2637   1.3744   1.0597   3.4075   1.3564  -1.7701   0.0127  -0.7188  -0.5470  -0.0508   0.0000   0.3261   0.3677    0.846
    48  33.5689   1.7904   1.0597   3.2436   1.3990  -1.8430   0.0188  -0.7802  -0.5938  -0.0657   0.0000   0.3434   0.3914    0.828
    49  33.8945   2.2344   1.0597   3.0685   1.3929  -1.8243   0.0231  -0.8128  -0.6186  -0.0747   0.0000   0.3548   0.4059    0.824
    50  34.2327   2.6955   1.0597   2.8867   1.3435  -1.7261   0.0250  -0.8162  -0.6212  -0.0773   0.0000   0.3624   0.4127    0.833
    51  34.5752   3.1623   1.0597   2.7027   1.2578  -1.5606   0.0240  -0.7887  -0.6003  -0.0737   0.0000   0.3672   0.4125    0.862
    52  34.9134   3.6234   1.0597   2.5209   1.1444  -1.3545   0.0195  -0.7355  -0.5598  -0.0659   0.0000   0.3689   0.4058    0.909
    53  35.2390   4.0674   1.0597   2.3458   1.0118  -1.1434   0.0097  -0.6690  -0.5091  -0.0569   0.0000   0.3666   0.3938    0.970
    54  35.5442   4.4834   1.0597   2.1819   0.8685  -0.9499  -0.0091  -0.5989  -0.4558  -0.0485   0.0000   0.3584   0.3768    1.036
    55  35.8212   4.8611   1.0597   2.0330   0.7217  -0.7648  -0.0438  -0.5181  -0.3943  -0.0409   0.0000   0.3391   0.3493    1.110
    56  36.0633   5.1912   1.0597   1.9028   0.5769  -0.5277  -0.0986  -0.3807  -0.2898  -0.0322   0.0000   0.2916   0.2911    1.257
    57  36.2471   5.4418   1.0597   1.8040   0.3594   0.0138   0.4971   0.0434   0.0330  -0.0545   0.0000   0.1442   0.1147  999.000
    58  36.3741   5.6149   1.0597   1.7358   0.2532   0.1223   0.4687   0.1141   0.0868  -0.0211   0.0000   0.0922   0.0602   -0.812
    59  36.4605   5.7327   1.0597   1.6894   0.1504   0.1080   0.4531   0.0986   0.0750  -0.0109   0.0000   0.0556   0.0320   -0.492
    60  36.5042   5.7923   1.0597   1.6659   0.0498   0.0411   0.4459   0.0406   0.0309  -0.0085   0.0000   0.0191   0.0104   -0.368

  Surface # 4     horizontal_stabilizer (YDUP)            
     # Chordwise = 10   # Spanwise = 20     First strip = 61
     Surface area Ssurf =   16.275349     Ave. chord Cave =    2.806191

 Forces referred to Sref, Cref, Bref about Xref, Yref, Zref
 Standard axis orientation,  X fwd, Z down         
     CLsurf  =  -0.06337     Clsurf  =  -0.00394
     CYsurf  =   0.00684     Cmsurf  =   0.30228
     CDsurf  =  -0.00756     Cnsurf  =  -0.00503
     CDisurf =  -0.00756     CDvsurf =   0.00000

 Forces referred to Ssurf, Cave 
     CLsurf  =  -0.44497     CDsurf  =  -0.05306

 Strip Forces referred to Strip Area, Chord
    j     Xle      Yle      Zle      Chord    Area     c_cl     ai     cl_norm    cl       cd       cdv    cm_c/4     cm_LE   C.P.x/c
    61  32.2619  -0.0084   1.0597   3.9461   0.1328  -0.3683   0.6741  -0.1955  -0.1488   0.1027   0.0000   0.1369  -0.1292    1.170
    62  32.3111  -0.0755   1.0597   3.9196   0.3924  -0.3777   0.6582  -0.1137  -0.0865  -0.0426   0.0000   0.1394  -0.1318    1.861
    63  32.4083  -0.2081   1.0597   3.8674   0.6348  -0.4339   0.6473  -0.1279  -0.0973  -0.0570   0.0000   0.1481  -0.1421    1.772
    64  32.5511  -0.4028   1.0597   3.7906   0.8495  -0.6201   0.6437  -0.1892  -0.1440  -0.0786   0.0000   0.1729  -0.1724    1.451
    65  32.7446  -0.6666   1.0597   3.6866   1.1177  -1.2767  -0.0012  -0.4957  -0.3772  -0.0061   0.0000   0.2582  -0.2780    0.934
    66  32.9867  -0.9967   1.0597   3.5564   1.2625  -1.5914   0.0056  -0.6267  -0.4770  -0.0310   0.0000   0.2999  -0.3320    0.879
    67  33.2637  -1.3744   1.0597   3.4075   1.3564  -1.7701   0.0127  -0.7188  -0.5470  -0.0508   0.0000   0.3261  -0.3677    0.846
    68  33.5689  -1.7904   1.0597   3.2436   1.3990  -1.8430   0.0188  -0.7802  -0.5938  -0.0657   0.0000   0.3434  -0.3914    0.828
    69  33.8945  -2.2344   1.0597   3.0685   1.3929  -1.8243   0.0231  -0.8128  -0.6186  -0.0747   0.0000   0.3548  -0.4059    0.824
    70  34.2327  -2.6955   1.0597   2.8867   1.3435  -1.7261   0.0250  -0.8162  -0.6212  -0.0773   0.0000   0.3624  -0.4127    0.833
    71  34.5752  -3.1623   1.0597   2.7027   1.2578  -1.5606   0.0240  -0.7887  -0.6003  -0.0737   0.0000   0.3672  -0.4125    0.862
    72  34.9134  -3.6234   1.0597   2.5209   1.1444  -1.3545   0.0195  -0.7355  -0.5598  -0.0659   0.0000   0.3689  -0.4058    0.909
    73  35.2390  -4.0674   1.0597   2.3458   1.0118  -1.1434   0.0097  -0.6690  -0.5091  -0.0569   0.0000   0.3666  -0.3938    0.970
    74  35.5442  -4.4834   1.0597   2.1819   0.8685  -0.9499  -0.0091  -0.5989  -0.4558  -0.0485   0.0000   0.3584  -0.3768    1.036
    75  35.8212  -4.8611   1.0597   2.0330   0.7217  -0.7648  -0.0438  -0.5181  -0.3943  -0.0409   0.0000   0.3391  -0.3493    1.110
    76  36.0633  -5.1912   1.0597   1.9028   0.5769  -0.5277  -0.0986  -0.3807  -0.2898  -0.0322   0.0000   0.2916  -0.2911    1.257
    77  36.2471  -5.4418   1.0597   1.8040   0.3594   0.0138   0.4971   0.0434   0.0330  -0.0545   0.0000   0.1442  -0.1147  999.000
    78  36.3741  -5.6149   1.0597   1.7358   0.2532   0.1223   0.4687   0.1141   0.0868  -0.0211   0.0000   0.0922  -0.0602   -0.812
    79  36.4605  -5.7327   1.0597   1.6894   0.1504   0.1080   0.4531   0.0986   0.0750  -0.0109   0.0000   0.0556  -0.0320   -0.492
    80  36.5042  -5.7923   1.0597   1.6659   0.0498   0.0411   0.4459   0.0406   0.0309  -0.0085   0.0000   0.0191  -0.0104   -0.368

  Surface # 5     vertical_stabilizer                     
     # Chordwise = 10   # Spanwise = 20     First strip = 81
     Surface area Ssurf =   27.042708     Ave. chord Cave =    4.720731

 Forces referred to Sref, Cref, Bref about Xref, Yref, Zref
 Standard axis orientation,  X fwd, Z down         
     CLsurf  =  -0.00000     Clsurf  =  -0.00000
     CYsurf  =  -0.00000     Cmsurf  =   0.00000
     CDsurf  =   0.00000     Cnsurf  =   0.00000
     CDisurf =   0.00000     CDvsurf =   0.00000

 Forces referred to Ssurf, Cave 
     CLsurf  =   0.00000     CDsurf  =   0.00000

 Strip Forces referred to Strip Area, Chord
    j     Xle      Yle      Zle      Chord    Area     c_cl     ai     cl_norm    cl       cd       cdv    cm_c/4     cm_LE   C.P.x/c
    81  34.1026   0.0000   1.0901   7.1191   0.5459   0.0000   0.0000   0.0000   0.0000   0.0000   0.0000  -0.0000  -0.0000    0.705
    82  34.2314   0.0000   1.1983   7.0276   0.9775   0.0000   0.0000   0.0000   0.0000   0.0000   0.0000  -0.0000  -0.0000    0.632
    83  34.4331   0.0000   1.3677   6.8842   1.3694   0.0000   0.0000   0.0000   0.0000  -0.0000   0.0000  -0.0000  -0.0000    0.504
    84  34.7038   0.0000   1.5951   6.6918   1.7040   0.0000   0.0000   0.0000   0.0000   0.0000   0.0000  -0.0000  -0.0000    0.508
    85  35.0377   0.0000   1.8756   6.4544   1.9680   0.0000   0.0000   0.0000   0.0000   0.0000   0.0000  -0.0000  -0.0000    0.557
    86  35.4277   0.0000   2.2032   6.1771   2.1523   0.0000  -0.0000   0.0000   0.0000   0.0000   0.0000  -0.0000  -0.0000    0.371
    87  35.8650   0.0000   2.5705   5.8662   2.2535   0.0000   0.0000   0.0000   0.0000  -0.0000   0.0000  -0.0000  -0.0000    0.452
    88  36.3398   0.0000   2.9693   5.5287   2.2729   0.0000   0.0000   0.0000   0.0000   0.0000   0.0000   0.0000  -0.0000    0.207
    89  36.8411   0.0000   3.3904   5.1723   2.2171   0.0000  -0.0000   0.0000   0.0000  -0.0000   0.0000   0.0000  -0.0000    0.018
    90  37.3575   0.0000   3.8241   4.8052   2.0965   0.0000   0.0000   0.0000   0.0000  -0.0000   0.0000   0.0000  -0.0000    0.106
    91  37.8769   0.0000   4.2604   4.4360   1.9243   0.0000   0.0000   0.0000   0.0000   0.0000   0.0000  -0.0000  -0.0000    0.291
    92  38.3873   0.0000   4.6892   4.0731   1.7155   0.0000   0.0000   0.0000   0.0000  -0.0000   0.0000  -0.0000  -0.0000    0.318
    93  38.8768   0.0000   5.1003   3.7251   1.4852   0.0000   0.0000   0.0000   0.0000  -0.0000   0.0000  -0.0000  -0.0000    0.270
    94  39.3338   0.0000   5.4842   3.4002   1.2475   0.0000   0.0000   0.0000   0.0000   0.0000   0.0000  -0.0000  -0.0000    0.256
    95  39.7477   0.0000   5.8319   3.1059   1.0138   0.0000   0.0000   0.0000   0.0000   0.0000   0.0000  -0.0000  -0.0000    0.376
    96  40.1088   0.0000   6.1352   2.8493   0.7929   0.0000  -0.0000   0.0000   0.0000   0.0000   0.0000   0.0000  -0.0000    0.216
    97  40.4084   0.0000   6.3868   2.6363   0.5894   0.0000   0.0000   0.0000   0.0000   0.0000   0.0000  -0.0000  -0.0000    0.405
    98  40.6395   0.0000   6.5810   2.4720   0.4044   0.0000   0.0000   0.0000   0.0000  -0.0000   0.0000  -0.0000  -0.0000    0.316
    99  40.7967   0.0000   6.7130   2.3602   0.2354   0.0000   0.0000   0.0000   0.0000  -0.0000   0.0000  -0.0000  -0.0000    0.305
   100  40.8762   0.0000   6.7798   2.3037   0.0772   0.0000  -0.0000   0.0000   0.0000  -0.0000   0.0000   0.0000  -0.0000    0.179

  Surface # 6     fuselage_horizontal                     
     # Chordwise = 10   # Spanwise = 10     First strip =101
     Surface area Ssurf =  127.532895     Ave. chord Cave =   34.468350

 Forces referred to Sref, Cref, Bref about Xref, Yref, Zref
 Standard axis orientation,  X fwd, Z down         
     CLsurf  =   0.00508     Clsurf  =   0.00000
     CYsurf  =   0.00000     Cmsurf  =   0.28202
     CDsurf  =  -0.00695     Cnsurf  =  -0.00000
     CDisurf =  -0.00695     CDvsurf =   0.00000

 Forces referred to Ssurf, Cave 
     CLsurf  =   0.00456     CDsurf  =  -0.00623

 Strip Forces referred to Strip Area, Chord
    j     Xle      Yle      Zle      Chord    Area     c_cl     ai     cl_norm    cl       cd       cdv    cm_c/4     cm_LE   C.P.x/c
   101   3.4011  -1.6650   0.0000  27.8154  10.2917   0.4787   0.2649   0.0767   0.0254  -0.0143   0.0000   0.0243   0.0025   -0.710
   102   1.4576  -1.2950   0.0000  33.6099  12.4357   0.3504   0.2209   0.0202   0.0149  -0.0076   0.0000   0.0256   0.0082  999.000
   103   0.6886  -0.9250   0.0000  35.9024  13.2839   0.1139   0.3833   0.0075   0.0067  -0.0071   0.0000   0.0290   0.0155  999.000
   104   0.2519  -0.5550   0.0000  37.2046  13.7657  -0.1816   0.4266  -0.0038  -0.0037  -0.0037   0.0000   0.0298   0.0238  999.000
   105   0.0491  -0.1850   0.0000  37.8093  13.9895  -0.4873   0.4288  -0.0139  -0.0138  -0.0007   0.0000   0.0299   0.0320  999.000
   106   0.0491   0.1850   0.0000  37.8093  13.9895  -0.4873   0.4288  -0.0139  -0.0138  -0.0007   0.0000   0.0299   0.0320  999.000
   107   0.2519   0.5550   0.0000  37.2047  13.7657  -0.1816   0.4266  -0.0038  -0.0037  -0.0037   0.0000   0.0298   0.0238  999.000
   108   0.6886   0.9250   0.0000  35.9024  13.2839   0.1139   0.3833   0.0075   0.0067  -0.0071   0.0000   0.0290   0.0155  999.000
   109   1.4576   1.2950   0.0000  33.6099  12.4357   0.3504   0.2209   0.0202   0.0149  -0.0076   0.0000   0.0256   0.0082  999.000
   110   3.4011   1.6650   0.0000  27.8154  10.2917   0.4787   0.2649   0.0767   0.0254  -0.0143   0.0000   0.0243   0.0025   -0.710

  Surface # 7     fuselage_vertical                       
     # Chordwise = 10   # Spanwise = 10     First strip =111
     Surface area Ssurf =  127.532895     Ave. chord Cave =   34.468350

 Forces referred to Sref, Cref, Bref about Xref, Yref, Zref
 Standard axis orientation,  X fwd, Z down         
     CLsurf  =   0.00000     Clsurf  =   0.00000
     CYsurf  =  -0.00000     Cmsurf  =  -0.00000
     CDsurf  =   0.00000     Cnsurf  =   0.00000
     CDisurf =   0.00000     CDvsurf =   0.00000

 Forces referred to Ssurf, Cave 
     CLsurf  =   0.00000     CDsurf  =   0.00000

 Strip Forces referred to Strip Area, Chord
    j     Xle      Yle      Zle      Chord    Area     c_cl     ai     cl_norm    cl       cd       cdv    cm_c/4     cm_LE   C.P.x/c
   111   3.4011   0.0000  -1.6650  27.8154  10.2917   0.0000  -0.0000   0.0000   0.0000   0.0000   0.0000  -0.0000  -0.0000    0.932
   112   1.4576   0.0000  -1.2950  33.6099  12.4357   0.0000  -0.0000   0.0000   0.0000  -0.0000   0.0000  -0.0000  -0.0000    0.837
   113   0.6886   0.0000  -0.9250  35.9024  13.2839   0.0000   0.0000   0.0000   0.0000  -0.0000   0.0000  -0.0000  -0.0000    0.860
   114   0.2519   0.0000  -0.5550  37.2046  13.7657   0.0000  -0.0000   0.0000   0.0000   0.0000   0.0000  -0.0000  -0.0000    0.731
   115   0.0491   0.0000  -0.1850  37.8093  13.9895   0.0000  -0.0000   0.0000   0.0000   0.0000   0.0000  -0.0000  -0.0000    0.433
   116   0.0491   0.0000   0.1850  37.8093  13.9895   0.0000   0.0000   0.0000   0.0000   0.0000   0.0000   0.0000  -0.0000    0.018
   117   0.2519   0.0000   0.5550  37.2047  13.7657  -0.0000  -0.0000  -0.0000  -0.0000  -0.0000   0.0000   0.0000   0.0000  999.000
   118   0.6886   0.0000   0.9250  35.9024  13.2839   0.0000   0.0000   0.0000   0.0000   0.0000   0.0000  -0.0000  -0.0000    0.412
   119   1.4576   0.0000   1.2950  33.6099  12.4357  -0.0000  -0.0000  -0.0000  -0.0000   0.0000   0.0000   0.0000   0.0000    1.838
   120   3.4011   0.0000   1.6650  27.8154  10.2917   0.0000   0.0000   0.0000   0.0000   0.0000   0.0000  -0.0000  -0.0000    0.404
 ---------------------------------------------------------------
