 ---------------------------------------------------------------
 Surface and Strip Forces by surface

  Sref =  114.28       Cref =  3.9000       Bref =  35.408    
  Xref =  18.175       Yref =  0.0000       Zref =-0.93235    

  Surface # 1     main_wing                               
     # Chordwise = 10   # Spanwise = 20     First strip =  1
     Surface area Ssurf =   57.406339     Ave. chord Cave =    3.226606

 Forces referred to Sref, Cref, Bref about Xref, Yref, Zref
 Standard axis orientation,  X fwd, Z down         
     CLsurf  =   0.27478     Clsurf  =  -0.05638
     CYsurf  =  -0.01694     Cmsurf  =  -0.12541
     CDsurf  =   0.00456     Cnsurf  =  -0.00247
     CDisurf =   0.00456     CDvsurf =   0.00000

 Forces referred to Ssurf, Cave 
     CLsurf  =   0.54792     CDsurf  =   0.00908

 Strip Forces referred to Strip Area, Chord
    j     Xle      Yle      Zle      Chord    Area     c_cl     ai     cl_norm    cl       cd       cdv    cm_c/4     cm_LE   C.P.x/c
     1  15.6425   0.0298  -0.9323   5.8533   0.6958   2.6603   0.0459   0.4540   0.4540   0.0222   0.0000  -0.0334  -0.1470    0.323
     2  15.6425   0.2668  -0.9323   5.8533   2.0703   2.6565   0.0463   0.4534   0.4534   0.0216   0.0000  -0.0335  -0.1469    0.324
     3  15.6425   0.7350  -0.9323   5.8533   3.3938   2.6264   0.0428   0.4483   0.4483   0.0216   0.0000  -0.0335  -0.1457    0.325
     4  15.6425   1.4228  -0.9323   5.8533   4.6337   2.5513   0.0326   0.4354   0.4354   0.0226   0.0000  -0.0334  -0.1424    0.327
     5  15.8704   2.2168  -0.8931   5.6422   4.4344   2.4428   0.0225   0.5305   0.4327   0.0187   0.0000  -0.0323  -0.1201    0.325
     6  16.3905   3.0679  -0.8037   5.1603   4.7486   2.3465   0.0175   0.5577   0.4549   0.0135   0.0000  -0.0295  -0.1224    0.315
     7  17.0597   4.1628  -0.6886   4.5403   5.8190   2.2478   0.0201   0.6075   0.4955   0.0107   0.0000  -0.0302  -0.1316    0.311
     8  17.8739   5.4947  -0.5487   3.7862   5.2579   2.1244   0.0281   0.6888   0.5618   0.0088   0.0000  -0.0319  -0.1472    0.307
     9  18.6203   6.8102  -0.4104   3.2705   4.0749   1.9955   0.0309   0.7487   0.6112   0.0060   0.0000  -0.0295  -0.1619    0.298
    10  19.2714   8.0689  -0.2781   3.0279   3.8678   1.8874   0.0308   0.7651   0.6245   0.0043   0.0000  -0.0278  -0.1633    0.295
    11  19.9307   9.3432  -0.1442   2.7823   3.5541   1.7738   0.0287   0.7827   0.6389   0.0027   0.0000  -0.0272  -0.1659    0.292
    12  20.5818  10.6018  -0.0119   2.5396   3.1643   1.6538   0.0269   0.7995   0.6527   0.0013   0.0000  -0.0268  -0.1686    0.291
    13  21.2088  11.8138   0.1155   2.3060   2.7299   1.5285   0.0258   0.8140   0.6645  -0.0000   0.0000  -0.0264  -0.1708    0.290
    14  21.8404  13.0346   0.2439   2.0707   2.6095   1.3941   0.0256   0.8268   0.6750  -0.0012   0.0000  -0.0261  -0.1729    0.289
    15  22.4556  14.2238   0.3688   1.8415   2.0696   1.2510   0.0275   0.8344   0.6812  -0.0025   0.0000  -0.0249  -0.1732    0.287
    16  22.9933  15.2632   0.4781   1.6411   1.5753   1.1047   0.0329   0.8269   0.6750  -0.0035   0.0000  -0.0222  -0.1694    0.283
    17  23.4403  16.1272   0.5689   1.4746   1.1388   0.9481   0.0430   0.7899   0.6448  -0.0044   0.0000  -0.0161  -0.1573    0.275
    18  23.7855  16.7945   0.6390   1.3460   0.7613   0.7651   0.0570   0.6985   0.5702  -0.0054   0.0000  -0.0047  -0.1305    0.258
    19  24.0648  17.3344   0.6958   1.2419   0.6123   0.5258   0.0711   0.5203   0.4247  -0.0052   0.0000   0.0089  -0.0862    0.229
    20  24.2348  17.6629   0.7303   1.1786   0.1953   0.1854   0.0802   0.1935   0.1579  -0.0040   0.0000   0.0099  -0.0261    0.187

  Surface # 2     main_wing (YDUP)                        
     # Chordwise = 10   # Spanwise = 20     First strip = 21
     Surface area Ssurf =   57.406339     Ave. chord Cave =    3.226606

 Forces referred to Sref, Cref, Bref about Xref, Yref, Zref
 Standard axis orientation,  X fwd, Z down         
     CLsurf  =   0.27478     Clsurf  =   0.05638
     CYsurf  =   0.01694     Cmsurf  =  -0.12541
     CDsurf  =   0.00456     Cnsurf  =   0.00247
     CDisurf =   0.00456     CDvsurf =   0.00000

 Forces referred to Ssurf, Cave 
     CLsurf  =   0.54792     CDsurf  =   0.00908

 Strip Forces referred to Strip Area, Chord
    j     Xle      Yle      Zle      Chord    Area     c_cl     ai     cl_norm    cl       cd       cdv    cm_c/4     cm_LE   C.P.x/c
    21  15.6425  -0.0298  -0.9323   5.8533   0.6958   2.6603   0.0459   0.4540   0.4540   0.0222   0.0000  -0.0334   0.1470    0.323
    22  15.6425  -0.2668  -0.9323   5.8533   2.0703   2.6565   0.0463   0.4534   0.4534   0.0216   0.0000  -0.0335   0.1469    0.324
    23  15.6425  -0.7350  -0.9323   5.8533   3.3938   2.6264   0.0428   0.4483   0.4483   0.0216   0.0000  -0.0335   0.1457    0.325
    24  15.6425  -1.4228  -0.9323   5.8533   4.6337   2.5513   0.0326   0.4354   0.4354   0.0226   0.0000  -0.0334   0.1424    0.327
    25  15.8704  -2.2168  -0.8931   5.6422   4.4344   2.4428   0.0225   0.5305   0.4327   0.0187   0.0000  -0.0323   0.1201    0.325
    26  16.3905  -3.0679  -0.8037   5.1603   4.7486   2.3465   0.0175   0.5577   0.4549   0.0135   0.0000  -0.0295   0.1224    0.315
    27  17.0597  -4.1628  -0.6886   4.5403   5.8190   2.2478   0.0201   0.6075   0.4955   0.0107   0.0000  -0.0302   0.1316    0.311
    28  17.8739  -5.4947  -0.5487   3.7862   5.2579   2.1244   0.0281   0.6888   0.5618   0.0088   0.0000  -0.0319   0.1472    0.307
    29  18.6203  -6.8102  -0.4104   3.2705   4.0749   1.9955   0.0309   0.7487   0.6112   0.0060   0.0000  -0.0295   0.1619    0.298
    30  19.2714  -8.0689  -0.2781   3.0279   3.8678   1.8874   0.0308   0.7651   0.6245   0.0043   0.0000  -0.0278   0.1633    0.295
    31  19.9307  -9.3432  -0.1442   2.7823   3.5541   1.7738   0.0287   0.7827   0.6389   0.0027   0.0000  -0.0272   0.1659    0.292
    32  20.5818 -10.6018  -0.0119   2.5396   3.1643   1.6538   0.0269   0.7995   0.6527   0.0013   0.0000  -0.0268   0.1686    0.291
    33  21.2088 -11.8138   0.1155   2.3060   2.7299   1.5285   0.0258   0.8140   0.6645  -0.0000   0.0000  -0.0264   0.1708    0.290
    34  21.8404 -13.0346   0.2439   2.0707   2.6095   1.3941   0.0256   0.8268   0.6750  -0.0012   0.0000  -0.0261   0.1729    0.289
    35  22.4556 -14.2238   0.3688   1.8415   2.0696   1.2510   0.0275   0.8344   0.6812  -0.0025   0.0000  -0.0249   0.1732    0.287
    36  22.9933 -15.2632   0.4781   1.6411   1.5753   1.1047   0.0329   0.8269   0.6750  -0.0035   0.0000  -0.0222   0.1694    0.283
    37  23.4403 -16.1272   0.5689   1.4746   1.1388   0.9481   0.0430   0.7899   0.6448  -0.0044   0.0000  -0.0161   0.1573    0.275
    38  23.7855 -16.7945   0.6390   1.3460   0.7613   0.7651   0.0570   0.6985   0.5702  -0.0054   0.0000  -0.0047   0.1305    0.258
    39  24.0648 -17.3344   0.6958   1.2419   0.6123   0.5258   0.0711   0.5203   0.4247  -0.0052   0.0000   0.0089   0.0862    0.229
    40  24.2348 -17.6629   0.7303   1.1786   0.1953   0.1854   0.0802   0.1935   0.1579  -0.0040   0.0000   0.0099   0.0261    0.187

  Surface # 3     horizontal_stabilizer                   
     # Chordwise = 10   # Spanwise = 20     First strip = 41
     Surface area Ssurf =   16.275349     Ave. chord Cave =    2.806191

 Forces referred to Sref, Cref, Bref about Xref, Yref, Zref
 Standard axis orientation,  X fwd, Z down         
     CLsurf  =  -0.02228     Clsurf  =   0.00159
     CYsurf  =  -0.00042     Cmsurf  =   0.10377
     CDsurf  =  -0.00053     Cnsurf  =   0.00029
     CDisurf =  -0.00053     CDvsurf =   0.00000

 Forces referred to Ssurf, Cave 
     CLsurf  =  -0.15647     CDsurf  =  -0.00375

 Strip Forces referred to Strip Area, Chord
    j     Xle      Yle      Zle      Chord    Area     c_cl     ai     cl_norm    cl       cd       cdv    cm_c/4     cm_LE   C.P.x/c
    41  32.2619   0.0084   1.0597   3.9461   0.1328  -0.2702   0.1320  -0.0973  -0.0695   0.0116   0.0000   0.0444   0.0496    0.889
    42  32.3111   0.0755   1.0597   3.9196   0.3924  -0.2726   0.1275  -0.0973  -0.0694  -0.0040   0.0000   0.0449   0.0502    0.897
    43  32.4083   0.2081   1.0597   3.8674   0.6348  -0.2856   0.1238  -0.1032  -0.0737  -0.0052   0.0000   0.0466   0.0525    0.882
    44  32.5511   0.4028   1.0597   3.7906   0.8495  -0.3266   0.1213  -0.1204  -0.0860  -0.0059   0.0000   0.0513   0.0587    0.846
    45  32.7446   0.6666   1.0597   3.6866   1.1177  -0.4618   0.0015  -0.1758  -0.1255  -0.0010   0.0000   0.0676   0.0798    0.789
    46  32.9867   0.9967   1.0597   3.5564   1.2625  -0.5325   0.0008  -0.2101  -0.1499  -0.0022   0.0000   0.0752   0.0908    0.752
    47  33.2637   1.3744   1.0597   3.4075   1.3564  -0.5787   0.0006  -0.2382  -0.1700  -0.0032   0.0000   0.0795   0.0983    0.718
    48  33.5689   1.7904   1.0597   3.2436   1.3990  -0.6049   0.0007  -0.2615  -0.1867  -0.0040   0.0000   0.0818   0.1036    0.688
    49  33.8945   2.2344   1.0597   3.0685   1.3929  -0.6096   0.0007  -0.2786  -0.1988  -0.0047   0.0000   0.0832   0.1071    0.668
    50  34.2327   2.6955   1.0597   2.8867   1.3435  -0.5896   0.0005  -0.2864  -0.2044  -0.0051   0.0000   0.0841   0.1090    0.662
    51  34.5752   3.1623   1.0597   2.7027   1.2578  -0.5468  -0.0003  -0.2837  -0.2025  -0.0050   0.0000   0.0850   0.1093    0.670
    52  34.9134   3.6234   1.0597   2.5209   1.1444  -0.4898  -0.0019  -0.2725  -0.1945  -0.0046   0.0000   0.0855   0.1081    0.689
    53  35.2390   4.0674   1.0597   2.3458   1.0118  -0.4285  -0.0047  -0.2562  -0.1828  -0.0041   0.0000   0.0852   0.1055    0.716
    54  35.5442   4.4834   1.0597   2.1819   0.8685  -0.3686  -0.0095  -0.2369  -0.1691  -0.0036   0.0000   0.0832   0.1011    0.742
    55  35.8212   4.8611   1.0597   2.0330   0.7217  -0.3078  -0.0168  -0.2123  -0.1515  -0.0033   0.0000   0.0778   0.0933    0.763
    56  36.0633   5.1912   1.0597   1.9028   0.5769  -0.2329  -0.0262  -0.1716  -0.1225  -0.0030   0.0000   0.0653   0.0774    0.783
    57  36.2471   5.4418   1.0597   1.8040   0.3594  -0.0975   0.0845  -0.0755  -0.0539  -0.0046   0.0000   0.0330   0.0375    0.863
    58  36.3741   5.6149   1.0597   1.7358   0.2532  -0.0477   0.0803  -0.0383  -0.0274  -0.0026   0.0000   0.0201   0.0218    0.985
    59  36.4605   5.7327   1.0597   1.6894   0.1504  -0.0219   0.0778  -0.0180  -0.0129  -0.0015   0.0000   0.0114   0.0118    1.138
    60  36.5042   5.7923   1.0597   1.6659   0.0498  -0.0063   0.0767  -0.0053  -0.0038  -0.0006   0.0000   0.0038   0.0038    1.260

  Surface # 4     horizontal_stabilizer (YDUP)            
     # Chordwise = 10   # Spanwise = 20     First strip = 61
     Surface area Ssurf =   16.275349     Ave. chord Cave =    2.806191

 Forces referred to Sref, Cref, Bref about Xref, Yref, Zref
 Standard axis orientation,  X fwd, Z down         
     CLsurf  =  -0.02228     Clsurf  =  -0.00159
     CYsurf  =   0.00042     Cmsurf  =   0.10377
     CDsurf  =  -0.00053     Cnsurf  =  -0.00029
     CDisurf =  -0.00053     CDvsurf =   0.00000

 Forces referred to Ssurf, Cave 
     CLsurf  =  -0.15647     CDsurf  =  -0.00375

 Strip Forces referred to Strip Area, Chord
    j     Xle      Yle      Zle      Chord    Area     c_cl     ai     cl_norm    cl       cd       cdv    cm_c/4     cm_LE   C.P.x/c
    61  32.2619  -0.0084   1.0597   3.9461   0.1328  -0.2702   0.1320  -0.0973  -0.0695   0.0116   0.0000   0.0444  -0.0496    0.889
    62  32.3111  -0.0755   1.0597   3.9196   0.3924  -0.2726   0.1275  -0.0973  -0.0694  -0.0040   0.0000   0.0449  -0.0502    0.897
    63  32.4083  -0.2081   1.0597   3.8674   0.6348  -0.2856   0.1238  -0.1032  -0.0737  -0.0052   0.0000   0.0466  -0.0525    0.882
    64  32.5511  -0.4028   1.0597   3.7906   0.8495  -0.3266   0.1213  -0.1204  -0.0860  -0.0059   0.0000   0.0513  -0.0587    0.846
    65  32.7446  -0.6666   1.0597   3.6866   1.1177  -0.4618   0.0015  -0.1758  -0.1255  -0.0010   0.0000   0.0676  -0.0798    0.789
    66  32.9867  -0.9967   1.0597   3.5564   1.2625  -0.5325   0.0008  -0.2101  -0.1499  -0.0022   0.0000   0.0752  -0.0908    0.752
    67  33.2637  -1.3744   1.0597   3.4075   1.3564  -0.5787   0.0006  -0.2382  -0.1700  -0.0032   0.0000   0.0795  -0.0983    0.718
    68  33.5689  -1.7904   1.0597   3.2436   1.3990  -0.6049   0.0007  -0.2615  -0.1867  -0.0040   0.0000   0.0818  -0.1036    0.688
    69  33.8945  -2.2344   1.0597   3.0685   1.3929  -0.6096   0.0007  -0.2786  -0.1988  -0.0047   0.0000   0.0832  -0.1071    0.668
    70  34.2327  -2.6955   1.0597   2.8867   1.3435  -0.5896   0.0005  -0.2864  -0.2044  -0.0051   0.0000   0.0841  -0.1090    0.662
    71  34.5752  -3.1623   1.0597   2.7027   1.2578  -0.5468  -0.0003  -0.2837  -0.2025  -0.0050   0.0000   0.0850  -0.1093    0.670
    72  34.9134  -3.6234   1.0597   2.5209   1.1444  -0.4898  -0.0019  -0.2725  -0.1945  -0.0046   0.0000   0.0855  -0.1081    0.689
    73  35.2390  -4.0674   1.0597   2.3458   1.0118  -0.4285  -0.0047  -0.2562  -0.1828  -0.0041   0.0000   0.0852  -0.1055    0.716
    74  35.5442  -4.4834   1.0597   2.1819   0.8685  -0.3686  -0.0095  -0.2369  -0.1691  -0.0036   0.0000   0.0832  -0.1011    0.742
    75  35.8212  -4.8611   1.0597   2.0330   0.7217  -0.3078  -0.0168  -0.2123  -0.1515  -0.0033   0.0000   0.0778  -0.0933    0.763
    76  36.0633  -5.1912   1.0597   1.9028   0.5769  -0.2329  -0.0262  -0.1716  -0.1225  -0.0030   0.0000   0.0653  -0.0774    0.783
    77  36.2471  -5.4418   1.0597   1.8040   0.3594  -0.0975   0.0845  -0.0755  -0.0539  -0.0046   0.0000   0.0330  -0.0375    0.863
    78  36.3741  -5.6149   1.0597   1.7358   0.2532  -0.0477   0.0803  -0.0383  -0.0274  -0.0026   0.0000   0.0201  -0.0218    0.985
    79  36.4605  -5.7327   1.0597   1.6894   0.1504  -0.0219   0.0778  -0.0180  -0.0129  -0.0015   0.0000   0.0114  -0.0118    1.138
    80  36.5042  -5.7923   1.0597   1.6659   0.0498  -0.0063   0.0767  -0.0053  -0.0038  -0.0006   0.0000   0.0038  -0.0038    1.260

  Surface # 5     vertical_stabilizer                     
     # Chordwise = 10   # Spanwise = 20     First strip = 81
     Surface area Ssurf =   27.042708     Ave. chord Cave =    4.720731

 Forces referred to Sref, Cref, Bref about Xref, Yref, Zref
 Standard axis orientation,  X fwd, Z down         
     CLsurf  =  -0.00000     Clsurf  =  -0.00000
     CYsurf  =  -0.00000     Cmsurf  =   0.00000
     CDsurf  =  -0.00000     Cnsurf  =   0.00000
     CDisurf =  -0.00000     CDvsurf =   0.00000

 Forces referred to Ssurf, Cave 
     CLsurf  =   0.00000     CDsurf  =  -0.00000

 Strip Forces referred to Strip Area, Chord
    j     Xle      Yle      Zle      Chord    Area     c_cl     ai     cl_norm    cl       cd       cdv    cm_c/4     cm_LE   C.P.x/c
    81  34.1026   0.0000   1.0901   7.1191   0.5459   0.0000  -0.0000   0.0000   0.0000   0.0000   0.0000   0.0000   0.0000   -0.214
    82  34.2314   0.0000   1.1983   7.0276   0.9775   0.0000  -0.0000   0.0000   0.0000  -0.0000   0.0000   0.0000   0.0000   -0.026
    83  34.4331   0.0000   1.3677   6.8842   1.3694   0.0000  -0.0000   0.0000   0.0000   0.0000   0.0000   0.0000   0.0000   -0.252
    84  34.7038   0.0000   1.5951   6.6918   1.7040   0.0000   0.0000   0.0000   0.0000  -0.0000   0.0000  -0.0000  -0.0000    0.268
    85  35.0377   0.0000   1.8756   6.4544   1.9680   0.0000  -0.0000   0.0000   0.0000   0.0000   0.0000   0.0000   0.0000   -0.114
    86  35.4277   0.0000   2.2032   6.1771   2.1523   0.0000   0.0000   0.0000   0.0000  -0.0000   0.0000   0.0000  -0.0000    0.208
    87  35.8650   0.0000   2.5705   5.8662   2.2535   0.0000  -0.0000   0.0000   0.0000  -0.0000   0.0000   0.0000   0.0000  999.000
    88  36.3398   0.0000   2.9693   5.5287   2.2729   0.0000  -0.0000   0.0000   0.0000  -0.0000   0.0000   0.0000   0.0000  999.000
    89  36.8411   0.0000   3.3904   5.1723   2.2171   0.0000  -0.0000   0.0000   0.0000   0.0000   0.0000   0.0000   0.0000  999.000
    90  37.3575   0.0000   3.8241   4.8052   2.0965   0.0000   0.0000   0.0000   0.0000  -0.0000   0.0000   0.0000   0.0000   -0.053
    91  37.8769   0.0000   4.2604   4.4360   1.9243   0.0000   0.0000   0.0000   0.0000   0.0000   0.0000   0.0000   0.0000   -0.147
    92  38.3873   0.0000   4.6892   4.0731   1.7155   0.0000  -0.0000   0.0000   0.0000  -0.0000   0.0000   0.0000  -0.0000    0.043
    93  38.8768   0.0000   5.1003   3.7251   1.4852   0.0000   0.0000   0.0000   0.0000  -0.0000   0.0000  -0.0000  -0.0000    0.607
    94  39.3338   0.0000   5.4842   3.4002   1.2475   0.0000  -0.0000   0.0000   0.0000  -0.0000   0.0000  -0.0000  -0.0000    0.542
    95  39.7477   0.0000   5.8319   3.1059   1.0138   0.0000   0.0000   0.0000   0.0000   0.0000   0.0000  -0.0000  -0.0000    0.696
    96  40.1088   0.0000   6.1352   2.8493   0.7929   0.0000   0.0000   0.0000   0.0000   0.0000   0.0000  -0.0000  -0.0000    0.413
    97  40.4084   0.0000   6.3868   2.6363   0.5894   0.0000  -0.0000   0.0000   0.0000  -0.0000   0.0000  -0.0000  -0.0000    0.385
    98  40.6395   0.0000   6.5810   2.4720   0.4044   0.0000  -0.0000   0.0000   0.0000   0.0000   0.0000   0.0000  -0.0000    0.111
    99  40.7967   0.0000   6.7130   2.3602   0.2354   0.0000  -0.0000   0.0000   0.0000   0.0000   0.0000   0.0000  -0.0000    0.177
   100  40.8762   0.0000   6.7798   2.3037   0.0772   0.0000   0.0000   0.0000   0.0000  -0.0000   0.0000  -0.0000  -0.0000    0.582

  Surface # 6     fuselage_horizontal                     
     # Chordwise = 10   # Spanwise = 10     First strip =101
     Surface area Ssurf =  127.532895     Ave. chord Cave =   34.468350

 Forces referred to Sref, Cref, Bref about Xref, Yref, Zref
 Standard axis orientation,  X fwd, Z down         
     CLsurf  =  -0.00463     Clsurf  =   0.00000
     CYsurf  =   0.00000     Cmsurf  =   0.04327
     CDsurf  =  -0.00019     Cnsurf  =   0.00000
     CDisurf =  -0.00019     CDvsurf =   0.00000

 Forces referred to Ssurf, Cave 
     CLsurf  =  -0.00415     CDsurf  =  -0.00017

 Strip Forces referred to Strip Area, Chord
    j     Xle      Yle      Zle      Chord    Area     c_cl     ai     cl_norm    cl       cd       cdv    cm_c/4     cm_LE   C.P.x/c
   101   3.4011  -1.6650   0.0000  27.8154  10.2917  -0.0313   0.0251  -0.0056  -0.0011  -0.0004   0.0000   0.0047   0.0006  999.000
   102   1.4576  -1.2950   0.0000  33.6099  12.4357  -0.0806   0.0234  -0.0035  -0.0024  -0.0001   0.0000   0.0052   0.0021  999.000
   103   0.6886  -0.9250   0.0000  35.9024  13.2839  -0.1162   0.0686  -0.0037  -0.0032  -0.0002   0.0000   0.0052   0.0033    1.846
   104   0.2519  -0.5550   0.0000  37.2046  13.7657  -0.2009   0.0760  -0.0057  -0.0054  -0.0001   0.0000   0.0055   0.0053    1.265
   105   0.0491  -0.1850   0.0000  37.8093  13.9895  -0.2867   0.0753  -0.0076  -0.0076  -0.0001   0.0000   0.0059   0.0075    1.021
   106   0.0491   0.1850   0.0000  37.8093  13.9895  -0.2867   0.0753  -0.0076  -0.0076  -0.0001   0.0000   0.0059   0.0075    1.021
   107   0.2519   0.5550   0.0000  37.2047  13.7657  -0.2009   0.0760  -0.0057  -0.0054  -0.0001   0.0000   0.0055   0.0053    1.265
   108   0.6886   0.9250   0.0000  35.9024  13.2839  -0.1162   0.0686  -0.0037  -0.0032  -0.0002   0.0000   0.0052   0.0033    1.846
   109   1.4576   1.2950   0.0000  33.6099  12.4357  -0.0806   0.0234  -0.0035  -0.0024  -0.0001   0.0000   0.0052   0.0021  999.000
   110   3.4011   1.6650   0.0000  27.8154  10.2917  -0.0313   0.0251  -0.0056  -0.0011  -0.0004   0.0000   0.0047   0.0006  999.000

  Surface # 7     fuselage_vertical                       
     # Chordwise = 10   # Spanwise = 10     First strip =111
     Surface area Ssurf =  127.532895     Ave. chord Cave =   34.468350

 Forces referred to Sref, Cref, Bref about Xref, Yref, Zref
 Standard axis orientation,  X fwd, Z down         
     CLsurf  =   0.00000     Clsurf  =   0.00000
     CYsurf  =   0.00000     Cmsurf  =  -0.00000
     CDsurf  =   0.00000     Cnsurf  =  -0.00000
     CDisurf =   0.00000     CDvsurf =   0.00000

 Forces referred to Ssurf, Cave 
     CLsurf  =  -0.00000     CDsurf  =   0.00000

 Strip Forces referred to Strip Area, Chord
    j     Xle      Yle      Zle      Chord    Area     c_cl     ai     cl_norm    cl       cd       cdv    cm_c/4     cm_LE   C.P.x/c
   111   3.4011   0.0000  -1.6650  27.8154  10.2917  -0.0000  -0.0000  -0.0000  -0.0000   0.0000   0.0000   0.0000   0.0000    0.859
   112   1.4576   0.0000  -1.2950  33.6099  12.4357   0.0000   0.0000   0.0000   0.0000   0.0000   0.0000  -0.0000  -0.0000    1.936
   113   0.6886   0.0000  -0.9250  35.9024  13.2839  -0.0000   0.0000  -0.0000  -0.0000   0.0000   0.0000   0.0000   0.0000    0.474
   114   0.2519   0.0000  -0.5550  37.2046  13.7657  -0.0000  -0.0000  -0.0000  -0.0000  -0.0000   0.0000   0.0000   0.0000    0.877
   115   0.0491   0.0000  -0.1850  37.8093  13.9895  -0.0000   0.0000  -0.0000  -0.0000  -0.0000   0.0000   0.0000   0.0000    0.738
   116   0.0491   0.0000   0.1850  37.8093  13.9895  -0.0000   0.0000  -0.0000  -0.0000  -0.0000   0.0000  -0.0000  -0.0000   -0.444
   117   0.2519   0.0000   0.5550  37.2047  13.7657  -0.0000  -0.0000  -0.0000  -0.0000   0.0000   0.0000   0.0000   0.0000    0.293
   118   0.6886   0.0000   0.9250  35.9024  13.2839  -0.0000  -0.0000  -0.0000  -0.0000   0.0000   0.0000  -0.0000  -0.0000  999.000
   119   1.4576   0.0000   1.2950  33.6099  12.4357  -0.0000   0.0000  -0.0000  -0.0000   0.0000   0.0000  -0.0000  -0.0000   -0.303
   120   3.4011   0.0000   1.6650  27.8154  10.2917   0.0000   0.0000   0.0000   0.0000   0.0000   0.0000  -0.0000  -0.0000    0.352
 ---------------------------------------------------------------
