
      u         w         q        the        v         p         r        phi        x         y         z        psi    |  slat        flap        aileron     elevator    
  -0.4892E-04  0.7390E-01  -14.61      -9.810      0.6422E-18  0.9045E-16  0.1319E-16   0.000       0.000      -0.000       0.000       0.000        -0.5851E-03  0.2674E-01 -0.1831E-17  0.1329E-01
  -0.4953E-01 -0.6140       198.4      -0.000     -0.9055E-17 -0.3288E-15 -0.1407E-17  -0.000       0.000      -0.000       0.000       0.000         0.1405E-01 -0.6409     -0.1743E-16 -0.2076    
   0.4208E-02 -0.6036E-01  -1.416       0.000     -0.1855E-02 -0.1315      0.5581E-02   0.000      -0.000       0.000      -0.000       0.000        -0.6761E-03 -0.4558E-01  0.6127E-02 -0.1296    
   -0.000      -0.000       1.000      -0.000       0.000      -0.000      -0.000     -0.1278E-32  -0.000       0.000      -0.000      -0.000          0.000       0.000       0.000       0.000    
   0.8796E-18 -0.4330E-17 -0.1677E-15  -0.000     -0.6517E-01   14.35      -201.2       9.810      -0.000       0.000      -0.000      -0.000         0.1865E-17 -0.1090E-16  0.7560E-02 -0.3600E-17
   0.4579E-03 -0.6568E-02 -0.1540      -0.000     -0.3759E-01  -1.839      0.6087      -0.000       0.000      -0.000       0.000      -0.000        -0.7357E-04 -0.4959E-02  0.8831E-01 -0.1411E-01
   0.1678E-03 -0.2407E-02 -0.5646E-01  -0.000      0.1148E-01 -0.9458E-01 -0.5792      -0.000       0.000      -0.000       0.000      -0.000        -0.2696E-04 -0.1818E-02  0.1510E-02 -0.5170E-02
   -0.000      -0.000       0.000      0.1278E-32   0.000       1.000       0.000      -0.000      -0.000       0.000      -0.000      -0.000          0.000       0.000       0.000       0.000    
    1.000       0.000      -0.000       14.44      -0.000       0.000       0.000       0.000       0.000      -0.000       0.000       0.000         -0.000      -0.000      -0.000      -0.000    
    0.000      -0.000       0.000      -0.000       1.000      -0.000      -0.000      -14.44      -0.000       0.000      -0.000       207.1          0.000       0.000       0.000       0.000    
   -0.000       1.000      -0.000      -207.1       0.000       0.000       0.000       0.000       0.000      -0.000       0.000       0.000         -0.000      -0.000      -0.000      -0.000    
   -0.000      -0.000       0.000       0.000       0.000      -0.000       1.000     -0.6637E-33  -0.000       0.000      -0.000      -0.000          0.000       0.000       0.000       0.000    
