
      u         w         q        the        v         p         r        phi        x         y         z        psi    |  slat        flap        aileron     elevator    
  -0.1912E-02  0.1669      -21.96      -9.810      0.1075E-17 -0.7712E-16 -0.1620E-16   0.000       0.000      -0.000       0.000       0.000        -0.8422E-03  0.3555E-01  0.1494E-17  0.1506E-01
  -0.8203E-01 -0.4743       94.40      -0.000      0.1374E-16  0.2806E-15  0.1578E-15  -0.000       0.000      -0.000       0.000       0.000         0.5431E-02 -0.2338     -0.1176E-16 -0.8232E-01
   0.9806E-02 -0.4636E-01  -1.082       0.000     -0.2116E-02 -0.1002      0.2306E-01   0.000      -0.000       0.000      -0.000       0.000        -0.1919E-03 -0.1530E-01  0.2163E-02 -0.4808E-01
   -0.000      -0.000       1.000       0.000       0.000      -0.000      -0.000       0.000      -0.000       0.000      -0.000       0.000          0.000       0.000       0.000       0.000    
  -0.2268E-17 -0.5237E-17  0.3015E-16  -0.000     -0.5185E-01   21.81      -96.40       9.810      -0.000       0.000      -0.000      -0.000        -0.2094E-18  0.1444E-17  0.7292E-03 -0.5654E-18
   0.1048E-02 -0.4957E-02 -0.1156      -0.000     -0.5170E-01  -1.894      0.9589      -0.000       0.000      -0.000       0.000      -0.000        -0.2052E-04 -0.1636E-02  0.4405E-01 -0.5141E-02
   0.3110E-03 -0.1470E-02 -0.3430E-01  -0.000      0.7251E-02 -0.2643     -0.5136      -0.000       0.000      -0.000       0.000      -0.000        -0.6086E-05 -0.4852E-03  0.2269E-02 -0.1525E-02
   -0.000      -0.000       0.000       0.000       0.000       1.000       0.000       0.000      -0.000       0.000      -0.000       0.000          0.000       0.000       0.000       0.000    
    1.000       0.000      -0.000       21.49      -0.000       0.000       0.000       0.000       0.000      -0.000       0.000       0.000         -0.000      -0.000      -0.000      -0.000    
    0.000      -0.000       0.000      -0.000       1.000      -0.000      -0.000      -21.49      -0.000       0.000      -0.000       101.6          0.000       0.000       0.000       0.000    
   -0.000       1.000      -0.000      -101.6       0.000       0.000       0.000       0.000       0.000      -0.000       0.000       0.000         -0.000      -0.000      -0.000      -0.000    
   -0.000      -0.000       0.000       0.000       0.000      -0.000       1.000     -0.2426E-33  -0.000       0.000      -0.000       0.000          0.000       0.000       0.000       0.000    
