
      u         w         q        the        v         p         r        phi        x         y         z        psi    |  slat        flap        aileron     elevator    
  -0.1027E-02  0.1632      -15.97      -9.810     -0.1433E-17 -0.9967E-16  0.1527E-16   0.000       0.000      -0.000       0.000       0.000        -0.8039E-03  0.3423E-01 -0.2361E-18  0.1470E-01
  -0.8416E-01 -0.6293       93.09      -0.000      0.5326E-17  0.3538E-15 -0.2851E-15  -0.000       0.000      -0.000       0.000       0.000         0.7267E-02 -0.3154     -0.1546E-16 -0.1093    
   0.6876E-02 -0.4552E-01  -1.075       0.000     -0.1838E-02 -0.9793E-01  0.1684E-01   0.000      -0.000       0.000      -0.000       0.000        -0.1974E-03 -0.1556E-01  0.2194E-02 -0.4816E-01
   -0.000      -0.000       1.000       0.000       0.000      -0.000      -0.000      0.1059E-31  -0.000       0.000      -0.000       0.000          0.000       0.000       0.000       0.000    
   0.1408E-17 -0.1678E-16 -0.9057E-16  -0.000     -0.7078E-01   15.71      -95.84       9.810      -0.000       0.000      -0.000      -0.000        -0.1209E-17 -0.4359E-17  0.2157E-02 -0.1013E-17
   0.7352E-03 -0.4867E-02 -0.1150      -0.000     -0.4697E-01  -1.918      0.8312      -0.000       0.000      -0.000       0.000      -0.000        -0.2110E-04 -0.1664E-02  0.4524E-01 -0.5149E-02
   0.2181E-03 -0.1444E-02 -0.3409E-01  -0.000      0.8555E-02 -0.1860     -0.5190      -0.000       0.000      -0.000       0.000      -0.000        -0.6258E-05 -0.4934E-03  0.1666E-02 -0.1527E-02
   -0.000      -0.000       0.000     -0.1059E-31   0.000       1.000       0.000       0.000      -0.000       0.000      -0.000       0.000          0.000       0.000       0.000       0.000    
    1.000       0.000      -0.000       15.51      -0.000       0.000       0.000       0.000       0.000      -0.000       0.000       0.000         -0.000      -0.000      -0.000      -0.000    
    0.000      -0.000       0.000      -0.000       1.000      -0.000      -0.000      -15.51      -0.000       0.000      -0.000       102.7          0.000       0.000       0.000       0.000    
   -0.000       1.000      -0.000      -102.7       0.000       0.000       0.000       0.000       0.000      -0.000       0.000       0.000         -0.000      -0.000      -0.000      -0.000    
   -0.000      -0.000       0.000       0.000       0.000      -0.000       1.000     -0.1639E-31  -0.000       0.000      -0.000       0.000          0.000       0.000       0.000       0.000    
