
      u         w         q        the        v         p         r        phi        x         y         z        psi    |  slat        flap        aileron     elevator    
  -0.5294E-02  0.2643      -21.18      -9.810     -0.1427E-17 -0.1692E-15  0.6395E-16   0.000       0.000      -0.000       0.000       0.000        -0.9131E-03  0.3699E-01 -0.6221E-17  0.1534E-01
  -0.1166     -0.4932       57.11      -0.000      0.1785E-16 -0.4842E-16 -0.8700E-16  -0.000       0.000      -0.000       0.000       0.000         0.3646E-02 -0.1516      0.1653E-16 -0.5634E-01
   0.1023E-01 -0.3268E-01 -0.7598       0.000     -0.1750E-02 -0.6938E-01  0.2330E-01   0.000      -0.000       0.000      -0.000       0.000        -0.6966E-04 -0.6412E-02  0.9308E-03 -0.2143E-01
   -0.000      -0.000       1.000       0.000       0.000      -0.000      -0.000       0.000      -0.000       0.000      -0.000       0.000          0.000       0.000       0.000       0.000    
  -0.2418E-17 -0.1977E-16  0.1335E-15  -0.000     -0.5491E-01   20.97      -59.08       9.810      -0.000       0.000      -0.000      -0.000         0.1018E-17 -0.9544E-17 -0.6280E-03 -0.2524E-17
   0.1082E-02 -0.3457E-02 -0.8037E-01  -0.000     -0.4803E-01  -1.505      0.9389      -0.000       0.000      -0.000       0.000      -0.000        -0.7368E-05 -0.6781E-03  0.2217E-01 -0.2266E-02
   0.2886E-03 -0.9224E-03 -0.2145E-01  -0.000      0.3936E-02 -0.2825     -0.3815      -0.000       0.000      -0.000       0.000      -0.000        -0.1966E-05 -0.1810E-03  0.1611E-02 -0.6047E-03
   -0.000      -0.000       0.000       0.000       0.000       1.000       0.000       0.000      -0.000       0.000      -0.000       0.000          0.000       0.000       0.000       0.000    
    1.000       0.000      -0.000       20.32      -0.000       0.000       0.000       0.000       0.000      -0.000       0.000       0.000         -0.000      -0.000      -0.000      -0.000    
    0.000      -0.000       0.000      -0.000       1.000      -0.000      -0.000      -20.32      -0.000       0.000      -0.000       64.95          0.000       0.000       0.000       0.000    
   -0.000       1.000      -0.000      -64.95       0.000       0.000       0.000       0.000       0.000      -0.000       0.000       0.000         -0.000      -0.000      -0.000      -0.000    
   -0.000      -0.000       0.000       0.000       0.000      -0.000       1.000     -0.1299E-31  -0.000       0.000      -0.000       0.000          0.000       0.000       0.000       0.000    
