
      u         w         q        the        v         p         r        phi        x         y         z        psi    |  slat        flap        aileron     elevator    
  -0.2171E-03  0.7695E-01  -20.86      -9.810      0.1096E-17 -0.2244E-16  0.4727E-17   0.000       0.000      -0.000       0.000       0.000        -0.6604E-03  0.2995E-01 -0.3677E-17  0.1403E-01
  -0.4672E-01 -0.4621       200.0      -0.000     -0.3006E-17  0.2503E-15  0.2424E-16  -0.000       0.000      -0.000       0.000       0.000         0.1056E-01 -0.4797     -0.6331E-18 -0.1567    
   0.6120E-02 -0.6112E-01  -1.424       0.000     -0.2077E-02 -0.1341      0.1029E-01   0.000      -0.000       0.000      -0.000       0.000        -0.6724E-03 -0.4544E-01  0.6125E-02 -0.1303    
   -0.000      -0.000       1.000       0.000       0.000      -0.000      -0.000      0.3234E-33  -0.000       0.000      -0.000       0.000          0.000       0.000       0.000       0.000    
  -0.2398E-20 -0.2898E-17 -0.1581E-15  -0.000     -0.4838E-01   20.70      -202.1       9.810      -0.000       0.000      -0.000      -0.000        -0.1498E-17 -0.5087E-17  0.4861E-02 -0.3296E-17
   0.6659E-03 -0.6651E-02 -0.1550      -0.000     -0.4016E-01  -1.833      0.6768      -0.000       0.000      -0.000       0.000      -0.000        -0.7317E-04 -0.4945E-02  0.8762E-01 -0.1418E-01
   0.2441E-03 -0.2438E-02 -0.5681E-01  -0.000      0.1073E-01 -0.1432     -0.5783      -0.000       0.000      -0.000       0.000      -0.000        -0.2682E-04 -0.1812E-02  0.2238E-02 -0.5198E-02
   -0.000      -0.000       0.000     -0.3234E-33   0.000       1.000       0.000       0.000      -0.000       0.000      -0.000       0.000          0.000       0.000       0.000       0.000    
    1.000       0.000      -0.000       20.68      -0.000       0.000       0.000       0.000       0.000      -0.000       0.000       0.000         -0.000      -0.000      -0.000      -0.000    
    0.000      -0.000       0.000      -0.000       1.000      -0.000      -0.000      -20.68      -0.000       0.000      -0.000       206.6          0.000       0.000       0.000       0.000    
   -0.000       1.000      -0.000      -206.6       0.000       0.000       0.000       0.000       0.000      -0.000       0.000       0.000         -0.000      -0.000      -0.000      -0.000    
   -0.000      -0.000       0.000       0.000       0.000      -0.000       1.000     -0.1277E-30  -0.000       0.000      -0.000       0.000          0.000       0.000       0.000       0.000    
