 ---------------------------------------------------------------
 Surface Forces (referred to Sref,Cref,Bref about Xmom,Ymom,Zmom)
 Standard axis orientation,  X fwd, Z down         

     Sref =   64.374       Cref =   2.3886       Bref =   27.794    
     Xmom =   11.734       Ymom =   0.0000       Zmom =   1.3850    

 n    Area         CL        CD        Cm        CY        Cn        Cl        CDi       CDv
 1   17.624       0.08649   0.00178  -0.05223  -0.00012  -0.00034  -0.00998   0.00075   0.00000   main_wing_1
 2   17.624       0.08636   0.00177  -0.05217   0.00012   0.00034   0.00997   0.00075   0.00000   main_wing_1 (YDUP)
 3   14.562       0.06947   0.00142  -0.04194  -0.00022  -0.00072  -0.02436   0.00052   0.00000   main_wing_2
 4   14.562       0.06948   0.00142  -0.04194   0.00022   0.00072   0.02436   0.00052   0.00000   main_wing_2 (YDUP)
 5   11.009       0.03014   0.00065  -0.16536  -0.00007  -0.00005  -0.00272   0.00065   0.00000   horizontal_stabilizer
 6   11.009       0.03013   0.00065  -0.16535   0.00007   0.00005   0.00272   0.00065   0.00000   horizontal_stabilizer (YDUP)
 7   15.442       0.00000  -0.00000  -0.00000  -0.00001   0.00000  -0.00000  -0.00000   0.00000   vertical_stabilizer
 8   65.503       0.00751   0.00003   0.04925   0.00000  -0.00000   0.00000   0.00003   0.00000   fuselage_horizontal
 9   65.103       0.00000   0.00000  -0.00000  -0.00001   0.00000   0.00000   0.00000   0.00000   fuselage_vertical
10  0.43562       0.00053   0.00001   0.00023   0.00000  -0.00000  -0.00005   0.00001   0.00000   nacelle_horizontal
11  0.43562       0.00034   0.00000   0.00015  -0.00000   0.00000   0.00003   0.00000   0.00000   nacelle_horizontal (YDUP)
12  0.43561       0.00000  -0.00000   0.00000  -0.00005  -0.00000   0.00000  -0.00000   0.00000   nacelle_vertical
13  0.43561       0.00000  -0.00000   0.00000   0.00004   0.00000  -0.00000  -0.00000   0.00000   nacelle_vertical (YDUP)
14  0.43561       0.00048   0.00001   0.00015  -0.00000  -0.00001  -0.00018   0.00001   0.00000   nacelle_2_horizontal
15  0.43561       0.00000  -0.00000   0.00000   0.00001   0.00000  -0.00000  -0.00000   0.00000   nacelle_2_vertical
16  0.43562       0.00034   0.00000   0.00015  -0.00000   0.00000   0.00003   0.00000   0.00000   nacelle_3_horizontal
17  0.43561       0.00000  -0.00000   0.00000   0.00004   0.00000  -0.00000  -0.00000   0.00000   nacelle_3_vertical
18  0.43561       0.00048   0.00001   0.00015   0.00000   0.00001   0.00018   0.00001   0.00000   nacelle_4_horizontal
19  0.43561       0.00000  -0.00000   0.00000  -0.00001  -0.00000   0.00000  -0.00000   0.00000   nacelle_4_vertical

 Surface Forces (referred to Ssurf,Cave about root LE on hinge axis)

   n  Ssurf        Cave        cl_surf    cd_surf    cdv_surf  cmLE_surf
   1  17.624      2.6938       0.315919   0.006502   0.000000  -0.073001   main_wing_1
   2  17.624      2.6938       0.315423   0.006473   0.000000  -0.072957   main_wing_1 (YDUP)
   3  14.562      1.9802       0.307102   0.006293   0.000000  -0.083184   main_wing_2
   4  14.562      1.9802       0.307119   0.006292   0.000000  -0.083189   main_wing_2 (YDUP)
   5  11.009      1.9156       0.176234   0.003826   0.000000  -0.077774   horizontal_stabilizer
   6  11.009      1.9156       0.176218   0.003826   0.000000  -0.077767   horizontal_stabilizer (YDUP)
   7  15.442      3.1066       0.000000  -0.000000   0.000000  -0.000000   vertical_stabilizer
   8  65.503      23.647       0.007383   0.000033   0.000000   0.002262   fuselage_horizontal
   9  65.103      23.503       0.000000   0.000000   0.000000  -0.000000   fuselage_vertical
  10 0.43562     0.82928       0.077864   0.000903   0.000000   0.016114   nacelle_horizontal
  11 0.43562     0.82928       0.050677   0.000554   0.000000   0.010798   nacelle_horizontal (YDUP)
  12 0.43561     0.82926       0.000020  -0.000027   0.000000  -0.000006   nacelle_vertical
  13 0.43561     0.82926       0.000013  -0.000018   0.000000  -0.000004   nacelle_vertical (YDUP)
  14 0.43561     0.82926       0.071390   0.001131   0.000000   0.014816   nacelle_2_horizontal
  15 0.43561     0.82926       0.000002  -0.000002   0.000000  -0.000000   nacelle_2_vertical
  16 0.43562     0.82928       0.050677   0.000554   0.000000   0.010798   nacelle_3_horizontal
  17 0.43561     0.82926       0.000013  -0.000018   0.000000  -0.000004   nacelle_3_vertical
  18 0.43561     0.82926       0.071392   0.001131   0.000000   0.014816   nacelle_4_horizontal
  19 0.43561     0.82926       0.000002  -0.000002   0.000000  -0.000000   nacelle_4_vertical
 ---------------------------------------------------------------
