 ---------------------------------------------------------------
 Surface and Strip Forces by surface

  Sref =  70.400       Cref =  2.4978       Bref =  29.065    
  Xref =  11.720       Yref =  0.0000       Zref =  1.3850    

  Surface # 1     main_wing_1                             
     # Chordwise = 10   # Spanwise = 30     First strip =  1
     Surface area Ssurf =   35.195971     Ave. chord Cave =    2.421847

 Forces referred to Sref, Cref, Bref about Xref, Yref, Zref
 Standard axis orientation,  X fwd, Z down         
     CLsurf  =   0.24434     Clsurf  =  -0.05328
     CYsurf  =   0.00028     Cmsurf  =  -0.01891
     CDsurf  =   0.00321     Cnsurf  =  -0.00278
     CDisurf =   0.00321     CDvsurf =   0.00000

 Forces referred to Ssurf, Cave 
     CLsurf  =   0.48873     CDsurf  =   0.00641

 Strip Forces referred to Strip Area, Chord
    j     Xle      Yle      Zle      Chord    Area     c_cl     ai     cl_norm    cl       cd       cdv    cm_c/4     cm_LE   C.P.x/c
     1  11.0914   0.0116   1.3850   2.9021   0.1342   1.3989   0.0267   0.4824   0.4824   0.0103   0.0000  -0.0104  -0.1309    0.272
     2  11.0914   0.1039   1.3850   2.9021   0.4012   1.3991   0.0271   0.4825   0.4825   0.0100   0.0000  -0.0105  -0.1310    0.272
     3  11.0914   0.2877   1.3850   2.9021   0.6637   1.4004   0.0272   0.4830   0.4830   0.0096   0.0000  -0.0107  -0.1313    0.272
     4  11.0914   0.5607   1.3850   2.9021   0.9190   1.4039   0.0269   0.4842   0.4842   0.0091   0.0000  -0.0110  -0.1319    0.273
     5  11.0914   0.9201   1.3850   2.9021   1.1642   1.4112   0.0264   0.4868   0.4868   0.0085   0.0000  -0.0114  -0.1330    0.273
     6  11.0914   1.3620   1.3850   2.9021   1.3967   1.4221   0.0261   0.4906   0.4906   0.0078   0.0000  -0.0120  -0.1345    0.274
     7  11.0923   1.7987   1.3850   2.8985   1.1170   1.4307   0.0255   0.4942   0.4942   0.0068   0.0000  -0.0133  -0.1367    0.277
     8  11.0943   2.2085   1.3850   2.8907   1.2516   1.4348   0.0241   0.4970   0.4970   0.0055   0.0000  -0.0151  -0.1392    0.280
     9  11.0964   2.6635   1.3850   2.8820   1.3715   1.4354   0.0229   0.4989   0.4989   0.0043   0.0000  -0.0174  -0.1419    0.285
    10  11.0992   3.2509   1.3850   2.8708   2.0118   1.4354   0.0240   0.5008   0.5008   0.0044   0.0000  -0.0197  -0.1447    0.289
    11  11.1027   3.9746   1.3850   2.8570   2.1271   1.4324   0.0272   0.5021   0.5021   0.0056   0.0000  -0.0209  -0.1463    0.292
    12  11.1151   4.6979   1.3850   2.8072   1.9630   1.4167   0.0279   0.5054   0.5054   0.0061   0.0000  -0.0216  -0.1477    0.293
    13  11.1370   5.4103   1.3850   2.7197   1.9677   1.3888   0.0262   0.5113   0.5113   0.0061   0.0000  -0.0221  -0.1497    0.293
    14  11.1595   6.1429   1.3850   2.6296   1.9454   1.3539   0.0249   0.5156   0.5156   0.0060   0.0000  -0.0224  -0.1510    0.293
    15  11.1824   6.8878   1.3850   2.5380   1.8984   1.3139   0.0240   0.5184   0.5184   0.0059   0.0000  -0.0225  -0.1519    0.293
    16  11.2055   7.6369   1.3850   2.4459   1.8295   1.2697   0.0235   0.5199   0.5199   0.0058   0.0000  -0.0226  -0.1523    0.294
    17  11.2284   8.3818   1.3850   2.3543   1.7417   1.2220   0.0232   0.5198   0.5198   0.0058   0.0000  -0.0226  -0.1523    0.293
    18  11.2509   9.1144   1.3850   2.2642   1.6382   1.1711   0.0233   0.5179   0.5179   0.0059   0.0000  -0.0225  -0.1517    0.293
    19  11.2728   9.8268   1.3850   2.1767   1.5221   1.1172   0.0239   0.5140   0.5140   0.0060   0.0000  -0.0223  -0.1506    0.293
    20  11.2944  10.5293   1.3850   2.0903   1.4702   1.0592   0.0249   0.5074   0.5074   0.0062   0.0000  -0.0220  -0.1486    0.293
    21  11.3154  11.2129   1.3850   2.0062   1.3282   0.9962   0.0266   0.4972   0.4972   0.0065   0.0000  -0.0215  -0.1456    0.293
    22  11.3350  11.8515   1.3850   1.9277   1.1826   0.9284   0.0291   0.4822   0.4822   0.0070   0.0000  -0.0207  -0.1411    0.293
    23  11.3530  12.4381   1.3850   1.8556   1.0358   0.8542   0.0325   0.4609   0.4609   0.0074   0.0000  -0.0196  -0.1346    0.293
    24  11.3693  12.9663   1.3850   1.7907   0.8896   0.7718   0.0369   0.4314   0.4314   0.0079   0.0000  -0.0179  -0.1256    0.292
    25  11.3835  13.4303   1.3850   1.7336   0.7453   0.6783   0.0423   0.3915   0.3915   0.0082   0.0000  -0.0157  -0.1134    0.290
    26  11.3957  13.8250   1.3850   1.6851   0.6039   0.5709   0.0484   0.3390   0.3390   0.0082   0.0000  -0.0127  -0.0974    0.287
    27  11.4047  14.1196   1.3850   1.6489   0.3847   0.4537   0.0542   0.2753   0.2753   0.0076   0.0000  -0.0094  -0.0782    0.284
    28  11.4109  14.3208   1.3850   1.6242   0.2737   0.3331   0.0591   0.2051   0.2051   0.0063   0.0000  -0.0063  -0.0576    0.281
    29  11.4151  14.4561   1.3850   1.6075   0.1637   0.2041   0.0630   0.1270   0.1270   0.0042   0.0000  -0.0036  -0.0353    0.278
    30  11.4171  14.5242   1.3850   1.5991   0.0545   0.0688   0.0655   0.0430   0.0430   0.0014   0.0000  -0.0012  -0.0120    0.278

  Surface # 2     main_wing_1 (YDUP)                      
     # Chordwise = 10   # Spanwise = 30     First strip = 31
     Surface area Ssurf =   35.195971     Ave. chord Cave =    2.421847

 Forces referred to Sref, Cref, Bref about Xref, Yref, Zref
 Standard axis orientation,  X fwd, Z down         
     CLsurf  =   0.24434     Clsurf  =   0.05328
     CYsurf  =  -0.00028     Cmsurf  =  -0.01891
     CDsurf  =   0.00321     Cnsurf  =   0.00278
     CDisurf =   0.00321     CDvsurf =   0.00000

 Forces referred to Ssurf, Cave 
     CLsurf  =   0.48873     CDsurf  =   0.00641

 Strip Forces referred to Strip Area, Chord
    j     Xle      Yle      Zle      Chord    Area     c_cl     ai     cl_norm    cl       cd       cdv    cm_c/4     cm_LE   C.P.x/c
    31  11.0914  -0.0116   1.3850   2.9021   0.1342   1.3989   0.0267   0.4824   0.4824   0.0103   0.0000  -0.0104   0.1309    0.272
    32  11.0914  -0.1039   1.3850   2.9021   0.4012   1.3991   0.0271   0.4825   0.4825   0.0100   0.0000  -0.0105   0.1310    0.272
    33  11.0914  -0.2877   1.3850   2.9021   0.6637   1.4004   0.0272   0.4830   0.4830   0.0096   0.0000  -0.0107   0.1313    0.272
    34  11.0914  -0.5607   1.3850   2.9021   0.9190   1.4039   0.0269   0.4842   0.4842   0.0091   0.0000  -0.0110   0.1319    0.273
    35  11.0914  -0.9201   1.3850   2.9021   1.1642   1.4112   0.0264   0.4868   0.4868   0.0085   0.0000  -0.0114   0.1330    0.273
    36  11.0914  -1.3620   1.3850   2.9021   1.3967   1.4221   0.0261   0.4906   0.4906   0.0078   0.0000  -0.0120   0.1345    0.274
    37  11.0923  -1.7987   1.3850   2.8985   1.1170   1.4307   0.0255   0.4942   0.4942   0.0068   0.0000  -0.0133   0.1367    0.277
    38  11.0943  -2.2085   1.3850   2.8907   1.2516   1.4348   0.0241   0.4970   0.4970   0.0055   0.0000  -0.0151   0.1392    0.280
    39  11.0964  -2.6635   1.3850   2.8820   1.3715   1.4354   0.0229   0.4989   0.4989   0.0043   0.0000  -0.0174   0.1419    0.285
    40  11.0992  -3.2509   1.3850   2.8708   2.0118   1.4354   0.0240   0.5008   0.5008   0.0044   0.0000  -0.0197   0.1447    0.289
    41  11.1027  -3.9746   1.3850   2.8570   2.1271   1.4324   0.0272   0.5021   0.5021   0.0056   0.0000  -0.0209   0.1463    0.292
    42  11.1151  -4.6979   1.3850   2.8072   1.9630   1.4167   0.0279   0.5054   0.5054   0.0061   0.0000  -0.0216   0.1477    0.293
    43  11.1370  -5.4103   1.3850   2.7197   1.9677   1.3888   0.0262   0.5113   0.5113   0.0061   0.0000  -0.0221   0.1497    0.293
    44  11.1595  -6.1429   1.3850   2.6296   1.9454   1.3539   0.0249   0.5156   0.5156   0.0060   0.0000  -0.0224   0.1510    0.293
    45  11.1824  -6.8878   1.3850   2.5380   1.8984   1.3139   0.0240   0.5184   0.5184   0.0059   0.0000  -0.0225   0.1519    0.293
    46  11.2055  -7.6369   1.3850   2.4459   1.8295   1.2697   0.0235   0.5199   0.5199   0.0058   0.0000  -0.0226   0.1523    0.294
    47  11.2284  -8.3818   1.3850   2.3543   1.7417   1.2220   0.0232   0.5198   0.5198   0.0058   0.0000  -0.0226   0.1523    0.293
    48  11.2509  -9.1144   1.3850   2.2642   1.6382   1.1711   0.0233   0.5179   0.5179   0.0059   0.0000  -0.0225   0.1517    0.293
    49  11.2728  -9.8268   1.3850   2.1767   1.5221   1.1172   0.0239   0.5140   0.5140   0.0060   0.0000  -0.0223   0.1506    0.293
    50  11.2944 -10.5293   1.3850   2.0903   1.4702   1.0592   0.0249   0.5074   0.5074   0.0062   0.0000  -0.0220   0.1486    0.293
    51  11.3154 -11.2129   1.3850   2.0062   1.3282   0.9962   0.0266   0.4972   0.4972   0.0065   0.0000  -0.0215   0.1456    0.293
    52  11.3350 -11.8515   1.3850   1.9277   1.1826   0.9284   0.0291   0.4822   0.4822   0.0070   0.0000  -0.0207   0.1411    0.293
    53  11.3530 -12.4381   1.3850   1.8556   1.0358   0.8542   0.0325   0.4609   0.4609   0.0074   0.0000  -0.0196   0.1346    0.293
    54  11.3693 -12.9663   1.3850   1.7907   0.8896   0.7718   0.0369   0.4314   0.4314   0.0079   0.0000  -0.0179   0.1256    0.292
    55  11.3835 -13.4303   1.3850   1.7336   0.7453   0.6783   0.0423   0.3915   0.3915   0.0082   0.0000  -0.0157   0.1134    0.290
    56  11.3957 -13.8250   1.3850   1.6851   0.6039   0.5709   0.0484   0.3390   0.3390   0.0082   0.0000  -0.0127   0.0974    0.287
    57  11.4047 -14.1196   1.3850   1.6489   0.3847   0.4537   0.0542   0.2753   0.2753   0.0076   0.0000  -0.0094   0.0782    0.284
    58  11.4109 -14.3208   1.3850   1.6242   0.2737   0.3331   0.0591   0.2051   0.2051   0.0063   0.0000  -0.0063   0.0576    0.281
    59  11.4151 -14.4561   1.3850   1.6075   0.1637   0.2041   0.0630   0.1270   0.1270   0.0042   0.0000  -0.0036   0.0353    0.278
    60  11.4171 -14.5242   1.3850   1.5991   0.0545   0.0688   0.0655   0.0430   0.0430   0.0014   0.0000  -0.0012   0.0120    0.278

  Surface # 3     horizontal_stabilizer                   
     # Chordwise = 10   # Spanwise = 30     First strip = 61
     Surface area Ssurf =    8.875695     Ave. chord Cave =    1.720029

 Forces referred to Sref, Cref, Bref about Xref, Yref, Zref
 Standard axis orientation,  X fwd, Z down         
     CLsurf  =   0.00191     Clsurf  =  -0.00007
     CYsurf  =   0.00005     Cmsurf  =  -0.00451
     CDsurf  =   0.00008     Cnsurf  =  -0.00002
     CDisurf =   0.00008     CDvsurf =   0.00000

 Forces referred to Ssurf, Cave 
     CLsurf  =   0.01511     CDsurf  =   0.00061

 Strip Forces referred to Strip Area, Chord
    j     Xle      Yle      Zle      Chord    Area     c_cl     ai     cl_norm    cl       cd       cdv    cm_c/4     cm_LE   C.P.x/c
    61  22.0749   0.0033   6.1955   2.1495   0.0286   0.1652   0.0743   0.0773   0.0765   0.0086   0.0000   0.0184  -0.0008    0.009
    62  22.0788   0.0299   6.1955   2.1451   0.0854   0.1651   0.0743   0.0778   0.0769   0.0029   0.0000   0.0185  -0.0007    0.009
    63  22.0866   0.0829   6.1955   2.1363   0.1407   0.1641   0.0745   0.0777   0.0768   0.0025   0.0000   0.0189  -0.0003    0.004
    64  22.0981   0.1615   6.1955   2.1232   0.1937   0.1608   0.0748   0.0766   0.0757   0.0023   0.0000   0.0198   0.0009   -0.012
    65  22.1133   0.2650   6.1955   2.1059   0.2433   0.1524   0.0755   0.0732   0.0724   0.0020   0.0000   0.0218   0.0037   -0.051
    66  22.1319   0.3923   6.1955   2.0847   0.2890   0.1337   0.0768   0.0649   0.0642   0.0013   0.0000   0.0260   0.0099   -0.155
    67  22.1545   0.5459   6.1955   2.0591   0.3468   0.0813   0.0012   0.0399   0.0395   0.0017   0.0000   0.0380   0.0278   -0.712
    68  22.1807   0.7250   6.1955   2.0293   0.3840   0.0554   0.0034   0.0276   0.0273   0.0013   0.0000   0.0437   0.0364  999.000
    69  22.2099   0.9239   6.1955   1.9961   0.4152   0.0382   0.0056   0.0193   0.0191   0.0009   0.0000   0.0472   0.0420  999.000
    70  22.2417   1.1404   6.1955   1.9600   0.4400   0.0260   0.0075   0.0134   0.0132   0.0007   0.0000   0.0496   0.0458  999.000
    71  22.2757   1.3722   6.1955   1.9214   0.4582   0.0170   0.0090   0.0089   0.0088   0.0005   0.0000   0.0511   0.0484  999.000
    72  22.3116   1.6167   6.1955   1.8806   0.4699   0.0104   0.0101   0.0056   0.0055   0.0004   0.0000   0.0521   0.0502  999.000
    73  22.3490   1.8712   6.1955   1.8382   0.4752   0.0054   0.0110   0.0030   0.0029   0.0003   0.0000   0.0528   0.0515  999.000
    74  22.3874   2.1330   6.1955   1.7946   0.4744   0.0017   0.0117   0.0009   0.0009   0.0002   0.0000   0.0533   0.0525  999.000
    75  22.4265   2.3992   6.1955   1.7502   0.4678  -0.0010   0.0122  -0.0006  -0.0006   0.0001   0.0000   0.0536   0.0532  999.000
    76  22.4657   2.6668   6.1955   1.7056   0.4559  -0.0030   0.0125  -0.0018  -0.0017   0.0001   0.0000   0.0538   0.0536  999.000
    77  22.5048   2.9330   6.1955   1.6612   0.4391  -0.0043   0.0127  -0.0026  -0.0026   0.0000   0.0000   0.0539   0.0539  999.000
    78  22.5432   3.1948   6.1955   1.6176   0.4182  -0.0050   0.0127  -0.0032  -0.0031   0.0000   0.0000   0.0538   0.0540  999.000
    79  22.5806   3.4493   6.1955   1.5752   0.3936  -0.0053   0.0125  -0.0034  -0.0034   0.0000   0.0000   0.0537   0.0540  999.000
    80  22.6165   3.6938   6.1955   1.5344   0.3659  -0.0051   0.0121  -0.0034  -0.0033   0.0000   0.0000   0.0534   0.0537  999.000
    81  22.6505   3.9256   6.1955   1.4958   0.3357  -0.0042   0.0113  -0.0029  -0.0028   0.0001   0.0000   0.0528   0.0529  999.000
    82  22.6823   4.1422   6.1955   1.4597   0.3036  -0.0024   0.0099  -0.0017  -0.0016   0.0001   0.0000   0.0516   0.0515  999.000
    83  22.7115   4.3411   6.1955   1.4265   0.2700   0.0011   0.0079   0.0008   0.0008   0.0002   0.0000   0.0496   0.0489  999.000
    84  22.7377   4.5201   6.1955   1.3967   0.2352   0.0076   0.0051   0.0055   0.0054   0.0004   0.0000   0.0458   0.0440  999.000
    85  22.7608   4.6775   6.1955   1.3705   0.1998   0.0205   0.0015   0.0151   0.0149   0.0007   0.0000   0.0389   0.0348  999.000
    86  22.7824   4.8244   6.1955   1.3460   0.1971   0.0564   0.0752   0.0424   0.0420   0.0006   0.0000   0.0221   0.0115   -0.278
    87  22.8017   4.9555   6.1955   1.3241   0.1530   0.0570   0.0720   0.0436   0.0431   0.0010   0.0000   0.0156   0.0047   -0.111
    88  22.8163   5.0552   6.1955   1.3075   0.1091   0.0462   0.0699   0.0357   0.0353   0.0010   0.0000   0.0110   0.0022   -0.062
    89  22.8261   5.1223   6.1955   1.2963   0.0654   0.0296   0.0686   0.0231   0.0229   0.0007   0.0000   0.0068   0.0011   -0.047
    90  22.8311   5.1560   6.1955   1.2907   0.0218   0.0102   0.0680   0.0080   0.0079   0.0002   0.0000   0.0023   0.0003   -0.044

  Surface # 4     horizontal_stabilizer (YDUP)            
     # Chordwise = 10   # Spanwise = 30     First strip = 91
     Surface area Ssurf =    8.875695     Ave. chord Cave =    1.720029

 Forces referred to Sref, Cref, Bref about Xref, Yref, Zref
 Standard axis orientation,  X fwd, Z down         
     CLsurf  =   0.00191     Clsurf  =   0.00007
     CYsurf  =  -0.00005     Cmsurf  =  -0.00451
     CDsurf  =   0.00008     Cnsurf  =   0.00002
     CDisurf =   0.00008     CDvsurf =   0.00000

 Forces referred to Ssurf, Cave 
     CLsurf  =   0.01511     CDsurf  =   0.00061

 Strip Forces referred to Strip Area, Chord
    j     Xle      Yle      Zle      Chord    Area     c_cl     ai     cl_norm    cl       cd       cdv    cm_c/4     cm_LE   C.P.x/c
    91  22.0749  -0.0033   6.1955   2.1495   0.0286   0.1652   0.0743   0.0773   0.0765   0.0086   0.0000   0.0184   0.0008    0.009
    92  22.0788  -0.0299   6.1955   2.1451   0.0854   0.1651   0.0743   0.0778   0.0769   0.0029   0.0000   0.0185   0.0007    0.009
    93  22.0866  -0.0829   6.1955   2.1363   0.1407   0.1641   0.0745   0.0777   0.0768   0.0025   0.0000   0.0189   0.0003    0.004
    94  22.0981  -0.1615   6.1955   2.1232   0.1937   0.1608   0.0748   0.0766   0.0757   0.0023   0.0000   0.0198  -0.0009   -0.012
    95  22.1133  -0.2650   6.1955   2.1059   0.2433   0.1524   0.0755   0.0732   0.0724   0.0020   0.0000   0.0218  -0.0037   -0.051
    96  22.1319  -0.3923   6.1955   2.0847   0.2890   0.1337   0.0768   0.0649   0.0642   0.0013   0.0000   0.0260  -0.0099   -0.155
    97  22.1545  -0.5459   6.1955   2.0591   0.3468   0.0813   0.0012   0.0399   0.0395   0.0017   0.0000   0.0380  -0.0278   -0.712
    98  22.1807  -0.7250   6.1955   2.0293   0.3840   0.0554   0.0034   0.0276   0.0273   0.0013   0.0000   0.0437  -0.0364  999.000
    99  22.2099  -0.9239   6.1955   1.9961   0.4152   0.0382   0.0056   0.0193   0.0191   0.0009   0.0000   0.0472  -0.0420  999.000
   100  22.2417  -1.1404   6.1955   1.9600   0.4400   0.0260   0.0075   0.0134   0.0132   0.0007   0.0000   0.0496  -0.0458  999.000
   101  22.2757  -1.3722   6.1955   1.9214   0.4582   0.0170   0.0090   0.0089   0.0088   0.0005   0.0000   0.0511  -0.0484  999.000
   102  22.3116  -1.6167   6.1955   1.8806   0.4699   0.0104   0.0101   0.0056   0.0055   0.0004   0.0000   0.0521  -0.0502  999.000
   103  22.3490  -1.8712   6.1955   1.8382   0.4752   0.0054   0.0110   0.0030   0.0029   0.0003   0.0000   0.0528  -0.0515  999.000
   104  22.3874  -2.1330   6.1955   1.7946   0.4744   0.0017   0.0117   0.0009   0.0009   0.0002   0.0000   0.0533  -0.0525  999.000
   105  22.4265  -2.3992   6.1955   1.7502   0.4678  -0.0010   0.0122  -0.0006  -0.0006   0.0001   0.0000   0.0536  -0.0532  999.000
   106  22.4657  -2.6668   6.1955   1.7056   0.4559  -0.0030   0.0125  -0.0018  -0.0017   0.0001   0.0000   0.0538  -0.0536  999.000
   107  22.5048  -2.9330   6.1955   1.6612   0.4391  -0.0043   0.0127  -0.0026  -0.0026   0.0000   0.0000   0.0539  -0.0539  999.000
   108  22.5432  -3.1948   6.1955   1.6176   0.4182  -0.0050   0.0127  -0.0032  -0.0031   0.0000   0.0000   0.0538  -0.0540  999.000
   109  22.5806  -3.4493   6.1955   1.5752   0.3936  -0.0053   0.0125  -0.0034  -0.0034   0.0000   0.0000   0.0537  -0.0540  999.000
   110  22.6165  -3.6938   6.1955   1.5344   0.3659  -0.0051   0.0121  -0.0034  -0.0033   0.0000   0.0000   0.0534  -0.0537  999.000
   111  22.6505  -3.9256   6.1955   1.4958   0.3357  -0.0042   0.0113  -0.0029  -0.0028   0.0001   0.0000   0.0528  -0.0529  999.000
   112  22.6823  -4.1422   6.1955   1.4597   0.3036  -0.0024   0.0099  -0.0017  -0.0016   0.0001   0.0000   0.0516  -0.0515  999.000
   113  22.7115  -4.3411   6.1955   1.4265   0.2700   0.0011   0.0079   0.0008   0.0008   0.0002   0.0000   0.0496  -0.0489  999.000
   114  22.7377  -4.5201   6.1955   1.3967   0.2352   0.0076   0.0051   0.0055   0.0054   0.0004   0.0000   0.0458  -0.0440  999.000
   115  22.7608  -4.6775   6.1955   1.3705   0.1998   0.0205   0.0015   0.0151   0.0149   0.0007   0.0000   0.0389  -0.0348  999.000
   116  22.7824  -4.8244   6.1955   1.3460   0.1971   0.0564   0.0752   0.0424   0.0420   0.0006   0.0000   0.0221  -0.0115   -0.278
   117  22.8017  -4.9555   6.1955   1.3241   0.1530   0.0570   0.0720   0.0436   0.0431   0.0010   0.0000   0.0156  -0.0047   -0.111
   118  22.8163  -5.0552   6.1955   1.3075   0.1091   0.0462   0.0699   0.0357   0.0353   0.0010   0.0000   0.0110  -0.0022   -0.062
   119  22.8261  -5.1223   6.1955   1.2963   0.0654   0.0296   0.0686   0.0231   0.0229   0.0007   0.0000   0.0068  -0.0011   -0.047
   120  22.8311  -5.1560   6.1955   1.2907   0.0218   0.0102   0.0680   0.0080   0.0079   0.0002   0.0000   0.0023  -0.0003   -0.044

  Surface # 5     vertical_stabilizer                     
     # Chordwise = 10   # Spanwise = 30     First strip =121
     Surface area Ssurf =   16.619772     Ave. chord Cave =    3.222947

 Forces referred to Sref, Cref, Bref about Xref, Yref, Zref
 Standard axis orientation,  X fwd, Z down         
     CLsurf  =   0.00000     Clsurf  =   0.00000
     CYsurf  =   0.00000     Cmsurf  =  -0.00000
     CDsurf  =  -0.00000     Cnsurf  =  -0.00000
     CDisurf =  -0.00000     CDvsurf =   0.00000

 Forces referred to Ssurf, Cave 
     CLsurf  =  -0.00000     CDsurf  =  -0.00000

 Strip Forces referred to Strip Area, Chord
    j     Xle      Yle      Zle      Chord    Area     c_cl     ai     cl_norm    cl       cd       cdv    cm_c/4     cm_LE   C.P.x/c
   121  19.3984   0.0000   1.0555   4.0235   0.1597  -0.0000  -0.0000  -0.0000  -0.0000  -0.0000   0.0000   0.0000   0.0000    0.603
   122  19.4310   0.0000   1.1078   4.0071   0.2601  -0.0000   0.0000  -0.0000  -0.0000   0.0000   0.0000   0.0000   0.0000    0.351
   123  19.4791   0.0000   1.1852   3.9830   0.3570  -0.0000  -0.0000  -0.0000  -0.0000  -0.0000   0.0000  -0.0000   0.0000    0.108
   124  19.5425   0.0000   1.2869   3.9512   0.4488  -0.0000   0.0000  -0.0000  -0.0000  -0.0000   0.0000  -0.0000  -0.0000   -0.390
   125  19.6204   0.0000   1.4121   3.9120   0.5341  -0.0000  -0.0000  -0.0000  -0.0000   0.0000   0.0000  -0.0000  -0.0000   -0.164
   126  19.7122   0.0000   1.5596   3.8659   0.6115  -0.0000  -0.0000  -0.0000  -0.0000   0.0000   0.0000  -0.0000  -0.0000   -0.123
   127  19.8171   0.0000   1.7281   3.8133   0.6799  -0.0000  -0.0000  -0.0000  -0.0000  -0.0000   0.0000  -0.0000  -0.0000   -0.181
   128  19.9340   0.0000   1.9158   3.7546   0.7385  -0.0000  -0.0000  -0.0000  -0.0000  -0.0000   0.0000  -0.0000  -0.0000   -0.181
   129  20.0617   0.0000   2.1210   3.6905   0.7866  -0.0000  -0.0000  -0.0000  -0.0000   0.0000   0.0000  -0.0000  -0.0000   -0.176
   130  20.1990   0.0000   2.3415   3.6216   0.8237  -0.0000  -0.0000  -0.0000  -0.0000   0.0000   0.0000  -0.0000  -0.0000   -0.265
   131  20.3446   0.0000   2.5753   3.5485   0.8497  -0.0000  -0.0000  -0.0000  -0.0000  -0.0000   0.0000  -0.0000   0.0000    0.049
   132  20.4968   0.0000   2.8198   3.4721   0.8646  -0.0000  -0.0000  -0.0000  -0.0000  -0.0000   0.0000  -0.0000   0.0000    0.190
   133  20.6542   0.0000   3.0726   3.3931   0.8688  -0.0000   0.0000  -0.0000  -0.0000   0.0000   0.0000  -0.0000   0.0000    0.067
   134  20.8152   0.0000   3.3312   3.3123   0.8626  -0.0000  -0.0000  -0.0000  -0.0000  -0.0000   0.0000  -0.0000   0.0000    0.148
   135  20.9781   0.0000   3.5928   3.2305   0.8469  -0.0000   0.0000  -0.0000  -0.0000  -0.0000   0.0000  -0.0000   0.0000    0.000
   136  21.1412   0.0000   3.8548   3.1487   0.8223  -0.0000  -0.0000  -0.0000  -0.0000   0.0000   0.0000  -0.0000   0.0000    0.131
   137  21.3028   0.0000   4.1144   3.0675   0.7897  -0.0000   0.0000  -0.0000  -0.0000   0.0000   0.0000  -0.0000   0.0000    0.174
   138  21.4613   0.0000   4.3690   2.9880   0.7501  -0.0000  -0.0000  -0.0000  -0.0000   0.0000   0.0000   0.0000   0.0000    0.277
   139  21.6150   0.0000   4.6159   2.9108   0.7046  -0.0000   0.0000  -0.0000  -0.0000  -0.0000   0.0000   0.0000   0.0000    0.293
   140  21.7623   0.0000   4.8525   2.8369   0.6540  -0.0000   0.0000  -0.0000  -0.0000  -0.0000   0.0000   0.0000   0.0000    0.314
   141  21.9016   0.0000   5.0763   2.7669   0.5993  -0.0000  -0.0000  -0.0000  -0.0000   0.0000   0.0000   0.0000   0.0000    0.332
   142  22.0316   0.0000   5.2851   2.7017   0.5414  -0.0000   0.0000  -0.0000  -0.0000   0.0000   0.0000   0.0000   0.0000    0.292
   143  22.1508   0.0000   5.4766   2.6419   0.4810  -0.0000  -0.0000  -0.0000  -0.0000  -0.0000   0.0000   0.0000   0.0000    0.352
   144  22.2580   0.0000   5.6488   2.5881   0.4189  -0.0000  -0.0000  -0.0000  -0.0000   0.0000   0.0000   0.0000   0.0000    0.326
   145  22.3521   0.0000   5.7999   2.5408   0.3556  -0.0000   0.0000  -0.0000  -0.0000   0.0000   0.0000   0.0000   0.0000    0.310
   146  22.4321   0.0000   5.9283   2.5007   0.2915  -0.0000   0.0000  -0.0000  -0.0000   0.0000   0.0000   0.0000   0.0000    0.316
   147  22.4971   0.0000   6.0327   2.4681   0.2270  -0.0000  -0.0000  -0.0000  -0.0000   0.0000   0.0000   0.0000   0.0000    0.339
   148  22.5464   0.0000   6.1120   2.4433   0.1622  -0.0000   0.0000  -0.0000  -0.0000   0.0000   0.0000   0.0000   0.0000    0.318
   149  22.5796   0.0000   6.1653   2.4266   0.0973  -0.0000   0.0000  -0.0000  -0.0000   0.0000   0.0000   0.0000   0.0000    0.297
   150  22.5963   0.0000   6.1921   2.4182   0.0324  -0.0000   0.0000  -0.0000  -0.0000  -0.0000   0.0000   0.0000   0.0000    0.380

  Surface # 6     fuselage_horizontal                     
     # Chordwise = 10   # Spanwise = 30     First strip =151
     Surface area Ssurf =   66.161755     Ave. chord Cave =   23.885110

 Forces referred to Sref, Cref, Bref about Xref, Yref, Zref
 Standard axis orientation,  X fwd, Z down         
     CLsurf  =   0.00724     Clsurf  =   0.00000
     CYsurf  =   0.00000     Cmsurf  =   0.04684
     CDsurf  =   0.00023     Cnsurf  =  -0.00000
     CDisurf =   0.00023     CDvsurf =   0.00000

 Forces referred to Ssurf, Cave 
     CLsurf  =   0.00770     CDsurf  =   0.00024

 Strip Forces referred to Strip Area, Chord
    j     Xle      Yle      Zle      Chord    Area     c_cl     ai     cl_norm    cl       cd       cdv    cm_c/4     cm_LE   C.P.x/c
   151   3.1318  -1.3388   0.0000  15.8457   1.4631   0.0654   0.0468   0.0050   0.0042  -0.0005   0.0000   0.0028   0.0003   -0.430
   152   2.6452  -1.2465   0.0000  17.9715   1.6594   0.0999   0.0530   0.0067   0.0056  -0.0004   0.0000   0.0033   0.0004   -0.346
   153   2.1586  -1.1542   0.0000  20.0973   1.8557   0.1256   0.0567   0.0076   0.0063  -0.0002   0.0000   0.0034   0.0003   -0.295
   154   1.7878  -1.0618   0.0000  21.6272   1.9969   0.1472   0.0600   0.0072   0.0068  -0.0001   0.0000   0.0035   0.0006   -0.262
   155   1.5328  -0.9695   0.0000  22.5613   2.0832   0.1643   0.0605   0.0077   0.0073   0.0002   0.0000   0.0036   0.0006   -0.244
   156   1.2777  -0.8772   0.0000  23.4953   2.1694   0.1789   0.0611   0.0081   0.0076   0.0002   0.0000   0.0036   0.0006   -0.228
   157   1.0579  -0.7848   0.0000  24.3151   2.2451   0.1914   0.0618   0.0079   0.0079   0.0003   0.0000   0.0037   0.0008   -0.216
   158   0.8733  -0.6925   0.0000  25.0207   2.3102   0.2021   0.0622   0.0082   0.0081   0.0003   0.0000   0.0037   0.0007   -0.206
   159   0.6887  -0.6002   0.0000  25.7263   2.3754   0.2113   0.0626   0.0083   0.0082  -0.0000   0.0000   0.0037   0.0007   -0.196
   160   0.5311  -0.5078   0.0000  26.2582   2.4245   0.2187   0.0629   0.0101   0.0084  -0.0003   0.0000   0.0037   0.0009   -0.189
   161   0.4004  -0.4155   0.0000  26.6164   2.4576   0.2245   0.0631   0.0101   0.0084   0.0001   0.0000   0.0037   0.0009   -0.187
   162   0.2697  -0.3232   0.0000  26.9745   2.4906   0.2289   0.0633   0.0102   0.0085  -0.0000   0.0000   0.0037   0.0009   -0.183
   163   0.1703  -0.2308   0.0000  27.1876   2.5103   0.2320   0.0633   0.0111   0.0085   0.0002   0.0000   0.0037   0.0013   -0.183
   164   0.1022  -0.1385   0.0000  27.2557   2.5166   0.2337   0.0633   0.0112   0.0085   0.0008   0.0000   0.0037   0.0013   -0.184
   165   0.0341  -0.0462   0.0000  27.3239   2.5229   0.2344   0.0633   0.0110   0.0084   0.0023   0.0000   0.0037   0.0013   -0.189
   166   0.0341   0.0462   0.0000  27.3239   2.5229   0.2344   0.0633   0.0110   0.0084   0.0023   0.0000   0.0037   0.0013   -0.189
   167   0.1022   0.1385   0.0000  27.2557   2.5166   0.2337   0.0633   0.0112   0.0085   0.0008   0.0000   0.0037   0.0013   -0.184
   168   0.1703   0.2308   0.0000  27.1876   2.5103   0.2320   0.0633   0.0111   0.0085   0.0002   0.0000   0.0037   0.0013   -0.183
   169   0.2697   0.3232   0.0000  26.9745   2.4906   0.2289   0.0633   0.0102   0.0085  -0.0000   0.0000   0.0037   0.0009   -0.183
   170   0.4004   0.4155   0.0000  26.6164   2.4576   0.2245   0.0631   0.0101   0.0084   0.0001   0.0000   0.0037   0.0009   -0.187
   171   0.5311   0.5078   0.0000  26.2582   2.4245   0.2187   0.0629   0.0101   0.0084  -0.0003   0.0000   0.0037   0.0009   -0.189
   172   0.6887   0.6002   0.0000  25.7263   2.3754   0.2113   0.0626   0.0083   0.0082  -0.0000   0.0000   0.0037   0.0007   -0.196
   173   0.8733   0.6925   0.0000  25.0207   2.3102   0.2021   0.0622   0.0082   0.0081   0.0003   0.0000   0.0037   0.0007   -0.206
   174   1.0579   0.7848   0.0000  24.3151   2.2451   0.1914   0.0618   0.0079   0.0079   0.0003   0.0000   0.0037   0.0008   -0.216
   175   1.2777   0.8772   0.0000  23.4953   2.1694   0.1789   0.0611   0.0081   0.0076   0.0002   0.0000   0.0036   0.0006   -0.228
   176   1.5327   0.9695   0.0000  22.5613   2.0832   0.1643   0.0605   0.0077   0.0073   0.0002   0.0000   0.0036   0.0006   -0.244
   177   1.7878   1.0618   0.0000  21.6272   1.9969   0.1472   0.0600   0.0072   0.0068  -0.0001   0.0000   0.0035   0.0006   -0.262
   178   2.1586   1.1542   0.0000  20.0973   1.8557   0.1256   0.0567   0.0076   0.0063  -0.0002   0.0000   0.0034   0.0003   -0.295
   179   2.6452   1.2465   0.0000  17.9715   1.6594   0.0999   0.0530   0.0067   0.0056  -0.0004   0.0000   0.0033   0.0004   -0.346
   180   3.1318   1.3388   0.0000  15.8457   1.4631   0.0654   0.0468   0.0050   0.0042  -0.0005   0.0000   0.0028   0.0003   -0.430

  Surface # 7     fuselage_vertical                       
     # Chordwise = 10   # Spanwise = 30     First strip =181
     Surface area Ssurf =   65.762099     Ave. chord Cave =   23.740830

 Forces referred to Sref, Cref, Bref about Xref, Yref, Zref
 Standard axis orientation,  X fwd, Z down         
     CLsurf  =  -0.00000     Clsurf  =   0.00000
     CYsurf  =  -0.00000     Cmsurf  =   0.00000
     CDsurf  =   0.00000     Cnsurf  =   0.00000
     CDisurf =   0.00000     CDvsurf =   0.00000

 Forces referred to Ssurf, Cave 
     CLsurf  =   0.00000     CDsurf  =   0.00000

 Strip Forces referred to Strip Area, Chord
    j     Xle      Yle      Zle      Chord    Area     c_cl     ai     cl_norm    cl       cd       cdv    cm_c/4     cm_LE   C.P.x/c
   181   2.8564   0.0000  -1.3388  15.8917   1.4673   0.0000   0.0000   0.0000   0.0000  -0.0000   0.0000  -0.0000  -0.0000    0.670
   182   1.8191   0.0000  -1.2465  18.1094   1.6721   0.0000   0.0000   0.0000   0.0000  -0.0000   0.0000  -0.0000  -0.0000    0.760
   183   0.7817   0.0000  -1.1542  20.3272   1.8769   0.0000   0.0000   0.0000   0.0000  -0.0000   0.0000  -0.0000  -0.0000    0.871
   184   0.2207   0.0000  -1.0618  21.7229   2.0057   0.0000   0.0000   0.0000   0.0000   0.0000   0.0000  -0.0000  -0.0000    0.673
   185   0.1361   0.0000  -0.9695  22.2964   2.0587   0.0000   0.0000   0.0000   0.0000   0.0000   0.0000  -0.0000  -0.0000    0.626
   186   0.0514   0.0000  -0.8772  22.8699   2.1117   0.0000   0.0000   0.0000   0.0000   0.0000   0.0000  -0.0000  -0.0000    0.612
   187   0.0140   0.0000  -0.7848  23.3393   2.1550   0.0000   0.0000   0.0000   0.0000   0.0000   0.0000  -0.0000  -0.0000    0.589
   188   0.0240   0.0000  -0.6925  23.7046   2.1887   0.0000   0.0000   0.0000   0.0000   0.0000   0.0000  -0.0000  -0.0000    0.580
   189   0.0339   0.0000  -0.6002  24.0698   2.2224   0.0000   0.0000   0.0000   0.0000   0.0000   0.0000  -0.0000  -0.0000    0.608
   190   0.0664   0.0000  -0.5078  24.3830   2.2514   0.0000   0.0000   0.0000   0.0000   0.0000   0.0000  -0.0000  -0.0000    0.596
   191   0.1216   0.0000  -0.4155  24.6441   2.2755   0.0000   0.0000   0.0000   0.0000   0.0000   0.0000  -0.0000  -0.0000    0.575
   192   0.1768   0.0000  -0.3232  24.9051   2.2996   0.0000  -0.0000   0.0000   0.0000   0.0000   0.0000  -0.0000  -0.0000    0.436
   193   0.2450   0.0000  -0.2308  25.1344   2.3207   0.0000  -0.0000   0.0000   0.0000   0.0000   0.0000  -0.0000  -0.0000    0.375
   194   0.3263   0.0000  -0.1385  25.3317   2.3390   0.0000  -0.0000   0.0000   0.0000  -0.0000   0.0000  -0.0000  -0.0000    0.655
   195   0.4076   0.0000  -0.0462  25.5291   2.3572   0.0000  -0.0000   0.0000   0.0000  -0.0000   0.0000  -0.0000  -0.0000    0.707
   196   0.5006   0.0000   0.0462  25.7015   2.3731   0.0000   0.0000   0.0000   0.0000   0.0000   0.0000  -0.0000  -0.0000    0.802
   197   0.6052   0.0000   0.1385  25.8488   2.3867   0.0000   0.0000   0.0000   0.0000   0.0000   0.0000  -0.0000  -0.0000    0.828
   198   0.7098   0.0000   0.2308  25.9961   2.4003   0.0000   0.0000   0.0000   0.0000   0.0000   0.0000  -0.0000  -0.0000    0.774
   199   0.8268   0.0000   0.3232  26.0927   2.4092   0.0000   0.0000   0.0000   0.0000  -0.0000   0.0000  -0.0000  -0.0000    0.753
   200   0.9561   0.0000   0.4155  26.1388   2.4135   0.0000   0.0000   0.0000   0.0000  -0.0000   0.0000  -0.0000  -0.0000    0.731
   201   1.0855   0.0000   0.5078  26.1848   2.4177   0.0000  -0.0000   0.0000   0.0000  -0.0000   0.0000  -0.0000  -0.0000    0.686
   202   1.2301   0.0000   0.6002  26.1279   2.4125   0.0000  -0.0000   0.0000   0.0000  -0.0000   0.0000  -0.0000  -0.0000    0.689
   203   1.3898   0.0000   0.6925  25.9682   2.3977   0.0000   0.0000   0.0000   0.0000  -0.0000   0.0000  -0.0000  -0.0000    0.679
   204   1.5494   0.0000   0.7848  25.8085   2.3830   0.0000   0.0000   0.0000   0.0000  -0.0000   0.0000  -0.0000  -0.0000    0.683
   205   1.7323   0.0000   0.8772  25.6256   2.3661   0.0000   0.0000   0.0000   0.0000   0.0000   0.0000  -0.0000  -0.0000    0.661
   206   1.9383   0.0000   0.9695  25.4197   2.3471   0.0000  -0.0000   0.0000   0.0000  -0.0000   0.0000  -0.0000  -0.0000    0.661
   207   2.1443   0.0000   1.0618  25.2137   2.3281   0.0000   0.0000   0.0000   0.0000  -0.0000   0.0000  -0.0000  -0.0000    0.681
   208   2.4353   0.0000   1.1542  23.3894   2.1596  -0.0000  -0.0000  -0.0000  -0.0000   0.0000   0.0000   0.0000   0.0000    0.924
   209   2.8112   0.0000   1.2465  19.9468   1.8417  -0.0000  -0.0000  -0.0000  -0.0000  -0.0000   0.0000   0.0000   0.0000    1.019
   210   3.1871   0.0000   1.3388  16.5041   1.5239  -0.0000  -0.0000  -0.0000  -0.0000  -0.0000   0.0000   0.0000   0.0000    0.759
 ---------------------------------------------------------------
