u  w  q  the  v  p  r  phi  x  y  z  psi  |  slat  flap  aileron  elevator
   -0.000573     0.215900   -18.400000    -9.810000     0.000000     0.000000     0.000000     0.000000     0.000000    -0.000000     0.000000     0.000000    -0.000789     0.032690    -0.000000     0.010970
   -0.118600    -0.533000    66.760000    -0.000000    -0.000000     0.000000     0.000000    -0.000000     0.000000    -0.000000     0.000000     0.000000     0.004398    -0.179200    -0.000000    -0.075280
    0.005893    -0.024350    -0.914900     0.000000    -0.003401    -0.142200     0.058850     0.000000    -0.000000     0.000000    -0.000000     0.000000    -0.000282    -0.001306     0.001978    -0.029750
   -0.000000    -0.000000     1.000000     0.000000     0.000000    -0.000000    -0.000000     0.000000    -0.000000     0.000000    -0.000000     0.000000     0.000000     0.000000     0.000000     0.000000
    0.000000     0.000000     0.000000    -0.000000    -0.091760    18.500000   -69.060000     9.810000    -0.000000     0.000000    -0.000000    -0.000000    -0.000000     0.000000    -0.000161     0.000000
    0.000978    -0.004039    -0.151800    -0.000000    -0.172700    -6.416000     3.255000    -0.000000     0.000000    -0.000000     0.000000    -0.000000    -0.000047    -0.000217     0.091870    -0.004936
    0.000124    -0.000510    -0.019190    -0.000000     0.011230    -0.467800    -0.506500    -0.000000     0.000000    -0.000000     0.000000    -0.000000    -0.000006    -0.000027     0.003499    -0.000624
   -0.000000    -0.000000     0.000000    -0.000000     0.000000     1.000000     0.000000     0.000000    -0.000000     0.000000    -0.000000     0.000000     0.000000     0.000000     0.000000     0.000000
    1.000000     0.000000    -0.000000    17.840000    -0.000000     0.000000     0.000000     0.000000     0.000000    -0.000000     0.000000     0.000000    -0.000000    -0.000000    -0.000000    -0.000000
    0.000000    -0.000000     0.000000    -0.000000     1.000000    -0.000000    -0.000000   -17.840000    -0.000000     0.000000    -0.000000    73.710000     0.000000     0.000000     0.000000     0.000000
   -0.000000     1.000000    -0.000000   -73.710000     0.000000     0.000000     0.000000     0.000000     0.000000    -0.000000     0.000000     0.000000    -0.000000    -0.000000    -0.000000    -0.000000
   -0.000000    -0.000000     0.000000     0.000000     0.000000    -0.000000     1.000000     0.000000    -0.000000     0.000000    -0.000000     0.000000     0.000000     0.000000     0.000000     0.000000

    0.000189     0.132300   -14.020000    -9.810000    -0.000000    -0.000000     0.000000     0.000000     0.000000    -0.000000     0.000000     0.000000    -0.000634     0.028760     0.000000     0.009066
   -0.085770    -0.655200   106.300000    -0.000000     0.000000     0.000000    -0.000000    -0.000000     0.000000    -0.000000     0.000000     0.000000     0.008303    -0.354500     0.000000    -0.139500
    0.003600    -0.030040    -1.225000     0.000000    -0.003950    -0.201800     0.058730     0.000000    -0.000000     0.000000    -0.000000     0.000000    -0.000666    -0.003118     0.004482    -0.062680
   -0.000000    -0.000000     1.000000    -0.000000     0.000000    -0.000000    -0.000000    -0.000000    -0.000000     0.000000    -0.000000    -0.000000     0.000000     0.000000     0.000000     0.000000
    0.000000     0.000000    -0.000000    -0.000000    -0.109400    13.860000  -109.400000     9.810000    -0.000000     0.000000    -0.000000    -0.000000     0.000000    -0.000000     0.002692    -0.000000
    0.000623    -0.005195    -0.211900    -0.000000    -0.179700    -8.103000     3.001000    -0.000000     0.000000    -0.000000     0.000000    -0.000000    -0.000115    -0.000539     0.182700    -0.010840
    0.000082    -0.000683    -0.027880    -0.000000     0.018080    -0.334700    -0.653100    -0.000000     0.000000    -0.000000     0.000000    -0.000000    -0.000015    -0.000071     0.004372    -0.001426
   -0.000000    -0.000000     0.000000     0.000000     0.000000     1.000000     0.000000    -0.000000    -0.000000     0.000000    -0.000000    -0.000000     0.000000     0.000000     0.000000     0.000000
    1.000000     0.000000    -0.000000    13.710000    -0.000000     0.000000     0.000000     0.000000     0.000000    -0.000000     0.000000     0.000000    -0.000000    -0.000000    -0.000000    -0.000000
    0.000000    -0.000000     0.000000    -0.000000     1.000000    -0.000000    -0.000000   -13.710000    -0.000000     0.000000    -0.000000   114.400000     0.000000     0.000000     0.000000     0.000000
   -0.000000     1.000000    -0.000000  -114.400000     0.000000     0.000000     0.000000     0.000000     0.000000    -0.000000     0.000000     0.000000    -0.000000    -0.000000    -0.000000    -0.000000
   -0.000000    -0.000000     0.000000     0.000000     0.000000    -0.000000     1.000000    -0.000000    -0.000000     0.000000    -0.000000    -0.000000     0.000000     0.000000     0.000000     0.000000

    0.000042     0.059160   -14.240000    -9.810000     0.000000    -0.000000     0.000000     0.000000     0.000000    -0.000000     0.000000     0.000000    -0.000364     0.021030    -0.000000     0.006465
   -0.049130    -0.569300   223.300000    -0.000000    -0.000000     0.000000    -0.000000    -0.000000     0.000000    -0.000000     0.000000     0.000000     0.014190    -0.647700     0.000000    -0.234800
    0.001878    -0.030550    -1.309000     0.000000    -0.004002    -0.235700     0.052360     0.000000    -0.000000     0.000000    -0.000000     0.000000    -0.001690    -0.009395     0.010700    -0.137500
   -0.000000    -0.000000     1.000000     0.000000     0.000000    -0.000000    -0.000000     0.000000    -0.000000     0.000000    -0.000000     0.000000     0.000000     0.000000     0.000000     0.000000
   -0.000000    -0.000000     0.000000    -0.000000    -0.086140    14.010000  -226.000000     9.810000    -0.000000     0.000000    -0.000000    -0.000000     0.000000    -0.000000     0.007027     0.000000
    0.000348    -0.005658    -0.242400    -0.000000    -0.142700    -7.281000     2.183000    -0.000000     0.000000    -0.000000     0.000000    -0.000000    -0.000313    -0.001740     0.333600    -0.025460
    0.000050    -0.000806    -0.034550    -0.000000     0.019210    -0.179300    -0.621300    -0.000000     0.000000    -0.000000     0.000000    -0.000000    -0.000045    -0.000248     0.004685    -0.003628
   -0.000000    -0.000000     0.000000    -0.000000     0.000000     1.000000     0.000000     0.000000    -0.000000     0.000000    -0.000000     0.000000     0.000000     0.000000     0.000000     0.000000
    1.000000     0.000000    -0.000000    14.120000    -0.000000     0.000000     0.000000     0.000000     0.000000    -0.000000     0.000000     0.000000    -0.000000    -0.000000    -0.000000    -0.000000
    0.000000    -0.000000     0.000000    -0.000000     1.000000    -0.000000    -0.000000   -14.120000    -0.000000     0.000000    -0.000000   229.700000     0.000000     0.000000     0.000000     0.000000
   -0.000000     1.000000    -0.000000  -229.700000     0.000000     0.000000     0.000000     0.000000     0.000000    -0.000000     0.000000     0.000000    -0.000000    -0.000000    -0.000000    -0.000000
   -0.000000    -0.000000     0.000000     0.000000     0.000000    -0.000000     1.000000    -0.000000    -0.000000     0.000000    -0.000000     0.000000     0.000000     0.000000     0.000000     0.000000

    0.000028     0.058530   -13.240000    -9.810000     0.000000     0.000000     0.000000     0.000000     0.000000    -0.000000     0.000000     0.000000    -0.000344     0.020260    -0.000000     0.006235
   -0.049740    -0.600900   223.000000    -0.000000    -0.000000     0.000000     0.000000    -0.000000     0.000000    -0.000000     0.000000     0.000000     0.014970    -0.684200     0.000000    -0.247800
    0.001737    -0.030420    -1.308000     0.000000    -0.003958    -0.235500     0.051120     0.000000    -0.000000     0.000000    -0.000000     0.000000    -0.001691    -0.009369     0.010710    -0.137400
   -0.000000    -0.000000     1.000000     0.000000     0.000000    -0.000000    -0.000000     0.000000    -0.000000     0.000000    -0.000000     0.000000     0.000000     0.000000     0.000000     0.000000
   -0.000000    -0.000000     0.000000    -0.000000    -0.091040    12.980000  -225.800000     9.810000    -0.000000     0.000000    -0.000000    -0.000000     0.000000    -0.000000     0.007581     0.000000
    0.000322    -0.005633    -0.242200    -0.000000    -0.141400    -7.284000     2.143000    -0.000000     0.000000    -0.000000     0.000000    -0.000000    -0.000313    -0.001735     0.333900    -0.025450
    0.000046    -0.000803    -0.034520    -0.000000     0.019310    -0.168900    -0.620600    -0.000000     0.000000    -0.000000     0.000000    -0.000000    -0.000045    -0.000247     0.004542    -0.003627
   -0.000000    -0.000000     0.000000    -0.000000     0.000000     1.000000     0.000000     0.000000    -0.000000     0.000000    -0.000000     0.000000     0.000000     0.000000     0.000000     0.000000
    1.000000     0.000000    -0.000000    13.120000    -0.000000     0.000000     0.000000     0.000000     0.000000    -0.000000     0.000000     0.000000    -0.000000    -0.000000    -0.000000    -0.000000
    0.000000    -0.000000     0.000000    -0.000000     1.000000    -0.000000    -0.000000   -13.120000    -0.000000     0.000000    -0.000000   229.800000     0.000000     0.000000     0.000000     0.000000
   -0.000000     1.000000    -0.000000  -229.800000     0.000000     0.000000     0.000000     0.000000     0.000000    -0.000000     0.000000     0.000000    -0.000000    -0.000000    -0.000000    -0.000000
   -0.000000    -0.000000     0.000000     0.000000     0.000000    -0.000000     1.000000     0.000000    -0.000000     0.000000    -0.000000     0.000000     0.000000     0.000000     0.000000     0.000000

    0.000205     0.131500   -13.150000    -9.810000    -0.000000    -0.000000    -0.000000     0.000000     0.000000    -0.000000     0.000000     0.000000    -0.000622     0.028350     0.000000     0.008914
   -0.086340    -0.691000   106.000000    -0.000000     0.000000     0.000000     0.000000    -0.000000     0.000000    -0.000000     0.000000     0.000000     0.008758    -0.374500     0.000000    -0.147200
    0.003349    -0.029850    -1.224000     0.000000    -0.003891    -0.201600     0.057060     0.000000    -0.000000     0.000000    -0.000000     0.000000    -0.000667    -0.003101     0.004490    -0.062680
   -0.000000    -0.000000     1.000000     0.000000     0.000000    -0.000000    -0.000000    -0.000000    -0.000000     0.000000    -0.000000     0.000000     0.000000     0.000000     0.000000     0.000000
    0.000000     0.000000    -0.000000    -0.000000    -0.115700    12.970000  -109.200000     9.810000    -0.000000     0.000000    -0.000000    -0.000000     0.000000    -0.000000     0.003026    -0.000000
    0.000579    -0.005162    -0.211700    -0.000000    -0.177500    -8.112000     2.931000    -0.000000     0.000000    -0.000000     0.000000    -0.000000    -0.000115    -0.000536     0.183100    -0.010840
    0.000076    -0.000679    -0.027850    -0.000000     0.018280    -0.317300    -0.652800    -0.000000     0.000000    -0.000000     0.000000    -0.000000    -0.000015    -0.000071     0.004241    -0.001426
   -0.000000    -0.000000     0.000000     0.000000     0.000000     1.000000     0.000000     0.000000    -0.000000     0.000000    -0.000000     0.000000     0.000000     0.000000     0.000000     0.000000
    1.000000     0.000000    -0.000000    12.850000    -0.000000     0.000000     0.000000     0.000000     0.000000    -0.000000     0.000000     0.000000    -0.000000    -0.000000    -0.000000    -0.000000
    0.000000    -0.000000     0.000000    -0.000000     1.000000    -0.000000    -0.000000   -12.850000    -0.000000     0.000000    -0.000000   114.500000     0.000000     0.000000     0.000000     0.000000
   -0.000000     1.000000    -0.000000  -114.500000     0.000000     0.000000     0.000000     0.000000     0.000000    -0.000000     0.000000     0.000000    -0.000000    -0.000000    -0.000000    -0.000000
   -0.000000    -0.000000     0.000000     0.000000     0.000000    -0.000000     1.000000     0.000000    -0.000000     0.000000    -0.000000     0.000000     0.000000     0.000000     0.000000     0.000000

   -0.000439     0.214900   -17.340000    -9.810000     0.000000     0.000000     0.000000     0.000000     0.000000    -0.000000     0.000000     0.000000    -0.000783     0.032550    -0.000000     0.010880
   -0.118800    -0.562800    66.610000    -0.000000    -0.000000     0.000000     0.000000    -0.000000     0.000000    -0.000000     0.000000     0.000000     0.004655    -0.190200    -0.000000    -0.079650
    0.005473    -0.024120    -0.914900     0.000000    -0.003331    -0.142200     0.056800     0.000000    -0.000000     0.000000    -0.000000     0.000000    -0.000284    -0.001295     0.001992    -0.029850
   -0.000000    -0.000000     1.000000     0.000000     0.000000    -0.000000    -0.000000     0.000000    -0.000000     0.000000    -0.000000     0.000000     0.000000     0.000000     0.000000     0.000000
    0.000000     0.000000     0.000000    -0.000000    -0.097420    17.410000   -69.070000     9.810000    -0.000000     0.000000    -0.000000    -0.000000    -0.000000     0.000000     0.000028     0.000000
    0.000908    -0.004002    -0.151800    -0.000000    -0.169600    -6.439000     3.158000    -0.000000     0.000000    -0.000000     0.000000    -0.000000    -0.000047    -0.000215     0.092610    -0.004953
    0.000115    -0.000506    -0.019180    -0.000000     0.011560    -0.443200    -0.507500    -0.000000     0.000000    -0.000000     0.000000    -0.000000    -0.000006    -0.000027     0.003385    -0.000626
   -0.000000    -0.000000     0.000000     0.000000     0.000000     1.000000     0.000000     0.000000    -0.000000     0.000000    -0.000000     0.000000     0.000000     0.000000     0.000000     0.000000
    1.000000     0.000000    -0.000000    16.780000    -0.000000     0.000000     0.000000     0.000000     0.000000    -0.000000     0.000000     0.000000    -0.000000    -0.000000    -0.000000    -0.000000
    0.000000    -0.000000     0.000000    -0.000000     1.000000    -0.000000    -0.000000   -16.780000    -0.000000     0.000000    -0.000000    73.960000     0.000000     0.000000     0.000000     0.000000
   -0.000000     1.000000    -0.000000   -73.960000     0.000000     0.000000     0.000000     0.000000     0.000000    -0.000000     0.000000     0.000000    -0.000000    -0.000000    -0.000000    -0.000000
   -0.000000    -0.000000     0.000000     0.000000     0.000000    -0.000000     1.000000    -0.000000    -0.000000     0.000000    -0.000000     0.000000     0.000000     0.000000     0.000000     0.000000
