u  w  q  the  v  p  r  phi  x  y  z  psi  |  slat  flap  aileron  elevator
   -0.002446     0.225700   -19.270000    -9.810000     0.000000     0.000000     0.000000     0.000000     0.000000    -0.000000     0.000000     0.000000    -0.000837     0.034580    -0.000000     0.014300
   -0.111500    -0.530700    66.030000    -0.000000    -0.000000     0.000000     0.000000    -0.000000     0.000000    -0.000000     0.000000     0.000000     0.004376    -0.178000    -0.000000    -0.074960
    0.008377    -0.032640    -0.948800     0.000000    -0.000259    -0.007037     0.005949     0.000000    -0.000000     0.000000    -0.000000     0.000000    -0.000179    -0.004691     0.000110    -0.029250
   -0.000000    -0.000000     1.000000     0.000000     0.000000    -0.000000    -0.000000     0.000000    -0.000000     0.000000    -0.000000     0.000000     0.000000     0.000000     0.000000     0.000000
    0.000000     0.000000     0.000000    -0.000000    -0.090840    19.570000   -68.720000     9.810000    -0.000000     0.000000    -0.000000    -0.000000    -0.000000     0.000000    -0.000313     0.000000
    0.000089    -0.000347    -0.010080    -0.000000    -0.899200   -33.350000    17.820000    -0.000000     0.000000    -0.000000     0.000000    -0.000000    -0.000002    -0.000050     0.475600    -0.000311
   -0.000023     0.000090     0.002610    -0.000000     0.001844    -0.939700    -0.357400    -0.000000     0.000000    -0.000000     0.000000    -0.000000     0.000000     0.000013     0.009781     0.000080
   -0.000000    -0.000000     0.000000     0.000000     0.000000     1.000000     0.000000     0.000000    -0.000000     0.000000    -0.000000     0.000000     0.000000     0.000000     0.000000     0.000000
    1.000000     0.000000    -0.000000    18.850000    -0.000000     0.000000     0.000000     0.000000     0.000000    -0.000000     0.000000     0.000000    -0.000000    -0.000000    -0.000000    -0.000000
    0.000000    -0.000000     0.000000    -0.000000     1.000000    -0.000000    -0.000000   -18.850000    -0.000000     0.000000    -0.000000    73.460000     0.000000     0.000000     0.000000     0.000000
   -0.000000     1.000000    -0.000000   -73.460000     0.000000     0.000000     0.000000     0.000000     0.000000    -0.000000     0.000000     0.000000    -0.000000    -0.000000    -0.000000    -0.000000
   -0.000000    -0.000000     0.000000     0.000000     0.000000    -0.000000     1.000000    -0.000000    -0.000000     0.000000    -0.000000     0.000000     0.000000     0.000000     0.000000     0.000000

   -0.000359     0.138700   -14.760000    -9.810000    -0.000000    -0.000000    -0.000000     0.000000     0.000000    -0.000000     0.000000     0.000000    -0.000681     0.030740     0.000000     0.012710
   -0.081100    -0.654300   105.600000    -0.000000    -0.000000     0.000000     0.000000    -0.000000     0.000000    -0.000000     0.000000     0.000000     0.008296    -0.353900     0.000000    -0.139500
    0.005298    -0.041660    -1.257000     0.000000    -0.000394    -0.013920     0.008052     0.000000    -0.000000     0.000000    -0.000000     0.000000    -0.000437    -0.010570     0.000324    -0.061110
   -0.000000    -0.000000     1.000000     0.000000     0.000000    -0.000000    -0.000000     0.000000    -0.000000     0.000000    -0.000000     0.000000     0.000000     0.000000     0.000000     0.000000
    0.000000     0.000000    -0.000000    -0.000000    -0.108800    14.720000  -109.100000     9.810000    -0.000000     0.000000    -0.000000    -0.000000     0.000000    -0.000000     0.002550    -0.000000
    0.000074    -0.000579    -0.017470    -0.000000    -1.150000   -51.840000    20.300000    -0.000000     0.000000    -0.000000     0.000000    -0.000000    -0.000006    -0.000147     1.167000    -0.000849
   -0.000016     0.000127     0.003839    -0.000000     0.007715    -0.970900    -0.514500    -0.000000     0.000000    -0.000000     0.000000    -0.000000     0.000001     0.000032     0.018250     0.000187
   -0.000000    -0.000000     0.000000    -0.000000     0.000000     1.000000     0.000000     0.000000    -0.000000     0.000000    -0.000000     0.000000     0.000000     0.000000     0.000000     0.000000
    1.000000     0.000000    -0.000000    14.540000    -0.000000     0.000000     0.000000     0.000000     0.000000    -0.000000     0.000000     0.000000    -0.000000    -0.000000    -0.000000    -0.000000
    0.000000    -0.000000     0.000000    -0.000000     1.000000    -0.000000    -0.000000   -14.540000    -0.000000     0.000000    -0.000000   114.300000     0.000000     0.000000     0.000000     0.000000
   -0.000000     1.000000    -0.000000  -114.300000     0.000000     0.000000     0.000000     0.000000     0.000000    -0.000000     0.000000     0.000000    -0.000000    -0.000000    -0.000000    -0.000000
   -0.000000    -0.000000     0.000000     0.000000     0.000000    -0.000000     1.000000    -0.000000    -0.000000     0.000000    -0.000000     0.000000     0.000000     0.000000     0.000000     0.000000

   -0.000078     0.062340   -15.150000    -9.810000     0.000000    -0.000000     0.000000     0.000000     0.000000    -0.000000     0.000000     0.000000    -0.000404     0.022930    -0.000000     0.010510
   -0.046780    -0.569000   222.700000    -0.000000    -0.000000     0.000000    -0.000000    -0.000000     0.000000    -0.000000     0.000000     0.000000     0.014190    -0.647400     0.000000    -0.234900
    0.002811    -0.042830    -1.310000     0.000000    -0.000671    -0.029190     0.012230     0.000000    -0.000000     0.000000    -0.000000     0.000000    -0.001144    -0.026060     0.001352    -0.130700
   -0.000000    -0.000000     1.000000     0.000000     0.000000    -0.000000    -0.000000     0.000000    -0.000000     0.000000    -0.000000     0.000000     0.000000     0.000000     0.000000     0.000000
   -0.000000    -0.000000     0.000000    -0.000000    -0.085900    14.980000  -225.800000     9.810000    -0.000000     0.000000    -0.000000    -0.000000     0.000000    -0.000000     0.006912     0.000000
    0.000073    -0.001118    -0.034210    -0.000000    -1.533000   -78.150000    24.910000    -0.000000     0.000000    -0.000000     0.000000    -0.000000    -0.000030    -0.000680     3.579000    -0.003413
   -0.000010     0.000158     0.004837    -0.000000     0.008764    -0.893300    -0.497000    -0.000000     0.000000    -0.000000     0.000000    -0.000000     0.000004     0.000096     0.036900     0.000483
   -0.000000    -0.000000     0.000000     0.000000     0.000000     1.000000     0.000000     0.000000    -0.000000     0.000000    -0.000000     0.000000     0.000000     0.000000     0.000000     0.000000
    1.000000     0.000000    -0.000000    15.070000    -0.000000     0.000000     0.000000     0.000000     0.000000    -0.000000     0.000000     0.000000    -0.000000    -0.000000    -0.000000    -0.000000
    0.000000    -0.000000     0.000000    -0.000000     1.000000    -0.000000    -0.000000   -15.070000    -0.000000     0.000000    -0.000000   229.700000     0.000000     0.000000     0.000000     0.000000
   -0.000000     1.000000    -0.000000  -229.700000     0.000000     0.000000     0.000000     0.000000     0.000000    -0.000000     0.000000     0.000000    -0.000000    -0.000000    -0.000000    -0.000000
   -0.000000    -0.000000     0.000000     0.000000     0.000000    -0.000000     1.000000     0.000000    -0.000000     0.000000    -0.000000     0.000000     0.000000     0.000000     0.000000     0.000000

   -0.000080     0.061710   -14.100000    -9.810000     0.000000     0.000000     0.000000     0.000000     0.000000    -0.000000     0.000000     0.000000    -0.000384     0.022160    -0.000000     0.010280
   -0.047390    -0.600600   222.400000    -0.000000    -0.000000    -0.000000     0.000000    -0.000000     0.000000    -0.000000     0.000000     0.000000     0.014980    -0.683900     0.000000    -0.248000
    0.002607    -0.042710    -1.309000     0.000000    -0.000666    -0.029240     0.012060     0.000000    -0.000000     0.000000    -0.000000     0.000000    -0.001145    -0.026050     0.001354    -0.130700
   -0.000000    -0.000000     1.000000     0.000000     0.000000    -0.000000    -0.000000     0.000000    -0.000000     0.000000    -0.000000     0.000000     0.000000     0.000000     0.000000     0.000000
   -0.000000    -0.000000     0.000000    -0.000000    -0.090800    13.900000  -225.700000     9.810000    -0.000000     0.000000    -0.000000    -0.000000     0.000000    -0.000000     0.007466     0.000000
    0.000068    -0.001115    -0.034180    -0.000000    -1.519000   -78.180000    24.460000    -0.000000     0.000000    -0.000000     0.000000    -0.000000    -0.000030    -0.000680     3.582000    -0.003411
   -0.000010     0.000158     0.004833    -0.000000     0.009006    -0.881700    -0.500000    -0.000000     0.000000    -0.000000     0.000000    -0.000000     0.000004     0.000096     0.036770     0.000482
   -0.000000    -0.000000     0.000000     0.000000     0.000000     1.000000     0.000000     0.000000    -0.000000     0.000000    -0.000000     0.000000     0.000000     0.000000     0.000000     0.000000
    1.000000     0.000000    -0.000000    14.020000    -0.000000     0.000000     0.000000     0.000000     0.000000    -0.000000     0.000000     0.000000    -0.000000    -0.000000    -0.000000    -0.000000
    0.000000    -0.000000     0.000000    -0.000000     1.000000    -0.000000    -0.000000   -14.020000    -0.000000     0.000000    -0.000000   229.700000     0.000000     0.000000     0.000000     0.000000
   -0.000000     1.000000    -0.000000  -229.700000     0.000000     0.000000     0.000000     0.000000     0.000000    -0.000000     0.000000     0.000000    -0.000000    -0.000000    -0.000000    -0.000000
   -0.000000    -0.000000     0.000000     0.000000     0.000000    -0.000000     1.000000    -0.000000    -0.000000     0.000000    -0.000000     0.000000     0.000000     0.000000     0.000000     0.000000

   -0.000301     0.137900   -13.850000    -9.810000    -0.000000    -0.000000    -0.000000     0.000000     0.000000    -0.000000     0.000000     0.000000    -0.000669     0.030340    -0.000000     0.012560
   -0.081680    -0.690100   105.200000    -0.000000     0.000000     0.000000    -0.000000    -0.000000     0.000000    -0.000000     0.000000     0.000000     0.008752    -0.374000    -0.000000    -0.147200
    0.004944    -0.041500    -1.256000     0.000000    -0.000390    -0.013990     0.007916     0.000000    -0.000000     0.000000    -0.000000     0.000000    -0.000439    -0.010560     0.000325    -0.061120
   -0.000000    -0.000000     1.000000     0.000000     0.000000    -0.000000    -0.000000     0.000000    -0.000000     0.000000    -0.000000     0.000000     0.000000     0.000000     0.000000     0.000000
    0.000000     0.000000    -0.000000    -0.000000    -0.115100    13.780000  -109.000000     9.810000    -0.000000     0.000000    -0.000000    -0.000000     0.000000    -0.000000     0.002885    -0.000000
    0.000069    -0.000577    -0.017450    -0.000000    -1.136000   -51.900000    19.840000    -0.000000     0.000000    -0.000000     0.000000    -0.000000    -0.000006    -0.000147     1.170000    -0.000849
   -0.000015     0.000127     0.003835    -0.000000     0.008117    -0.951800    -0.519400    -0.000000     0.000000    -0.000000     0.000000    -0.000000     0.000001     0.000032     0.018140     0.000187
   -0.000000    -0.000000     0.000000    -0.000000     0.000000     1.000000     0.000000     0.000000    -0.000000     0.000000    -0.000000     0.000000     0.000000     0.000000     0.000000     0.000000
    1.000000     0.000000    -0.000000    13.630000    -0.000000     0.000000     0.000000     0.000000     0.000000    -0.000000     0.000000     0.000000    -0.000000    -0.000000    -0.000000    -0.000000
    0.000000    -0.000000     0.000000    -0.000000     1.000000    -0.000000    -0.000000   -13.630000    -0.000000     0.000000    -0.000000   114.400000     0.000000     0.000000     0.000000     0.000000
   -0.000000     1.000000    -0.000000  -114.400000     0.000000     0.000000     0.000000     0.000000     0.000000    -0.000000     0.000000     0.000000    -0.000000    -0.000000    -0.000000    -0.000000
   -0.000000    -0.000000     0.000000     0.000000     0.000000    -0.000000     1.000000     0.000000    -0.000000     0.000000    -0.000000     0.000000     0.000000     0.000000     0.000000     0.000000

   -0.002180     0.224800   -18.160000    -9.810000     0.000000     0.000000     0.000000     0.000000     0.000000    -0.000000     0.000000     0.000000    -0.000832     0.034460    -0.000000     0.014220
   -0.111800    -0.560700    65.880000    -0.000000    -0.000000     0.000000     0.000000    -0.000000     0.000000    -0.000000     0.000000     0.000000     0.004634    -0.189100    -0.000000    -0.079380
    0.007812    -0.032480    -0.948700     0.000000    -0.000256    -0.007142     0.005819     0.000000    -0.000000     0.000000    -0.000000     0.000000    -0.000180    -0.004706     0.000111    -0.029360
   -0.000000    -0.000000     1.000000     0.000000     0.000000    -0.000000    -0.000000    -0.000000    -0.000000     0.000000    -0.000000     0.000000     0.000000     0.000000     0.000000     0.000000
    0.000000     0.000000     0.000000    -0.000000    -0.096510    18.420000   -68.750000     9.810000    -0.000000     0.000000    -0.000000    -0.000000    -0.000000     0.000000    -0.000124     0.000000
    0.000083    -0.000345    -0.010080    -0.000000    -0.883400   -33.490000    17.300000    -0.000000     0.000000    -0.000000     0.000000    -0.000000    -0.000002    -0.000050     0.479900    -0.000312
   -0.000021     0.000089     0.002609    -0.000000     0.002419    -0.913700    -0.364600    -0.000000     0.000000    -0.000000     0.000000    -0.000000     0.000000     0.000013     0.009709     0.000081
   -0.000000    -0.000000     0.000000     0.000000     0.000000     1.000000     0.000000     0.000000    -0.000000     0.000000    -0.000000     0.000000     0.000000     0.000000     0.000000     0.000000
    1.000000     0.000000    -0.000000    17.740000    -0.000000     0.000000     0.000000     0.000000     0.000000    -0.000000     0.000000     0.000000    -0.000000    -0.000000    -0.000000    -0.000000
    0.000000    -0.000000     0.000000    -0.000000     1.000000    -0.000000    -0.000000   -17.740000    -0.000000     0.000000    -0.000000    73.730000     0.000000     0.000000     0.000000     0.000000
   -0.000000     1.000000    -0.000000   -73.730000     0.000000     0.000000     0.000000     0.000000     0.000000    -0.000000     0.000000     0.000000    -0.000000    -0.000000    -0.000000    -0.000000
   -0.000000    -0.000000     0.000000     0.000000     0.000000    -0.000000     1.000000     0.000000    -0.000000     0.000000    -0.000000     0.000000     0.000000     0.000000     0.000000     0.000000
