u  w  q  the  v  p  r  phi  x  y  z  psi  |  slat  flap  aileron  elevator
   -0.000955     0.218200   -18.610000    -9.810000     0.000000     0.000000     0.000000     0.000000     0.000000    -0.000000     0.000000     0.000000    -0.000800     0.033140    -0.000000     0.011760
   -0.116900    -0.532500    66.590000    -0.000000    -0.000000     0.000000     0.000000    -0.000000     0.000000    -0.000000     0.000000     0.000000     0.004393    -0.178900    -0.000000    -0.075210
    0.006404    -0.026090    -0.910500     0.000000    -0.000153    -0.002944     0.003813     0.000000    -0.000000     0.000000    -0.000000     0.000000    -0.000253    -0.002123     0.000052    -0.029270
   -0.000000    -0.000000     1.000000     0.000000     0.000000    -0.000000    -0.000000     0.000000    -0.000000     0.000000    -0.000000     0.000000     0.000000     0.000000     0.000000     0.000000
    0.000000     0.000000     0.000000    -0.000000    -0.091540    18.750000   -68.980000     9.810000    -0.000000     0.000000    -0.000000    -0.000000    -0.000000     0.000000    -0.000196     0.000000
    0.000033    -0.000134    -0.004673    -0.000000    -0.910300   -33.840000    17.360000    -0.000000     0.000000    -0.000000     0.000000    -0.000000    -0.000001    -0.000011     0.484000    -0.000150
   -0.000020     0.000081     0.002838    -0.000000     0.000471    -0.967200    -0.333300    -0.000000     0.000000    -0.000000     0.000000    -0.000000     0.000001     0.000007     0.010280     0.000091
   -0.000000    -0.000000     0.000000     0.000000     0.000000     1.000000     0.000000     0.000000    -0.000000     0.000000    -0.000000     0.000000     0.000000     0.000000     0.000000     0.000000
    1.000000     0.000000    -0.000000    18.080000    -0.000000     0.000000     0.000000     0.000000     0.000000    -0.000000     0.000000     0.000000    -0.000000    -0.000000    -0.000000    -0.000000
    0.000000    -0.000000     0.000000    -0.000000     1.000000    -0.000000    -0.000000   -18.080000    -0.000000     0.000000    -0.000000    73.650000     0.000000     0.000000     0.000000     0.000000
   -0.000000     1.000000    -0.000000   -73.650000     0.000000     0.000000     0.000000     0.000000     0.000000    -0.000000     0.000000     0.000000    -0.000000    -0.000000    -0.000000    -0.000000
   -0.000000    -0.000000     0.000000     0.000000     0.000000    -0.000000     1.000000    -0.000000    -0.000000     0.000000    -0.000000     0.000000     0.000000     0.000000     0.000000     0.000000

    0.000082     0.133800   -14.190000    -9.810000    -0.000000    -0.000000    -0.000000     0.000000     0.000000    -0.000000     0.000000     0.000000    -0.000645     0.029230     0.000000     0.009924
   -0.084670    -0.655000   106.100000    -0.000000     0.000000     0.000000     0.000000    -0.000000     0.000000    -0.000000     0.000000     0.000000     0.008301    -0.354400     0.000000    -0.139500
    0.003949    -0.032490    -1.214000     0.000000    -0.000242    -0.006806     0.005336     0.000000    -0.000000     0.000000    -0.000000     0.000000    -0.000600    -0.004909     0.000165    -0.061420
   -0.000000    -0.000000     1.000000     0.000000     0.000000    -0.000000    -0.000000     0.000000    -0.000000     0.000000    -0.000000     0.000000     0.000000     0.000000     0.000000     0.000000
    0.000000     0.000000    -0.000000    -0.000000    -0.109300    14.060000  -109.300000     9.810000    -0.000000     0.000000    -0.000000    -0.000000     0.000000    -0.000000     0.002659    -0.000000
    0.000027    -0.000224    -0.008358    -0.000000    -1.167000   -52.640000    19.730000    -0.000000     0.000000    -0.000000     0.000000    -0.000000    -0.000004    -0.000034     1.186000    -0.000423
   -0.000014     0.000113     0.004225    -0.000000     0.006037    -1.020000    -0.490900    -0.000000     0.000000    -0.000000     0.000000    -0.000000     0.000002     0.000017     0.019440     0.000214
   -0.000000    -0.000000     0.000000     0.000000     0.000000     1.000000     0.000000     0.000000    -0.000000     0.000000    -0.000000     0.000000     0.000000     0.000000     0.000000     0.000000
    1.000000     0.000000    -0.000000    13.900000    -0.000000     0.000000     0.000000     0.000000     0.000000    -0.000000     0.000000     0.000000    -0.000000    -0.000000    -0.000000    -0.000000
    0.000000    -0.000000     0.000000    -0.000000     1.000000    -0.000000    -0.000000   -13.900000    -0.000000     0.000000    -0.000000   114.400000     0.000000     0.000000     0.000000     0.000000
   -0.000000     1.000000    -0.000000  -114.400000     0.000000     0.000000     0.000000     0.000000     0.000000    -0.000000     0.000000     0.000000    -0.000000    -0.000000    -0.000000    -0.000000
   -0.000000    -0.000000     0.000000     0.000000     0.000000    -0.000000     1.000000     0.000000    -0.000000     0.000000    -0.000000     0.000000     0.000000     0.000000     0.000000     0.000000

    0.000021     0.059910   -14.460000    -9.810000     0.000000    -0.000000     0.000000     0.000000     0.000000    -0.000000     0.000000     0.000000    -0.000374     0.021470    -0.000000     0.007417
   -0.048580    -0.569300   223.200000    -0.000000    -0.000000     0.000000     0.000000    -0.000000     0.000000    -0.000000     0.000000     0.000000     0.014190    -0.647600     0.000000    -0.234900
    0.002064    -0.033050    -1.282000     0.000000    -0.000422    -0.015990     0.008087     0.000000    -0.000000     0.000000    -0.000000     0.000000    -0.001522    -0.013380     0.000749    -0.133200
   -0.000000    -0.000000     1.000000     0.000000     0.000000    -0.000000    -0.000000    -0.000000    -0.000000     0.000000    -0.000000     0.000000     0.000000     0.000000     0.000000     0.000000
   -0.000000    -0.000000     0.000000    -0.000000    -0.086090    14.240000  -225.900000     9.810000    -0.000000     0.000000    -0.000000    -0.000000     0.000000    -0.000000     0.007000     0.000000
    0.000028    -0.000453    -0.017570    -0.000000    -1.572000   -80.210000    24.380000    -0.000000     0.000000    -0.000000     0.000000    -0.000000    -0.000021    -0.000183     3.674000    -0.001826
   -0.000009     0.000141     0.005466    -0.000000     0.007082    -0.968400    -0.479300    -0.000000     0.000000    -0.000000     0.000000    -0.000000     0.000006     0.000057     0.040340     0.000568
   -0.000000    -0.000000     0.000000     0.000000     0.000000     1.000000     0.000000     0.000000    -0.000000     0.000000    -0.000000     0.000000     0.000000     0.000000     0.000000     0.000000
    1.000000     0.000000    -0.000000    14.340000    -0.000000     0.000000     0.000000     0.000000     0.000000    -0.000000     0.000000     0.000000    -0.000000    -0.000000    -0.000000    -0.000000
    0.000000    -0.000000     0.000000    -0.000000     1.000000    -0.000000    -0.000000   -14.340000    -0.000000     0.000000    -0.000000   229.700000     0.000000     0.000000     0.000000     0.000000
   -0.000000     1.000000    -0.000000  -229.700000     0.000000     0.000000     0.000000     0.000000     0.000000    -0.000000     0.000000     0.000000    -0.000000    -0.000000    -0.000000    -0.000000
   -0.000000    -0.000000     0.000000     0.000000     0.000000    -0.000000     1.000000     0.000000    -0.000000     0.000000    -0.000000     0.000000     0.000000     0.000000     0.000000     0.000000

    0.000009     0.059280   -13.440000    -9.810000     0.000000     0.000000     0.000000     0.000000     0.000000    -0.000000     0.000000     0.000000    -0.000353     0.020710    -0.000000     0.007188
   -0.049190    -0.600900   222.900000    -0.000000    -0.000000     0.000000    -0.000000    -0.000000     0.000000    -0.000000     0.000000     0.000000     0.014970    -0.684100     0.000000    -0.247900
    0.001910    -0.032920    -1.281000     0.000000    -0.000419    -0.016050     0.007991     0.000000    -0.000000     0.000000    -0.000000     0.000000    -0.001523    -0.013350     0.000751    -0.133200
   -0.000000    -0.000000     1.000000     0.000000     0.000000    -0.000000    -0.000000    -0.000000    -0.000000     0.000000    -0.000000     0.000000     0.000000     0.000000     0.000000     0.000000
   -0.000000    -0.000000     0.000000    -0.000000    -0.090980    13.200000  -225.800000     9.810000    -0.000000     0.000000    -0.000000    -0.000000     0.000000    -0.000000     0.007554     0.000000
    0.000026    -0.000451    -0.017550    -0.000000    -1.557000   -80.240000    23.940000    -0.000000     0.000000    -0.000000     0.000000    -0.000000    -0.000021    -0.000183     3.678000    -0.001825
   -0.000008     0.000140     0.005462    -0.000000     0.007334    -0.956800    -0.482700    -0.000000     0.000000    -0.000000     0.000000    -0.000000     0.000006     0.000057     0.040210     0.000568
   -0.000000    -0.000000     0.000000     0.000000     0.000000     1.000000     0.000000     0.000000    -0.000000     0.000000    -0.000000     0.000000     0.000000     0.000000     0.000000     0.000000
    1.000000     0.000000    -0.000000    13.330000    -0.000000     0.000000     0.000000     0.000000     0.000000    -0.000000     0.000000     0.000000    -0.000000    -0.000000    -0.000000    -0.000000
    0.000000    -0.000000     0.000000    -0.000000     1.000000    -0.000000    -0.000000   -13.330000    -0.000000     0.000000    -0.000000   229.800000     0.000000     0.000000     0.000000     0.000000
   -0.000000     1.000000    -0.000000  -229.800000     0.000000     0.000000     0.000000     0.000000     0.000000    -0.000000     0.000000     0.000000    -0.000000    -0.000000    -0.000000    -0.000000
   -0.000000    -0.000000     0.000000     0.000000     0.000000    -0.000000     1.000000     0.000000    -0.000000     0.000000    -0.000000     0.000000     0.000000     0.000000     0.000000     0.000000

    0.000107     0.133000   -13.320000    -9.810000    -0.000000    -0.000000    -0.000000     0.000000     0.000000    -0.000000     0.000000     0.000000    -0.000633     0.028820     0.000000     0.009773
   -0.085240    -0.690800   105.800000    -0.000000    -0.000000     0.000000     0.000000    -0.000000     0.000000    -0.000000     0.000000     0.000000     0.008756    -0.374400     0.000000    -0.147200
    0.003677    -0.032300    -1.213000     0.000000    -0.000241    -0.006877     0.005266     0.000000    -0.000000     0.000000    -0.000000     0.000000    -0.000602    -0.004896     0.000166    -0.061420
   -0.000000    -0.000000     1.000000     0.000000     0.000000    -0.000000    -0.000000     0.000000    -0.000000     0.000000    -0.000000     0.000000     0.000000     0.000000     0.000000     0.000000
    0.000000     0.000000    -0.000000    -0.000000    -0.115500    13.160000  -109.200000     9.810000    -0.000000     0.000000    -0.000000    -0.000000     0.000000    -0.000000     0.002993    -0.000000
    0.000025    -0.000222    -0.008350    -0.000000    -1.152000   -52.700000    19.270000    -0.000000     0.000000    -0.000000     0.000000    -0.000000    -0.000004    -0.000034     1.189000    -0.000423
   -0.000013     0.000112     0.004221    -0.000000     0.006447    -1.002000    -0.496200    -0.000000     0.000000    -0.000000     0.000000    -0.000000     0.000002     0.000017     0.019330     0.000214
   -0.000000    -0.000000     0.000000    -0.000000     0.000000     1.000000     0.000000     0.000000    -0.000000     0.000000    -0.000000     0.000000     0.000000     0.000000     0.000000     0.000000
    1.000000     0.000000    -0.000000    13.030000    -0.000000     0.000000     0.000000     0.000000     0.000000    -0.000000     0.000000     0.000000    -0.000000    -0.000000    -0.000000    -0.000000
    0.000000    -0.000000     0.000000    -0.000000     1.000000    -0.000000    -0.000000   -13.030000    -0.000000     0.000000    -0.000000   114.500000     0.000000     0.000000     0.000000     0.000000
   -0.000000     1.000000    -0.000000  -114.500000     0.000000     0.000000     0.000000     0.000000     0.000000    -0.000000     0.000000     0.000000    -0.000000    -0.000000    -0.000000    -0.000000
   -0.000000    -0.000000     0.000000     0.000000     0.000000    -0.000000     1.000000    -0.000000    -0.000000     0.000000    -0.000000     0.000000     0.000000     0.000000     0.000000     0.000000

   -0.000794     0.217300   -17.530000    -9.810000     0.000000    -0.000000     0.000000     0.000000     0.000000    -0.000000     0.000000     0.000000    -0.000794     0.033000    -0.000000     0.011670
   -0.117200    -0.562300    66.440000    -0.000000    -0.000000     0.000000     0.000000    -0.000000     0.000000    -0.000000     0.000000     0.000000     0.004650    -0.189900    -0.000000    -0.079590
    0.005956    -0.025880    -0.910400     0.000000    -0.000152    -0.003036     0.003748     0.000000    -0.000000     0.000000    -0.000000     0.000000    -0.000255    -0.002118     0.000053    -0.029380
   -0.000000    -0.000000     1.000000     0.000000     0.000000    -0.000000    -0.000000    -0.000000    -0.000000     0.000000    -0.000000     0.000000     0.000000     0.000000     0.000000     0.000000
    0.000000     0.000000     0.000000    -0.000000    -0.097200    17.650000   -69.000000     9.810000    -0.000000     0.000000    -0.000000    -0.000000    -0.000000     0.000000    -0.000008     0.000000
    0.000031    -0.000133    -0.004672    -0.000000    -0.894200   -33.970000    16.840000    -0.000000     0.000000    -0.000000     0.000000    -0.000000    -0.000001    -0.000011     0.488000    -0.000151
   -0.000019     0.000081     0.002838    -0.000000     0.001055    -0.941700    -0.341200    -0.000000     0.000000    -0.000000     0.000000    -0.000000     0.000001     0.000007     0.010210     0.000092
   -0.000000    -0.000000     0.000000     0.000000     0.000000     1.000000     0.000000     0.000000    -0.000000     0.000000    -0.000000     0.000000     0.000000     0.000000     0.000000     0.000000
    1.000000     0.000000    -0.000000    17.010000    -0.000000     0.000000     0.000000     0.000000     0.000000    -0.000000     0.000000     0.000000    -0.000000    -0.000000    -0.000000    -0.000000
    0.000000    -0.000000     0.000000    -0.000000     1.000000    -0.000000    -0.000000   -17.010000    -0.000000     0.000000    -0.000000    73.910000     0.000000     0.000000     0.000000     0.000000
   -0.000000     1.000000    -0.000000   -73.910000     0.000000     0.000000     0.000000     0.000000     0.000000    -0.000000     0.000000     0.000000    -0.000000    -0.000000    -0.000000    -0.000000
   -0.000000    -0.000000     0.000000     0.000000     0.000000    -0.000000     1.000000     0.000000    -0.000000     0.000000    -0.000000     0.000000     0.000000     0.000000     0.000000     0.000000
