u  w  q  the  v  p  r  phi  x  y  z  psi  |  slat  flap  aileron  elevator
   -0.035060     0.461200   -27.700000    -9.810000     0.000000     0.000000    -0.000000     0.000000     0.000000    -0.000000     0.000000     0.000000    -0.000991     0.032010    -0.000000     0.013680
   -0.200000    -0.320700    28.050000    -0.000000    -0.000000     0.000000     0.000000    -0.000000     0.000000    -0.000000     0.000000     0.000000     0.001530    -0.048730     0.000000    -0.015560
    0.027500    -0.031760    -0.709900     0.000000     0.000219    -0.014040     0.001606     0.000000    -0.000000     0.000000    -0.000000     0.000000    -0.000071    -0.001789     0.000078    -0.010310
   -0.000000    -0.000000     1.000000     0.000000     0.000000    -0.000000    -0.000000     0.000000    -0.000000     0.000000    -0.000000     0.000000     0.000000     0.000000     0.000000     0.000000
   -0.000000     0.000000    -0.000000    -0.000000    -0.049500    27.900000   -30.280000     9.810000    -0.000000     0.000000    -0.000000    -0.000000    -0.000000    -0.000000    -0.000418     0.000000
    0.000250    -0.000288    -0.006444    -0.000000    -0.083210    -9.331000    10.530000    -0.000000     0.000000    -0.000000     0.000000    -0.000000    -0.000001    -0.000016     0.099760    -0.000094
    0.000440    -0.000508    -0.011360    -0.000000     0.018570    -0.650400    -0.274200    -0.000000     0.000000    -0.000000     0.000000    -0.000000    -0.000001    -0.000029     0.001846    -0.000165
   -0.000000    -0.000000     0.000000    -0.000000     0.000000     1.000000     0.000000     0.000000    -0.000000     0.000000    -0.000000     0.000000     0.000000     0.000000     0.000000     0.000000
    1.000000     0.000000    -0.000000    27.360000    -0.000000     0.000000     0.000000     0.000000     0.000000    -0.000000     0.000000     0.000000    -0.000000    -0.000000    -0.000000    -0.000000
    0.000000    -0.000000     0.000000    -0.000000     1.000000    -0.000000    -0.000000   -27.360000    -0.000000     0.000000    -0.000000    31.610000     0.000000     0.000000     0.000000     0.000000
   -0.000000     1.000000    -0.000000   -31.610000     0.000000     0.000000     0.000000     0.000000     0.000000    -0.000000     0.000000     0.000000    -0.000000    -0.000000    -0.000000    -0.000000
   -0.000000    -0.000000     0.000000     0.000000     0.000000    -0.000000     1.000000    -0.000000    -0.000000     0.000000    -0.000000     0.000000     0.000000     0.000000     0.000000     0.000000

   -0.006311     0.273600   -18.720000    -9.810000    -0.000000     0.000000     0.000000     0.000000     0.000000    -0.000000     0.000000     0.000000    -0.001048     0.036480    -0.000000     0.016120
   -0.128700    -0.551900    56.390000    -0.000000     0.000000    -0.000000    -0.000000    -0.000000     0.000000    -0.000000     0.000000     0.000000     0.004849    -0.168600     0.000000    -0.052570
    0.015600    -0.052460    -0.970500     0.000000     0.000488    -0.013520    -0.006002     0.000000    -0.000000     0.000000    -0.000000     0.000000    -0.000238    -0.006954     0.000204    -0.031450
   -0.000000    -0.000000     1.000000     0.000000     0.000000    -0.000000    -0.000000     0.000000    -0.000000     0.000000    -0.000000     0.000000     0.000000     0.000000     0.000000     0.000000
    0.000000    -0.000000     0.000000    -0.000000    -0.100000    18.720000   -58.970000     9.810000    -0.000000     0.000000    -0.000000    -0.000000    -0.000000    -0.000000    -0.000999    -0.000000
    0.000144    -0.000483    -0.008942    -0.000000    -0.191000   -17.050000     8.970000    -0.000000     0.000000    -0.000000     0.000000    -0.000000    -0.000002    -0.000064     0.362400    -0.000290
    0.000263    -0.000885    -0.016370    -0.000000     0.039460    -0.271100    -0.729300    -0.000000     0.000000    -0.000000     0.000000    -0.000000    -0.000004    -0.000117     0.000213    -0.000531
   -0.000000    -0.000000     0.000000     0.000000     0.000000     1.000000     0.000000     0.000000    -0.000000     0.000000    -0.000000     0.000000     0.000000     0.000000     0.000000     0.000000
    1.000000     0.000000    -0.000000    18.470000    -0.000000     0.000000     0.000000     0.000000     0.000000    -0.000000     0.000000     0.000000    -0.000000    -0.000000    -0.000000    -0.000000
    0.000000    -0.000000     0.000000    -0.000000     1.000000    -0.000000    -0.000000   -18.470000    -0.000000     0.000000    -0.000000    62.110000     0.000000     0.000000     0.000000     0.000000
   -0.000000     1.000000    -0.000000   -62.110000     0.000000     0.000000     0.000000     0.000000     0.000000    -0.000000     0.000000     0.000000    -0.000000    -0.000000    -0.000000    -0.000000
   -0.000000    -0.000000     0.000000     0.000000     0.000000    -0.000000     1.000000     0.000000    -0.000000     0.000000    -0.000000     0.000000     0.000000     0.000000     0.000000     0.000000

   -0.000310     0.117700   -11.570000    -9.810000    -0.000000    -0.000000     0.000000     0.000000     0.000000    -0.000000     0.000000     0.000000    -0.000822     0.029640    -0.000000     0.014690
   -0.072120    -0.804600   127.500000    -0.000000     0.000000    -0.000000    -0.000000    -0.000000     0.000000    -0.000000     0.000000     0.000000     0.015020    -0.541700     0.000000    -0.166700
    0.007010    -0.082850    -1.405000     0.000000     0.000945    -0.014670    -0.017300     0.000000    -0.000000     0.000000    -0.000000     0.000000    -0.000853    -0.025620     0.000634    -0.105100
   -0.000000    -0.000000     1.000000     0.000000     0.000000    -0.000000    -0.000000     0.000000    -0.000000     0.000000    -0.000000     0.000000     0.000000     0.000000     0.000000     0.000000
   -0.000000     0.000000    -0.000000    -0.000000    -0.150700    11.480000  -130.500000     9.810000    -0.000000     0.000000    -0.000000    -0.000000    -0.000000    -0.000000    -0.002741    -0.000000
    0.000066    -0.000775    -0.013150    -0.000000    -0.340900   -27.980000     8.543000    -0.000000     0.000000    -0.000000     0.000000    -0.000000    -0.000008    -0.000240     1.305000    -0.000984
    0.000132    -0.001564    -0.026520    -0.000000     0.067360     0.179500    -1.318000    -0.000000     0.000000    -0.000000     0.000000    -0.000000    -0.000016    -0.000484    -0.011300    -0.001985
   -0.000000    -0.000000     0.000000     0.000000     0.000000     1.000000     0.000000     0.000000    -0.000000     0.000000    -0.000000     0.000000     0.000000     0.000000     0.000000     0.000000
    1.000000     0.000000    -0.000000    11.460000    -0.000000     0.000000     0.000000     0.000000     0.000000    -0.000000     0.000000     0.000000    -0.000000    -0.000000    -0.000000    -0.000000
    0.000000    -0.000000     0.000000    -0.000000     1.000000    -0.000000    -0.000000   -11.460000    -0.000000     0.000000    -0.000000   135.400000     0.000000     0.000000     0.000000     0.000000
   -0.000000     1.000000    -0.000000  -135.400000     0.000000     0.000000     0.000000     0.000000     0.000000    -0.000000     0.000000     0.000000    -0.000000    -0.000000    -0.000000    -0.000000
   -0.000000    -0.000000     0.000000     0.000000     0.000000    -0.000000     1.000000     0.000000    -0.000000     0.000000    -0.000000     0.000000     0.000000     0.000000     0.000000     0.000000

   -0.000239     0.116600   -10.660000    -9.810000    -0.000000    -0.000000     0.000000     0.000000     0.000000    -0.000000     0.000000     0.000000    -0.000800     0.028880     0.000000     0.014500
   -0.073040    -0.858200   127.000000    -0.000000     0.000000    -0.000000    -0.000000    -0.000000     0.000000    -0.000000     0.000000     0.000000     0.016010    -0.578200     0.000000    -0.177800
    0.006449    -0.082810    -1.400000     0.000000     0.000947    -0.014400    -0.017500     0.000000    -0.000000     0.000000    -0.000000     0.000000    -0.000853    -0.025670     0.000630    -0.105000
   -0.000000    -0.000000     1.000000     0.000000     0.000000    -0.000000    -0.000000     0.000000    -0.000000     0.000000    -0.000000     0.000000     0.000000     0.000000     0.000000     0.000000
   -0.000000    -0.000000     0.000000    -0.000000    -0.161100    10.560000  -130.200000     9.810000    -0.000000     0.000000    -0.000000    -0.000000    -0.000000    -0.000000    -0.002908    -0.000000
    0.000060    -0.000775    -0.013100    -0.000000    -0.341800   -28.000000     8.349000    -0.000000     0.000000    -0.000000     0.000000    -0.000000    -0.000008    -0.000240     1.306000    -0.000983
    0.000122    -0.001563    -0.026430    -0.000000     0.067490     0.195900    -1.322000    -0.000000     0.000000    -0.000000     0.000000    -0.000000    -0.000016    -0.000485    -0.011540    -0.001982
   -0.000000    -0.000000     0.000000     0.000000     0.000000     1.000000     0.000000     0.000000    -0.000000     0.000000    -0.000000     0.000000     0.000000     0.000000     0.000000     0.000000
    1.000000     0.000000    -0.000000    10.550000    -0.000000     0.000000     0.000000     0.000000     0.000000    -0.000000     0.000000     0.000000    -0.000000    -0.000000    -0.000000    -0.000000
    0.000000    -0.000000     0.000000    -0.000000     1.000000    -0.000000    -0.000000   -10.550000    -0.000000     0.000000    -0.000000   135.500000     0.000000     0.000000     0.000000     0.000000
   -0.000000     1.000000    -0.000000  -135.500000     0.000000     0.000000     0.000000     0.000000     0.000000    -0.000000     0.000000     0.000000    -0.000000    -0.000000    -0.000000    -0.000000
   -0.000000    -0.000000     0.000000     0.000000     0.000000    -0.000000     1.000000     0.000000    -0.000000     0.000000    -0.000000     0.000000     0.000000     0.000000     0.000000     0.000000

   -0.005686     0.272300   -17.430000    -9.810000    -0.000000     0.000000     0.000000     0.000000     0.000000    -0.000000     0.000000     0.000000    -0.001042     0.036390    -0.000000     0.016130
   -0.128800    -0.591100    56.370000    -0.000000     0.000000    -0.000000    -0.000000    -0.000000     0.000000    -0.000000     0.000000     0.000000     0.005210    -0.181800     0.000000    -0.056640
    0.014450    -0.052580    -0.964500     0.000000     0.000493    -0.013090    -0.006395     0.000000    -0.000000     0.000000    -0.000000     0.000000    -0.000240    -0.007060     0.000203    -0.031610
   -0.000000    -0.000000     1.000000     0.000000     0.000000    -0.000000    -0.000000     0.000000    -0.000000     0.000000    -0.000000     0.000000     0.000000     0.000000     0.000000     0.000000
    0.000000    -0.000000     0.000000    -0.000000    -0.107900    17.420000   -59.070000     9.810000    -0.000000     0.000000    -0.000000    -0.000000    -0.000000    -0.000000    -0.001057    -0.000000
    0.000133    -0.000485    -0.008887    -0.000000    -0.193600   -17.160000     8.617000    -0.000000     0.000000    -0.000000     0.000000    -0.000000    -0.000002    -0.000065     0.367000    -0.000291
    0.000244    -0.000887    -0.016270    -0.000000     0.039920    -0.238200    -0.742400    -0.000000     0.000000    -0.000000     0.000000    -0.000000    -0.000004    -0.000119    -0.000012    -0.000533
   -0.000000    -0.000000     0.000000    -0.000000     0.000000     1.000000     0.000000     0.000000    -0.000000     0.000000    -0.000000     0.000000     0.000000     0.000000     0.000000     0.000000
    1.000000     0.000000    -0.000000    17.170000    -0.000000     0.000000     0.000000     0.000000     0.000000    -0.000000     0.000000     0.000000    -0.000000    -0.000000    -0.000000    -0.000000
    0.000000    -0.000000     0.000000    -0.000000     1.000000    -0.000000    -0.000000   -17.170000    -0.000000     0.000000    -0.000000    62.480000     0.000000     0.000000     0.000000     0.000000
   -0.000000     1.000000    -0.000000   -62.480000     0.000000     0.000000     0.000000     0.000000     0.000000    -0.000000     0.000000     0.000000    -0.000000    -0.000000    -0.000000    -0.000000
   -0.000000    -0.000000     0.000000     0.000000     0.000000    -0.000000     1.000000    -0.000000    -0.000000     0.000000    -0.000000     0.000000     0.000000     0.000000     0.000000     0.000000

   -0.030310     0.455700   -25.650000    -9.810000     0.000000    -0.000000    -0.000000     0.000000     0.000000    -0.000000     0.000000     0.000000    -0.001019     0.033350     0.000000     0.014280
   -0.197700    -0.359300    29.340000    -0.000000    -0.000000    -0.000000     0.000000    -0.000000     0.000000    -0.000000     0.000000     0.000000     0.001785    -0.057720     0.000000    -0.018370
    0.024980    -0.032890    -0.712100     0.000000     0.000238    -0.013450     0.000772     0.000000    -0.000000     0.000000    -0.000000     0.000000    -0.000077    -0.002018     0.000082    -0.011130
   -0.000000    -0.000000     1.000000     0.000000     0.000000    -0.000000    -0.000000     0.000000    -0.000000     0.000000    -0.000000     0.000000     0.000000     0.000000     0.000000     0.000000
   -0.000000     0.000000    -0.000000    -0.000000    -0.057540    25.810000   -31.680000     9.810000    -0.000000     0.000000    -0.000000    -0.000000     0.000000    -0.000000    -0.000465     0.000000
    0.000227    -0.000298    -0.006464    -0.000000    -0.091800    -9.845000     9.989000    -0.000000     0.000000    -0.000000     0.000000    -0.000000    -0.000001    -0.000018     0.111000    -0.000101
    0.000400    -0.000526    -0.011400    -0.000000     0.020200    -0.589600    -0.313100    -0.000000     0.000000    -0.000000     0.000000    -0.000000    -0.000001    -0.000032     0.001718    -0.000178
   -0.000000    -0.000000     0.000000    -0.000000     0.000000     1.000000     0.000000     0.000000    -0.000000     0.000000    -0.000000     0.000000     0.000000     0.000000     0.000000     0.000000
    1.000000     0.000000    -0.000000    25.290000    -0.000000     0.000000     0.000000     0.000000     0.000000    -0.000000     0.000000     0.000000    -0.000000    -0.000000    -0.000000    -0.000000
    0.000000    -0.000000     0.000000    -0.000000     1.000000    -0.000000    -0.000000   -25.290000    -0.000000     0.000000    -0.000000    33.290000     0.000000     0.000000     0.000000     0.000000
   -0.000000     1.000000    -0.000000   -33.290000     0.000000     0.000000     0.000000     0.000000     0.000000    -0.000000     0.000000     0.000000    -0.000000    -0.000000    -0.000000    -0.000000
   -0.000000    -0.000000     0.000000     0.000000     0.000000    -0.000000     1.000000     0.000000    -0.000000     0.000000    -0.000000     0.000000     0.000000     0.000000     0.000000     0.000000
