u  w  q  the  v  p  r  phi  x  y  z  psi  |  slat  flap  aileron  elevator
   -0.008289     0.246200   -21.010000    -9.810000     0.000000     0.000000     0.000000     0.000000     0.000000    -0.000000     0.000000     0.000000    -0.000935     0.038380    -0.000000     0.020950
   -0.097270    -0.525800    64.490000    -0.000000    -0.000000     0.000000     0.000000    -0.000000     0.000000    -0.000000     0.000000     0.000000     0.004325    -0.175300    -0.000000    -0.074230
    0.012570    -0.043770    -0.996500     0.000000    -0.000877    -0.030960     0.019540     0.000000    -0.000000     0.000000    -0.000000     0.000000    -0.000006    -0.009677     0.000442    -0.026750
   -0.000000    -0.000000     1.000000     0.000000     0.000000    -0.000000    -0.000000     0.000000    -0.000000     0.000000    -0.000000     0.000000     0.000000     0.000000     0.000000     0.000000
    0.000000     0.000000     0.000000    -0.000000    -0.089150    21.770000   -67.960000     9.810000    -0.000000     0.000000    -0.000000    -0.000000    -0.000000     0.000000    -0.000623     0.000000
    0.000631    -0.002196    -0.049990    -0.000000    -0.825900   -30.350000    18.050000    -0.000000     0.000000    -0.000000     0.000000    -0.000000    -0.000000    -0.000485     0.429300    -0.001342
   -0.000010     0.000035     0.000808    -0.000000     0.005127    -0.778300    -0.400100    -0.000000     0.000000    -0.000000     0.000000    -0.000000     0.000000     0.000008     0.007545     0.000022
   -0.000000    -0.000000     0.000000     0.000000     0.000000     1.000000     0.000000     0.000000    -0.000000     0.000000    -0.000000     0.000000     0.000000     0.000000     0.000000     0.000000
    1.000000     0.000000    -0.000000    20.930000    -0.000000     0.000000     0.000000     0.000000     0.000000    -0.000000     0.000000     0.000000    -0.000000    -0.000000    -0.000000    -0.000000
    0.000000    -0.000000     0.000000    -0.000000     1.000000    -0.000000    -0.000000   -20.930000    -0.000000     0.000000    -0.000000    72.890000     0.000000     0.000000     0.000000     0.000000
   -0.000000     1.000000    -0.000000   -72.890000     0.000000     0.000000     0.000000     0.000000     0.000000    -0.000000     0.000000     0.000000    -0.000000    -0.000000    -0.000000    -0.000000
   -0.000000    -0.000000     0.000000     0.000000     0.000000    -0.000000     1.000000     0.000000    -0.000000     0.000000    -0.000000     0.000000     0.000000     0.000000     0.000000     0.000000

   -0.002235     0.151800   -16.230000    -9.810000    -0.000000    -0.000000    -0.000000     0.000000     0.000000    -0.000000     0.000000     0.000000    -0.000776     0.034750     0.000000     0.020080
   -0.071640    -0.652400   104.100000    -0.000000    -0.000000     0.000000     0.000000    -0.000000     0.000000    -0.000000     0.000000     0.000000     0.008279    -0.352600     0.000000    -0.139400
    0.008084    -0.056830    -1.293000     0.000000    -0.001234    -0.053540     0.024700     0.000000    -0.000000     0.000000    -0.000000     0.000000    -0.000060    -0.021290     0.001208    -0.054900
   -0.000000    -0.000000     1.000000     0.000000     0.000000    -0.000000    -0.000000    -0.000000    -0.000000     0.000000    -0.000000     0.000000     0.000000     0.000000     0.000000     0.000000
    0.000000     0.000000    -0.000000    -0.000000    -0.107800    16.490000  -108.700000     9.810000    -0.000000     0.000000    -0.000000    -0.000000     0.000000    -0.000000     0.002261    -0.000000
    0.000510    -0.003584    -0.081550    -0.000000    -1.036000   -46.470000    20.350000    -0.000000     0.000000    -0.000000     0.000000    -0.000000    -0.000004    -0.001343     1.044000    -0.003462
   -0.000007     0.000050     0.001146    -0.000000     0.011100    -0.740400    -0.539200    -0.000000     0.000000    -0.000000     0.000000    -0.000000     0.000000     0.000019     0.013250     0.000049
   -0.000000    -0.000000     0.000000     0.000000     0.000000     1.000000     0.000000     0.000000    -0.000000     0.000000    -0.000000     0.000000     0.000000     0.000000     0.000000     0.000000
    1.000000     0.000000    -0.000000    16.230000    -0.000000     0.000000     0.000000     0.000000     0.000000    -0.000000     0.000000     0.000000    -0.000000    -0.000000    -0.000000    -0.000000
    0.000000    -0.000000     0.000000    -0.000000     1.000000    -0.000000    -0.000000   -16.230000    -0.000000     0.000000    -0.000000   114.100000     0.000000     0.000000     0.000000     0.000000
   -0.000000     1.000000    -0.000000  -114.100000     0.000000     0.000000     0.000000     0.000000     0.000000    -0.000000     0.000000     0.000000    -0.000000    -0.000000    -0.000000    -0.000000
   -0.000000    -0.000000     0.000000     0.000000     0.000000    -0.000000     1.000000     0.000000    -0.000000     0.000000    -0.000000     0.000000     0.000000     0.000000     0.000000     0.000000

   -0.000574     0.068830   -17.000000    -9.810000     0.000000     0.000000     0.000000     0.000000     0.000000    -0.000000     0.000000     0.000000    -0.000487     0.026800    -0.000000     0.018720
   -0.042010    -0.568400   221.500000    -0.000000    -0.000000     0.000000     0.000000    -0.000000     0.000000    -0.000000     0.000000     0.000000     0.014190    -0.646800     0.000000    -0.235200
    0.004230    -0.057040    -1.282000     0.000000    -0.001863    -0.092400     0.034440     0.000000    -0.000000     0.000000    -0.000000     0.000000    -0.000280    -0.047790     0.004235    -0.111300
   -0.000000    -0.000000     1.000000     0.000000     0.000000    -0.000000    -0.000000     0.000000    -0.000000     0.000000    -0.000000     0.000000     0.000000     0.000000     0.000000     0.000000
   -0.000000    -0.000000     0.000000    -0.000000    -0.085440    16.960000  -225.500000     9.810000    -0.000000     0.000000    -0.000000    -0.000000     0.000000    -0.000000     0.006675     0.000000
    0.000448    -0.006039    -0.135700    -0.000000    -1.281000   -65.010000    23.340000    -0.000000     0.000000    -0.000000     0.000000    -0.000000    -0.000030    -0.005060     2.975000    -0.011790
   -0.000004     0.000060     0.001338    -0.000000     0.012070    -0.589000    -0.505500    -0.000000     0.000000    -0.000000     0.000000    -0.000000     0.000000     0.000050     0.023390     0.000116
   -0.000000    -0.000000     0.000000     0.000000     0.000000     1.000000     0.000000     0.000000    -0.000000     0.000000    -0.000000     0.000000     0.000000     0.000000     0.000000     0.000000
    1.000000     0.000000    -0.000000    17.020000    -0.000000     0.000000     0.000000     0.000000     0.000000    -0.000000     0.000000     0.000000    -0.000000    -0.000000    -0.000000    -0.000000
    0.000000    -0.000000     0.000000    -0.000000     1.000000    -0.000000    -0.000000   -17.020000    -0.000000     0.000000    -0.000000   229.500000     0.000000     0.000000     0.000000     0.000000
   -0.000000     1.000000    -0.000000  -229.500000     0.000000     0.000000     0.000000     0.000000     0.000000    -0.000000     0.000000     0.000000    -0.000000    -0.000000    -0.000000    -0.000000
   -0.000000    -0.000000     0.000000     0.000000     0.000000    -0.000000     1.000000     0.000000    -0.000000     0.000000    -0.000000     0.000000     0.000000     0.000000     0.000000     0.000000

   -0.000539     0.068200   -15.840000    -9.810000     0.000000     0.000000     0.000000     0.000000     0.000000    -0.000000     0.000000     0.000000    -0.000467     0.026040    -0.000000     0.018510
   -0.042620    -0.600000   221.100000    -0.000000    -0.000000     0.000000    -0.000000    -0.000000     0.000000    -0.000000     0.000000     0.000000     0.014980    -0.683300     0.000000    -0.248200
    0.003936    -0.056960    -1.281000     0.000000    -0.001846    -0.092470     0.033880     0.000000    -0.000000     0.000000    -0.000000     0.000000    -0.000281    -0.047800     0.004241    -0.111300
   -0.000000    -0.000000     1.000000    -0.000000     0.000000    -0.000000    -0.000000    -0.000000    -0.000000     0.000000    -0.000000    -0.000000     0.000000     0.000000     0.000000     0.000000
   -0.000000    -0.000000     0.000000    -0.000000    -0.090340    15.780000  -225.400000     9.810000    -0.000000     0.000000    -0.000000    -0.000000     0.000000    -0.000000     0.007230     0.000000
    0.000417    -0.006030    -0.135600    -0.000000    -1.269000   -65.040000    22.940000    -0.000000     0.000000    -0.000000     0.000000    -0.000000    -0.000030    -0.005060     2.979000    -0.011780
   -0.000004     0.000059     0.001337    -0.000000     0.012250    -0.578700    -0.507100    -0.000000     0.000000    -0.000000     0.000000    -0.000000     0.000000     0.000050     0.023270     0.000116
   -0.000000    -0.000000     0.000000     0.000000     0.000000     1.000000     0.000000    -0.000000    -0.000000     0.000000    -0.000000    -0.000000     0.000000     0.000000     0.000000     0.000000
    1.000000     0.000000    -0.000000    15.870000    -0.000000     0.000000     0.000000     0.000000     0.000000    -0.000000     0.000000     0.000000    -0.000000    -0.000000    -0.000000    -0.000000
    0.000000    -0.000000     0.000000    -0.000000     1.000000    -0.000000    -0.000000   -15.870000    -0.000000     0.000000    -0.000000   229.600000     0.000000     0.000000     0.000000     0.000000
   -0.000000     1.000000    -0.000000  -229.600000     0.000000     0.000000     0.000000     0.000000     0.000000    -0.000000     0.000000     0.000000    -0.000000    -0.000000    -0.000000    -0.000000
   -0.000000    -0.000000     0.000000     0.000000     0.000000    -0.000000     1.000000    -0.000000    -0.000000     0.000000    -0.000000    -0.000000     0.000000     0.000000     0.000000     0.000000

   -0.002053     0.151000   -15.230000    -9.810000    -0.000000    -0.000000    -0.000000     0.000000     0.000000    -0.000000     0.000000     0.000000    -0.000764     0.034360    -0.000000     0.019950
   -0.072230    -0.688300   103.700000    -0.000000     0.000000    -0.000000    -0.000000    -0.000000     0.000000    -0.000000     0.000000     0.000000     0.008737    -0.372800    -0.000000    -0.147100
    0.007566    -0.056740    -1.292000     0.000000    -0.001219    -0.053640     0.024180     0.000000    -0.000000     0.000000    -0.000000     0.000000    -0.000061    -0.021320     0.001212    -0.054910
   -0.000000    -0.000000     1.000000     0.000000     0.000000    -0.000000    -0.000000     0.000000    -0.000000     0.000000    -0.000000     0.000000     0.000000     0.000000     0.000000     0.000000
    0.000000     0.000000    -0.000000    -0.000000    -0.114100    15.460000  -108.600000     9.810000    -0.000000     0.000000    -0.000000    -0.000000     0.000000    -0.000000     0.002596    -0.000000
    0.000477    -0.003578    -0.081460    -0.000000    -1.023000   -46.530000    19.900000    -0.000000     0.000000    -0.000000     0.000000    -0.000000    -0.000004    -0.001344     1.047000    -0.003463
   -0.000007     0.000050     0.001145    -0.000000     0.011430    -0.722600    -0.542300    -0.000000     0.000000    -0.000000     0.000000    -0.000000     0.000000     0.000019     0.013140     0.000049
   -0.000000    -0.000000     0.000000     0.000000     0.000000     1.000000     0.000000     0.000000    -0.000000     0.000000    -0.000000     0.000000     0.000000     0.000000     0.000000     0.000000
    1.000000     0.000000    -0.000000    15.230000    -0.000000     0.000000     0.000000     0.000000     0.000000    -0.000000     0.000000     0.000000    -0.000000    -0.000000    -0.000000    -0.000000
    0.000000    -0.000000     0.000000    -0.000000     1.000000    -0.000000    -0.000000   -15.230000    -0.000000     0.000000    -0.000000   114.200000     0.000000     0.000000     0.000000     0.000000
   -0.000000     1.000000    -0.000000  -114.200000     0.000000     0.000000     0.000000     0.000000     0.000000    -0.000000     0.000000     0.000000    -0.000000    -0.000000    -0.000000    -0.000000
   -0.000000    -0.000000     0.000000     0.000000     0.000000    -0.000000     1.000000     0.000000    -0.000000     0.000000    -0.000000     0.000000     0.000000     0.000000     0.000000     0.000000

   -0.007635     0.245200   -19.780000    -9.810000     0.000000     0.000000     0.000000     0.000000     0.000000    -0.000000     0.000000     0.000000    -0.000930     0.038310    -0.000000     0.020920
   -0.097600    -0.556000    64.350000    -0.000000    -0.000000     0.000000     0.000000    -0.000000     0.000000    -0.000000     0.000000     0.000000     0.004587    -0.186600    -0.000000    -0.078710
    0.011770    -0.043730    -0.996600     0.000000    -0.000862    -0.031160     0.019000     0.000000    -0.000000     0.000000    -0.000000     0.000000    -0.000007    -0.009748     0.000447    -0.026880
   -0.000000    -0.000000     1.000000    -0.000000     0.000000    -0.000000    -0.000000    -0.000000    -0.000000     0.000000    -0.000000    -0.000000     0.000000     0.000000     0.000000     0.000000
    0.000000     0.000000     0.000000    -0.000000    -0.094830    20.510000   -68.050000     9.810000    -0.000000     0.000000    -0.000000    -0.000000    -0.000000     0.000000    -0.000436     0.000000
    0.000590    -0.002194    -0.050000    -0.000000    -0.811600   -30.510000    17.540000    -0.000000     0.000000    -0.000000     0.000000    -0.000000    -0.000000    -0.000489     0.434000    -0.001349
   -0.000010     0.000035     0.000808    -0.000000     0.005611    -0.753400    -0.404600    -0.000000     0.000000    -0.000000     0.000000    -0.000000     0.000000     0.000008     0.007478     0.000022
   -0.000000    -0.000000     0.000000     0.000000     0.000000     1.000000     0.000000    -0.000000    -0.000000     0.000000    -0.000000    -0.000000     0.000000     0.000000     0.000000     0.000000
    1.000000     0.000000    -0.000000    19.700000    -0.000000     0.000000     0.000000     0.000000     0.000000    -0.000000     0.000000     0.000000    -0.000000    -0.000000    -0.000000    -0.000000
    0.000000    -0.000000     0.000000    -0.000000     1.000000    -0.000000    -0.000000   -19.700000    -0.000000     0.000000    -0.000000    73.230000     0.000000     0.000000     0.000000     0.000000
   -0.000000     1.000000    -0.000000   -73.230000     0.000000     0.000000     0.000000     0.000000     0.000000    -0.000000     0.000000     0.000000    -0.000000    -0.000000    -0.000000    -0.000000
   -0.000000    -0.000000     0.000000     0.000000     0.000000    -0.000000     1.000000    -0.000000    -0.000000     0.000000    -0.000000    -0.000000     0.000000     0.000000     0.000000     0.000000
