u  w  q  the  v  p  r  phi  x  y  z  psi  |  slat  flap  aileron  elevator
   -0.004864     0.235300   -20.100000    -9.810000     0.000000     0.000000     0.000000     0.000000     0.000000    -0.000000     0.000000     0.000000    -0.000884     0.036380    -0.000000     0.017460
   -0.104700    -0.528500    65.310000    -0.000000    -0.000000     0.000000     0.000000    -0.000000     0.000000    -0.000000     0.000000     0.000000     0.004353    -0.176800    -0.000000    -0.074630
    0.010570    -0.039010    -0.979200     0.000000    -0.000385    -0.012040     0.008683     0.000000    -0.000000     0.000000    -0.000000     0.000000    -0.000090    -0.007405     0.000179    -0.028380
   -0.000000    -0.000000     1.000000     0.000000     0.000000    -0.000000    -0.000000     0.000000    -0.000000     0.000000    -0.000000     0.000000     0.000000     0.000000     0.000000     0.000000
    0.000000     0.000000     0.000000    -0.000000    -0.090010    20.610000   -68.370000     9.810000    -0.000000     0.000000    -0.000000    -0.000000    -0.000000     0.000000    -0.000459     0.000000
    0.000195    -0.000718    -0.018030    -0.000000    -0.884100   -32.670000    18.370000    -0.000000     0.000000    -0.000000     0.000000    -0.000000    -0.000002    -0.000136     0.464000    -0.000523
   -0.000023     0.000087     0.002175    -0.000000     0.003334    -0.879700    -0.377300    -0.000000     0.000000    -0.000000     0.000000    -0.000000     0.000000     0.000016     0.008905     0.000063
   -0.000000    -0.000000     0.000000     0.000000     0.000000     1.000000     0.000000     0.000000    -0.000000     0.000000    -0.000000     0.000000     0.000000     0.000000     0.000000     0.000000
    1.000000     0.000000    -0.000000    19.830000    -0.000000     0.000000     0.000000     0.000000     0.000000    -0.000000     0.000000     0.000000    -0.000000    -0.000000    -0.000000    -0.000000
    0.000000    -0.000000     0.000000    -0.000000     1.000000    -0.000000    -0.000000   -19.830000    -0.000000     0.000000    -0.000000    73.200000     0.000000     0.000000     0.000000     0.000000
   -0.000000     1.000000    -0.000000   -73.200000     0.000000     0.000000     0.000000     0.000000     0.000000    -0.000000     0.000000     0.000000    -0.000000    -0.000000    -0.000000    -0.000000
   -0.000000    -0.000000     0.000000     0.000000     0.000000    -0.000000     1.000000     0.000000    -0.000000     0.000000    -0.000000     0.000000     0.000000     0.000000     0.000000     0.000000

   -0.001118     0.144900   -15.460000    -9.810000    -0.000000    -0.000000    -0.000000     0.000000     0.000000    -0.000000     0.000000     0.000000    -0.000726     0.032640    -0.000000     0.016190
   -0.076620    -0.653400   104.900000    -0.000000    -0.000000     0.000000    -0.000000    -0.000000     0.000000    -0.000000     0.000000     0.000000     0.008288    -0.353300    -0.000000    -0.139500
    0.006774    -0.050450    -1.285000     0.000000    -0.000568    -0.022320     0.011440     0.000000    -0.000000     0.000000    -0.000000     0.000000    -0.000244    -0.016460     0.000511    -0.058830
   -0.000000    -0.000000     1.000000     0.000000     0.000000    -0.000000    -0.000000     0.000000    -0.000000     0.000000    -0.000000     0.000000     0.000000     0.000000     0.000000     0.000000
    0.000000     0.000000    -0.000000    -0.000000    -0.108400    15.560000  -108.900000     9.810000    -0.000000     0.000000    -0.000000    -0.000000     0.000000    -0.000000     0.002414    -0.000000
    0.000161    -0.001198    -0.030520    -0.000000    -1.128000   -50.710000    20.950000    -0.000000     0.000000    -0.000000     0.000000    -0.000000    -0.000006    -0.000391     1.140000    -0.001397
   -0.000017     0.000123     0.003138    -0.000000     0.009294    -0.882400    -0.527100    -0.000000     0.000000    -0.000000     0.000000    -0.000000     0.000001     0.000040     0.016300     0.000144
   -0.000000    -0.000000     0.000000    -0.000000     0.000000     1.000000     0.000000     0.000000    -0.000000     0.000000    -0.000000     0.000000     0.000000     0.000000     0.000000     0.000000
    1.000000     0.000000    -0.000000    15.330000    -0.000000     0.000000     0.000000     0.000000     0.000000    -0.000000     0.000000     0.000000    -0.000000    -0.000000    -0.000000    -0.000000
    0.000000    -0.000000     0.000000    -0.000000     1.000000    -0.000000    -0.000000   -15.330000    -0.000000     0.000000    -0.000000   114.200000     0.000000     0.000000     0.000000     0.000000
   -0.000000     1.000000    -0.000000  -114.200000     0.000000     0.000000     0.000000     0.000000     0.000000    -0.000000     0.000000     0.000000    -0.000000    -0.000000    -0.000000    -0.000000
   -0.000000    -0.000000     0.000000    -0.000000     0.000000    -0.000000     1.000000    -0.000000    -0.000000     0.000000    -0.000000     0.000000     0.000000     0.000000     0.000000     0.000000

   -0.000271     0.065400   -16.030000    -9.810000     0.000000    -0.000000     0.000000     0.000000     0.000000    -0.000000     0.000000     0.000000    -0.000443     0.024760    -0.000000     0.014390
   -0.044530    -0.568700   222.100000    -0.000000    -0.000000     0.000000    -0.000000    -0.000000     0.000000    -0.000000     0.000000     0.000000     0.014190    -0.647100     0.000000    -0.235000
    0.003589    -0.051520    -1.309000     0.000000    -0.000933    -0.043430     0.017040     0.000000    -0.000000     0.000000    -0.000000     0.000000    -0.000695    -0.038520     0.002000    -0.122900
   -0.000000    -0.000000     1.000000     0.000000     0.000000    -0.000000    -0.000000     0.000000    -0.000000     0.000000    -0.000000     0.000000     0.000000     0.000000     0.000000     0.000000
   -0.000000    -0.000000     0.000000    -0.000000    -0.085680    15.920000  -225.700000     9.810000    -0.000000     0.000000    -0.000000    -0.000000     0.000000    -0.000000     0.006800     0.000000
    0.000155    -0.002219    -0.056400    -0.000000    -1.480000   -75.320000    25.430000    -0.000000     0.000000    -0.000000     0.000000    -0.000000    -0.000030    -0.001659     3.449000    -0.005292
   -0.000010     0.000149     0.003784    -0.000000     0.010200    -0.775200    -0.499600    -0.000000     0.000000    -0.000000     0.000000    -0.000000     0.000002     0.000111     0.031640     0.000355
   -0.000000    -0.000000     0.000000     0.000000     0.000000     1.000000     0.000000     0.000000    -0.000000     0.000000    -0.000000     0.000000     0.000000     0.000000     0.000000     0.000000
    1.000000     0.000000    -0.000000    15.990000    -0.000000     0.000000     0.000000     0.000000     0.000000    -0.000000     0.000000     0.000000    -0.000000    -0.000000    -0.000000    -0.000000
    0.000000    -0.000000     0.000000    -0.000000     1.000000    -0.000000    -0.000000   -15.990000    -0.000000     0.000000    -0.000000   229.600000     0.000000     0.000000     0.000000     0.000000
   -0.000000     1.000000    -0.000000  -229.600000     0.000000     0.000000     0.000000     0.000000     0.000000    -0.000000     0.000000     0.000000    -0.000000    -0.000000    -0.000000    -0.000000
   -0.000000    -0.000000     0.000000     0.000000     0.000000    -0.000000     1.000000    -0.000000    -0.000000     0.000000    -0.000000     0.000000     0.000000     0.000000     0.000000     0.000000

   -0.000257     0.064770   -14.930000    -9.810000     0.000000     0.000000     0.000000     0.000000     0.000000    -0.000000     0.000000     0.000000    -0.000423     0.024000    -0.000000     0.014170
   -0.045140    -0.600300   221.800000    -0.000000    -0.000000     0.000000     0.000000    -0.000000     0.000000    -0.000000     0.000000     0.000000     0.014980    -0.683700     0.000000    -0.248100
    0.003334    -0.051420    -1.308000     0.000000    -0.000925    -0.043480     0.016780     0.000000    -0.000000     0.000000    -0.000000     0.000000    -0.000696    -0.038510     0.002003    -0.122800
   -0.000000    -0.000000     1.000000    -0.000000     0.000000    -0.000000    -0.000000    -0.000000    -0.000000     0.000000    -0.000000    -0.000000     0.000000     0.000000     0.000000     0.000000
   -0.000000    -0.000000     0.000000    -0.000000    -0.090580    14.790000  -225.500000     9.810000    -0.000000     0.000000    -0.000000    -0.000000     0.000000    -0.000000     0.007355     0.000000
    0.000144    -0.002215    -0.056340    -0.000000    -1.466000   -75.350000    24.980000    -0.000000     0.000000    -0.000000     0.000000    -0.000000    -0.000030    -0.001659     3.452000    -0.005289
   -0.000010     0.000149     0.003780    -0.000000     0.010420    -0.764100    -0.502100    -0.000000     0.000000    -0.000000     0.000000    -0.000000     0.000002     0.000111     0.031520     0.000355
   -0.000000    -0.000000     0.000000     0.000000     0.000000     1.000000     0.000000    -0.000000    -0.000000     0.000000    -0.000000    -0.000000     0.000000     0.000000     0.000000     0.000000
    1.000000     0.000000    -0.000000    14.890000    -0.000000     0.000000     0.000000     0.000000     0.000000    -0.000000     0.000000     0.000000    -0.000000    -0.000000    -0.000000    -0.000000
    0.000000    -0.000000     0.000000    -0.000000     1.000000    -0.000000    -0.000000   -14.890000    -0.000000     0.000000    -0.000000   229.700000     0.000000     0.000000     0.000000     0.000000
   -0.000000     1.000000    -0.000000  -229.700000     0.000000     0.000000     0.000000     0.000000     0.000000    -0.000000     0.000000     0.000000    -0.000000    -0.000000    -0.000000    -0.000000
   -0.000000    -0.000000     0.000000     0.000000     0.000000    -0.000000     1.000000    -0.000000    -0.000000     0.000000    -0.000000    -0.000000     0.000000     0.000000     0.000000     0.000000

   -0.001008     0.144100   -14.510000    -9.810000    -0.000000    -0.000000    -0.000000     0.000000     0.000000    -0.000000     0.000000     0.000000    -0.000714     0.032240     0.000000     0.016060
   -0.077210    -0.689300   104.500000    -0.000000     0.000000     0.000000    -0.000000    -0.000000     0.000000    -0.000000     0.000000     0.000000     0.008745    -0.373400     0.000000    -0.147100
    0.006331    -0.050320    -1.284000     0.000000    -0.000562    -0.022400     0.011220     0.000000    -0.000000     0.000000    -0.000000     0.000000    -0.000245    -0.016470     0.000513    -0.058840
   -0.000000    -0.000000     1.000000     0.000000     0.000000    -0.000000    -0.000000    -0.000000    -0.000000     0.000000    -0.000000     0.000000     0.000000     0.000000     0.000000     0.000000
    0.000000     0.000000    -0.000000    -0.000000    -0.114700    14.570000  -108.800000     9.810000    -0.000000     0.000000    -0.000000    -0.000000     0.000000    -0.000000     0.002749    -0.000000
    0.000150    -0.001195    -0.030490    -0.000000    -1.113000   -50.770000    20.480000    -0.000000     0.000000    -0.000000     0.000000    -0.000000    -0.000006    -0.000391     1.144000    -0.001397
   -0.000015     0.000123     0.003135    -0.000000     0.009672    -0.863700    -0.531300    -0.000000     0.000000    -0.000000     0.000000    -0.000000     0.000001     0.000040     0.016190     0.000144
   -0.000000    -0.000000     0.000000     0.000000     0.000000     1.000000     0.000000     0.000000    -0.000000     0.000000    -0.000000     0.000000     0.000000     0.000000     0.000000     0.000000
    1.000000     0.000000    -0.000000    14.390000    -0.000000     0.000000     0.000000     0.000000     0.000000    -0.000000     0.000000     0.000000    -0.000000    -0.000000    -0.000000    -0.000000
    0.000000    -0.000000     0.000000    -0.000000     1.000000    -0.000000    -0.000000   -14.390000    -0.000000     0.000000    -0.000000   114.300000     0.000000     0.000000     0.000000     0.000000
   -0.000000     1.000000    -0.000000  -114.300000     0.000000     0.000000     0.000000     0.000000     0.000000    -0.000000     0.000000     0.000000    -0.000000    -0.000000    -0.000000    -0.000000
   -0.000000    -0.000000     0.000000     0.000000     0.000000    -0.000000     1.000000     0.000000    -0.000000     0.000000    -0.000000     0.000000     0.000000     0.000000     0.000000     0.000000

   -0.004436     0.234400   -18.930000    -9.810000     0.000000     0.000000     0.000000     0.000000     0.000000    -0.000000     0.000000     0.000000    -0.000878     0.036280    -0.000000     0.017400
   -0.105100    -0.558500    65.160000    -0.000000    -0.000000     0.000000     0.000000    -0.000000     0.000000    -0.000000     0.000000     0.000000     0.004613    -0.187900    -0.000000    -0.079080
    0.009878    -0.038910    -0.979100     0.000000    -0.000380    -0.012160     0.008469     0.000000    -0.000000     0.000000    -0.000000     0.000000    -0.000091    -0.007446     0.000181    -0.028500
   -0.000000    -0.000000     1.000000     0.000000     0.000000    -0.000000    -0.000000     0.000000    -0.000000     0.000000    -0.000000     0.000000     0.000000     0.000000     0.000000     0.000000
    0.000000     0.000000     0.000000    -0.000000    -0.095690    19.400000   -68.430000     9.810000    -0.000000     0.000000    -0.000000    -0.000000    -0.000000     0.000000    -0.000271     0.000000
    0.000182    -0.000717    -0.018030    -0.000000    -0.868600   -32.810000    17.840000    -0.000000     0.000000    -0.000000     0.000000    -0.000000    -0.000002    -0.000137     0.468600    -0.000525
   -0.000022     0.000086     0.002175    -0.000000     0.003877    -0.853900    -0.383500    -0.000000     0.000000    -0.000000     0.000000    -0.000000     0.000000     0.000017     0.008836     0.000063
   -0.000000    -0.000000     0.000000     0.000000     0.000000     1.000000     0.000000     0.000000    -0.000000     0.000000    -0.000000     0.000000     0.000000     0.000000     0.000000     0.000000
    1.000000     0.000000    -0.000000    18.660000    -0.000000     0.000000     0.000000     0.000000     0.000000    -0.000000     0.000000     0.000000    -0.000000    -0.000000    -0.000000    -0.000000
    0.000000    -0.000000     0.000000    -0.000000     1.000000    -0.000000    -0.000000   -18.660000    -0.000000     0.000000    -0.000000    73.510000     0.000000     0.000000     0.000000     0.000000
   -0.000000     1.000000    -0.000000   -73.510000     0.000000     0.000000     0.000000     0.000000     0.000000    -0.000000     0.000000     0.000000    -0.000000    -0.000000    -0.000000    -0.000000
   -0.000000    -0.000000     0.000000     0.000000     0.000000    -0.000000     1.000000    -0.000000    -0.000000     0.000000    -0.000000     0.000000     0.000000     0.000000     0.000000     0.000000
