u  w  q  the  v  p  r  phi  x  y  z  psi  |  slat  flap  aileron  elevator
   -0.020590     0.444400   -26.720000    -9.810000     0.000000     0.000000    -0.000000     0.000000     0.000000    -0.000000     0.000000     0.000000    -0.000967     0.031460    -0.000000     0.012000
   -0.209100    -0.331300    29.320000    -0.000000    -0.000000     0.000000     0.000000    -0.000000     0.000000    -0.000000     0.000000     0.000000     0.001621    -0.052140     0.000000    -0.016610
    0.021030    -0.026320    -0.636100     0.000000     0.000341    -0.074370     0.038330     0.000000    -0.000000     0.000000    -0.000000     0.000000    -0.000120    -0.000688     0.000602    -0.010620
   -0.000000    -0.000000     1.000000     0.000000     0.000000    -0.000000    -0.000000    -0.000000    -0.000000     0.000000    -0.000000     0.000000     0.000000     0.000000     0.000000     0.000000
   -0.000000     0.000000    -0.000000    -0.000000    -0.050500    26.610000   -31.280000     9.810000    -0.000000     0.000000    -0.000000    -0.000000    -0.000000    -0.000000    -0.000418     0.000000
    0.002008    -0.002512    -0.060730    -0.000000    -0.007575    -0.904200     0.944200    -0.000000     0.000000    -0.000000     0.000000    -0.000000    -0.000011    -0.000066     0.009971    -0.001014
    0.000989    -0.001237    -0.029900    -0.000000     0.011240    -0.462200    -0.134200    -0.000000     0.000000    -0.000000     0.000000    -0.000000    -0.000006    -0.000032     0.001684    -0.000499
   -0.000000    -0.000000     0.000000     0.000000     0.000000     1.000000     0.000000     0.000000    -0.000000     0.000000    -0.000000     0.000000     0.000000     0.000000     0.000000     0.000000
    1.000000     0.000000    -0.000000    26.100000    -0.000000     0.000000     0.000000     0.000000     0.000000    -0.000000     0.000000     0.000000    -0.000000    -0.000000    -0.000000    -0.000000
    0.000000    -0.000000     0.000000    -0.000000     1.000000    -0.000000    -0.000000   -26.100000    -0.000000     0.000000    -0.000000    32.660000     0.000000     0.000000     0.000000     0.000000
   -0.000000     1.000000    -0.000000   -32.660000     0.000000     0.000000     0.000000     0.000000     0.000000    -0.000000     0.000000     0.000000    -0.000000    -0.000000    -0.000000    -0.000000
   -0.000000    -0.000000     0.000000     0.000000     0.000000    -0.000000     1.000000     0.000000    -0.000000     0.000000    -0.000000     0.000000     0.000000     0.000000     0.000000     0.000000

   -0.003030     0.263800   -17.980000    -9.810000    -0.000000     0.000000     0.000000     0.000000     0.000000    -0.000000     0.000000     0.000000    -0.000995     0.034670    -0.000000     0.013350
   -0.136000    -0.554200    57.070000    -0.000000     0.000000    -0.000000    -0.000000    -0.000000     0.000000    -0.000000     0.000000     0.000000     0.004879    -0.170000     0.000000    -0.053000
    0.011510    -0.040800    -0.882400     0.000000     0.000714    -0.097800     0.012390     0.000000    -0.000000     0.000000    -0.000000     0.000000    -0.000382    -0.002799     0.001843    -0.031260
   -0.000000    -0.000000     1.000000    -0.000000     0.000000    -0.000000    -0.000000    -0.000000    -0.000000     0.000000    -0.000000    -0.000000     0.000000     0.000000     0.000000     0.000000
    0.000000    -0.000000     0.000000    -0.000000    -0.099510    17.830000   -59.270000     9.810000    -0.000000     0.000000    -0.000000    -0.000000    -0.000000    -0.000000    -0.000977    -0.000000
    0.001104    -0.003913    -0.084630    -0.000000    -0.016220    -1.511000     0.751100    -0.000000     0.000000    -0.000000     0.000000    -0.000000    -0.000037    -0.000269     0.032220    -0.002998
    0.000560    -0.001985    -0.042920    -0.000000     0.023120    -0.260500    -0.402900    -0.000000     0.000000    -0.000000     0.000000    -0.000000    -0.000019    -0.000136     0.001991    -0.001521
   -0.000000    -0.000000     0.000000     0.000000     0.000000     1.000000     0.000000    -0.000000    -0.000000     0.000000    -0.000000    -0.000000     0.000000     0.000000     0.000000     0.000000
    1.000000     0.000000    -0.000000    17.590000    -0.000000     0.000000     0.000000     0.000000     0.000000    -0.000000     0.000000     0.000000    -0.000000    -0.000000    -0.000000    -0.000000
    0.000000    -0.000000     0.000000    -0.000000     1.000000    -0.000000    -0.000000   -17.590000    -0.000000     0.000000    -0.000000    62.360000     0.000000     0.000000     0.000000     0.000000
   -0.000000     1.000000    -0.000000   -62.360000     0.000000     0.000000     0.000000     0.000000     0.000000    -0.000000     0.000000     0.000000    -0.000000    -0.000000    -0.000000    -0.000000
   -0.000000    -0.000000     0.000000     0.000000     0.000000    -0.000000     1.000000    -0.000000    -0.000000     0.000000    -0.000000    -0.000000     0.000000     0.000000     0.000000     0.000000

    0.000131     0.113000   -10.970000    -9.810000    -0.000000     0.000000     0.000000     0.000000     0.000000    -0.000000     0.000000     0.000000    -0.000766     0.027580    -0.000000     0.011550
   -0.075950    -0.805000   128.100000    -0.000000     0.000000     0.000000    -0.000000    -0.000000     0.000000    -0.000000     0.000000     0.000000     0.015020    -0.542200     0.000000    -0.166800
    0.005051    -0.063300    -1.304000     0.000000     0.001388    -0.139300    -0.018540     0.000000    -0.000000     0.000000    -0.000000     0.000000    -0.001357    -0.010600     0.006355    -0.105300
   -0.000000    -0.000000     1.000000     0.000000     0.000000    -0.000000    -0.000000     0.000000    -0.000000     0.000000    -0.000000     0.000000     0.000000     0.000000     0.000000     0.000000
   -0.000000    -0.000000     0.000000    -0.000000    -0.150200    10.820000  -130.700000     9.810000    -0.000000     0.000000    -0.000000    -0.000000    -0.000000    -0.000000    -0.002709    -0.000000
    0.000489    -0.006126    -0.126200    -0.000000    -0.025550    -2.174000     0.620300    -0.000000     0.000000    -0.000000     0.000000    -0.000000    -0.000131    -0.001026     0.101400    -0.010190
    0.000264    -0.003307    -0.068130    -0.000000     0.037590    -0.081690    -0.719300    -0.000000     0.000000    -0.000000     0.000000    -0.000000    -0.000071    -0.000554     0.001993    -0.005502
   -0.000000    -0.000000     0.000000    -0.000000     0.000000     1.000000     0.000000     0.000000    -0.000000     0.000000    -0.000000     0.000000     0.000000     0.000000     0.000000     0.000000
    1.000000     0.000000    -0.000000    10.810000    -0.000000     0.000000     0.000000     0.000000     0.000000    -0.000000     0.000000     0.000000    -0.000000    -0.000000    -0.000000    -0.000000
    0.000000    -0.000000     0.000000    -0.000000     1.000000    -0.000000    -0.000000   -10.810000    -0.000000     0.000000    -0.000000   135.500000     0.000000     0.000000     0.000000     0.000000
   -0.000000     1.000000    -0.000000  -135.500000     0.000000     0.000000     0.000000     0.000000     0.000000    -0.000000     0.000000     0.000000    -0.000000    -0.000000    -0.000000    -0.000000
   -0.000000    -0.000000     0.000000     0.000000     0.000000    -0.000000     1.000000     0.000000    -0.000000     0.000000    -0.000000     0.000000     0.000000     0.000000     0.000000     0.000000

    0.000164     0.111900   -10.100000    -9.810000    -0.000000     0.000000     0.000000     0.000000     0.000000    -0.000000     0.000000     0.000000    -0.000744     0.026820    -0.000000     0.011350
   -0.076860    -0.858500   127.700000    -0.000000     0.000000     0.000000    -0.000000    -0.000000     0.000000    -0.000000     0.000000     0.000000     0.016020    -0.578700     0.000000    -0.178000
    0.004639    -0.063220    -1.300000     0.000000     0.001391    -0.138600    -0.019730     0.000000    -0.000000     0.000000    -0.000000     0.000000    -0.001357    -0.010640     0.006352    -0.105200
   -0.000000    -0.000000     1.000000     0.000000     0.000000    -0.000000    -0.000000     0.000000    -0.000000     0.000000    -0.000000     0.000000     0.000000     0.000000     0.000000     0.000000
   -0.000000    -0.000000     0.000000    -0.000000    -0.160600     9.949000  -130.400000     9.810000    -0.000000     0.000000    -0.000000    -0.000000    -0.000000    -0.000000    -0.002875    -0.000000
    0.000449    -0.006118    -0.125800    -0.000000    -0.025630    -2.175000     0.605700    -0.000000     0.000000    -0.000000     0.000000    -0.000000    -0.000131    -0.001029     0.101500    -0.010180
    0.000242    -0.003303    -0.067940    -0.000000     0.037670    -0.071740    -0.723100    -0.000000     0.000000    -0.000000     0.000000    -0.000000    -0.000071    -0.000556     0.001855    -0.005497
   -0.000000    -0.000000     0.000000     0.000000     0.000000     1.000000     0.000000     0.000000    -0.000000     0.000000    -0.000000     0.000000     0.000000     0.000000     0.000000     0.000000
    1.000000     0.000000    -0.000000     9.945000    -0.000000     0.000000     0.000000     0.000000     0.000000    -0.000000     0.000000     0.000000    -0.000000    -0.000000    -0.000000    -0.000000
    0.000000    -0.000000     0.000000    -0.000000     1.000000    -0.000000    -0.000000    -9.945000    -0.000000     0.000000    -0.000000   135.500000     0.000000     0.000000     0.000000     0.000000
   -0.000000     1.000000    -0.000000  -135.500000     0.000000     0.000000     0.000000     0.000000     0.000000    -0.000000     0.000000     0.000000    -0.000000    -0.000000    -0.000000    -0.000000
   -0.000000    -0.000000     0.000000     0.000000     0.000000    -0.000000     1.000000     0.000000    -0.000000     0.000000    -0.000000     0.000000     0.000000     0.000000     0.000000     0.000000

   -0.002647     0.262600   -16.740000    -9.810000    -0.000000     0.000000     0.000000     0.000000     0.000000    -0.000000     0.000000     0.000000    -0.000989     0.034550    -0.000000     0.013330
   -0.136200    -0.593200    57.040000    -0.000000     0.000000    -0.000000    -0.000000    -0.000000     0.000000    -0.000000     0.000000     0.000000     0.005238    -0.183100     0.000000    -0.057040
    0.010640    -0.040790    -0.877900     0.000000     0.000720    -0.096860     0.010140     0.000000    -0.000000     0.000000    -0.000000     0.000000    -0.000385    -0.002851     0.001854    -0.031410
   -0.000000    -0.000000     1.000000     0.000000     0.000000    -0.000000    -0.000000     0.000000    -0.000000     0.000000    -0.000000     0.000000     0.000000     0.000000     0.000000     0.000000
    0.000000    -0.000000     0.000000    -0.000000    -0.107300    16.580000   -59.350000     9.810000    -0.000000     0.000000    -0.000000    -0.000000    -0.000000    -0.000000    -0.001035    -0.000000
    0.001020    -0.003912    -0.084200    -0.000000    -0.016450    -1.519000     0.721000    -0.000000     0.000000    -0.000000     0.000000    -0.000000    -0.000037    -0.000273     0.032580    -0.003012
    0.000517    -0.001984    -0.042700    -0.000000     0.023400    -0.240100    -0.412500    -0.000000     0.000000    -0.000000     0.000000    -0.000000    -0.000019    -0.000139     0.001869    -0.001528
   -0.000000    -0.000000     0.000000     0.000000     0.000000     1.000000     0.000000     0.000000    -0.000000     0.000000    -0.000000     0.000000     0.000000     0.000000     0.000000     0.000000
    1.000000     0.000000    -0.000000    16.350000    -0.000000     0.000000     0.000000     0.000000     0.000000    -0.000000     0.000000     0.000000    -0.000000    -0.000000    -0.000000    -0.000000
    0.000000    -0.000000     0.000000    -0.000000     1.000000    -0.000000    -0.000000   -16.350000    -0.000000     0.000000    -0.000000    62.700000     0.000000     0.000000     0.000000     0.000000
   -0.000000     1.000000    -0.000000   -62.700000     0.000000     0.000000     0.000000     0.000000     0.000000    -0.000000     0.000000     0.000000    -0.000000    -0.000000    -0.000000    -0.000000
   -0.000000    -0.000000     0.000000     0.000000     0.000000    -0.000000     1.000000     0.000000    -0.000000     0.000000    -0.000000     0.000000     0.000000     0.000000     0.000000     0.000000

   -0.017620     0.439300   -24.750000    -9.810000     0.000000    -0.000000    -0.000000     0.000000     0.000000    -0.000000     0.000000     0.000000    -0.000988     0.032530     0.000000     0.012390
   -0.207100    -0.368500    30.450000    -0.000000    -0.000000    -0.000000     0.000000    -0.000000     0.000000    -0.000000     0.000000     0.000000     0.001866    -0.060820     0.000000    -0.019320
    0.019020    -0.026920    -0.638400     0.000000     0.000363    -0.074100     0.034260     0.000000    -0.000000     0.000000    -0.000000     0.000000    -0.000129    -0.000781     0.000647    -0.011340
   -0.000000    -0.000000     1.000000     0.000000     0.000000    -0.000000    -0.000000     0.000000    -0.000000     0.000000    -0.000000     0.000000     0.000000     0.000000     0.000000     0.000000
   -0.000000     0.000000    -0.000000    -0.000000    -0.058210    24.620000   -32.500000     9.810000    -0.000000     0.000000    -0.000000    -0.000000    -0.000000    -0.000000    -0.000462     0.000000
    0.001816    -0.002570    -0.060950    -0.000000    -0.008311    -0.946200     0.894300    -0.000000     0.000000    -0.000000     0.000000    -0.000000    -0.000012    -0.000075     0.010930    -0.001083
    0.000894    -0.001265    -0.030000    -0.000000     0.012170    -0.425200    -0.159100    -0.000000     0.000000    -0.000000     0.000000    -0.000000    -0.000006    -0.000037     0.001635    -0.000533
   -0.000000    -0.000000     0.000000     0.000000     0.000000     1.000000     0.000000     0.000000    -0.000000     0.000000    -0.000000     0.000000     0.000000     0.000000     0.000000     0.000000
    1.000000     0.000000    -0.000000    24.130000    -0.000000     0.000000     0.000000     0.000000     0.000000    -0.000000     0.000000     0.000000    -0.000000    -0.000000    -0.000000    -0.000000
    0.000000    -0.000000     0.000000    -0.000000     1.000000    -0.000000    -0.000000   -24.130000    -0.000000     0.000000    -0.000000    34.140000     0.000000     0.000000     0.000000     0.000000
   -0.000000     1.000000    -0.000000   -34.140000     0.000000     0.000000     0.000000     0.000000     0.000000    -0.000000     0.000000     0.000000    -0.000000    -0.000000    -0.000000    -0.000000
   -0.000000    -0.000000     0.000000     0.000000     0.000000    -0.000000     1.000000    -0.000000    -0.000000     0.000000    -0.000000     0.000000     0.000000     0.000000     0.000000     0.000000
