u  w  q  the  v  p  r  phi  x  y  z  psi  |  slat  flap  aileron  elevator
   -0.018840     0.442100   -26.580000    -9.810000     0.000000    -0.000000    -0.000000     0.000000     0.000000    -0.000000     0.000000     0.000000    -0.000963     0.031370    -0.000000     0.011750
   -0.210400    -0.332700    29.490000    -0.000000    -0.000000     0.000000     0.000000    -0.000000     0.000000    -0.000000     0.000000     0.000000     0.001634    -0.052600     0.000000    -0.016750
    0.021050    -0.026630    -0.654700     0.000000     0.000126    -0.035660     0.019650     0.000000    -0.000000     0.000000    -0.000000     0.000000    -0.000133    -0.000535     0.000298    -0.011140
   -0.000000    -0.000000     1.000000    -0.000000     0.000000    -0.000000    -0.000000    -0.000000    -0.000000     0.000000    -0.000000    -0.000000     0.000000     0.000000     0.000000     0.000000
   -0.000000     0.000000    -0.000000    -0.000000    -0.050610    26.430000   -31.410000     9.810000    -0.000000     0.000000    -0.000000    -0.000000    -0.000000    -0.000000    -0.000418     0.000000
    0.000960    -0.001215    -0.029860    -0.000000    -0.076570    -8.943000     9.334000    -0.000000     0.000000    -0.000000     0.000000    -0.000000    -0.000006    -0.000024     0.099550    -0.000508
    0.000418    -0.000528    -0.012990    -0.000000     0.018650    -0.682000    -0.286800    -0.000000     0.000000    -0.000000     0.000000    -0.000000    -0.000003    -0.000011     0.001999    -0.000221
   -0.000000    -0.000000     0.000000     0.000000     0.000000     1.000000     0.000000    -0.000000    -0.000000     0.000000    -0.000000    -0.000000     0.000000     0.000000     0.000000     0.000000
    1.000000     0.000000    -0.000000    25.930000    -0.000000     0.000000     0.000000     0.000000     0.000000    -0.000000     0.000000     0.000000    -0.000000    -0.000000    -0.000000    -0.000000
    0.000000    -0.000000     0.000000    -0.000000     1.000000    -0.000000    -0.000000   -25.930000    -0.000000     0.000000    -0.000000    32.800000     0.000000     0.000000     0.000000     0.000000
   -0.000000     1.000000    -0.000000   -32.800000     0.000000     0.000000     0.000000     0.000000     0.000000    -0.000000     0.000000     0.000000    -0.000000    -0.000000    -0.000000    -0.000000
   -0.000000    -0.000000     0.000000     0.000000     0.000000    -0.000000     1.000000    -0.000000    -0.000000     0.000000    -0.000000    -0.000000     0.000000     0.000000     0.000000     0.000000

   -0.002635     0.262500   -17.870000    -9.810000    -0.000000     0.000000     0.000000     0.000000     0.000000    -0.000000     0.000000     0.000000    -0.000988     0.034420    -0.000000     0.012950
   -0.137100    -0.554500    57.170000    -0.000000     0.000000    -0.000000    -0.000000    -0.000000     0.000000    -0.000000     0.000000     0.000000     0.004883    -0.170200     0.000000    -0.053060
    0.011470    -0.040970    -0.913600     0.000000     0.000256    -0.050150     0.008467     0.000000    -0.000000     0.000000    -0.000000     0.000000    -0.000423    -0.002287     0.000960    -0.032750
   -0.000000    -0.000000     1.000000     0.000000     0.000000    -0.000000    -0.000000     0.000000    -0.000000     0.000000    -0.000000     0.000000     0.000000     0.000000     0.000000     0.000000
    0.000000    -0.000000     0.000000    -0.000000    -0.099440    17.700000   -59.310000     9.810000    -0.000000     0.000000    -0.000000    -0.000000    -0.000000    -0.000000    -0.000974    -0.000000
    0.000548    -0.001958    -0.043670    -0.000000    -0.173000   -15.750000     7.869000    -0.000000     0.000000    -0.000000     0.000000    -0.000000    -0.000020    -0.000109     0.336800    -0.001565
    0.000240    -0.000859    -0.019160    -0.000000     0.039580    -0.291000    -0.734000    -0.000000     0.000000    -0.000000     0.000000    -0.000000    -0.000009    -0.000048     0.000291    -0.000687
   -0.000000    -0.000000     0.000000    -0.000000     0.000000     1.000000     0.000000     0.000000    -0.000000     0.000000    -0.000000     0.000000     0.000000     0.000000     0.000000     0.000000
    1.000000     0.000000    -0.000000    17.460000    -0.000000     0.000000     0.000000     0.000000     0.000000    -0.000000     0.000000     0.000000    -0.000000    -0.000000    -0.000000    -0.000000
    0.000000    -0.000000     0.000000    -0.000000     1.000000    -0.000000    -0.000000   -17.460000    -0.000000     0.000000    -0.000000    62.400000     0.000000     0.000000     0.000000     0.000000
   -0.000000     1.000000    -0.000000   -62.400000     0.000000     0.000000     0.000000     0.000000     0.000000    -0.000000     0.000000     0.000000    -0.000000    -0.000000    -0.000000    -0.000000
   -0.000000    -0.000000     0.000000     0.000000     0.000000    -0.000000     1.000000    -0.000000    -0.000000     0.000000    -0.000000     0.000000     0.000000     0.000000     0.000000     0.000000

    0.000181     0.112300   -10.880000    -9.810000    -0.000000    -0.000000     0.000000     0.000000     0.000000    -0.000000     0.000000     0.000000    -0.000758     0.027290    -0.000000     0.011110
   -0.076480    -0.805000   128.200000    -0.000000     0.000000    -0.000000    -0.000000    -0.000000     0.000000    -0.000000     0.000000     0.000000     0.015020    -0.542300     0.000000    -0.166800
    0.005047    -0.063790    -1.364000     0.000000     0.000501    -0.080160    -0.005046     0.000000    -0.000000     0.000000    -0.000000     0.000000    -0.001513    -0.008840     0.003671    -0.111300
   -0.000000    -0.000000     1.000000     0.000000     0.000000    -0.000000    -0.000000     0.000000    -0.000000     0.000000    -0.000000     0.000000     0.000000     0.000000     0.000000     0.000000
   -0.000000    -0.000000    -0.000000    -0.000000    -0.150100    10.730000  -130.700000     9.810000    -0.000000     0.000000    -0.000000    -0.000000    -0.000000    -0.000000    -0.002704    -0.000000
    0.000266    -0.003367    -0.072010    -0.000000    -0.308300   -25.460000     7.397000    -0.000000     0.000000    -0.000000     0.000000    -0.000000    -0.000080    -0.000467     1.188000    -0.005872
    0.000119    -0.001508    -0.032250    -0.000000     0.069160     0.177800    -1.342000    -0.000000     0.000000    -0.000000     0.000000    -0.000000    -0.000036    -0.000209    -0.011480    -0.002630
   -0.000000    -0.000000     0.000000     0.000000     0.000000     1.000000     0.000000     0.000000    -0.000000     0.000000    -0.000000     0.000000     0.000000     0.000000     0.000000     0.000000
    1.000000     0.000000    -0.000000    10.720000    -0.000000     0.000000     0.000000     0.000000     0.000000    -0.000000     0.000000     0.000000    -0.000000    -0.000000    -0.000000    -0.000000
    0.000000    -0.000000     0.000000    -0.000000     1.000000    -0.000000    -0.000000   -10.720000    -0.000000     0.000000    -0.000000   135.500000     0.000000     0.000000     0.000000     0.000000
   -0.000000     1.000000    -0.000000  -135.500000     0.000000     0.000000     0.000000     0.000000     0.000000    -0.000000     0.000000     0.000000    -0.000000    -0.000000    -0.000000    -0.000000
   -0.000000    -0.000000     0.000000     0.000000     0.000000    -0.000000     1.000000     0.000000    -0.000000     0.000000    -0.000000     0.000000     0.000000     0.000000     0.000000     0.000000

    0.000210     0.111200   -10.020000    -9.810000    -0.000000     0.000000     0.000000     0.000000     0.000000    -0.000000     0.000000     0.000000    -0.000736     0.026530    -0.000000     0.010910
   -0.077400    -0.858500   127.800000    -0.000000     0.000000     0.000000    -0.000000    -0.000000     0.000000    -0.000000     0.000000     0.000000     0.016020    -0.578800     0.000000    -0.178000
    0.004634    -0.063710    -1.361000     0.000000     0.000502    -0.079830    -0.005702     0.000000    -0.000000     0.000000    -0.000000     0.000000    -0.001513    -0.008874     0.003670    -0.111200
   -0.000000    -0.000000     1.000000     0.000000     0.000000    -0.000000    -0.000000     0.000000    -0.000000     0.000000    -0.000000     0.000000     0.000000     0.000000     0.000000     0.000000
   -0.000000    -0.000000     0.000000    -0.000000    -0.160500     9.863000  -130.400000     9.810000    -0.000000     0.000000    -0.000000    -0.000000    -0.000000    -0.000000    -0.002871    -0.000000
    0.000245    -0.003362    -0.071820    -0.000000    -0.309200   -25.470000     7.229000    -0.000000     0.000000    -0.000000     0.000000    -0.000000    -0.000080    -0.000468     1.189000    -0.005867
    0.000110    -0.001506    -0.032170    -0.000000     0.069320     0.195400    -1.346000    -0.000000     0.000000    -0.000000     0.000000    -0.000000    -0.000036    -0.000210    -0.011740    -0.002628
   -0.000000    -0.000000     0.000000    -0.000000     0.000000     1.000000     0.000000     0.000000    -0.000000     0.000000    -0.000000     0.000000     0.000000     0.000000     0.000000     0.000000
    1.000000     0.000000    -0.000000     9.860000    -0.000000     0.000000     0.000000     0.000000     0.000000    -0.000000     0.000000     0.000000    -0.000000    -0.000000    -0.000000    -0.000000
    0.000000    -0.000000     0.000000    -0.000000     1.000000    -0.000000    -0.000000    -9.860000    -0.000000     0.000000    -0.000000   135.500000     0.000000     0.000000     0.000000     0.000000
   -0.000000     1.000000    -0.000000  -135.500000     0.000000     0.000000     0.000000     0.000000     0.000000    -0.000000     0.000000     0.000000    -0.000000    -0.000000    -0.000000    -0.000000
   -0.000000    -0.000000     0.000000     0.000000     0.000000    -0.000000     1.000000    -0.000000    -0.000000     0.000000    -0.000000     0.000000     0.000000     0.000000     0.000000     0.000000

   -0.002281     0.261200   -16.640000    -9.810000    -0.000000    -0.000000     0.000000     0.000000     0.000000    -0.000000     0.000000     0.000000    -0.000981     0.034290    -0.000000     0.012930
   -0.137200    -0.593500    57.140000    -0.000000     0.000000    -0.000000    -0.000000    -0.000000     0.000000    -0.000000     0.000000     0.000000     0.005242    -0.183300     0.000000    -0.057090
    0.010600    -0.040940    -0.909100     0.000000     0.000258    -0.049750     0.007338     0.000000    -0.000000     0.000000    -0.000000     0.000000    -0.000426    -0.002333     0.000967    -0.032900
   -0.000000    -0.000000     1.000000     0.000000     0.000000    -0.000000    -0.000000     0.000000    -0.000000     0.000000    -0.000000     0.000000     0.000000     0.000000     0.000000     0.000000
    0.000000    -0.000000     0.000000    -0.000000    -0.107300    16.460000   -59.380000     9.810000    -0.000000     0.000000    -0.000000    -0.000000    -0.000000    -0.000000    -0.001032    -0.000000
    0.000507    -0.001957    -0.043460    -0.000000    -0.175500   -15.850000     7.558000    -0.000000     0.000000    -0.000000     0.000000    -0.000000    -0.000020    -0.000111     0.340600    -0.001573
    0.000222    -0.000859    -0.019060    -0.000000     0.040070    -0.256300    -0.747100    -0.000000     0.000000    -0.000000     0.000000    -0.000000    -0.000009    -0.000049     0.000055    -0.000690
   -0.000000    -0.000000     0.000000    -0.000000     0.000000     1.000000     0.000000     0.000000    -0.000000     0.000000    -0.000000     0.000000     0.000000     0.000000     0.000000     0.000000
    1.000000     0.000000    -0.000000    16.240000    -0.000000     0.000000     0.000000     0.000000     0.000000    -0.000000     0.000000     0.000000    -0.000000    -0.000000    -0.000000    -0.000000
    0.000000    -0.000000     0.000000    -0.000000     1.000000    -0.000000    -0.000000   -16.240000    -0.000000     0.000000    -0.000000    62.730000     0.000000     0.000000     0.000000     0.000000
   -0.000000     1.000000    -0.000000   -62.730000     0.000000     0.000000     0.000000     0.000000     0.000000    -0.000000     0.000000     0.000000    -0.000000    -0.000000    -0.000000    -0.000000
   -0.000000    -0.000000     0.000000    -0.000000     0.000000    -0.000000     1.000000    -0.000000    -0.000000     0.000000    -0.000000     0.000000     0.000000     0.000000     0.000000     0.000000

   -0.016080     0.437000   -24.620000    -9.810000     0.000000    -0.000000    -0.000000     0.000000     0.000000    -0.000000     0.000000     0.000000    -0.000984     0.032400    -0.000000     0.012110
   -0.208500    -0.369700    30.600000    -0.000000    -0.000000     0.000000     0.000000    -0.000000     0.000000    -0.000000     0.000000     0.000000     0.001877    -0.061240     0.000000    -0.019450
    0.019020    -0.027190    -0.657200     0.000000     0.000133    -0.035650     0.017710     0.000000    -0.000000     0.000000    -0.000000     0.000000    -0.000143    -0.000614     0.000321    -0.011880
   -0.000000    -0.000000     1.000000     0.000000     0.000000    -0.000000    -0.000000     0.000000    -0.000000     0.000000    -0.000000     0.000000     0.000000     0.000000     0.000000     0.000000
   -0.000000     0.000000    -0.000000    -0.000000    -0.058290    24.450000   -32.610000     9.810000    -0.000000     0.000000    -0.000000    -0.000000    -0.000000    -0.000000    -0.000461     0.000000
    0.000867    -0.001240    -0.029980    -0.000000    -0.083940    -9.358000     8.844000    -0.000000     0.000000    -0.000000     0.000000    -0.000000    -0.000007    -0.000028     0.108900    -0.000542
    0.000377    -0.000539    -0.013040    -0.000000     0.020190    -0.619100    -0.323000    -0.000000     0.000000    -0.000000     0.000000    -0.000000    -0.000003    -0.000012     0.001849    -0.000236
   -0.000000    -0.000000     0.000000     0.000000     0.000000     1.000000     0.000000     0.000000    -0.000000     0.000000    -0.000000     0.000000     0.000000     0.000000     0.000000     0.000000
    1.000000     0.000000    -0.000000    23.960000    -0.000000     0.000000     0.000000     0.000000     0.000000    -0.000000     0.000000     0.000000    -0.000000    -0.000000    -0.000000    -0.000000
    0.000000    -0.000000     0.000000    -0.000000     1.000000    -0.000000    -0.000000   -23.960000    -0.000000     0.000000    -0.000000    34.260000     0.000000     0.000000     0.000000     0.000000
   -0.000000     1.000000    -0.000000   -34.260000     0.000000     0.000000     0.000000     0.000000     0.000000    -0.000000     0.000000     0.000000    -0.000000    -0.000000    -0.000000    -0.000000
   -0.000000    -0.000000     0.000000     0.000000     0.000000    -0.000000     1.000000    -0.000000    -0.000000     0.000000    -0.000000     0.000000     0.000000     0.000000     0.000000     0.000000
