u  w  q  the  v  p  r  phi  x  y  z  psi  |  slat  flap  aileron  elevator
   -0.017360     0.440100   -26.460000    -9.810000     0.000000    -0.000000    -0.000000     0.000000     0.000000    -0.000000     0.000000     0.000000    -0.000960     0.031290     0.000000     0.011520
   -0.211600    -0.333900    29.640000    -0.000000    -0.000000     0.000000     0.000000    -0.000000     0.000000    -0.000000     0.000000     0.000000     0.001644    -0.053000     0.000000    -0.016870
    0.019300    -0.024650    -0.615900     0.000000     0.000224    -0.100000     0.059680     0.000000    -0.000000     0.000000    -0.000000     0.000000    -0.000133    -0.000353     0.000870    -0.010660
   -0.000000    -0.000000     1.000000     0.000000     0.000000    -0.000000    -0.000000     0.000000    -0.000000     0.000000    -0.000000     0.000000     0.000000     0.000000     0.000000     0.000000
   -0.000000     0.000000    -0.000000    -0.000000    -0.050710    26.280000   -31.530000     9.810000    -0.000000     0.000000    -0.000000    -0.000000    -0.000000    -0.000000    -0.000418     0.000000
    0.002724    -0.003479    -0.086940    -0.000000    -0.011980    -1.440000     1.479000    -0.000000     0.000000    -0.000000     0.000000    -0.000000    -0.000019    -0.000050     0.016030    -0.001504
    0.001005    -0.001283    -0.032080    -0.000000     0.012860    -0.532500    -0.157800    -0.000000     0.000000    -0.000000     0.000000    -0.000000    -0.000007    -0.000018     0.001939    -0.000555
   -0.000000    -0.000000     0.000000     0.000000     0.000000     1.000000     0.000000     0.000000    -0.000000     0.000000    -0.000000     0.000000     0.000000     0.000000     0.000000     0.000000
    1.000000     0.000000    -0.000000    25.770000    -0.000000     0.000000     0.000000     0.000000     0.000000    -0.000000     0.000000     0.000000    -0.000000    -0.000000    -0.000000    -0.000000
    0.000000    -0.000000     0.000000    -0.000000     1.000000    -0.000000    -0.000000   -25.770000    -0.000000     0.000000    -0.000000    32.920000     0.000000     0.000000     0.000000     0.000000
   -0.000000     1.000000    -0.000000   -32.920000     0.000000     0.000000     0.000000     0.000000     0.000000    -0.000000     0.000000     0.000000    -0.000000    -0.000000    -0.000000    -0.000000
   -0.000000    -0.000000     0.000000     0.000000     0.000000    -0.000000     1.000000    -0.000000    -0.000000     0.000000    -0.000000     0.000000     0.000000     0.000000     0.000000     0.000000

   -0.002303     0.261300   -17.780000    -9.810000    -0.000000     0.000000     0.000000     0.000000     0.000000    -0.000000     0.000000     0.000000    -0.000981     0.034190    -0.000000     0.012610
   -0.138000    -0.554700    57.250000    -0.000000     0.000000    -0.000000    -0.000000    -0.000000     0.000000    -0.000000     0.000000     0.000000     0.004887    -0.170400     0.000000    -0.053110
    0.010410    -0.037430    -0.859000     0.000000     0.000447    -0.139600     0.028660     0.000000    -0.000000     0.000000    -0.000000     0.000000    -0.000421    -0.001628     0.002710    -0.031100
   -0.000000    -0.000000     1.000000    -0.000000     0.000000    -0.000000    -0.000000    -0.000000    -0.000000     0.000000    -0.000000    -0.000000     0.000000     0.000000     0.000000     0.000000
    0.000000    -0.000000     0.000000    -0.000000    -0.099380    17.590000   -59.350000     9.810000    -0.000000     0.000000    -0.000000    -0.000000    -0.000000    -0.000000    -0.000971    -0.000000
    0.001480    -0.005324    -0.122200    -0.000000    -0.025730    -2.400000     1.180000    -0.000000     0.000000    -0.000000     0.000000    -0.000000    -0.000060    -0.000232     0.051250    -0.004424
    0.000564    -0.002028    -0.046540    -0.000000     0.026600    -0.299100    -0.466100    -0.000000     0.000000    -0.000000     0.000000    -0.000000    -0.000023    -0.000088     0.002228    -0.001685
   -0.000000    -0.000000     0.000000     0.000000     0.000000     1.000000     0.000000    -0.000000    -0.000000     0.000000    -0.000000    -0.000000     0.000000     0.000000     0.000000     0.000000
    1.000000     0.000000    -0.000000    17.360000    -0.000000     0.000000     0.000000     0.000000     0.000000    -0.000000     0.000000     0.000000    -0.000000    -0.000000    -0.000000    -0.000000
    0.000000    -0.000000     0.000000    -0.000000     1.000000    -0.000000    -0.000000   -17.360000    -0.000000     0.000000    -0.000000    62.430000     0.000000     0.000000     0.000000     0.000000
   -0.000000     1.000000    -0.000000   -62.430000     0.000000     0.000000     0.000000     0.000000     0.000000    -0.000000     0.000000     0.000000    -0.000000    -0.000000    -0.000000    -0.000000
   -0.000000    -0.000000     0.000000     0.000000     0.000000    -0.000000     1.000000    -0.000000    -0.000000     0.000000    -0.000000    -0.000000     0.000000     0.000000     0.000000     0.000000

    0.000222     0.111700   -10.810000    -9.810000    -0.000000     0.000000     0.000000     0.000000     0.000000    -0.000000     0.000000     0.000000    -0.000751     0.027040    -0.000000     0.010730
   -0.076950    -0.805000   128.300000    -0.000000     0.000000    -0.000000    -0.000000    -0.000000     0.000000    -0.000000     0.000000     0.000000     0.015020    -0.542400     0.000000    -0.166800
    0.004524    -0.057620    -1.277000     0.000000     0.000947    -0.207400    -0.006605     0.000000    -0.000000     0.000000    -0.000000     0.000000    -0.001493    -0.006371     0.009516    -0.105000
   -0.000000    -0.000000     1.000000     0.000000     0.000000    -0.000000    -0.000000     0.000000    -0.000000     0.000000    -0.000000     0.000000     0.000000     0.000000     0.000000     0.000000
   -0.000000    -0.000000    -0.000000    -0.000000    -0.150100    10.650000  -130.700000     9.810000    -0.000000     0.000000    -0.000000    -0.000000    -0.000000    -0.000000    -0.002700    -0.000000
    0.000653    -0.008319    -0.184400    -0.000000    -0.040940    -3.476000     0.982900    -0.000000     0.000000    -0.000000     0.000000    -0.000000    -0.000216    -0.000920     0.162200    -0.015160
    0.000267    -0.003394    -0.075230    -0.000000     0.044000    -0.088000    -0.842000    -0.000000     0.000000    -0.000000     0.000000    -0.000000    -0.000088    -0.000375     0.001953    -0.006185
   -0.000000    -0.000000     0.000000     0.000000     0.000000     1.000000     0.000000     0.000000    -0.000000     0.000000    -0.000000     0.000000     0.000000     0.000000     0.000000     0.000000
    1.000000     0.000000    -0.000000    10.640000    -0.000000     0.000000     0.000000     0.000000     0.000000    -0.000000     0.000000     0.000000    -0.000000    -0.000000    -0.000000    -0.000000
    0.000000    -0.000000     0.000000    -0.000000     1.000000    -0.000000    -0.000000   -10.640000    -0.000000     0.000000    -0.000000   135.500000     0.000000     0.000000     0.000000     0.000000
   -0.000000     1.000000    -0.000000  -135.500000     0.000000     0.000000     0.000000     0.000000     0.000000    -0.000000     0.000000     0.000000    -0.000000    -0.000000    -0.000000    -0.000000
   -0.000000    -0.000000     0.000000     0.000000     0.000000    -0.000000     1.000000     0.000000    -0.000000     0.000000    -0.000000     0.000000     0.000000     0.000000     0.000000     0.000000

    0.000247     0.110600    -9.955000    -9.810000    -0.000000    -0.000000     0.000000     0.000000     0.000000    -0.000000     0.000000     0.000000    -0.000729     0.026280     0.000000     0.010530
   -0.077870    -0.858600   127.800000    -0.000000     0.000000    -0.000000    -0.000000    -0.000000     0.000000    -0.000000     0.000000     0.000000     0.016020    -0.578800     0.000000    -0.178000
    0.004153    -0.057530    -1.274000     0.000000     0.000948    -0.206700    -0.008265     0.000000    -0.000000     0.000000    -0.000000     0.000000    -0.001493    -0.006400     0.009515    -0.104900
   -0.000000    -0.000000     1.000000     0.000000     0.000000    -0.000000    -0.000000     0.000000    -0.000000     0.000000    -0.000000     0.000000     0.000000     0.000000     0.000000     0.000000
   -0.000000    -0.000000    -0.000000    -0.000000    -0.160500     9.788000  -130.400000     9.810000    -0.000000     0.000000    -0.000000    -0.000000    -0.000000    -0.000000    -0.002867    -0.000000
    0.000600    -0.008306    -0.183900    -0.000000    -0.041060    -3.478000     0.959900    -0.000000     0.000000    -0.000000     0.000000    -0.000000    -0.000216    -0.000924     0.162300    -0.015140
    0.000245    -0.003389    -0.075030    -0.000000     0.044100    -0.076250    -0.846400    -0.000000     0.000000    -0.000000     0.000000    -0.000000    -0.000088    -0.000377     0.001790    -0.006179
   -0.000000    -0.000000     0.000000     0.000000     0.000000     1.000000     0.000000     0.000000    -0.000000     0.000000    -0.000000     0.000000     0.000000     0.000000     0.000000     0.000000
    1.000000     0.000000    -0.000000     9.786000    -0.000000     0.000000     0.000000     0.000000     0.000000    -0.000000     0.000000     0.000000    -0.000000    -0.000000    -0.000000    -0.000000
    0.000000    -0.000000     0.000000    -0.000000     1.000000    -0.000000    -0.000000    -9.786000    -0.000000     0.000000    -0.000000   135.600000     0.000000     0.000000     0.000000     0.000000
   -0.000000     1.000000    -0.000000  -135.600000     0.000000     0.000000     0.000000     0.000000     0.000000    -0.000000     0.000000     0.000000    -0.000000    -0.000000    -0.000000    -0.000000
   -0.000000    -0.000000     0.000000     0.000000     0.000000    -0.000000     1.000000    -0.000000    -0.000000     0.000000    -0.000000     0.000000     0.000000     0.000000     0.000000     0.000000

   -0.001975     0.260000   -16.560000    -9.810000    -0.000000    -0.000000     0.000000     0.000000     0.000000    -0.000000     0.000000     0.000000    -0.000975     0.034060    -0.000000     0.012580
   -0.138100    -0.593700    57.220000    -0.000000     0.000000    -0.000000    -0.000000    -0.000000     0.000000    -0.000000     0.000000     0.000000     0.005245    -0.183500     0.000000    -0.057140
    0.009613    -0.037390    -0.855000     0.000000     0.000450    -0.138700     0.025580     0.000000    -0.000000     0.000000    -0.000000     0.000000    -0.000424    -0.001667     0.002729    -0.031250
   -0.000000    -0.000000     1.000000     0.000000     0.000000    -0.000000    -0.000000     0.000000    -0.000000     0.000000    -0.000000     0.000000     0.000000     0.000000     0.000000     0.000000
    0.000000    -0.000000     0.000000    -0.000000    -0.107200    16.360000   -59.420000     9.810000    -0.000000     0.000000    -0.000000    -0.000000    -0.000000    -0.000000    -0.001029    -0.000000
    0.001367    -0.005318    -0.121600    -0.000000    -0.026100    -2.413000     1.133000    -0.000000     0.000000    -0.000000     0.000000    -0.000000    -0.000060    -0.000237     0.051820    -0.004444
    0.000521    -0.002026    -0.046320    -0.000000     0.026930    -0.275300    -0.477000    -0.000000     0.000000    -0.000000     0.000000    -0.000000    -0.000023    -0.000090     0.002085    -0.001693
   -0.000000    -0.000000     0.000000     0.000000     0.000000     1.000000     0.000000     0.000000    -0.000000     0.000000    -0.000000     0.000000     0.000000     0.000000     0.000000     0.000000
    1.000000     0.000000    -0.000000    16.130000    -0.000000     0.000000     0.000000     0.000000     0.000000    -0.000000     0.000000     0.000000    -0.000000    -0.000000    -0.000000    -0.000000
    0.000000    -0.000000     0.000000    -0.000000     1.000000    -0.000000    -0.000000   -16.130000    -0.000000     0.000000    -0.000000    62.750000     0.000000     0.000000     0.000000     0.000000
   -0.000000     1.000000    -0.000000   -62.750000     0.000000     0.000000     0.000000     0.000000     0.000000    -0.000000     0.000000     0.000000    -0.000000    -0.000000    -0.000000    -0.000000
   -0.000000    -0.000000     0.000000     0.000000     0.000000    -0.000000     1.000000    -0.000000    -0.000000     0.000000    -0.000000     0.000000     0.000000     0.000000     0.000000     0.000000

   -0.014780     0.435100   -24.510000    -9.810000     0.000000     0.000000    -0.000000     0.000000     0.000000    -0.000000     0.000000     0.000000    -0.000979     0.032290     0.000000     0.011870
   -0.209700    -0.370700    30.730000    -0.000000    -0.000000     0.000000     0.000000    -0.000000     0.000000    -0.000000     0.000000     0.000000     0.001886    -0.061610     0.000000    -0.019560
    0.017420    -0.025120    -0.618400     0.000000     0.000234    -0.100400     0.054300     0.000000    -0.000000     0.000000    -0.000000     0.000000    -0.000143    -0.000413     0.000935    -0.011350
   -0.000000    -0.000000     1.000000     0.000000     0.000000    -0.000000    -0.000000     0.000000    -0.000000     0.000000    -0.000000     0.000000     0.000000     0.000000     0.000000     0.000000
   -0.000000     0.000000    -0.000000    -0.000000    -0.058350    24.310000   -32.710000     9.810000    -0.000000     0.000000    -0.000000    -0.000000    -0.000000    -0.000000    -0.000461     0.000000
    0.002458    -0.003545    -0.087290    -0.000000    -0.013130    -1.505000     1.401000    -0.000000     0.000000    -0.000000     0.000000    -0.000000    -0.000020    -0.000058     0.017510    -0.001602
    0.000907    -0.001308    -0.032200    -0.000000     0.013910    -0.489700    -0.185800    -0.000000     0.000000    -0.000000     0.000000    -0.000000    -0.000007    -0.000022     0.001878    -0.000591
   -0.000000    -0.000000     0.000000    -0.000000     0.000000     1.000000     0.000000     0.000000    -0.000000     0.000000    -0.000000     0.000000     0.000000     0.000000     0.000000     0.000000
    1.000000     0.000000    -0.000000    23.820000    -0.000000     0.000000     0.000000     0.000000     0.000000    -0.000000     0.000000     0.000000    -0.000000    -0.000000    -0.000000    -0.000000
    0.000000    -0.000000     0.000000    -0.000000     1.000000    -0.000000    -0.000000   -23.820000    -0.000000     0.000000    -0.000000    34.360000     0.000000     0.000000     0.000000     0.000000
   -0.000000     1.000000    -0.000000   -34.360000     0.000000     0.000000     0.000000     0.000000     0.000000    -0.000000     0.000000     0.000000    -0.000000    -0.000000    -0.000000    -0.000000
   -0.000000    -0.000000     0.000000     0.000000     0.000000    -0.000000     1.000000     0.000000    -0.000000     0.000000    -0.000000     0.000000     0.000000     0.000000     0.000000     0.000000
