u  w  q  the  v  p  r  phi  x  y  z  psi  |  slat  flap  aileron  elevator
   -0.018310     0.441400   -26.540000    -9.810000     0.000000     0.000000    -0.000000     0.000000     0.000000    -0.000000     0.000000     0.000000    -0.000962     0.031340     0.000000     0.011670
   -0.210800    -0.333100    29.540000    -0.000000    -0.000000     0.000000     0.000000    -0.000000     0.000000    -0.000000     0.000000     0.000000     0.001637    -0.052740     0.000000    -0.016800
    0.020720    -0.026310    -0.650400     0.000000     0.000260    -0.013390    -0.001329     0.000000    -0.000000     0.000000    -0.000000     0.000000    -0.000135    -0.000477     0.000063    -0.011130
   -0.000000    -0.000000     1.000000     0.000000     0.000000    -0.000000    -0.000000     0.000000    -0.000000     0.000000    -0.000000     0.000000     0.000000     0.000000     0.000000     0.000000
   -0.000000     0.000000    -0.000000    -0.000000    -0.050650    26.380000   -31.450000     9.810000    -0.000000     0.000000    -0.000000    -0.000000    -0.000000    -0.000000    -0.000418     0.000000
    0.000079    -0.000100    -0.002477    -0.000000    -0.083650    -9.782000    10.180000    -0.000000     0.000000    -0.000000     0.000000    -0.000000    -0.000001    -0.000002     0.109100    -0.000042
    0.000365    -0.000463    -0.011440    -0.000000     0.018740    -0.677200    -0.295300    -0.000000     0.000000    -0.000000     0.000000    -0.000000    -0.000002    -0.000008     0.001928    -0.000196
   -0.000000    -0.000000     0.000000    -0.000000     0.000000     1.000000     0.000000     0.000000    -0.000000     0.000000    -0.000000     0.000000     0.000000     0.000000     0.000000     0.000000
    1.000000     0.000000    -0.000000    25.870000    -0.000000     0.000000     0.000000     0.000000     0.000000    -0.000000     0.000000     0.000000    -0.000000    -0.000000    -0.000000    -0.000000
    0.000000    -0.000000     0.000000    -0.000000     1.000000    -0.000000    -0.000000   -25.870000    -0.000000     0.000000    -0.000000    32.840000     0.000000     0.000000     0.000000     0.000000
   -0.000000     1.000000    -0.000000   -32.840000     0.000000     0.000000     0.000000     0.000000     0.000000    -0.000000     0.000000     0.000000    -0.000000    -0.000000    -0.000000    -0.000000
   -0.000000    -0.000000     0.000000     0.000000     0.000000    -0.000000     1.000000     0.000000    -0.000000     0.000000    -0.000000     0.000000     0.000000     0.000000     0.000000     0.000000

   -0.002516     0.262000   -17.840000    -9.810000    -0.000000    -0.000000     0.000000     0.000000     0.000000    -0.000000     0.000000     0.000000    -0.000986     0.034340    -0.000000     0.012830
   -0.137400    -0.554600    57.190000    -0.000000     0.000000    -0.000000    -0.000000    -0.000000     0.000000    -0.000000     0.000000     0.000000     0.004885    -0.170300     0.000000    -0.053070
    0.011260    -0.040330    -0.908300     0.000000     0.000588    -0.010310    -0.009278     0.000000    -0.000000     0.000000    -0.000000     0.000000    -0.000429    -0.002081     0.000123    -0.032670
   -0.000000    -0.000000     1.000000     0.000000     0.000000    -0.000000    -0.000000    -0.000000    -0.000000     0.000000    -0.000000     0.000000     0.000000     0.000000     0.000000     0.000000
    0.000000    -0.000000     0.000000    -0.000000    -0.099420    17.660000   -59.320000     9.810000    -0.000000     0.000000    -0.000000    -0.000000    -0.000000    -0.000000    -0.000973    -0.000000
    0.000040    -0.000143    -0.003211    -0.000000    -0.190000   -17.310000     8.631000    -0.000000     0.000000    -0.000000     0.000000    -0.000000    -0.000002    -0.000007     0.370200    -0.000116
    0.000210    -0.000753    -0.016950    -0.000000     0.039830    -0.276100    -0.743700    -0.000000     0.000000    -0.000000     0.000000    -0.000000    -0.000008    -0.000039    -0.000052    -0.000610
   -0.000000    -0.000000     0.000000     0.000000     0.000000     1.000000     0.000000     0.000000    -0.000000     0.000000    -0.000000     0.000000     0.000000     0.000000     0.000000     0.000000
    1.000000     0.000000    -0.000000    17.430000    -0.000000     0.000000     0.000000     0.000000     0.000000    -0.000000     0.000000     0.000000    -0.000000    -0.000000    -0.000000    -0.000000
    0.000000    -0.000000     0.000000    -0.000000     1.000000    -0.000000    -0.000000   -17.430000    -0.000000     0.000000    -0.000000    62.410000     0.000000     0.000000     0.000000     0.000000
   -0.000000     1.000000    -0.000000   -62.410000     0.000000     0.000000     0.000000     0.000000     0.000000    -0.000000     0.000000     0.000000    -0.000000    -0.000000    -0.000000    -0.000000
   -0.000000    -0.000000     0.000000     0.000000     0.000000    -0.000000     1.000000     0.000000    -0.000000     0.000000    -0.000000     0.000000     0.000000     0.000000     0.000000     0.000000

    0.000196     0.112100   -10.860000    -9.810000    -0.000000    -0.000000     0.000000     0.000000     0.000000    -0.000000     0.000000     0.000000    -0.000755     0.027200    -0.000000     0.010980
   -0.076650    -0.805000   128.200000    -0.000000     0.000000    -0.000000    -0.000000    -0.000000     0.000000    -0.000000     0.000000     0.000000     0.015020    -0.542300     0.000000    -0.166800
    0.004947    -0.062700    -1.358000     0.000000     0.001198    -0.006859    -0.022670     0.000000    -0.000000     0.000000    -0.000000     0.000000    -0.001534    -0.008089     0.000259    -0.111000
   -0.000000    -0.000000     1.000000    -0.000000     0.000000    -0.000000    -0.000000    -0.000000    -0.000000     0.000000    -0.000000    -0.000000     0.000000     0.000000     0.000000     0.000000
   -0.000000    -0.000000    -0.000000    -0.000000    -0.150100    10.700000  -130.700000     9.810000    -0.000000     0.000000    -0.000000    -0.000000    -0.000000    -0.000000    -0.002703    -0.000000
    0.000013    -0.000165    -0.003567    -0.000000    -0.343400   -28.350000     8.224000    -0.000000     0.000000    -0.000000     0.000000    -0.000000    -0.000004    -0.000021     1.323000    -0.000292
    0.000105    -0.001331    -0.028810    -0.000000     0.069870     0.220000    -1.358000    -0.000000     0.000000    -0.000000     0.000000    -0.000000    -0.000033    -0.000172    -0.013460    -0.002356
   -0.000000    -0.000000     0.000000     0.000000     0.000000     1.000000     0.000000    -0.000000    -0.000000     0.000000    -0.000000    -0.000000     0.000000     0.000000     0.000000     0.000000
    1.000000     0.000000    -0.000000    10.690000    -0.000000     0.000000     0.000000     0.000000     0.000000    -0.000000     0.000000     0.000000    -0.000000    -0.000000    -0.000000    -0.000000
    0.000000    -0.000000     0.000000    -0.000000     1.000000    -0.000000    -0.000000   -10.690000    -0.000000     0.000000    -0.000000   135.500000     0.000000     0.000000     0.000000     0.000000
   -0.000000     1.000000    -0.000000  -135.500000     0.000000     0.000000     0.000000     0.000000     0.000000    -0.000000     0.000000     0.000000    -0.000000    -0.000000    -0.000000    -0.000000
   -0.000000    -0.000000     0.000000     0.000000     0.000000    -0.000000     1.000000    -0.000000    -0.000000     0.000000    -0.000000    -0.000000     0.000000     0.000000     0.000000     0.000000

    0.000223     0.111000   -10.000000    -9.810000    -0.000000     0.000000     0.000000     0.000000     0.000000    -0.000000     0.000000     0.000000    -0.000733     0.026440    -0.000000     0.010780
   -0.077570    -0.858500   127.800000    -0.000000     0.000000    -0.000000    -0.000000    -0.000000     0.000000    -0.000000     0.000000     0.000000     0.016020    -0.578800     0.000000    -0.178000
    0.004542    -0.062610    -1.354000     0.000000     0.001201    -0.006530    -0.022830     0.000000    -0.000000     0.000000    -0.000000     0.000000    -0.001534    -0.008121     0.000255    -0.110900
   -0.000000    -0.000000     1.000000     0.000000     0.000000    -0.000000    -0.000000    -0.000000    -0.000000     0.000000    -0.000000     0.000000     0.000000     0.000000     0.000000     0.000000
   -0.000000    -0.000000     0.000000    -0.000000    -0.160500     9.836000  -130.400000     9.810000    -0.000000     0.000000    -0.000000    -0.000000    -0.000000    -0.000000    -0.002869    -0.000000
    0.000012    -0.000164    -0.003558    -0.000000    -0.344400   -28.370000     8.037000    -0.000000     0.000000    -0.000000     0.000000    -0.000000    -0.000004    -0.000021     1.325000    -0.000291
    0.000096    -0.001329    -0.028730    -0.000000     0.070040     0.237600    -1.362000    -0.000000     0.000000    -0.000000     0.000000    -0.000000    -0.000033    -0.000172    -0.013730    -0.002354
   -0.000000    -0.000000     0.000000     0.000000     0.000000     1.000000     0.000000     0.000000    -0.000000     0.000000    -0.000000     0.000000     0.000000     0.000000     0.000000     0.000000
    1.000000     0.000000    -0.000000     9.834000    -0.000000     0.000000     0.000000     0.000000     0.000000    -0.000000     0.000000     0.000000    -0.000000    -0.000000    -0.000000    -0.000000
    0.000000    -0.000000     0.000000    -0.000000     1.000000    -0.000000    -0.000000    -9.834000    -0.000000     0.000000    -0.000000   135.500000     0.000000     0.000000     0.000000     0.000000
   -0.000000     1.000000    -0.000000  -135.500000     0.000000     0.000000     0.000000     0.000000     0.000000    -0.000000     0.000000     0.000000    -0.000000    -0.000000    -0.000000    -0.000000
   -0.000000    -0.000000     0.000000     0.000000     0.000000    -0.000000     1.000000     0.000000    -0.000000     0.000000    -0.000000     0.000000     0.000000     0.000000     0.000000     0.000000

   -0.002172     0.260800   -16.610000    -9.810000    -0.000000     0.000000     0.000000     0.000000     0.000000    -0.000000     0.000000     0.000000    -0.000979     0.034210    -0.000000     0.012810
   -0.137500    -0.593600    57.160000    -0.000000     0.000000    -0.000000    -0.000000    -0.000000     0.000000    -0.000000     0.000000     0.000000     0.005243    -0.183400     0.000000    -0.057110
    0.010410    -0.040300    -0.903900     0.000000     0.000595    -0.009773    -0.009600     0.000000    -0.000000     0.000000    -0.000000     0.000000    -0.000432    -0.002125     0.000121    -0.032820
   -0.000000    -0.000000     1.000000     0.000000     0.000000    -0.000000    -0.000000     0.000000    -0.000000     0.000000    -0.000000     0.000000     0.000000     0.000000     0.000000     0.000000
    0.000000    -0.000000     0.000000    -0.000000    -0.107200    16.430000   -59.400000     9.810000    -0.000000     0.000000    -0.000000    -0.000000    -0.000000    -0.000000    -0.001031    -0.000000
    0.000037    -0.000142    -0.003195    -0.000000    -0.192700   -17.410000     8.289000    -0.000000     0.000000    -0.000000     0.000000    -0.000000    -0.000002    -0.000008     0.374300    -0.000116
    0.000194    -0.000752    -0.016870    -0.000000     0.040320    -0.241200    -0.756400    -0.000000     0.000000    -0.000000     0.000000    -0.000000    -0.000008    -0.000040    -0.000293    -0.000612
   -0.000000    -0.000000     0.000000    -0.000000     0.000000     1.000000     0.000000     0.000000    -0.000000     0.000000    -0.000000     0.000000     0.000000     0.000000     0.000000     0.000000
    1.000000     0.000000    -0.000000    16.200000    -0.000000     0.000000     0.000000     0.000000     0.000000    -0.000000     0.000000     0.000000    -0.000000    -0.000000    -0.000000    -0.000000
    0.000000    -0.000000     0.000000    -0.000000     1.000000    -0.000000    -0.000000   -16.200000    -0.000000     0.000000    -0.000000    62.740000     0.000000     0.000000     0.000000     0.000000
   -0.000000     1.000000    -0.000000   -62.740000     0.000000     0.000000     0.000000     0.000000     0.000000    -0.000000     0.000000     0.000000    -0.000000    -0.000000    -0.000000    -0.000000
   -0.000000    -0.000000     0.000000     0.000000     0.000000    -0.000000     1.000000     0.000000    -0.000000     0.000000    -0.000000     0.000000     0.000000     0.000000     0.000000     0.000000

   -0.015620     0.436400   -24.580000    -9.810000     0.000000    -0.000000    -0.000000     0.000000     0.000000    -0.000000     0.000000     0.000000    -0.000982     0.032360    -0.000000     0.012030
   -0.208900    -0.370100    30.650000    -0.000000    -0.000000     0.000000     0.000000    -0.000000     0.000000    -0.000000     0.000000     0.000000     0.001880    -0.061370     0.000000    -0.019490
    0.018720    -0.026840    -0.652900     0.000000     0.000281    -0.012570    -0.002041     0.000000    -0.000000     0.000000    -0.000000     0.000000    -0.000145    -0.000549     0.000064    -0.011870
   -0.000000    -0.000000     1.000000     0.000000     0.000000    -0.000000    -0.000000     0.000000    -0.000000     0.000000    -0.000000     0.000000     0.000000     0.000000     0.000000     0.000000
   -0.000000     0.000000    -0.000000    -0.000000    -0.058310    24.400000   -32.650000     9.810000    -0.000000     0.000000    -0.000000    -0.000000    -0.000000    -0.000000    -0.000461     0.000000
    0.000071    -0.000102    -0.002487    -0.000000    -0.091680   -10.230000     9.647000    -0.000000     0.000000    -0.000000     0.000000    -0.000000    -0.000001    -0.000002     0.119300    -0.000045
    0.000329    -0.000472    -0.011480    -0.000000     0.020280    -0.613800    -0.331000    -0.000000     0.000000    -0.000000     0.000000    -0.000000    -0.000003    -0.000010     0.001769    -0.000209
   -0.000000    -0.000000     0.000000    -0.000000     0.000000     1.000000     0.000000     0.000000    -0.000000     0.000000    -0.000000     0.000000     0.000000     0.000000     0.000000     0.000000
    1.000000     0.000000    -0.000000    23.910000    -0.000000     0.000000     0.000000     0.000000     0.000000    -0.000000     0.000000     0.000000    -0.000000    -0.000000    -0.000000    -0.000000
    0.000000    -0.000000     0.000000    -0.000000     1.000000    -0.000000    -0.000000   -23.910000    -0.000000     0.000000    -0.000000    34.290000     0.000000     0.000000     0.000000     0.000000
   -0.000000     1.000000    -0.000000   -34.290000     0.000000     0.000000     0.000000     0.000000     0.000000    -0.000000     0.000000     0.000000    -0.000000    -0.000000    -0.000000    -0.000000
   -0.000000    -0.000000     0.000000     0.000000     0.000000    -0.000000     1.000000     0.000000    -0.000000     0.000000    -0.000000     0.000000     0.000000     0.000000     0.000000     0.000000
