u  w  q  the  v  p  r  phi  x  y  z  psi  |  slat  flap  aileron  elevator
   -0.000260     0.213800   -18.210000    -9.810000     0.000000    -0.000000     0.000000     0.000000     0.000000    -0.000000     0.000000     0.000000    -0.000779     0.032290    -0.000000     0.010270
   -0.120100    -0.533400    66.920000    -0.000000    -0.000000     0.000000     0.000000    -0.000000     0.000000    -0.000000     0.000000     0.000000     0.004403    -0.179400    -0.000000    -0.075340
    0.005012    -0.020970    -0.850800     0.000000    -0.002010    -0.081370     0.035230     0.000000    -0.000000     0.000000    -0.000000     0.000000    -0.000286    -0.000487     0.001142    -0.027930
   -0.000000    -0.000000     1.000000    -0.000000     0.000000    -0.000000    -0.000000    -0.000000    -0.000000     0.000000    -0.000000    -0.000000     0.000000     0.000000     0.000000     0.000000
    0.000000     0.000000     0.000000    -0.000000    -0.091960    18.270000   -69.130000     9.810000    -0.000000     0.000000    -0.000000    -0.000000    -0.000000     0.000000    -0.000128     0.000000
    0.000507    -0.002122    -0.086100    -0.000000    -0.191100    -7.098000     3.566000    -0.000000     0.000000    -0.000000     0.000000    -0.000000    -0.000029    -0.000049     0.101700    -0.002826
    0.000050    -0.000208    -0.008443    -0.000000     0.010260    -0.452500    -0.472500    -0.000000     0.000000    -0.000000     0.000000    -0.000000    -0.000003    -0.000005     0.003464    -0.000277
   -0.000000    -0.000000     0.000000     0.000000     0.000000     1.000000     0.000000    -0.000000    -0.000000     0.000000    -0.000000    -0.000000     0.000000     0.000000     0.000000     0.000000
    1.000000     0.000000    -0.000000    17.630000    -0.000000     0.000000     0.000000     0.000000     0.000000    -0.000000     0.000000     0.000000    -0.000000    -0.000000    -0.000000    -0.000000
    0.000000    -0.000000     0.000000    -0.000000     1.000000    -0.000000    -0.000000   -17.630000    -0.000000     0.000000    -0.000000    73.760000     0.000000     0.000000     0.000000     0.000000
   -0.000000     1.000000    -0.000000   -73.760000     0.000000     0.000000     0.000000     0.000000     0.000000    -0.000000     0.000000     0.000000    -0.000000    -0.000000    -0.000000    -0.000000
   -0.000000    -0.000000     0.000000     0.000000     0.000000    -0.000000     1.000000    -0.000000    -0.000000     0.000000    -0.000000    -0.000000     0.000000     0.000000     0.000000     0.000000

    0.000273     0.130900   -13.860000    -9.810000    -0.000000    -0.000000    -0.000000     0.000000     0.000000    -0.000000     0.000000     0.000000    -0.000624     0.028340     0.000000     0.008292
   -0.086760    -0.655400   106.500000    -0.000000    -0.000000     0.000000     0.000000    -0.000000     0.000000    -0.000000     0.000000     0.000000     0.008304    -0.354600     0.000000    -0.139600
    0.002992    -0.025300    -1.131000     0.000000    -0.002350    -0.115800     0.035700     0.000000    -0.000000     0.000000    -0.000000     0.000000    -0.000666    -0.001275     0.002584    -0.058360
   -0.000000    -0.000000     1.000000     0.000000     0.000000    -0.000000    -0.000000     0.000000    -0.000000     0.000000    -0.000000     0.000000     0.000000     0.000000     0.000000     0.000000
    0.000000     0.000000    -0.000000    -0.000000    -0.109500    13.680000  -109.400000     9.810000    -0.000000     0.000000    -0.000000    -0.000000     0.000000    -0.000000     0.002722    -0.000000
    0.000317    -0.002682    -0.119900    -0.000000    -0.199800    -9.000000     3.298000    -0.000000     0.000000    -0.000000     0.000000    -0.000000    -0.000071    -0.000135     0.202900    -0.006186
    0.000032    -0.000270    -0.012070    -0.000000     0.016680    -0.326400    -0.609400    -0.000000     0.000000    -0.000000     0.000000    -0.000000    -0.000007    -0.000014     0.004374    -0.000623
   -0.000000    -0.000000     0.000000     0.000000     0.000000     1.000000     0.000000     0.000000    -0.000000     0.000000    -0.000000     0.000000     0.000000     0.000000     0.000000     0.000000
    1.000000     0.000000    -0.000000    13.530000    -0.000000     0.000000     0.000000     0.000000     0.000000    -0.000000     0.000000     0.000000    -0.000000    -0.000000    -0.000000    -0.000000
    0.000000    -0.000000     0.000000    -0.000000     1.000000    -0.000000    -0.000000   -13.530000    -0.000000     0.000000    -0.000000   114.400000     0.000000     0.000000     0.000000     0.000000
   -0.000000     1.000000    -0.000000  -114.400000     0.000000     0.000000     0.000000     0.000000     0.000000    -0.000000     0.000000     0.000000    -0.000000    -0.000000    -0.000000    -0.000000
   -0.000000    -0.000000     0.000000     0.000000     0.000000    -0.000000     1.000000     0.000000    -0.000000     0.000000    -0.000000     0.000000     0.000000     0.000000     0.000000     0.000000

    0.000057     0.058490   -14.050000    -9.810000     0.000000     0.000000     0.000000     0.000000     0.000000    -0.000000     0.000000     0.000000    -0.000355     0.020620    -0.000000     0.005607
   -0.049630    -0.569400   223.400000    -0.000000    -0.000000     0.000000    -0.000000    -0.000000     0.000000    -0.000000     0.000000     0.000000     0.014190    -0.647700     0.000000    -0.234800
    0.001511    -0.024940    -1.186000     0.000000    -0.002382    -0.134300     0.032310     0.000000    -0.000000     0.000000    -0.000000     0.000000    -0.001645    -0.004869     0.006116    -0.125700
   -0.000000    -0.000000     1.000000     0.000000     0.000000    -0.000000    -0.000000    -0.000000    -0.000000     0.000000    -0.000000     0.000000     0.000000     0.000000     0.000000     0.000000
   -0.000000    -0.000000     0.000000    -0.000000    -0.086190    13.800000  -226.000000     9.810000    -0.000000     0.000000    -0.000000    -0.000000     0.000000    -0.000000     0.007052     0.000000
    0.000173    -0.002857    -0.135900    -0.000000    -0.159800    -8.146000     2.415000    -0.000000     0.000000    -0.000000     0.000000    -0.000000    -0.000188    -0.000558     0.373300    -0.014390
    0.000018    -0.000303    -0.014430    -0.000000     0.017740    -0.173200    -0.576800    -0.000000     0.000000    -0.000000     0.000000    -0.000000    -0.000020    -0.000059     0.004639    -0.001529
   -0.000000    -0.000000     0.000000     0.000000     0.000000     1.000000     0.000000     0.000000    -0.000000     0.000000    -0.000000     0.000000     0.000000     0.000000     0.000000     0.000000
    1.000000     0.000000    -0.000000    13.920000    -0.000000     0.000000     0.000000     0.000000     0.000000    -0.000000     0.000000     0.000000    -0.000000    -0.000000    -0.000000    -0.000000
    0.000000    -0.000000     0.000000    -0.000000     1.000000    -0.000000    -0.000000   -13.920000    -0.000000     0.000000    -0.000000   229.700000     0.000000     0.000000     0.000000     0.000000
   -0.000000     1.000000    -0.000000  -229.700000     0.000000     0.000000     0.000000     0.000000     0.000000    -0.000000     0.000000     0.000000    -0.000000    -0.000000    -0.000000    -0.000000
   -0.000000    -0.000000     0.000000     0.000000     0.000000    -0.000000     1.000000     0.000000    -0.000000     0.000000    -0.000000     0.000000     0.000000     0.000000     0.000000     0.000000

    0.000041     0.057860   -13.060000    -9.810000     0.000000     0.000000     0.000000     0.000000     0.000000    -0.000000     0.000000     0.000000    -0.000335     0.019850    -0.000000     0.005377
   -0.050240    -0.601000   223.100000    -0.000000    -0.000000     0.000000    -0.000000    -0.000000     0.000000    -0.000000     0.000000     0.000000     0.014970    -0.684200     0.000000    -0.247800
    0.001396    -0.024810    -1.185000     0.000000    -0.002357    -0.134300     0.031600     0.000000    -0.000000     0.000000    -0.000000     0.000000    -0.001646    -0.004843     0.006120    -0.125600
   -0.000000    -0.000000     1.000000     0.000000     0.000000    -0.000000    -0.000000     0.000000    -0.000000     0.000000    -0.000000     0.000000     0.000000     0.000000     0.000000     0.000000
   -0.000000    -0.000000     0.000000    -0.000000    -0.091090    12.790000  -225.900000     9.810000    -0.000000     0.000000    -0.000000    -0.000000     0.000000    -0.000000     0.007606     0.000000
    0.000160    -0.002842    -0.135800    -0.000000    -0.158300    -8.149000     2.371000    -0.000000     0.000000    -0.000000     0.000000    -0.000000    -0.000189    -0.000555     0.373600    -0.014390
    0.000017    -0.000302    -0.014420    -0.000000     0.017830    -0.163500    -0.576200    -0.000000     0.000000    -0.000000     0.000000    -0.000000    -0.000020    -0.000059     0.004506    -0.001528
   -0.000000    -0.000000     0.000000     0.000000     0.000000     1.000000     0.000000     0.000000    -0.000000     0.000000    -0.000000     0.000000     0.000000     0.000000     0.000000     0.000000
    1.000000     0.000000    -0.000000    12.930000    -0.000000     0.000000     0.000000     0.000000     0.000000    -0.000000     0.000000     0.000000    -0.000000    -0.000000    -0.000000    -0.000000
    0.000000    -0.000000     0.000000    -0.000000     1.000000    -0.000000    -0.000000   -12.930000    -0.000000     0.000000    -0.000000   229.800000     0.000000     0.000000     0.000000     0.000000
   -0.000000     1.000000    -0.000000  -229.800000     0.000000     0.000000     0.000000     0.000000     0.000000    -0.000000     0.000000     0.000000    -0.000000    -0.000000    -0.000000    -0.000000
   -0.000000    -0.000000     0.000000     0.000000     0.000000    -0.000000     1.000000    -0.000000    -0.000000     0.000000    -0.000000     0.000000     0.000000     0.000000     0.000000     0.000000

    0.000282     0.130100   -13.000000    -9.810000    -0.000000    -0.000000    -0.000000     0.000000     0.000000    -0.000000     0.000000     0.000000    -0.000612     0.027930     0.000000     0.008138
   -0.087330    -0.691100   106.100000    -0.000000     0.000000     0.000000     0.000000    -0.000000     0.000000    -0.000000     0.000000     0.000000     0.008759    -0.374600     0.000000    -0.147200
    0.002781    -0.025120    -1.130000     0.000000    -0.002316    -0.115800     0.034740     0.000000    -0.000000     0.000000    -0.000000     0.000000    -0.000667    -0.001257     0.002589    -0.058360
   -0.000000    -0.000000     1.000000     0.000000     0.000000    -0.000000    -0.000000     0.000000    -0.000000     0.000000    -0.000000     0.000000     0.000000     0.000000     0.000000     0.000000
    0.000000     0.000000    -0.000000    -0.000000    -0.115800    12.790000  -109.200000     9.810000    -0.000000     0.000000    -0.000000    -0.000000     0.000000    -0.000000     0.003056    -0.000000
    0.000295    -0.002663    -0.119800    -0.000000    -0.197300    -9.009000     3.221000    -0.000000     0.000000    -0.000000     0.000000    -0.000000    -0.000071    -0.000133     0.203400    -0.006187
    0.000030    -0.000268    -0.012060    -0.000000     0.016870    -0.310000    -0.609200    -0.000000     0.000000    -0.000000     0.000000    -0.000000    -0.000007    -0.000013     0.004251    -0.000623
   -0.000000    -0.000000     0.000000    -0.000000     0.000000     1.000000     0.000000     0.000000    -0.000000     0.000000    -0.000000     0.000000     0.000000     0.000000     0.000000     0.000000
    1.000000     0.000000    -0.000000    12.680000    -0.000000     0.000000     0.000000     0.000000     0.000000    -0.000000     0.000000     0.000000    -0.000000    -0.000000    -0.000000    -0.000000
    0.000000    -0.000000     0.000000    -0.000000     1.000000    -0.000000    -0.000000   -12.680000    -0.000000     0.000000    -0.000000   114.500000     0.000000     0.000000     0.000000     0.000000
   -0.000000     1.000000    -0.000000  -114.500000     0.000000     0.000000     0.000000     0.000000     0.000000    -0.000000     0.000000     0.000000    -0.000000    -0.000000    -0.000000    -0.000000
   -0.000000    -0.000000     0.000000    -0.000000     0.000000    -0.000000     1.000000    -0.000000    -0.000000     0.000000    -0.000000     0.000000     0.000000     0.000000     0.000000     0.000000

   -0.000149     0.212900   -17.160000    -9.810000     0.000000     0.000000     0.000000     0.000000     0.000000    -0.000000     0.000000     0.000000    -0.000773     0.032150    -0.000000     0.010170
   -0.120300    -0.563300    66.770000    -0.000000    -0.000000     0.000000     0.000000    -0.000000     0.000000    -0.000000     0.000000     0.000000     0.004659    -0.190400    -0.000000    -0.079710
    0.004649    -0.020750    -0.850800     0.000000    -0.001970    -0.081460     0.034040     0.000000    -0.000000     0.000000    -0.000000     0.000000    -0.000288    -0.000471     0.001150    -0.028020
   -0.000000    -0.000000     1.000000     0.000000     0.000000    -0.000000    -0.000000     0.000000    -0.000000     0.000000    -0.000000     0.000000     0.000000     0.000000     0.000000     0.000000
    0.000000     0.000000     0.000000    -0.000000    -0.097630    17.190000   -69.140000     9.810000    -0.000000     0.000000    -0.000000    -0.000000    -0.000000     0.000000     0.000060     0.000000
    0.000470    -0.002100    -0.086100    -0.000000    -0.187700    -7.123000     3.459000    -0.000000     0.000000    -0.000000     0.000000    -0.000000    -0.000029    -0.000048     0.102500    -0.002836
    0.000046    -0.000206    -0.008443    -0.000000     0.010580    -0.429300    -0.473500    -0.000000     0.000000    -0.000000     0.000000    -0.000000    -0.000003    -0.000005     0.003357    -0.000278
   -0.000000    -0.000000     0.000000    -0.000000     0.000000     1.000000     0.000000     0.000000    -0.000000     0.000000    -0.000000     0.000000     0.000000     0.000000     0.000000     0.000000
    1.000000     0.000000    -0.000000    16.580000    -0.000000     0.000000     0.000000     0.000000     0.000000    -0.000000     0.000000     0.000000    -0.000000    -0.000000    -0.000000    -0.000000
    0.000000    -0.000000     0.000000    -0.000000     1.000000    -0.000000    -0.000000   -16.580000    -0.000000     0.000000    -0.000000    74.000000     0.000000     0.000000     0.000000     0.000000
   -0.000000     1.000000    -0.000000   -74.000000     0.000000     0.000000     0.000000     0.000000     0.000000    -0.000000     0.000000     0.000000    -0.000000    -0.000000    -0.000000    -0.000000
   -0.000000    -0.000000     0.000000     0.000000     0.000000    -0.000000     1.000000    -0.000000    -0.000000     0.000000    -0.000000     0.000000     0.000000     0.000000     0.000000     0.000000
