u  w  q  the  v  p  r  phi  x  y  z  psi  |  slat  flap  aileron  elevator
    0.000775     0.204500   -17.380000    -9.810000    -0.000000    -0.000000     0.000000     0.000000     0.000000    -0.000000     0.000000     0.000000    -0.000733     0.030500    -0.000000     0.007108
   -0.126800    -0.535400    67.590000    -0.000000    -0.000000     0.000000     0.000000    -0.000000     0.000000    -0.000000     0.000000     0.000000     0.004422    -0.180500    -0.000000    -0.075600
    0.002619    -0.011610    -0.791200     0.000000    -0.002238    -0.101300     0.033290     0.000000    -0.000000     0.000000    -0.000000     0.000000    -0.000372     0.002894     0.001391    -0.026830
   -0.000000    -0.000000     1.000000     0.000000     0.000000    -0.000000    -0.000000     0.000000    -0.000000     0.000000    -0.000000     0.000000     0.000000     0.000000     0.000000     0.000000
    0.000000     0.000000     0.000000    -0.000000    -0.092900    17.280000   -69.440000     9.810000    -0.000000     0.000000    -0.000000    -0.000000    -0.000000     0.000000     0.000014     0.000000
    0.000311    -0.001380    -0.094050    -0.000000    -0.082150    -3.052000     1.460000    -0.000000     0.000000    -0.000000     0.000000    -0.000000    -0.000044     0.000344     0.043920    -0.003189
    0.000069    -0.000306    -0.020840    -0.000000     0.009130    -0.324100    -0.398500    -0.000000     0.000000    -0.000000     0.000000    -0.000000    -0.000010     0.000076     0.002231    -0.000707
   -0.000000    -0.000000     0.000000    -0.000000     0.000000     1.000000     0.000000     0.000000    -0.000000     0.000000    -0.000000     0.000000     0.000000     0.000000     0.000000     0.000000
    1.000000     0.000000    -0.000000    16.680000    -0.000000     0.000000     0.000000     0.000000     0.000000    -0.000000     0.000000     0.000000    -0.000000    -0.000000    -0.000000    -0.000000
    0.000000    -0.000000     0.000000    -0.000000     1.000000    -0.000000    -0.000000   -16.680000    -0.000000     0.000000    -0.000000    73.980000     0.000000     0.000000     0.000000     0.000000
   -0.000000     1.000000    -0.000000   -73.980000     0.000000     0.000000     0.000000     0.000000     0.000000    -0.000000     0.000000     0.000000    -0.000000    -0.000000    -0.000000    -0.000000
   -0.000000    -0.000000     0.000000     0.000000     0.000000    -0.000000     1.000000    -0.000000    -0.000000     0.000000    -0.000000     0.000000     0.000000     0.000000     0.000000     0.000000

    0.000514     0.124900   -13.150000    -9.810000    -0.000000    -0.000000    -0.000000     0.000000     0.000000    -0.000000     0.000000     0.000000    -0.000580     0.026490     0.000000     0.004863
   -0.091150    -0.656200   107.100000    -0.000000     0.000000     0.000000    -0.000000    -0.000000     0.000000    -0.000000     0.000000     0.000000     0.008310    -0.355100    -0.000000    -0.139600
    0.001360    -0.012210    -1.056000     0.000000    -0.002460    -0.137200     0.029650     0.000000    -0.000000     0.000000    -0.000000     0.000000    -0.000847     0.006149     0.003024    -0.056080
   -0.000000    -0.000000     1.000000     0.000000     0.000000    -0.000000    -0.000000     0.000000    -0.000000     0.000000    -0.000000     0.000000     0.000000     0.000000     0.000000     0.000000
    0.000000     0.000000    -0.000000    -0.000000    -0.110000    12.870000  -109.600000     9.810000    -0.000000     0.000000    -0.000000    -0.000000     0.000000    -0.000000     0.002854    -0.000000
    0.000165    -0.001478    -0.127800    -0.000000    -0.083470    -3.759000     1.305000    -0.000000     0.000000    -0.000000     0.000000    -0.000000    -0.000102     0.000745     0.084850    -0.006791
    0.000039    -0.000346    -0.029950    -0.000000     0.013930    -0.215600    -0.498100    -0.000000     0.000000    -0.000000     0.000000    -0.000000    -0.000024     0.000175     0.002492    -0.001591
   -0.000000    -0.000000     0.000000     0.000000     0.000000     1.000000     0.000000     0.000000    -0.000000     0.000000    -0.000000     0.000000     0.000000     0.000000     0.000000     0.000000
    1.000000     0.000000    -0.000000    12.760000    -0.000000     0.000000     0.000000     0.000000     0.000000    -0.000000     0.000000     0.000000    -0.000000    -0.000000    -0.000000    -0.000000
    0.000000    -0.000000     0.000000    -0.000000     1.000000    -0.000000    -0.000000   -12.760000    -0.000000     0.000000    -0.000000   114.500000     0.000000     0.000000     0.000000     0.000000
   -0.000000     1.000000    -0.000000  -114.500000     0.000000     0.000000     0.000000     0.000000     0.000000    -0.000000     0.000000     0.000000    -0.000000    -0.000000    -0.000000    -0.000000
   -0.000000    -0.000000     0.000000     0.000000     0.000000    -0.000000     1.000000     0.000000    -0.000000     0.000000    -0.000000     0.000000     0.000000     0.000000     0.000000     0.000000

    0.000079     0.055510   -13.190000    -9.810000     0.000000    -0.000000     0.000000     0.000000     0.000000    -0.000000     0.000000     0.000000    -0.000318     0.018840    -0.000000     0.001811
   -0.051830    -0.569700   224.000000    -0.000000    -0.000000     0.000000    -0.000000    -0.000000     0.000000    -0.000000     0.000000     0.000000     0.014190    -0.648000     0.000000    -0.234700
    0.000595    -0.010500    -1.113000     0.000000    -0.002299    -0.150800     0.022410     0.000000    -0.000000     0.000000    -0.000000     0.000000    -0.002045     0.012190     0.006806    -0.121300
   -0.000000    -0.000000     1.000000     0.000000     0.000000    -0.000000    -0.000000     0.000000    -0.000000     0.000000    -0.000000     0.000000     0.000000     0.000000     0.000000     0.000000
   -0.000000    -0.000000     0.000000    -0.000000    -0.086430    12.890000  -226.100000     9.810000    -0.000000     0.000000    -0.000000    -0.000000     0.000000    -0.000000     0.007159     0.000000
    0.000074    -0.001310    -0.138900    -0.000000    -0.063620    -3.245000     0.905600    -0.000000     0.000000    -0.000000     0.000000    -0.000000    -0.000255     0.001520     0.148700    -0.015140
    0.000019    -0.000340    -0.036090    -0.000000     0.013970    -0.109000    -0.451800    -0.000000     0.000000    -0.000000     0.000000    -0.000000    -0.000066     0.000395     0.002416    -0.003933
   -0.000000    -0.000000     0.000000     0.000000     0.000000     1.000000     0.000000     0.000000    -0.000000     0.000000    -0.000000     0.000000     0.000000     0.000000     0.000000     0.000000
    1.000000     0.000000    -0.000000    13.020000    -0.000000     0.000000     0.000000     0.000000     0.000000    -0.000000     0.000000     0.000000    -0.000000    -0.000000    -0.000000    -0.000000
    0.000000    -0.000000     0.000000    -0.000000     1.000000    -0.000000    -0.000000   -13.020000    -0.000000     0.000000    -0.000000   229.800000     0.000000     0.000000     0.000000     0.000000
   -0.000000     1.000000    -0.000000  -229.800000     0.000000     0.000000     0.000000     0.000000     0.000000    -0.000000     0.000000     0.000000    -0.000000    -0.000000    -0.000000    -0.000000
   -0.000000    -0.000000     0.000000     0.000000     0.000000    -0.000000     1.000000     0.000000    -0.000000     0.000000    -0.000000     0.000000     0.000000     0.000000     0.000000     0.000000

    0.000057     0.054880   -12.240000    -9.810000    -0.000000    -0.000000     0.000000     0.000000     0.000000    -0.000000     0.000000     0.000000    -0.000297     0.018070    -0.000000     0.001579
   -0.052440    -0.601300   223.700000    -0.000000    -0.000000     0.000000    -0.000000    -0.000000     0.000000    -0.000000     0.000000     0.000000     0.014970    -0.684500     0.000000    -0.247700
    0.000545    -0.010370    -1.113000     0.000000    -0.002270    -0.150500     0.021670     0.000000    -0.000000     0.000000    -0.000000     0.000000    -0.002045     0.012220     0.006807    -0.121300
   -0.000000    -0.000000     1.000000     0.000000     0.000000    -0.000000    -0.000000     0.000000    -0.000000     0.000000    -0.000000     0.000000     0.000000     0.000000     0.000000     0.000000
   -0.000000    -0.000000     0.000000    -0.000000    -0.091320    11.930000  -226.000000     9.810000    -0.000000     0.000000    -0.000000    -0.000000     0.000000    -0.000000     0.007713     0.000000
    0.000068    -0.001293    -0.138800    -0.000000    -0.063040    -3.246000     0.888700    -0.000000     0.000000    -0.000000     0.000000    -0.000000    -0.000255     0.001524     0.148900    -0.015130
    0.000018    -0.000336    -0.036070    -0.000000     0.014030    -0.101500    -0.451200    -0.000000     0.000000    -0.000000     0.000000    -0.000000    -0.000066     0.000396     0.002310    -0.003931
   -0.000000    -0.000000     0.000000     0.000000     0.000000     1.000000     0.000000     0.000000    -0.000000     0.000000    -0.000000     0.000000     0.000000     0.000000     0.000000     0.000000
    1.000000     0.000000    -0.000000    12.080000    -0.000000     0.000000     0.000000     0.000000     0.000000    -0.000000     0.000000     0.000000    -0.000000    -0.000000    -0.000000    -0.000000
    0.000000    -0.000000     0.000000    -0.000000     1.000000    -0.000000    -0.000000   -12.080000    -0.000000     0.000000    -0.000000   229.800000     0.000000     0.000000     0.000000     0.000000
   -0.000000     1.000000    -0.000000  -229.800000     0.000000     0.000000     0.000000     0.000000     0.000000    -0.000000     0.000000     0.000000    -0.000000    -0.000000    -0.000000    -0.000000
   -0.000000    -0.000000     0.000000     0.000000     0.000000    -0.000000     1.000000     0.000000    -0.000000     0.000000    -0.000000     0.000000     0.000000     0.000000     0.000000     0.000000

    0.000499     0.124100   -12.340000    -9.810000    -0.000000    -0.000000    -0.000000     0.000000     0.000000    -0.000000     0.000000     0.000000    -0.000568     0.026070     0.000000     0.004705
   -0.091710    -0.691900   106.800000    -0.000000     0.000000     0.000000     0.000000    -0.000000     0.000000    -0.000000     0.000000     0.000000     0.008764    -0.375100    -0.000000    -0.147200
    0.001252    -0.012010    -1.055000     0.000000    -0.002419    -0.137000     0.028590     0.000000    -0.000000     0.000000    -0.000000     0.000000    -0.000848     0.006177     0.003027    -0.056080
   -0.000000    -0.000000     1.000000     0.000000     0.000000    -0.000000    -0.000000     0.000000    -0.000000     0.000000    -0.000000     0.000000     0.000000     0.000000     0.000000     0.000000
    0.000000     0.000000    -0.000000    -0.000000    -0.116300    12.020000  -109.400000     9.810000    -0.000000     0.000000    -0.000000    -0.000000     0.000000    -0.000000     0.003187    -0.000000
    0.000152    -0.001454    -0.127800    -0.000000    -0.082410    -3.762000     1.274000    -0.000000     0.000000    -0.000000     0.000000    -0.000000    -0.000103     0.000748     0.085030    -0.006792
    0.000036    -0.000341    -0.029930    -0.000000     0.014060    -0.202500    -0.497700    -0.000000     0.000000    -0.000000     0.000000    -0.000000    -0.000024     0.000175     0.002390    -0.001591
   -0.000000    -0.000000     0.000000    -0.000000     0.000000     1.000000     0.000000     0.000000    -0.000000     0.000000    -0.000000     0.000000     0.000000     0.000000     0.000000     0.000000
    1.000000     0.000000    -0.000000    11.950000    -0.000000     0.000000     0.000000     0.000000     0.000000    -0.000000     0.000000     0.000000    -0.000000    -0.000000    -0.000000    -0.000000
    0.000000    -0.000000     0.000000    -0.000000     1.000000    -0.000000    -0.000000   -11.950000    -0.000000     0.000000    -0.000000   114.600000     0.000000     0.000000     0.000000     0.000000
   -0.000000     1.000000    -0.000000  -114.600000     0.000000     0.000000     0.000000     0.000000     0.000000    -0.000000     0.000000     0.000000    -0.000000    -0.000000    -0.000000    -0.000000
   -0.000000    -0.000000     0.000000     0.000000     0.000000    -0.000000     1.000000    -0.000000    -0.000000     0.000000    -0.000000     0.000000     0.000000     0.000000     0.000000     0.000000

    0.000804     0.203700   -16.380000    -9.810000     0.000000    -0.000000     0.000000     0.000000     0.000000    -0.000000     0.000000     0.000000    -0.000727     0.030340    -0.000000     0.006999
   -0.127000    -0.565100    67.450000    -0.000000    -0.000000     0.000000     0.000000    -0.000000     0.000000    -0.000000     0.000000     0.000000     0.004676    -0.191400    -0.000000    -0.079940
    0.002401    -0.011360    -0.791300     0.000000    -0.002188    -0.101100     0.031930     0.000000    -0.000000     0.000000    -0.000000     0.000000    -0.000374     0.002928     0.001398    -0.026910
   -0.000000    -0.000000     1.000000     0.000000     0.000000    -0.000000    -0.000000     0.000000    -0.000000     0.000000    -0.000000     0.000000     0.000000     0.000000     0.000000     0.000000
    0.000000     0.000000     0.000000    -0.000000    -0.098550    16.250000   -69.420000     9.810000    -0.000000     0.000000    -0.000000    -0.000000    -0.000000     0.000000     0.000203     0.000000
    0.000285    -0.001350    -0.094070    -0.000000    -0.080690    -3.062000     1.415000    -0.000000     0.000000    -0.000000     0.000000    -0.000000    -0.000044     0.000348     0.044230    -0.003199
    0.000063    -0.000299    -0.020840    -0.000000     0.009361    -0.305300    -0.398900    -0.000000     0.000000    -0.000000     0.000000    -0.000000    -0.000010     0.000077     0.002138    -0.000709
   -0.000000    -0.000000     0.000000    -0.000000     0.000000     1.000000     0.000000     0.000000    -0.000000     0.000000    -0.000000     0.000000     0.000000     0.000000     0.000000     0.000000
    1.000000     0.000000    -0.000000    15.690000    -0.000000     0.000000     0.000000     0.000000     0.000000    -0.000000     0.000000     0.000000    -0.000000    -0.000000    -0.000000    -0.000000
    0.000000    -0.000000     0.000000    -0.000000     1.000000    -0.000000    -0.000000   -15.690000    -0.000000     0.000000    -0.000000    74.200000     0.000000     0.000000     0.000000     0.000000
   -0.000000     1.000000    -0.000000   -74.200000     0.000000     0.000000     0.000000     0.000000     0.000000    -0.000000     0.000000     0.000000    -0.000000    -0.000000    -0.000000    -0.000000
   -0.000000    -0.000000     0.000000     0.000000     0.000000    -0.000000     1.000000    -0.000000    -0.000000     0.000000    -0.000000     0.000000     0.000000     0.000000     0.000000     0.000000
