u  w  q  the  v  p  r  phi  x  y  z  psi  |  slat  flap  aileron  elevator
   -0.022600     0.446900   -26.870000    -9.810000     0.000000    -0.000000    -0.000000     0.000000     0.000000    -0.000000     0.000000     0.000000    -0.000971     0.031560     0.000000     0.012280
   -0.207600    -0.329700    29.120000    -0.000000    -0.000000     0.000000     0.000000    -0.000000     0.000000    -0.000000     0.000000     0.000000     0.001608    -0.051630     0.000000    -0.016450
    0.022070    -0.027280    -0.648400     0.000000     0.000279    -0.069270     0.037840     0.000000    -0.000000     0.000000    -0.000000     0.000000    -0.000112    -0.000877     0.000567    -0.010600
   -0.000000    -0.000000     1.000000     0.000000     0.000000    -0.000000    -0.000000     0.000000    -0.000000     0.000000    -0.000000     0.000000     0.000000     0.000000     0.000000     0.000000
   -0.000000     0.000000    -0.000000    -0.000000    -0.050360    26.810000   -31.130000     9.810000    -0.000000     0.000000    -0.000000    -0.000000     0.000000    -0.000000    -0.000418     0.000000
    0.002040    -0.002522    -0.059940    -0.000000    -0.009603    -1.133000     1.198000    -0.000000     0.000000    -0.000000     0.000000    -0.000000    -0.000010    -0.000081     0.012440    -0.000980
    0.000920    -0.001137    -0.027030    -0.000000     0.012370    -0.502900    -0.148000    -0.000000     0.000000    -0.000000     0.000000    -0.000000    -0.000005    -0.000037     0.001811    -0.000442
   -0.000000    -0.000000     0.000000     0.000000     0.000000     1.000000     0.000000     0.000000    -0.000000     0.000000    -0.000000     0.000000     0.000000     0.000000     0.000000     0.000000
    1.000000     0.000000    -0.000000    26.290000    -0.000000     0.000000     0.000000     0.000000     0.000000    -0.000000     0.000000     0.000000    -0.000000    -0.000000    -0.000000    -0.000000
    0.000000    -0.000000     0.000000    -0.000000     1.000000    -0.000000    -0.000000   -26.290000    -0.000000     0.000000    -0.000000    32.500000     0.000000     0.000000     0.000000     0.000000
   -0.000000     1.000000    -0.000000   -32.500000     0.000000     0.000000     0.000000     0.000000     0.000000    -0.000000     0.000000     0.000000    -0.000000    -0.000000    -0.000000    -0.000000
   -0.000000    -0.000000     0.000000     0.000000     0.000000    -0.000000     1.000000    -0.000000    -0.000000     0.000000    -0.000000     0.000000     0.000000     0.000000     0.000000     0.000000

   -0.003485     0.265300   -18.090000    -9.810000    -0.000000     0.000000     0.000000     0.000000     0.000000    -0.000000     0.000000     0.000000    -0.001003     0.034950    -0.000000     0.013780
   -0.134900    -0.553800    56.970000    -0.000000     0.000000    -0.000000    -0.000000    -0.000000     0.000000    -0.000000     0.000000     0.000000     0.004875    -0.169800     0.000000    -0.052930
    0.012160    -0.042770    -0.897000     0.000000     0.000583    -0.092980     0.014040     0.000000    -0.000000     0.000000    -0.000000     0.000000    -0.000360    -0.003478     0.001765    -0.031360
   -0.000000    -0.000000     1.000000    -0.000000     0.000000    -0.000000    -0.000000    -0.000000    -0.000000     0.000000    -0.000000    -0.000000     0.000000     0.000000     0.000000     0.000000
    0.000000    -0.000000     0.000000    -0.000000    -0.099590    17.970000   -59.220000     9.810000    -0.000000     0.000000    -0.000000    -0.000000    -0.000000    -0.000000    -0.000980    -0.000000
    0.001131    -0.003977    -0.083410    -0.000000    -0.020620    -1.905000     0.956100    -0.000000     0.000000    -0.000000     0.000000    -0.000000    -0.000033    -0.000323     0.040600    -0.002916
    0.000526    -0.001850    -0.038810    -0.000000     0.025540    -0.281900    -0.445400    -0.000000     0.000000    -0.000000     0.000000    -0.000000    -0.000016    -0.000150     0.002111    -0.001357
   -0.000000    -0.000000     0.000000     0.000000     0.000000     1.000000     0.000000    -0.000000    -0.000000     0.000000    -0.000000    -0.000000     0.000000     0.000000     0.000000     0.000000
    1.000000     0.000000    -0.000000    17.720000    -0.000000     0.000000     0.000000     0.000000     0.000000    -0.000000     0.000000     0.000000    -0.000000    -0.000000    -0.000000    -0.000000
    0.000000    -0.000000     0.000000    -0.000000     1.000000    -0.000000    -0.000000   -17.720000    -0.000000     0.000000    -0.000000    62.320000     0.000000     0.000000     0.000000     0.000000
   -0.000000     1.000000    -0.000000   -62.320000     0.000000     0.000000     0.000000     0.000000     0.000000    -0.000000     0.000000     0.000000    -0.000000    -0.000000    -0.000000    -0.000000
   -0.000000    -0.000000     0.000000     0.000000     0.000000    -0.000000     1.000000    -0.000000    -0.000000     0.000000    -0.000000    -0.000000     0.000000     0.000000     0.000000     0.000000

    0.000072     0.113700   -11.060000    -9.810000    -0.000000     0.000000     0.000000     0.000000     0.000000    -0.000000     0.000000     0.000000    -0.000775     0.027900     0.000000     0.012040
   -0.075350    -0.804900   128.000000    -0.000000     0.000000    -0.000000    -0.000000    -0.000000     0.000000    -0.000000     0.000000     0.000000     0.015020    -0.542200     0.000000    -0.166800
    0.005365    -0.066620    -1.321000     0.000000     0.001152    -0.134100    -0.014080     0.000000    -0.000000     0.000000    -0.000000     0.000000    -0.001279    -0.013060     0.006127    -0.105500
   -0.000000    -0.000000     1.000000    -0.000000     0.000000    -0.000000    -0.000000    -0.000000    -0.000000     0.000000    -0.000000    -0.000000     0.000000     0.000000     0.000000     0.000000
   -0.000000    -0.000000     0.000000    -0.000000    -0.150300    10.920000  -130.600000     9.810000    -0.000000     0.000000    -0.000000    -0.000000    -0.000000    -0.000000    -0.002714    -0.000000
    0.000505    -0.006266    -0.124300    -0.000000    -0.032580    -2.751000     0.794500    -0.000000     0.000000    -0.000000     0.000000    -0.000000    -0.000120    -0.001228     0.128300    -0.009928
    0.000251    -0.003115    -0.061790    -0.000000     0.041750    -0.083830    -0.799700    -0.000000     0.000000    -0.000000     0.000000    -0.000000    -0.000060    -0.000611     0.001911    -0.004936
   -0.000000    -0.000000     0.000000     0.000000     0.000000     1.000000     0.000000    -0.000000    -0.000000     0.000000    -0.000000    -0.000000     0.000000     0.000000     0.000000     0.000000
    1.000000     0.000000    -0.000000    10.910000    -0.000000     0.000000     0.000000     0.000000     0.000000    -0.000000     0.000000     0.000000    -0.000000    -0.000000    -0.000000    -0.000000
    0.000000    -0.000000     0.000000    -0.000000     1.000000    -0.000000    -0.000000   -10.910000    -0.000000     0.000000    -0.000000   135.500000     0.000000     0.000000     0.000000     0.000000
   -0.000000     1.000000    -0.000000  -135.500000     0.000000     0.000000     0.000000     0.000000     0.000000    -0.000000     0.000000     0.000000    -0.000000    -0.000000    -0.000000    -0.000000
   -0.000000    -0.000000     0.000000     0.000000     0.000000    -0.000000     1.000000    -0.000000    -0.000000     0.000000    -0.000000    -0.000000     0.000000     0.000000     0.000000     0.000000

    0.000111     0.112600   -10.190000    -9.810000    -0.000000     0.000000     0.000000     0.000000     0.000000    -0.000000     0.000000     0.000000    -0.000752     0.027140     0.000000     0.011840
   -0.076270    -0.858400   127.600000    -0.000000     0.000000    -0.000000    -0.000000    -0.000000     0.000000    -0.000000     0.000000     0.000000     0.016020    -0.578600     0.000000    -0.177900
    0.004929    -0.066550    -1.317000     0.000000     0.001153    -0.133500    -0.015220     0.000000    -0.000000     0.000000    -0.000000     0.000000    -0.001279    -0.013100     0.006124    -0.105400
   -0.000000    -0.000000     1.000000     0.000000     0.000000    -0.000000    -0.000000     0.000000    -0.000000     0.000000    -0.000000     0.000000     0.000000     0.000000     0.000000     0.000000
   -0.000000    -0.000000     0.000000    -0.000000    -0.160700    10.040000  -130.400000     9.810000    -0.000000     0.000000    -0.000000    -0.000000    -0.000000    -0.000000    -0.002880    -0.000000
    0.000464    -0.006259    -0.123900    -0.000000    -0.032670    -2.753000     0.776000    -0.000000     0.000000    -0.000000     0.000000    -0.000000    -0.000120    -0.001232     0.128500    -0.009918
    0.000230    -0.003112    -0.061610    -0.000000     0.041840    -0.072860    -0.803800    -0.000000     0.000000    -0.000000     0.000000    -0.000000    -0.000060    -0.000612     0.001758    -0.004931
   -0.000000    -0.000000     0.000000    -0.000000     0.000000     1.000000     0.000000     0.000000    -0.000000     0.000000    -0.000000     0.000000     0.000000     0.000000     0.000000     0.000000
    1.000000     0.000000    -0.000000    10.040000    -0.000000     0.000000     0.000000     0.000000     0.000000    -0.000000     0.000000     0.000000    -0.000000    -0.000000    -0.000000    -0.000000
    0.000000    -0.000000     0.000000    -0.000000     1.000000    -0.000000    -0.000000   -10.040000    -0.000000     0.000000    -0.000000   135.500000     0.000000     0.000000     0.000000     0.000000
   -0.000000     1.000000    -0.000000  -135.500000     0.000000     0.000000     0.000000     0.000000     0.000000    -0.000000     0.000000     0.000000    -0.000000    -0.000000    -0.000000    -0.000000
   -0.000000    -0.000000     0.000000     0.000000     0.000000    -0.000000     1.000000     0.000000    -0.000000     0.000000    -0.000000     0.000000     0.000000     0.000000     0.000000     0.000000

   -0.003068     0.264100   -16.850000    -9.810000    -0.000000     0.000000     0.000000     0.000000     0.000000    -0.000000     0.000000     0.000000    -0.000997     0.034840    -0.000000     0.013760
   -0.135000    -0.592900    56.940000    -0.000000     0.000000    -0.000000    -0.000000    -0.000000     0.000000    -0.000000     0.000000     0.000000     0.005234    -0.182900     0.000000    -0.056980
    0.011250    -0.042780    -0.892300     0.000000     0.000588    -0.092180     0.011900     0.000000    -0.000000     0.000000    -0.000000     0.000000    -0.000363    -0.003538     0.001777    -0.031510
   -0.000000    -0.000000     1.000000     0.000000     0.000000    -0.000000    -0.000000     0.000000    -0.000000     0.000000    -0.000000     0.000000     0.000000     0.000000     0.000000     0.000000
    0.000000    -0.000000     0.000000    -0.000000    -0.107400    16.710000   -59.310000     9.810000    -0.000000     0.000000    -0.000000    -0.000000    -0.000000    -0.000000    -0.001038    -0.000000
    0.001046    -0.003978    -0.082970    -0.000000    -0.020920    -1.916000     0.917900    -0.000000     0.000000    -0.000000     0.000000    -0.000000    -0.000034    -0.000329     0.041070    -0.002930
    0.000487    -0.001851    -0.038600    -0.000000     0.025840    -0.259500    -0.456000    -0.000000     0.000000    -0.000000     0.000000    -0.000000    -0.000016    -0.000153     0.001977    -0.001363
   -0.000000    -0.000000     0.000000     0.000000     0.000000     1.000000     0.000000     0.000000    -0.000000     0.000000    -0.000000     0.000000     0.000000     0.000000     0.000000     0.000000
    1.000000     0.000000    -0.000000    16.480000    -0.000000     0.000000     0.000000     0.000000     0.000000    -0.000000     0.000000     0.000000    -0.000000    -0.000000    -0.000000    -0.000000
    0.000000    -0.000000     0.000000    -0.000000     1.000000    -0.000000    -0.000000   -16.480000    -0.000000     0.000000    -0.000000    62.660000     0.000000     0.000000     0.000000     0.000000
   -0.000000     1.000000    -0.000000   -62.660000     0.000000     0.000000     0.000000     0.000000     0.000000    -0.000000     0.000000     0.000000    -0.000000    -0.000000    -0.000000    -0.000000
   -0.000000    -0.000000     0.000000     0.000000     0.000000    -0.000000     1.000000    -0.000000    -0.000000     0.000000    -0.000000     0.000000     0.000000     0.000000     0.000000     0.000000

   -0.019390     0.441800   -24.890000    -9.810000     0.000000    -0.000000    -0.000000     0.000000     0.000000    -0.000000     0.000000     0.000000    -0.000993     0.032660    -0.000000     0.012700
   -0.205600    -0.367100    30.280000    -0.000000    -0.000000     0.000000     0.000000    -0.000000     0.000000    -0.000000     0.000000     0.000000     0.001854    -0.060360     0.000000    -0.019180
    0.019970    -0.027960    -0.650600     0.000000     0.000297    -0.069220     0.034000     0.000000    -0.000000     0.000000    -0.000000     0.000000    -0.000121    -0.000991     0.000611    -0.011340
   -0.000000    -0.000000     1.000000     0.000000     0.000000    -0.000000    -0.000000     0.000000    -0.000000     0.000000    -0.000000     0.000000     0.000000     0.000000     0.000000     0.000000
   -0.000000     0.000000    -0.000000    -0.000000    -0.058120    24.800000   -32.380000     9.810000    -0.000000     0.000000    -0.000000    -0.000000    -0.000000    -0.000000    -0.000463     0.000000
    0.001846    -0.002584    -0.060140    -0.000000    -0.010540    -1.187000     1.134000    -0.000000     0.000000    -0.000000     0.000000    -0.000000    -0.000011    -0.000092     0.013660    -0.001048
    0.000833    -0.001165    -0.027120    -0.000000     0.013400    -0.462400    -0.175500    -0.000000     0.000000    -0.000000     0.000000    -0.000000    -0.000005    -0.000041     0.001759    -0.000473
   -0.000000    -0.000000     0.000000     0.000000     0.000000     1.000000     0.000000     0.000000    -0.000000     0.000000    -0.000000     0.000000     0.000000     0.000000     0.000000     0.000000
    1.000000     0.000000    -0.000000    24.300000    -0.000000     0.000000     0.000000     0.000000     0.000000    -0.000000     0.000000     0.000000    -0.000000    -0.000000    -0.000000    -0.000000
    0.000000    -0.000000     0.000000    -0.000000     1.000000    -0.000000    -0.000000   -24.300000    -0.000000     0.000000    -0.000000    34.020000     0.000000     0.000000     0.000000     0.000000
   -0.000000     1.000000    -0.000000   -34.020000     0.000000     0.000000     0.000000     0.000000     0.000000    -0.000000     0.000000     0.000000    -0.000000    -0.000000    -0.000000    -0.000000
   -0.000000    -0.000000     0.000000     0.000000     0.000000    -0.000000     1.000000    -0.000000    -0.000000     0.000000    -0.000000     0.000000     0.000000     0.000000     0.000000     0.000000
