u  w  q  the  v  p  r  phi  x  y  z  psi  |  slat  flap  aileron  elevator
   -0.045690     0.471800   -28.290000    -9.810000     0.000000     0.000000    -0.000000     0.000000     0.000000    -0.000000     0.000000     0.000000    -0.001003     0.032240    -0.000000     0.014590
   -0.195000    -0.313600    27.230000    -0.000000    -0.000000    -0.000000     0.000000    -0.000000     0.000000    -0.000000     0.000000     0.000000     0.001471    -0.046530     0.000000    -0.014880
    0.030370    -0.033340    -0.730100     0.000000     0.000199    -0.012780     0.001821     0.000000    -0.000000     0.000000    -0.000000     0.000000    -0.000043    -0.002249     0.000070    -0.009709
   -0.000000    -0.000000     1.000000     0.000000     0.000000    -0.000000    -0.000000     0.000000    -0.000000     0.000000    -0.000000     0.000000     0.000000     0.000000     0.000000     0.000000
   -0.000000     0.000000    -0.000000    -0.000000    -0.048740    28.700000   -29.610000     9.810000    -0.000000     0.000000    -0.000000    -0.000000    -0.000000    -0.000000    -0.000416     0.000000
    0.000280    -0.000308    -0.006735    -0.000000    -0.083000    -9.131000    10.770000    -0.000000     0.000000    -0.000000     0.000000    -0.000000    -0.000000    -0.000021     0.095270    -0.000090
    0.000453    -0.000497    -0.010890    -0.000000     0.018050    -0.627000    -0.259300    -0.000000     0.000000    -0.000000     0.000000    -0.000000    -0.000001    -0.000034     0.001766    -0.000145
   -0.000000    -0.000000     0.000000     0.000000     0.000000     1.000000     0.000000     0.000000    -0.000000     0.000000    -0.000000     0.000000     0.000000     0.000000     0.000000     0.000000
    1.000000     0.000000    -0.000000    28.150000    -0.000000     0.000000     0.000000     0.000000     0.000000    -0.000000     0.000000     0.000000    -0.000000    -0.000000    -0.000000    -0.000000
    0.000000    -0.000000     0.000000    -0.000000     1.000000    -0.000000    -0.000000   -28.150000    -0.000000     0.000000    -0.000000    30.910000     0.000000     0.000000     0.000000     0.000000
   -0.000000     1.000000    -0.000000   -30.910000     0.000000     0.000000     0.000000     0.000000     0.000000    -0.000000     0.000000     0.000000    -0.000000    -0.000000    -0.000000    -0.000000
   -0.000000    -0.000000     0.000000     0.000000     0.000000    -0.000000     1.000000    -0.000000    -0.000000     0.000000    -0.000000     0.000000     0.000000     0.000000     0.000000     0.000000

   -0.008704     0.279600   -19.160000    -9.810000    -0.000000     0.000000     0.000000     0.000000     0.000000    -0.000000     0.000000     0.000000    -0.001080     0.037570    -0.000000     0.017780
   -0.124300    -0.550500    55.970000    -0.000000     0.000000    -0.000000    -0.000000    -0.000000     0.000000    -0.000000     0.000000     0.000000     0.004829    -0.167600     0.000000    -0.052290
    0.017420    -0.056780    -0.991600     0.000000     0.000443    -0.012520    -0.005246     0.000000    -0.000000     0.000000    -0.000000     0.000000    -0.000151    -0.008924     0.000191    -0.030330
   -0.000000    -0.000000     1.000000    -0.000000     0.000000    -0.000000    -0.000000    -0.000000    -0.000000     0.000000    -0.000000    -0.000000     0.000000     0.000000     0.000000     0.000000
    0.000000    -0.000000     0.000000    -0.000000    -0.100300    19.270000   -58.780000     9.810000    -0.000000     0.000000    -0.000000    -0.000000    -0.000000    -0.000000    -0.001011    -0.000000
    0.000164    -0.000534    -0.009332    -0.000000    -0.192400   -17.010000     9.193000    -0.000000     0.000000    -0.000000     0.000000    -0.000000    -0.000001    -0.000084     0.360400    -0.000286
    0.000273    -0.000889    -0.015520    -0.000000     0.038550    -0.262900    -0.711200    -0.000000     0.000000    -0.000000     0.000000    -0.000000    -0.000002    -0.000140     0.000305    -0.000475
   -0.000000    -0.000000     0.000000     0.000000     0.000000     1.000000     0.000000    -0.000000    -0.000000     0.000000    -0.000000    -0.000000     0.000000     0.000000     0.000000     0.000000
    1.000000     0.000000    -0.000000    19.000000    -0.000000     0.000000     0.000000     0.000000     0.000000    -0.000000     0.000000     0.000000    -0.000000    -0.000000    -0.000000    -0.000000
    0.000000    -0.000000     0.000000    -0.000000     1.000000    -0.000000    -0.000000   -19.000000    -0.000000     0.000000    -0.000000    61.940000     0.000000     0.000000     0.000000     0.000000
   -0.000000     1.000000    -0.000000   -61.940000     0.000000     0.000000     0.000000     0.000000     0.000000    -0.000000     0.000000     0.000000    -0.000000    -0.000000    -0.000000    -0.000000
   -0.000000    -0.000000     0.000000     0.000000     0.000000    -0.000000     1.000000    -0.000000    -0.000000     0.000000    -0.000000    -0.000000     0.000000     0.000000     0.000000     0.000000

   -0.000649     0.120600   -11.930000    -9.810000    -0.000000    -0.000000     0.000000     0.000000     0.000000    -0.000000     0.000000     0.000000    -0.000857     0.030890    -0.000000     0.016600
   -0.069790    -0.804400   127.100000    -0.000000     0.000000    -0.000000    -0.000000    -0.000000     0.000000    -0.000000     0.000000     0.000000     0.015020    -0.541400     0.000000    -0.166600
    0.007860    -0.089780    -1.414000     0.000000     0.000836    -0.013900    -0.015250     0.000000    -0.000000     0.000000    -0.000000     0.000000    -0.000546    -0.032570     0.000604    -0.100500
   -0.000000    -0.000000     1.000000     0.000000     0.000000    -0.000000    -0.000000    -0.000000    -0.000000     0.000000    -0.000000     0.000000     0.000000     0.000000     0.000000     0.000000
   -0.000000    -0.000000    -0.000000    -0.000000    -0.151000    11.880000  -130.400000     9.810000    -0.000000     0.000000    -0.000000    -0.000000    -0.000000    -0.000000    -0.002760    -0.000000
    0.000076    -0.000871    -0.013720    -0.000000    -0.341600   -27.970000     8.758000    -0.000000     0.000000    -0.000000     0.000000    -0.000000    -0.000005    -0.000316     1.304000    -0.000975
    0.000137    -0.001559    -0.024550    -0.000000     0.064880     0.160800    -1.276000    -0.000000     0.000000    -0.000000     0.000000    -0.000000    -0.000009    -0.000566    -0.010240    -0.001745
   -0.000000    -0.000000     0.000000     0.000000     0.000000     1.000000     0.000000     0.000000    -0.000000     0.000000    -0.000000     0.000000     0.000000     0.000000     0.000000     0.000000
    1.000000     0.000000    -0.000000    11.850000    -0.000000     0.000000     0.000000     0.000000     0.000000    -0.000000     0.000000     0.000000    -0.000000    -0.000000    -0.000000    -0.000000
    0.000000    -0.000000     0.000000    -0.000000     1.000000    -0.000000    -0.000000   -11.850000    -0.000000     0.000000    -0.000000   135.400000     0.000000     0.000000     0.000000     0.000000
   -0.000000     1.000000    -0.000000  -135.400000     0.000000     0.000000     0.000000     0.000000     0.000000    -0.000000     0.000000     0.000000    -0.000000    -0.000000    -0.000000    -0.000000
   -0.000000    -0.000000     0.000000     0.000000     0.000000    -0.000000     1.000000     0.000000    -0.000000     0.000000    -0.000000     0.000000     0.000000     0.000000     0.000000     0.000000

   -0.000552     0.119500   -11.000000    -9.810000    -0.000000     0.000000     0.000000     0.000000     0.000000    -0.000000     0.000000     0.000000    -0.000835     0.030140    -0.000000     0.016410
   -0.070710    -0.858000   126.600000    -0.000000     0.000000    -0.000000    -0.000000    -0.000000     0.000000    -0.000000     0.000000     0.000000     0.016010    -0.577900     0.000000    -0.177800
    0.007238    -0.089750    -1.409000     0.000000     0.000838    -0.013660    -0.015440     0.000000    -0.000000     0.000000    -0.000000     0.000000    -0.000546    -0.032640     0.000601    -0.100400
   -0.000000    -0.000000     1.000000     0.000000     0.000000    -0.000000    -0.000000    -0.000000    -0.000000     0.000000    -0.000000     0.000000     0.000000     0.000000     0.000000     0.000000
   -0.000000    -0.000000    -0.000000    -0.000000    -0.161400    10.940000  -130.100000     9.810000    -0.000000     0.000000    -0.000000    -0.000000    -0.000000    -0.000000    -0.002927    -0.000000
    0.000070    -0.000871    -0.013670    -0.000000    -0.342400   -27.990000     8.558000    -0.000000     0.000000    -0.000000     0.000000    -0.000000    -0.000005    -0.000317     1.305000    -0.000974
    0.000126    -0.001559    -0.024470    -0.000000     0.064990     0.176300    -1.280000    -0.000000     0.000000    -0.000000     0.000000    -0.000000    -0.000009    -0.000567    -0.010470    -0.001743
   -0.000000    -0.000000     0.000000     0.000000     0.000000     1.000000     0.000000     0.000000    -0.000000     0.000000    -0.000000     0.000000     0.000000     0.000000     0.000000     0.000000
    1.000000     0.000000    -0.000000    10.920000    -0.000000     0.000000     0.000000     0.000000     0.000000    -0.000000     0.000000     0.000000    -0.000000    -0.000000    -0.000000    -0.000000
    0.000000    -0.000000     0.000000    -0.000000     1.000000    -0.000000    -0.000000   -10.920000    -0.000000     0.000000    -0.000000   135.500000     0.000000     0.000000     0.000000     0.000000
   -0.000000     1.000000    -0.000000  -135.500000     0.000000     0.000000     0.000000     0.000000     0.000000    -0.000000     0.000000     0.000000    -0.000000    -0.000000    -0.000000    -0.000000
   -0.000000    -0.000000     0.000000     0.000000     0.000000    -0.000000     1.000000    -0.000000    -0.000000     0.000000    -0.000000     0.000000     0.000000     0.000000     0.000000     0.000000

   -0.007907     0.278300   -17.840000    -9.810000    -0.000000     0.000000     0.000000     0.000000     0.000000    -0.000000     0.000000     0.000000    -0.001075     0.037500    -0.000000     0.017820
   -0.124400    -0.589800    55.950000    -0.000000     0.000000    -0.000000    -0.000000    -0.000000     0.000000    -0.000000     0.000000     0.000000     0.005192    -0.180900     0.000000    -0.056390
    0.016160    -0.056970    -0.985000     0.000000     0.000448    -0.012130    -0.005618     0.000000    -0.000000     0.000000    -0.000000     0.000000    -0.000153    -0.009061     0.000190    -0.030490
   -0.000000    -0.000000     1.000000    -0.000000     0.000000    -0.000000    -0.000000    -0.000000    -0.000000     0.000000    -0.000000    -0.000000     0.000000     0.000000     0.000000     0.000000
    0.000000    -0.000000     0.000000    -0.000000    -0.108200    17.930000   -58.900000     9.810000    -0.000000     0.000000    -0.000000    -0.000000    -0.000000    -0.000000    -0.001071    -0.000000
    0.000152    -0.000536    -0.009270    -0.000000    -0.195000   -17.130000     8.832000    -0.000000     0.000000    -0.000000     0.000000    -0.000000    -0.000001    -0.000085     0.365200    -0.000287
    0.000253    -0.000892    -0.015420    -0.000000     0.038980    -0.231500    -0.724200    -0.000000     0.000000    -0.000000     0.000000    -0.000000    -0.000002    -0.000142     0.000091    -0.000477
   -0.000000    -0.000000     0.000000     0.000000     0.000000     1.000000     0.000000    -0.000000    -0.000000     0.000000    -0.000000    -0.000000     0.000000     0.000000     0.000000     0.000000
    1.000000     0.000000    -0.000000    17.680000    -0.000000     0.000000     0.000000     0.000000     0.000000    -0.000000     0.000000     0.000000    -0.000000    -0.000000    -0.000000    -0.000000
    0.000000    -0.000000     0.000000    -0.000000     1.000000    -0.000000    -0.000000   -17.680000    -0.000000     0.000000    -0.000000    62.340000     0.000000     0.000000     0.000000     0.000000
   -0.000000     1.000000    -0.000000   -62.340000     0.000000     0.000000     0.000000     0.000000     0.000000    -0.000000     0.000000     0.000000    -0.000000    -0.000000    -0.000000    -0.000000
   -0.000000    -0.000000     0.000000     0.000000     0.000000    -0.000000     1.000000    -0.000000    -0.000000     0.000000    -0.000000    -0.000000     0.000000     0.000000     0.000000     0.000000

   -0.039560     0.466100   -26.180000    -9.810000     0.000000    -0.000000    -0.000000     0.000000     0.000000    -0.000000     0.000000     0.000000    -0.001036     0.033780     0.000000     0.015330
   -0.192300    -0.353300    28.630000    -0.000000    -0.000000     0.000000     0.000000    -0.000000     0.000000    -0.000000     0.000000     0.000000     0.001732    -0.055720     0.000000    -0.017750
    0.027640    -0.034770    -0.732700     0.000000     0.000217    -0.012280     0.001018     0.000000    -0.000000     0.000000    -0.000000     0.000000    -0.000048    -0.002556     0.000074    -0.010570
   -0.000000    -0.000000     1.000000     0.000000     0.000000    -0.000000    -0.000000     0.000000    -0.000000     0.000000    -0.000000     0.000000     0.000000     0.000000     0.000000     0.000000
   -0.000000     0.000000    -0.000000    -0.000000    -0.057000    26.550000   -31.140000     9.810000    -0.000000     0.000000    -0.000000    -0.000000    -0.000000    -0.000000    -0.000466     0.000000
    0.000255    -0.000321    -0.006759    -0.000000    -0.092000    -9.686000    10.220000    -0.000000     0.000000    -0.000000     0.000000    -0.000000    -0.000000    -0.000024     0.107200    -0.000097
    0.000412    -0.000518    -0.010930    -0.000000     0.019720    -0.568400    -0.299400    -0.000000     0.000000    -0.000000     0.000000    -0.000000    -0.000001    -0.000038     0.001655    -0.000158
   -0.000000    -0.000000     0.000000     0.000000     0.000000     1.000000     0.000000     0.000000    -0.000000     0.000000    -0.000000     0.000000     0.000000     0.000000     0.000000     0.000000
    1.000000     0.000000    -0.000000    26.020000    -0.000000     0.000000     0.000000     0.000000     0.000000    -0.000000     0.000000     0.000000    -0.000000    -0.000000    -0.000000    -0.000000
    0.000000    -0.000000     0.000000    -0.000000     1.000000    -0.000000    -0.000000   -26.020000    -0.000000     0.000000    -0.000000    32.730000     0.000000     0.000000     0.000000     0.000000
   -0.000000     1.000000    -0.000000   -32.730000     0.000000     0.000000     0.000000     0.000000     0.000000    -0.000000     0.000000     0.000000    -0.000000    -0.000000    -0.000000    -0.000000
   -0.000000    -0.000000     0.000000     0.000000     0.000000    -0.000000     1.000000     0.000000    -0.000000     0.000000    -0.000000     0.000000     0.000000     0.000000     0.000000     0.000000
