u  w  q  the  v  p  r  phi  x  y  z  psi  |  slat  flap  aileron  elevator
   -0.000617     0.216100   -18.430000    -9.810000     0.000000     0.000000     0.000000     0.000000     0.000000    -0.000000     0.000000     0.000000    -0.000790     0.032740    -0.000000     0.011070
   -0.118400    -0.532900    66.740000    -0.000000    -0.000000     0.000000     0.000000    -0.000000     0.000000    -0.000000     0.000000     0.000000     0.004398    -0.179200    -0.000000    -0.075270
    0.005770    -0.023800    -0.886000     0.000000    -0.002549    -0.096120     0.047670     0.000000    -0.000000     0.000000    -0.000000     0.000000    -0.000270    -0.001363     0.001371    -0.028770
   -0.000000    -0.000000     1.000000     0.000000     0.000000    -0.000000    -0.000000     0.000000    -0.000000     0.000000    -0.000000     0.000000     0.000000     0.000000     0.000000     0.000000
    0.000000     0.000000     0.000000    -0.000000    -0.091730    18.530000   -69.050000     9.810000    -0.000000     0.000000    -0.000000    -0.000000    -0.000000     0.000000    -0.000165     0.000000
    0.000699    -0.002881    -0.107300    -0.000000    -0.589900   -21.930000    11.130000    -0.000000     0.000000    -0.000000     0.000000    -0.000000    -0.000033    -0.000165     0.313900    -0.003483
    0.000021    -0.000085    -0.003156    -0.000000     0.005302    -0.746900    -0.414200    -0.000000     0.000000    -0.000000     0.000000    -0.000000    -0.000001    -0.000005     0.007282    -0.000102
   -0.000000    -0.000000     0.000000     0.000000     0.000000     1.000000     0.000000     0.000000    -0.000000     0.000000    -0.000000     0.000000     0.000000     0.000000     0.000000     0.000000
    1.000000     0.000000    -0.000000    17.870000    -0.000000     0.000000     0.000000     0.000000     0.000000    -0.000000     0.000000     0.000000    -0.000000    -0.000000    -0.000000    -0.000000
    0.000000    -0.000000     0.000000    -0.000000     1.000000    -0.000000    -0.000000   -17.870000    -0.000000     0.000000    -0.000000    73.700000     0.000000     0.000000     0.000000     0.000000
   -0.000000     1.000000    -0.000000   -73.700000     0.000000     0.000000     0.000000     0.000000     0.000000    -0.000000     0.000000     0.000000    -0.000000    -0.000000    -0.000000    -0.000000
   -0.000000    -0.000000     0.000000     0.000000     0.000000    -0.000000     1.000000    -0.000000    -0.000000     0.000000    -0.000000     0.000000     0.000000     0.000000     0.000000     0.000000

    0.000177     0.132500   -14.040000    -9.810000    -0.000000    -0.000000     0.000000     0.000000     0.000000    -0.000000     0.000000     0.000000    -0.000635     0.028820     0.000000     0.009168
   -0.085640    -0.655200   106.300000    -0.000000     0.000000     0.000000    -0.000000    -0.000000     0.000000    -0.000000     0.000000     0.000000     0.008303    -0.354500     0.000000    -0.139500
    0.003512    -0.029260    -1.180000     0.000000    -0.003397    -0.155200     0.056170     0.000000    -0.000000     0.000000    -0.000000     0.000000    -0.000634    -0.003219     0.003493    -0.060300
   -0.000000    -0.000000     1.000000     0.000000     0.000000    -0.000000    -0.000000     0.000000    -0.000000     0.000000    -0.000000     0.000000     0.000000     0.000000     0.000000     0.000000
    0.000000     0.000000    -0.000000    -0.000000    -0.109400    13.880000  -109.400000     9.810000    -0.000000     0.000000    -0.000000    -0.000000     0.000000    -0.000000     0.002688    -0.000000
    0.000496    -0.004136    -0.166800    -0.000000    -0.686900   -30.980000    11.480000    -0.000000     0.000000    -0.000000     0.000000    -0.000000    -0.000090    -0.000455     0.698300    -0.008523
    0.000013    -0.000111    -0.004498    -0.000000     0.012260    -0.682200    -0.581500    -0.000000     0.000000    -0.000000     0.000000    -0.000000    -0.000002    -0.000012     0.011970    -0.000230
   -0.000000    -0.000000     0.000000     0.000000     0.000000     1.000000     0.000000     0.000000    -0.000000     0.000000    -0.000000     0.000000     0.000000     0.000000     0.000000     0.000000
    1.000000     0.000000    -0.000000    13.730000    -0.000000     0.000000     0.000000     0.000000     0.000000    -0.000000     0.000000     0.000000    -0.000000    -0.000000    -0.000000    -0.000000
    0.000000    -0.000000     0.000000    -0.000000     1.000000    -0.000000    -0.000000   -13.730000    -0.000000     0.000000    -0.000000   114.400000     0.000000     0.000000     0.000000     0.000000
   -0.000000     1.000000    -0.000000  -114.400000     0.000000     0.000000     0.000000     0.000000     0.000000    -0.000000     0.000000     0.000000    -0.000000    -0.000000    -0.000000    -0.000000
   -0.000000    -0.000000     0.000000     0.000000     0.000000    -0.000000     1.000000     0.000000    -0.000000     0.000000    -0.000000     0.000000     0.000000     0.000000     0.000000     0.000000

    0.000039     0.059250   -14.270000    -9.810000     0.000000    -0.000000     0.000000     0.000000     0.000000    -0.000000     0.000000     0.000000    -0.000365     0.021080    -0.000000     0.006578
   -0.049070    -0.569300   223.300000    -0.000000    -0.000000    -0.000000    -0.000000    -0.000000     0.000000    -0.000000     0.000000     0.000000     0.014190    -0.647700     0.000000    -0.234800
    0.001812    -0.029430    -1.245000     0.000000    -0.004446    -0.229500     0.067380     0.000000    -0.000000     0.000000    -0.000000     0.000000    -0.001591    -0.009429     0.010510    -0.130600
   -0.000000    -0.000000     1.000000     0.000000     0.000000    -0.000000    -0.000000     0.000000    -0.000000     0.000000    -0.000000     0.000000     0.000000     0.000000     0.000000     0.000000
   -0.000000    -0.000000     0.000000    -0.000000    -0.086140    14.040000  -226.000000     9.810000    -0.000000     0.000000    -0.000000    -0.000000     0.000000    -0.000000     0.007024     0.000000
    0.000349    -0.005659    -0.239400    -0.000000    -0.690700   -35.250000    10.590000    -0.000000     0.000000    -0.000000     0.000000    -0.000000    -0.000306    -0.001813     1.615000    -0.025110
    0.000008    -0.000123    -0.005184    -0.000000     0.015420    -0.476600    -0.592300    -0.000000     0.000000    -0.000000     0.000000    -0.000000    -0.000007    -0.000039     0.017990    -0.000544
   -0.000000    -0.000000     0.000000    -0.000000     0.000000     1.000000     0.000000     0.000000    -0.000000     0.000000    -0.000000     0.000000     0.000000     0.000000     0.000000     0.000000
    1.000000     0.000000    -0.000000    14.150000    -0.000000     0.000000     0.000000     0.000000     0.000000    -0.000000     0.000000     0.000000    -0.000000    -0.000000    -0.000000    -0.000000
    0.000000    -0.000000     0.000000    -0.000000     1.000000    -0.000000    -0.000000   -14.150000    -0.000000     0.000000    -0.000000   229.700000     0.000000     0.000000     0.000000     0.000000
   -0.000000     1.000000    -0.000000  -229.700000     0.000000     0.000000     0.000000     0.000000     0.000000    -0.000000     0.000000     0.000000    -0.000000    -0.000000    -0.000000    -0.000000
   -0.000000    -0.000000     0.000000    -0.000000     0.000000    -0.000000     1.000000    -0.000000    -0.000000     0.000000    -0.000000     0.000000     0.000000     0.000000     0.000000     0.000000

    0.000026     0.058620   -13.260000    -9.810000     0.000000     0.000000     0.000000     0.000000     0.000000    -0.000000     0.000000     0.000000    -0.000345     0.020310    -0.000000     0.006349
   -0.049670    -0.600900   223.000000    -0.000000    -0.000000     0.000000    -0.000000    -0.000000     0.000000    -0.000000     0.000000     0.000000     0.014970    -0.684200     0.000000    -0.247800
    0.001676    -0.029300    -1.244000     0.000000    -0.004404    -0.229600     0.066140     0.000000    -0.000000     0.000000    -0.000000     0.000000    -0.001592    -0.009404     0.010520    -0.130500
   -0.000000    -0.000000     1.000000     0.000000     0.000000    -0.000000    -0.000000     0.000000    -0.000000     0.000000    -0.000000     0.000000     0.000000     0.000000     0.000000     0.000000
   -0.000000    -0.000000     0.000000    -0.000000    -0.091030    13.010000  -225.800000     9.810000    -0.000000     0.000000    -0.000000    -0.000000     0.000000    -0.000000     0.007578     0.000000
    0.000322    -0.005634    -0.239200    -0.000000    -0.684300   -35.260000    10.390000    -0.000000     0.000000    -0.000000     0.000000    -0.000000    -0.000306    -0.001808     1.616000    -0.025100
    0.000007    -0.000122    -0.005181    -0.000000     0.015580    -0.465300    -0.593100    -0.000000     0.000000    -0.000000     0.000000    -0.000000    -0.000007    -0.000039     0.017850    -0.000544
   -0.000000    -0.000000     0.000000    -0.000000     0.000000     1.000000     0.000000     0.000000    -0.000000     0.000000    -0.000000     0.000000     0.000000     0.000000     0.000000     0.000000
    1.000000     0.000000    -0.000000    13.140000    -0.000000     0.000000     0.000000     0.000000     0.000000    -0.000000     0.000000     0.000000    -0.000000    -0.000000    -0.000000    -0.000000
    0.000000    -0.000000     0.000000    -0.000000     1.000000    -0.000000    -0.000000   -13.140000    -0.000000     0.000000    -0.000000   229.800000     0.000000     0.000000     0.000000     0.000000
   -0.000000     1.000000    -0.000000  -229.800000     0.000000     0.000000     0.000000     0.000000     0.000000    -0.000000     0.000000     0.000000    -0.000000    -0.000000    -0.000000    -0.000000
   -0.000000    -0.000000     0.000000    -0.000000     0.000000    -0.000000     1.000000    -0.000000    -0.000000     0.000000    -0.000000     0.000000     0.000000     0.000000     0.000000     0.000000

    0.000194     0.131700   -13.170000    -9.810000    -0.000000    -0.000000    -0.000000     0.000000     0.000000    -0.000000     0.000000     0.000000    -0.000623     0.028410     0.000000     0.009016
   -0.086210    -0.690900   105.900000    -0.000000     0.000000     0.000000     0.000000    -0.000000     0.000000    -0.000000     0.000000     0.000000     0.008758    -0.374500     0.000000    -0.147200
    0.003268    -0.029080    -1.179000     0.000000    -0.003353    -0.155300     0.054840     0.000000    -0.000000     0.000000    -0.000000     0.000000    -0.000636    -0.003203     0.003501    -0.060300
   -0.000000    -0.000000     1.000000     0.000000     0.000000    -0.000000    -0.000000     0.000000    -0.000000     0.000000    -0.000000     0.000000     0.000000     0.000000     0.000000     0.000000
    0.000000     0.000000    -0.000000    -0.000000    -0.115700    12.990000  -109.200000     9.810000    -0.000000     0.000000    -0.000000    -0.000000     0.000000    -0.000000     0.003022    -0.000000
    0.000462    -0.004110    -0.166700    -0.000000    -0.678100   -31.010000    11.220000    -0.000000     0.000000    -0.000000     0.000000    -0.000000    -0.000090    -0.000453     0.700000    -0.008523
    0.000012    -0.000111    -0.004494    -0.000000     0.012570    -0.663800    -0.584000    -0.000000     0.000000    -0.000000     0.000000    -0.000000    -0.000002    -0.000012     0.011850    -0.000230
   -0.000000    -0.000000     0.000000    -0.000000     0.000000     1.000000     0.000000     0.000000    -0.000000     0.000000    -0.000000     0.000000     0.000000     0.000000     0.000000     0.000000
    1.000000     0.000000    -0.000000    12.870000    -0.000000     0.000000     0.000000     0.000000     0.000000    -0.000000     0.000000     0.000000    -0.000000    -0.000000    -0.000000    -0.000000
    0.000000    -0.000000     0.000000    -0.000000     1.000000    -0.000000    -0.000000   -12.870000    -0.000000     0.000000    -0.000000   114.500000     0.000000     0.000000     0.000000     0.000000
   -0.000000     1.000000    -0.000000  -114.500000     0.000000     0.000000     0.000000     0.000000     0.000000    -0.000000     0.000000     0.000000    -0.000000    -0.000000    -0.000000    -0.000000
   -0.000000    -0.000000     0.000000     0.000000     0.000000    -0.000000     1.000000    -0.000000    -0.000000     0.000000    -0.000000     0.000000     0.000000     0.000000     0.000000     0.000000

   -0.000479     0.215200   -17.360000    -9.810000    -0.000000     0.000000     0.000000     0.000000     0.000000    -0.000000     0.000000     0.000000    -0.000784     0.032610    -0.000000     0.010980
   -0.118600    -0.562800    66.590000    -0.000000    -0.000000     0.000000     0.000000    -0.000000     0.000000    -0.000000     0.000000     0.000000     0.004654    -0.190200    -0.000000    -0.079650
    0.005360    -0.023580    -0.886000     0.000000    -0.002503    -0.096420     0.046210     0.000000    -0.000000     0.000000    -0.000000     0.000000    -0.000272    -0.001352     0.001382    -0.028870
   -0.000000    -0.000000     1.000000    -0.000000     0.000000    -0.000000    -0.000000    -0.000000    -0.000000     0.000000    -0.000000    -0.000000     0.000000     0.000000     0.000000     0.000000
    0.000000     0.000000     0.000000    -0.000000    -0.097400    17.440000   -69.060000     9.810000    -0.000000     0.000000    -0.000000    -0.000000    -0.000000     0.000000     0.000024     0.000000
    0.000649    -0.002855    -0.107300    -0.000000    -0.579500   -22.010000    10.800000    -0.000000     0.000000    -0.000000     0.000000    -0.000000    -0.000033    -0.000164     0.316500    -0.003495
    0.000019    -0.000084    -0.003156    -0.000000     0.005775    -0.721600    -0.419000    -0.000000     0.000000    -0.000000     0.000000    -0.000000    -0.000001    -0.000005     0.007190    -0.000103
   -0.000000    -0.000000     0.000000     0.000000     0.000000     1.000000     0.000000    -0.000000    -0.000000     0.000000    -0.000000    -0.000000     0.000000     0.000000     0.000000     0.000000
    1.000000     0.000000    -0.000000    16.810000    -0.000000     0.000000     0.000000     0.000000     0.000000    -0.000000     0.000000     0.000000    -0.000000    -0.000000    -0.000000    -0.000000
    0.000000    -0.000000     0.000000    -0.000000     1.000000    -0.000000    -0.000000   -16.810000    -0.000000     0.000000    -0.000000    73.950000     0.000000     0.000000     0.000000     0.000000
   -0.000000     1.000000    -0.000000   -73.950000     0.000000     0.000000     0.000000     0.000000     0.000000    -0.000000     0.000000     0.000000    -0.000000    -0.000000    -0.000000    -0.000000
   -0.000000    -0.000000     0.000000     0.000000     0.000000    -0.000000     1.000000    -0.000000    -0.000000     0.000000    -0.000000    -0.000000     0.000000     0.000000     0.000000     0.000000
