u  w  q  the  v  p  r  phi  x  y  z  psi  |  slat  flap  aileron  elevator
    0.000035     0.211600   -18.020000    -9.810000     0.000000    -0.000000     0.000000     0.000000     0.000000    -0.000000     0.000000     0.000000    -0.000768     0.031870    -0.000000     0.009527
   -0.121600    -0.533900    67.080000    -0.000000    -0.000000     0.000000     0.000000    -0.000000     0.000000    -0.000000     0.000000     0.000000     0.004407    -0.179700    -0.000000    -0.075400
    0.004570    -0.019380    -0.861300     0.000000    -0.000151    -0.003011     0.003679     0.000000    -0.000000     0.000000    -0.000000     0.000000    -0.000316     0.000306     0.000053    -0.028530
   -0.000000    -0.000000     1.000000     0.000000     0.000000    -0.000000    -0.000000    -0.000000    -0.000000     0.000000    -0.000000     0.000000     0.000000     0.000000     0.000000     0.000000
    0.000000     0.000000     0.000000    -0.000000    -0.092180    18.040000   -69.210000     9.810000    -0.000000     0.000000    -0.000000    -0.000000    -0.000000     0.000000    -0.000095     0.000000
    0.000023    -0.000099    -0.004402    -0.000000    -0.911400   -33.930000    16.790000    -0.000000     0.000000    -0.000000     0.000000    -0.000000    -0.000002     0.000002     0.486500    -0.000146
   -0.000014     0.000061     0.002715    -0.000000    -0.000660    -0.958900    -0.306500    -0.000000     0.000000    -0.000000     0.000000    -0.000000     0.000001    -0.000001     0.010360     0.000090
   -0.000000    -0.000000     0.000000     0.000000     0.000000     1.000000     0.000000     0.000000    -0.000000     0.000000    -0.000000     0.000000     0.000000     0.000000     0.000000     0.000000
    1.000000     0.000000    -0.000000    17.400000    -0.000000     0.000000     0.000000     0.000000     0.000000    -0.000000     0.000000     0.000000    -0.000000    -0.000000    -0.000000    -0.000000
    0.000000    -0.000000     0.000000    -0.000000     1.000000    -0.000000    -0.000000   -17.400000    -0.000000     0.000000    -0.000000    73.810000     0.000000     0.000000     0.000000     0.000000
   -0.000000     1.000000    -0.000000   -73.810000     0.000000     0.000000     0.000000     0.000000     0.000000    -0.000000     0.000000     0.000000    -0.000000    -0.000000    -0.000000    -0.000000
   -0.000000    -0.000000     0.000000     0.000000     0.000000    -0.000000     1.000000     0.000000    -0.000000     0.000000    -0.000000     0.000000     0.000000     0.000000     0.000000     0.000000

    0.000349     0.129500   -13.690000    -9.810000    -0.000000    -0.000000    -0.000000     0.000000     0.000000    -0.000000     0.000000     0.000000    -0.000614     0.027910     0.000000     0.007488
   -0.087790    -0.655600   106.600000    -0.000000     0.000000     0.000000    -0.000000    -0.000000     0.000000    -0.000000     0.000000     0.000000     0.008306    -0.354700     0.000000    -0.139600
    0.002689    -0.023050    -1.151000     0.000000    -0.000240    -0.006883     0.005150     0.000000    -0.000000     0.000000    -0.000000     0.000000    -0.000733     0.000465     0.000166    -0.059890
   -0.000000    -0.000000     1.000000     0.000000     0.000000    -0.000000    -0.000000     0.000000    -0.000000     0.000000    -0.000000     0.000000     0.000000     0.000000     0.000000     0.000000
    0.000000     0.000000    -0.000000    -0.000000    -0.109600    13.490000  -109.500000     9.810000    -0.000000     0.000000    -0.000000    -0.000000     0.000000    -0.000000     0.002753    -0.000000
    0.000018    -0.000158    -0.007894    -0.000000    -1.167000   -52.690000    19.000000    -0.000000     0.000000    -0.000000     0.000000    -0.000000    -0.000005     0.000003     1.188000    -0.000411
   -0.000009     0.000081     0.004057    -0.000000     0.004481    -1.023000    -0.458800    -0.000000     0.000000    -0.000000     0.000000    -0.000000     0.000003    -0.000002     0.019670     0.000211
   -0.000000    -0.000000     0.000000     0.000000     0.000000     1.000000     0.000000     0.000000    -0.000000     0.000000    -0.000000     0.000000     0.000000     0.000000     0.000000     0.000000
    1.000000     0.000000    -0.000000    13.350000    -0.000000     0.000000     0.000000     0.000000     0.000000    -0.000000     0.000000     0.000000    -0.000000    -0.000000    -0.000000    -0.000000
    0.000000    -0.000000     0.000000    -0.000000     1.000000    -0.000000    -0.000000   -13.350000    -0.000000     0.000000    -0.000000   114.400000     0.000000     0.000000     0.000000     0.000000
   -0.000000     1.000000    -0.000000  -114.400000     0.000000     0.000000     0.000000     0.000000     0.000000    -0.000000     0.000000     0.000000    -0.000000    -0.000000    -0.000000    -0.000000
   -0.000000    -0.000000     0.000000     0.000000     0.000000    -0.000000     1.000000     0.000000    -0.000000     0.000000    -0.000000     0.000000     0.000000     0.000000     0.000000     0.000000

    0.000068     0.057790   -13.850000    -9.810000    -0.000000     0.000000     0.000000     0.000000     0.000000    -0.000000     0.000000     0.000000    -0.000347     0.020200    -0.000000     0.004716
   -0.050150    -0.569500   223.500000    -0.000000    -0.000000     0.000000    -0.000000    -0.000000     0.000000    -0.000000     0.000000     0.000000     0.014190    -0.647800     0.000000    -0.234800
    0.001348    -0.022590    -1.221000     0.000000    -0.000422    -0.016180     0.007833     0.000000    -0.000000     0.000000    -0.000000     0.000000    -0.001818    -0.000957     0.000758    -0.130400
   -0.000000    -0.000000     1.000000     0.000000     0.000000    -0.000000    -0.000000     0.000000    -0.000000     0.000000    -0.000000     0.000000     0.000000     0.000000     0.000000     0.000000
   -0.000000    -0.000000     0.000000    -0.000000    -0.086250    13.590000  -226.000000     9.810000    -0.000000     0.000000    -0.000000    -0.000000     0.000000    -0.000000     0.007077     0.000000
    0.000018    -0.000309    -0.016670    -0.000000    -1.571000   -80.240000    23.390000    -0.000000     0.000000    -0.000000     0.000000    -0.000000    -0.000025    -0.000013     3.677000    -0.001781
   -0.000006     0.000098     0.005285    -0.000000     0.005567    -0.980400    -0.451100    -0.000000     0.000000    -0.000000     0.000000    -0.000000     0.000008     0.000004     0.041040     0.000565
   -0.000000    -0.000000     0.000000    -0.000000     0.000000     1.000000     0.000000     0.000000    -0.000000     0.000000    -0.000000     0.000000     0.000000     0.000000     0.000000     0.000000
    1.000000     0.000000    -0.000000    13.710000    -0.000000     0.000000     0.000000     0.000000     0.000000    -0.000000     0.000000     0.000000    -0.000000    -0.000000    -0.000000    -0.000000
    0.000000    -0.000000     0.000000    -0.000000     1.000000    -0.000000    -0.000000   -13.710000    -0.000000     0.000000    -0.000000   229.800000     0.000000     0.000000     0.000000     0.000000
   -0.000000     1.000000    -0.000000  -229.800000     0.000000     0.000000     0.000000     0.000000     0.000000    -0.000000     0.000000     0.000000    -0.000000    -0.000000    -0.000000    -0.000000
   -0.000000    -0.000000     0.000000     0.000000     0.000000    -0.000000     1.000000     0.000000    -0.000000     0.000000    -0.000000     0.000000     0.000000     0.000000     0.000000     0.000000

    0.000051     0.057160   -12.860000    -9.810000     0.000000     0.000000     0.000000     0.000000     0.000000    -0.000000     0.000000     0.000000    -0.000326     0.019440    -0.000000     0.004486
   -0.050750    -0.601100   223.300000    -0.000000    -0.000000     0.000000    -0.000000    -0.000000     0.000000    -0.000000     0.000000     0.000000     0.014970    -0.684300     0.000000    -0.247800
    0.001244    -0.022460    -1.220000     0.000000    -0.000419    -0.016240     0.007739     0.000000    -0.000000     0.000000    -0.000000     0.000000    -0.001819    -0.000929     0.000759    -0.130400
   -0.000000    -0.000000     1.000000     0.000000     0.000000    -0.000000    -0.000000     0.000000    -0.000000     0.000000    -0.000000     0.000000     0.000000     0.000000     0.000000     0.000000
   -0.000000    -0.000000     0.000000    -0.000000    -0.091150    12.580000  -225.900000     9.810000    -0.000000     0.000000    -0.000000    -0.000000     0.000000    -0.000000     0.007631     0.000000
    0.000017    -0.000307    -0.016660    -0.000000    -1.557000   -80.270000    22.960000    -0.000000     0.000000    -0.000000     0.000000    -0.000000    -0.000025    -0.000013     3.680000    -0.001781
   -0.000005     0.000097     0.005282    -0.000000     0.005815    -0.969300    -0.454500    -0.000000     0.000000    -0.000000     0.000000    -0.000000     0.000008     0.000004     0.040910     0.000564
   -0.000000    -0.000000     0.000000     0.000000     0.000000     1.000000     0.000000     0.000000    -0.000000     0.000000    -0.000000     0.000000     0.000000     0.000000     0.000000     0.000000
    1.000000     0.000000    -0.000000    12.730000    -0.000000     0.000000     0.000000     0.000000     0.000000    -0.000000     0.000000     0.000000    -0.000000    -0.000000    -0.000000    -0.000000
    0.000000    -0.000000     0.000000    -0.000000     1.000000    -0.000000    -0.000000   -12.730000    -0.000000     0.000000    -0.000000   229.800000     0.000000     0.000000     0.000000     0.000000
   -0.000000     1.000000    -0.000000  -229.800000     0.000000     0.000000     0.000000     0.000000     0.000000    -0.000000     0.000000     0.000000    -0.000000    -0.000000    -0.000000    -0.000000
   -0.000000    -0.000000     0.000000     0.000000     0.000000    -0.000000     1.000000     0.000000    -0.000000     0.000000    -0.000000     0.000000     0.000000     0.000000     0.000000     0.000000

    0.000352     0.128700   -12.850000    -9.810000    -0.000000    -0.000000    -0.000000     0.000000     0.000000    -0.000000     0.000000     0.000000    -0.000602     0.027500     0.000000     0.007333
   -0.088360    -0.691300   106.300000    -0.000000     0.000000     0.000000     0.000000    -0.000000     0.000000    -0.000000     0.000000     0.000000     0.008760    -0.374700    -0.000000    -0.147200
    0.002496    -0.022860    -1.150000     0.000000    -0.000238    -0.006950     0.005081     0.000000    -0.000000     0.000000    -0.000000     0.000000    -0.000734     0.000487     0.000167    -0.059890
   -0.000000    -0.000000     1.000000     0.000000     0.000000    -0.000000    -0.000000     0.000000    -0.000000     0.000000    -0.000000     0.000000     0.000000     0.000000     0.000000     0.000000
    0.000000     0.000000    -0.000000    -0.000000    -0.115900    12.610000  -109.300000     9.810000    -0.000000     0.000000    -0.000000    -0.000000     0.000000    -0.000000     0.003087    -0.000000
    0.000017    -0.000157    -0.007887    -0.000000    -1.152000   -52.740000    18.550000    -0.000000     0.000000    -0.000000     0.000000    -0.000000    -0.000005     0.000003     1.191000    -0.000411
   -0.000009     0.000081     0.004054    -0.000000     0.004881    -1.005000    -0.464100    -0.000000     0.000000    -0.000000     0.000000    -0.000000     0.000003    -0.000002     0.019560     0.000211
   -0.000000    -0.000000     0.000000     0.000000     0.000000     1.000000     0.000000     0.000000    -0.000000     0.000000    -0.000000     0.000000     0.000000     0.000000     0.000000     0.000000
    1.000000     0.000000    -0.000000    12.510000    -0.000000     0.000000     0.000000     0.000000     0.000000    -0.000000     0.000000     0.000000    -0.000000    -0.000000    -0.000000    -0.000000
    0.000000    -0.000000     0.000000    -0.000000     1.000000    -0.000000    -0.000000   -12.510000    -0.000000     0.000000    -0.000000   114.500000     0.000000     0.000000     0.000000     0.000000
   -0.000000     1.000000    -0.000000  -114.500000     0.000000     0.000000     0.000000     0.000000     0.000000    -0.000000     0.000000     0.000000    -0.000000    -0.000000    -0.000000    -0.000000
   -0.000000    -0.000000     0.000000     0.000000     0.000000    -0.000000     1.000000     0.000000    -0.000000     0.000000    -0.000000     0.000000     0.000000     0.000000     0.000000     0.000000

    0.000124     0.210700   -16.980000    -9.810000     0.000000    -0.000000     0.000000     0.000000     0.000000    -0.000000     0.000000     0.000000    -0.000762     0.031720    -0.000000     0.009429
   -0.121900    -0.563700    66.930000    -0.000000    -0.000000     0.000000     0.000000    -0.000000     0.000000    -0.000000     0.000000     0.000000     0.004663    -0.190600    -0.000000    -0.079770
    0.004232    -0.019150    -0.861300     0.000000    -0.000150    -0.003099     0.003616     0.000000    -0.000000     0.000000    -0.000000     0.000000    -0.000318     0.000327     0.000053    -0.028630
   -0.000000    -0.000000     1.000000    -0.000000     0.000000    -0.000000    -0.000000    -0.000000    -0.000000     0.000000    -0.000000    -0.000000     0.000000     0.000000     0.000000     0.000000
    0.000000     0.000000     0.000000    -0.000000    -0.097840    16.970000   -69.210000     9.810000    -0.000000     0.000000    -0.000000    -0.000000    -0.000000     0.000000     0.000094     0.000000
    0.000022    -0.000098    -0.004402    -0.000000    -0.895300   -34.050000    16.280000    -0.000000     0.000000    -0.000000     0.000000    -0.000000    -0.000002     0.000002     0.490300    -0.000146
   -0.000013     0.000060     0.002715    -0.000000    -0.000090    -0.934400    -0.314500    -0.000000     0.000000    -0.000000     0.000000    -0.000000     0.000001    -0.000001     0.010290     0.000090
   -0.000000    -0.000000     0.000000     0.000000     0.000000     1.000000     0.000000    -0.000000    -0.000000     0.000000    -0.000000    -0.000000     0.000000     0.000000     0.000000     0.000000
    1.000000     0.000000    -0.000000    16.370000    -0.000000     0.000000     0.000000     0.000000     0.000000    -0.000000     0.000000     0.000000    -0.000000    -0.000000    -0.000000    -0.000000
    0.000000    -0.000000     0.000000    -0.000000     1.000000    -0.000000    -0.000000   -16.370000    -0.000000     0.000000    -0.000000    74.050000     0.000000     0.000000     0.000000     0.000000
   -0.000000     1.000000    -0.000000   -74.050000     0.000000     0.000000     0.000000     0.000000     0.000000    -0.000000     0.000000     0.000000    -0.000000    -0.000000    -0.000000    -0.000000
   -0.000000    -0.000000     0.000000     0.000000     0.000000    -0.000000     1.000000    -0.000000    -0.000000     0.000000    -0.000000    -0.000000     0.000000     0.000000     0.000000     0.000000
