u  w  q  the  v  p  r  phi  x  y  z  psi  |  slat  flap  aileron  elevator
   -0.022600     0.446900   -26.870000    -9.810000     0.000000    -0.000000    -0.000000     0.000000     0.000000    -0.000000     0.000000     0.000000    -0.000971     0.031560     0.000000     0.012280
   -0.207600    -0.329700    29.120000    -0.000000    -0.000000     0.000000     0.000000    -0.000000     0.000000    -0.000000     0.000000     0.000000     0.001608    -0.051630     0.000000    -0.016450
    0.022010    -0.027210    -0.646700     0.000000    -0.000113    -0.087380     0.066750     0.000000    -0.000000     0.000000    -0.000000     0.000000    -0.000111    -0.000875     0.000820    -0.010570
   -0.000000    -0.000000     1.000000     0.000000     0.000000    -0.000000    -0.000000     0.000000    -0.000000     0.000000    -0.000000     0.000000     0.000000     0.000000     0.000000     0.000000
   -0.000000     0.000000    -0.000000    -0.000000    -0.050360    26.810000   -31.130000     9.810000    -0.000000     0.000000    -0.000000    -0.000000     0.000000    -0.000000    -0.000418     0.000000
    0.003248    -0.004015    -0.095440    -0.000000    -0.040580    -4.714000     5.010000    -0.000000     0.000000    -0.000000     0.000000    -0.000000    -0.000016    -0.000129     0.051910    -0.001561
    0.000660    -0.000816    -0.019390    -0.000000     0.016730    -0.645800    -0.224300    -0.000000     0.000000    -0.000000     0.000000    -0.000000    -0.000003    -0.000026     0.002138    -0.000317
   -0.000000    -0.000000     0.000000    -0.000000     0.000000     1.000000     0.000000     0.000000    -0.000000     0.000000    -0.000000     0.000000     0.000000     0.000000     0.000000     0.000000
    1.000000     0.000000    -0.000000    26.290000    -0.000000     0.000000     0.000000     0.000000     0.000000    -0.000000     0.000000     0.000000    -0.000000    -0.000000    -0.000000    -0.000000
    0.000000    -0.000000     0.000000    -0.000000     1.000000    -0.000000    -0.000000   -26.290000    -0.000000     0.000000    -0.000000    32.500000     0.000000     0.000000     0.000000     0.000000
   -0.000000     1.000000    -0.000000   -32.500000     0.000000     0.000000     0.000000     0.000000     0.000000    -0.000000     0.000000     0.000000    -0.000000    -0.000000    -0.000000    -0.000000
   -0.000000    -0.000000     0.000000     0.000000     0.000000    -0.000000     1.000000     0.000000    -0.000000     0.000000    -0.000000     0.000000     0.000000     0.000000     0.000000     0.000000

   -0.003485     0.265300   -18.090000    -9.810000    -0.000000    -0.000000     0.000000     0.000000     0.000000    -0.000000     0.000000     0.000000    -0.001003     0.034950    -0.000000     0.013780
   -0.134900    -0.553800    56.970000    -0.000000     0.000000    -0.000000    -0.000000    -0.000000     0.000000    -0.000000     0.000000     0.000000     0.004875    -0.169800     0.000000    -0.052930
    0.012130    -0.042650    -0.894500     0.000000    -0.000318    -0.136800     0.044790     0.000000    -0.000000     0.000000    -0.000000     0.000000    -0.000359    -0.003468     0.002758    -0.031270
   -0.000000    -0.000000     1.000000     0.000000     0.000000    -0.000000    -0.000000     0.000000    -0.000000     0.000000    -0.000000     0.000000     0.000000     0.000000     0.000000     0.000000
    0.000000    -0.000000     0.000000    -0.000000    -0.099590    17.970000   -59.220000     9.810000    -0.000000     0.000000    -0.000000    -0.000000    -0.000000    -0.000000    -0.000980    -0.000000
    0.001840    -0.006471    -0.135700    -0.000000    -0.089310    -8.134000     4.108000    -0.000000     0.000000    -0.000000     0.000000    -0.000000    -0.000054    -0.000526     0.173500    -0.004745
    0.000381    -0.001339    -0.028090    -0.000000     0.035110    -0.328800    -0.628800    -0.000000     0.000000    -0.000000     0.000000    -0.000000    -0.000011    -0.000109     0.001736    -0.000982
   -0.000000    -0.000000     0.000000     0.000000     0.000000     1.000000     0.000000     0.000000    -0.000000     0.000000    -0.000000     0.000000     0.000000     0.000000     0.000000     0.000000
    1.000000     0.000000    -0.000000    17.720000    -0.000000     0.000000     0.000000     0.000000     0.000000    -0.000000     0.000000     0.000000    -0.000000    -0.000000    -0.000000    -0.000000
    0.000000    -0.000000     0.000000    -0.000000     1.000000    -0.000000    -0.000000   -17.720000    -0.000000     0.000000    -0.000000    62.320000     0.000000     0.000000     0.000000     0.000000
   -0.000000     1.000000    -0.000000   -62.320000     0.000000     0.000000     0.000000     0.000000     0.000000    -0.000000     0.000000     0.000000    -0.000000    -0.000000    -0.000000    -0.000000
   -0.000000    -0.000000     0.000000     0.000000     0.000000    -0.000000     1.000000    -0.000000    -0.000000     0.000000    -0.000000     0.000000     0.000000     0.000000     0.000000     0.000000

    0.000072     0.113700   -11.060000    -9.810000    -0.000000     0.000000     0.000000     0.000000     0.000000    -0.000000     0.000000     0.000000    -0.000775     0.027900    -0.000000     0.012040
   -0.075350    -0.804900   128.000000    -0.000000     0.000000     0.000000    -0.000000    -0.000000     0.000000    -0.000000     0.000000     0.000000     0.015020    -0.542200     0.000000    -0.166800
    0.005348    -0.066400    -1.317000     0.000000    -0.000573    -0.222100     0.024500     0.000000    -0.000000     0.000000    -0.000000     0.000000    -0.001275    -0.013020     0.010260    -0.105200
   -0.000000    -0.000000     1.000000     0.000000     0.000000    -0.000000    -0.000000     0.000000    -0.000000     0.000000    -0.000000     0.000000     0.000000     0.000000     0.000000     0.000000
   -0.000000    -0.000000     0.000000    -0.000000    -0.150300    10.920000  -130.600000     9.810000    -0.000000     0.000000    -0.000000    -0.000000    -0.000000    -0.000000    -0.002714    -0.000000
    0.000859    -0.010660    -0.211500    -0.000000    -0.148700   -12.350000     3.615000    -0.000000     0.000000    -0.000000     0.000000    -0.000000    -0.000205    -0.002091     0.576000    -0.016890
    0.000185    -0.002302    -0.045660    -0.000000     0.059520    -0.005660    -1.147000    -0.000000     0.000000    -0.000000     0.000000    -0.000000    -0.000044    -0.000451    -0.002523    -0.003648
   -0.000000    -0.000000     0.000000    -0.000000     0.000000     1.000000     0.000000     0.000000    -0.000000     0.000000    -0.000000     0.000000     0.000000     0.000000     0.000000     0.000000
    1.000000     0.000000    -0.000000    10.910000    -0.000000     0.000000     0.000000     0.000000     0.000000    -0.000000     0.000000     0.000000    -0.000000    -0.000000    -0.000000    -0.000000
    0.000000    -0.000000     0.000000    -0.000000     1.000000    -0.000000    -0.000000   -10.910000    -0.000000     0.000000    -0.000000   135.500000     0.000000     0.000000     0.000000     0.000000
   -0.000000     1.000000    -0.000000  -135.500000     0.000000     0.000000     0.000000     0.000000     0.000000    -0.000000     0.000000     0.000000    -0.000000    -0.000000    -0.000000    -0.000000
   -0.000000    -0.000000     0.000000     0.000000     0.000000    -0.000000     1.000000     0.000000    -0.000000     0.000000    -0.000000     0.000000     0.000000     0.000000     0.000000     0.000000

    0.000111     0.112600   -10.190000    -9.810000    -0.000000    -0.000000     0.000000     0.000000     0.000000    -0.000000     0.000000     0.000000    -0.000752     0.027140     0.000000     0.011840
   -0.076270    -0.858400   127.600000    -0.000000     0.000000    -0.000000    -0.000000    -0.000000     0.000000    -0.000000     0.000000     0.000000     0.016020    -0.578600     0.000000    -0.177900
    0.004913    -0.066330    -1.313000     0.000000    -0.000576    -0.221700     0.022830     0.000000    -0.000000     0.000000    -0.000000     0.000000    -0.001275    -0.013050     0.010270    -0.105100
   -0.000000    -0.000000     1.000000     0.000000     0.000000    -0.000000    -0.000000     0.000000    -0.000000     0.000000    -0.000000     0.000000     0.000000     0.000000     0.000000     0.000000
   -0.000000    -0.000000     0.000000    -0.000000    -0.160700    10.040000  -130.400000     9.810000    -0.000000     0.000000    -0.000000    -0.000000    -0.000000    -0.000000    -0.002880    -0.000000
    0.000789    -0.010650    -0.210900    -0.000000    -0.149200   -12.360000     3.532000    -0.000000     0.000000    -0.000000     0.000000    -0.000000    -0.000205    -0.002096     0.576700    -0.016880
    0.000170    -0.002300    -0.045530    -0.000000     0.059650     0.009692    -1.152000    -0.000000     0.000000    -0.000000     0.000000    -0.000000    -0.000044    -0.000453    -0.002742    -0.003644
   -0.000000    -0.000000     0.000000    -0.000000     0.000000     1.000000     0.000000     0.000000    -0.000000     0.000000    -0.000000     0.000000     0.000000     0.000000     0.000000     0.000000
    1.000000     0.000000    -0.000000    10.040000    -0.000000     0.000000     0.000000     0.000000     0.000000    -0.000000     0.000000     0.000000    -0.000000    -0.000000    -0.000000    -0.000000
    0.000000    -0.000000     0.000000    -0.000000     1.000000    -0.000000    -0.000000   -10.040000    -0.000000     0.000000    -0.000000   135.500000     0.000000     0.000000     0.000000     0.000000
   -0.000000     1.000000    -0.000000  -135.500000     0.000000     0.000000     0.000000     0.000000     0.000000    -0.000000     0.000000     0.000000    -0.000000    -0.000000    -0.000000    -0.000000
   -0.000000    -0.000000     0.000000     0.000000     0.000000    -0.000000     1.000000     0.000000    -0.000000     0.000000    -0.000000     0.000000     0.000000     0.000000     0.000000     0.000000

   -0.003068     0.264100   -16.850000    -9.810000    -0.000000     0.000000     0.000000     0.000000     0.000000    -0.000000     0.000000     0.000000    -0.000997     0.034840    -0.000000     0.013760
   -0.135000    -0.592900    56.940000    -0.000000     0.000000    -0.000000    -0.000000    -0.000000     0.000000    -0.000000     0.000000     0.000000     0.005234    -0.182900     0.000000    -0.056980
    0.011220    -0.042660    -0.889800     0.000000    -0.000324    -0.136700     0.041850     0.000000    -0.000000     0.000000    -0.000000     0.000000    -0.000362    -0.003528     0.002784    -0.031420
   -0.000000    -0.000000     1.000000     0.000000     0.000000    -0.000000    -0.000000    -0.000000    -0.000000     0.000000    -0.000000     0.000000     0.000000     0.000000     0.000000     0.000000
    0.000000    -0.000000     0.000000    -0.000000    -0.107400    16.710000   -59.310000     9.810000    -0.000000     0.000000    -0.000000    -0.000000    -0.000000    -0.000000    -0.001038    -0.000000
    0.001702    -0.006473    -0.135000    -0.000000    -0.090570    -8.182000     3.945000    -0.000000     0.000000    -0.000000     0.000000    -0.000000    -0.000055    -0.000535     0.175600    -0.004768
    0.000352    -0.001340    -0.027940    -0.000000     0.035530    -0.298200    -0.642000    -0.000000     0.000000    -0.000000     0.000000    -0.000000    -0.000011    -0.000111     0.001542    -0.000987
   -0.000000    -0.000000     0.000000     0.000000     0.000000     1.000000     0.000000     0.000000    -0.000000     0.000000    -0.000000     0.000000     0.000000     0.000000     0.000000     0.000000
    1.000000     0.000000    -0.000000    16.480000    -0.000000     0.000000     0.000000     0.000000     0.000000    -0.000000     0.000000     0.000000    -0.000000    -0.000000    -0.000000    -0.000000
    0.000000    -0.000000     0.000000    -0.000000     1.000000    -0.000000    -0.000000   -16.480000    -0.000000     0.000000    -0.000000    62.660000     0.000000     0.000000     0.000000     0.000000
   -0.000000     1.000000    -0.000000   -62.660000     0.000000     0.000000     0.000000     0.000000     0.000000    -0.000000     0.000000     0.000000    -0.000000    -0.000000    -0.000000    -0.000000
   -0.000000    -0.000000     0.000000     0.000000     0.000000    -0.000000     1.000000     0.000000    -0.000000     0.000000    -0.000000     0.000000     0.000000     0.000000     0.000000     0.000000

   -0.019390     0.441800   -24.890000    -9.810000     0.000000     0.000000    -0.000000     0.000000     0.000000    -0.000000     0.000000     0.000000    -0.000993     0.032660    -0.000000     0.012700
   -0.205600    -0.367100    30.280000    -0.000000    -0.000000     0.000000     0.000000    -0.000000     0.000000    -0.000000     0.000000     0.000000     0.001854    -0.060360     0.000000    -0.019180
    0.019920    -0.027880    -0.648900     0.000000    -0.000131    -0.089120     0.061900     0.000000    -0.000000     0.000000    -0.000000     0.000000    -0.000120    -0.000988     0.000892    -0.011310
   -0.000000    -0.000000     1.000000     0.000000     0.000000    -0.000000    -0.000000     0.000000    -0.000000     0.000000    -0.000000     0.000000     0.000000     0.000000     0.000000     0.000000
   -0.000000     0.000000    -0.000000    -0.000000    -0.058120    24.800000   -32.380000     9.810000    -0.000000     0.000000    -0.000000    -0.000000    -0.000000    -0.000000    -0.000463     0.000000
    0.002940    -0.004115    -0.095770    -0.000000    -0.044540    -4.942000     4.747000    -0.000000     0.000000    -0.000000     0.000000    -0.000000    -0.000018    -0.000146     0.057030    -0.001669
    0.000597    -0.000836    -0.019460    -0.000000     0.018120    -0.590600    -0.259700    -0.000000     0.000000    -0.000000     0.000000    -0.000000    -0.000004    -0.000030     0.002041    -0.000339
   -0.000000    -0.000000     0.000000    -0.000000     0.000000     1.000000     0.000000     0.000000    -0.000000     0.000000    -0.000000     0.000000     0.000000     0.000000     0.000000     0.000000
    1.000000     0.000000    -0.000000    24.300000    -0.000000     0.000000     0.000000     0.000000     0.000000    -0.000000     0.000000     0.000000    -0.000000    -0.000000    -0.000000    -0.000000
    0.000000    -0.000000     0.000000    -0.000000     1.000000    -0.000000    -0.000000   -24.300000    -0.000000     0.000000    -0.000000    34.020000     0.000000     0.000000     0.000000     0.000000
   -0.000000     1.000000    -0.000000   -34.020000     0.000000     0.000000     0.000000     0.000000     0.000000    -0.000000     0.000000     0.000000    -0.000000    -0.000000    -0.000000    -0.000000
   -0.000000    -0.000000     0.000000     0.000000     0.000000    -0.000000     1.000000     0.000000    -0.000000     0.000000    -0.000000     0.000000     0.000000     0.000000     0.000000     0.000000
