u  w  q  the  v  p  r  phi  x  y  z  psi  |  slat  flap  aileron  elevator
   -0.024960     0.449800   -27.040000    -9.810000     0.000000    -0.000000    -0.000000     0.000000     0.000000    -0.000000     0.000000     0.000000    -0.000975     0.031660    -0.000000     0.012580
   -0.206000    -0.327900    28.910000    -0.000000    -0.000000     0.000000     0.000000    -0.000000     0.000000    -0.000000     0.000000     0.000000     0.001592    -0.051050     0.000000    -0.016270
    0.023250    -0.028350    -0.662700     0.000000     0.000050    -0.070200     0.048550     0.000000    -0.000000     0.000000    -0.000000     0.000000    -0.000103    -0.001084     0.000624    -0.010580
   -0.000000    -0.000000     1.000000     0.000000     0.000000    -0.000000    -0.000000     0.000000    -0.000000     0.000000    -0.000000     0.000000     0.000000     0.000000     0.000000     0.000000
   -0.000000     0.000000    -0.000000    -0.000000    -0.050200    27.030000   -30.960000     9.810000    -0.000000     0.000000    -0.000000    -0.000000    -0.000000    -0.000000    -0.000419     0.000000
    0.002562    -0.003123    -0.073020    -0.000000    -0.026330    -3.045000     3.273000    -0.000000     0.000000    -0.000000     0.000000    -0.000000    -0.000011    -0.000119     0.033320    -0.001166
    0.000715    -0.000872    -0.020380    -0.000000     0.015950    -0.625700    -0.201700    -0.000000     0.000000    -0.000000     0.000000    -0.000000    -0.000003    -0.000033     0.002144    -0.000325
   -0.000000    -0.000000     0.000000    -0.000000     0.000000     1.000000     0.000000     0.000000    -0.000000     0.000000    -0.000000     0.000000     0.000000     0.000000     0.000000     0.000000
    1.000000     0.000000    -0.000000    26.510000    -0.000000     0.000000     0.000000     0.000000     0.000000    -0.000000     0.000000     0.000000    -0.000000    -0.000000    -0.000000    -0.000000
    0.000000    -0.000000     0.000000    -0.000000     1.000000    -0.000000    -0.000000   -26.510000    -0.000000     0.000000    -0.000000    32.330000     0.000000     0.000000     0.000000     0.000000
   -0.000000     1.000000    -0.000000   -32.330000     0.000000     0.000000     0.000000     0.000000     0.000000    -0.000000     0.000000     0.000000    -0.000000    -0.000000    -0.000000    -0.000000
   -0.000000    -0.000000     0.000000    -0.000000     0.000000    -0.000000     1.000000    -0.000000    -0.000000     0.000000    -0.000000     0.000000     0.000000     0.000000     0.000000     0.000000

   -0.004019     0.267000   -18.220000    -9.810000    -0.000000     0.000000     0.000000     0.000000     0.000000    -0.000000     0.000000     0.000000    -0.001013     0.035270    -0.000000     0.014260
   -0.133600    -0.553400    56.850000    -0.000000     0.000000    -0.000000    -0.000000    -0.000000     0.000000    -0.000000     0.000000     0.000000     0.004869    -0.169600     0.000000    -0.052860
    0.012910    -0.044980    -0.914300     0.000000     0.000070    -0.104200     0.028060     0.000000    -0.000000     0.000000    -0.000000     0.000000    -0.000335    -0.004234     0.002056    -0.031490
   -0.000000    -0.000000     1.000000     0.000000     0.000000    -0.000000    -0.000000     0.000000    -0.000000     0.000000    -0.000000     0.000000     0.000000     0.000000     0.000000     0.000000
    0.000000    -0.000000     0.000000    -0.000000    -0.099680    18.120000   -59.170000     9.810000    -0.000000     0.000000    -0.000000    -0.000000    -0.000000    -0.000000    -0.000984    -0.000000
    0.001447    -0.005042    -0.102500    -0.000000    -0.057390    -5.220000     2.656000    -0.000000     0.000000    -0.000000     0.000000    -0.000000    -0.000038    -0.000475     0.111300    -0.003530
    0.000416    -0.001448    -0.029430    -0.000000     0.033340    -0.334600    -0.589400    -0.000000     0.000000    -0.000000     0.000000    -0.000000    -0.000011    -0.000136     0.002131    -0.001013
   -0.000000    -0.000000     0.000000    -0.000000     0.000000     1.000000     0.000000     0.000000    -0.000000     0.000000    -0.000000     0.000000     0.000000     0.000000     0.000000     0.000000
    1.000000     0.000000    -0.000000    17.880000    -0.000000     0.000000     0.000000     0.000000     0.000000    -0.000000     0.000000     0.000000    -0.000000    -0.000000    -0.000000    -0.000000
    0.000000    -0.000000     0.000000    -0.000000     1.000000    -0.000000    -0.000000   -17.880000    -0.000000     0.000000    -0.000000    62.280000     0.000000     0.000000     0.000000     0.000000
   -0.000000     1.000000    -0.000000   -62.280000     0.000000     0.000000     0.000000     0.000000     0.000000    -0.000000     0.000000     0.000000    -0.000000    -0.000000    -0.000000    -0.000000
   -0.000000    -0.000000     0.000000     0.000000     0.000000    -0.000000     1.000000    -0.000000    -0.000000     0.000000    -0.000000     0.000000     0.000000     0.000000     0.000000     0.000000

    0.000002     0.114500   -11.170000    -9.810000    -0.000000     0.000000     0.000000     0.000000     0.000000    -0.000000     0.000000     0.000000    -0.000784     0.028260    -0.000000     0.012580
   -0.074690    -0.804900   127.900000    -0.000000     0.000000    -0.000000    -0.000000    -0.000000     0.000000    -0.000000     0.000000     0.000000     0.015020    -0.542100     0.000000    -0.166700
    0.005724    -0.070350    -1.342000     0.000000     0.000197    -0.161400     0.006277     0.000000    -0.000000     0.000000    -0.000000     0.000000    -0.001193    -0.015800     0.007432    -0.105900
   -0.000000    -0.000000     1.000000     0.000000     0.000000    -0.000000    -0.000000     0.000000    -0.000000     0.000000    -0.000000     0.000000     0.000000     0.000000     0.000000     0.000000
   -0.000000    -0.000000     0.000000    -0.000000    -0.150400    11.040000  -130.600000     9.810000    -0.000000     0.000000    -0.000000    -0.000000    -0.000000    -0.000000    -0.002719    -0.000000
    0.000664    -0.008163    -0.155700    -0.000000    -0.093180    -7.746000     2.281000    -0.000000     0.000000    -0.000000     0.000000    -0.000000    -0.000138    -0.001833     0.361300    -0.012280
    0.000203    -0.002495    -0.047600    -0.000000     0.055870    -0.054420    -1.074000    -0.000000     0.000000    -0.000000     0.000000    -0.000000    -0.000042    -0.000560    -0.000083    -0.003754
   -0.000000    -0.000000     0.000000    -0.000000     0.000000     1.000000     0.000000     0.000000    -0.000000     0.000000    -0.000000     0.000000     0.000000     0.000000     0.000000     0.000000
    1.000000     0.000000    -0.000000    11.020000    -0.000000     0.000000     0.000000     0.000000     0.000000    -0.000000     0.000000     0.000000    -0.000000    -0.000000    -0.000000    -0.000000
    0.000000    -0.000000     0.000000    -0.000000     1.000000    -0.000000    -0.000000   -11.020000    -0.000000     0.000000    -0.000000   135.500000     0.000000     0.000000     0.000000     0.000000
   -0.000000     1.000000    -0.000000  -135.500000     0.000000     0.000000     0.000000     0.000000     0.000000    -0.000000     0.000000     0.000000    -0.000000    -0.000000    -0.000000    -0.000000
   -0.000000    -0.000000     0.000000     0.000000     0.000000    -0.000000     1.000000    -0.000000    -0.000000     0.000000    -0.000000     0.000000     0.000000     0.000000     0.000000     0.000000

    0.000046     0.113400   -10.290000    -9.810000    -0.000000     0.000000     0.000000     0.000000     0.000000    -0.000000     0.000000     0.000000    -0.000762     0.027500    -0.000000     0.012390
   -0.075610    -0.858400   127.500000    -0.000000     0.000000    -0.000000    -0.000000    -0.000000     0.000000    -0.000000     0.000000     0.000000     0.016010    -0.578600     0.000000    -0.177900
    0.005261    -0.070280    -1.338000     0.000000     0.000196    -0.161000     0.005002     0.000000    -0.000000     0.000000    -0.000000     0.000000    -0.001193    -0.015840     0.007433    -0.105800
   -0.000000    -0.000000     1.000000     0.000000     0.000000    -0.000000    -0.000000     0.000000    -0.000000     0.000000    -0.000000     0.000000     0.000000     0.000000     0.000000     0.000000
   -0.000000    -0.000000     0.000000    -0.000000    -0.160700    10.150000  -130.300000     9.810000    -0.000000     0.000000    -0.000000    -0.000000    -0.000000    -0.000000    -0.002886    -0.000000
    0.000611    -0.008155    -0.155300    -0.000000    -0.093440    -7.751000     2.229000    -0.000000     0.000000    -0.000000     0.000000    -0.000000    -0.000138    -0.001838     0.361800    -0.012270
    0.000187    -0.002492    -0.047450    -0.000000     0.055990    -0.039990    -1.080000    -0.000000     0.000000    -0.000000     0.000000    -0.000000    -0.000042    -0.000562    -0.000286    -0.003750
   -0.000000    -0.000000     0.000000    -0.000000     0.000000     1.000000     0.000000     0.000000    -0.000000     0.000000    -0.000000     0.000000     0.000000     0.000000     0.000000     0.000000
    1.000000     0.000000    -0.000000    10.140000    -0.000000     0.000000     0.000000     0.000000     0.000000    -0.000000     0.000000     0.000000    -0.000000    -0.000000    -0.000000    -0.000000
    0.000000    -0.000000     0.000000    -0.000000     1.000000    -0.000000    -0.000000   -10.140000    -0.000000     0.000000    -0.000000   135.500000     0.000000     0.000000     0.000000     0.000000
   -0.000000     1.000000    -0.000000  -135.500000     0.000000     0.000000     0.000000     0.000000     0.000000    -0.000000     0.000000     0.000000    -0.000000    -0.000000    -0.000000    -0.000000
   -0.000000    -0.000000     0.000000     0.000000     0.000000    -0.000000     1.000000     0.000000    -0.000000     0.000000    -0.000000     0.000000     0.000000     0.000000     0.000000     0.000000

   -0.003562     0.265800   -16.970000    -9.810000    -0.000000     0.000000     0.000000     0.000000     0.000000    -0.000000     0.000000     0.000000    -0.001007     0.035160    -0.000000     0.014250
   -0.133700    -0.592500    56.820000    -0.000000     0.000000    -0.000000    -0.000000    -0.000000     0.000000    -0.000000     0.000000     0.000000     0.005229    -0.182700     0.000000    -0.056910
    0.011950    -0.045010    -0.909300     0.000000     0.000069    -0.103800     0.025750     0.000000    -0.000000     0.000000    -0.000000     0.000000    -0.000338    -0.004303     0.002074    -0.031640
   -0.000000    -0.000000     1.000000     0.000000     0.000000    -0.000000    -0.000000     0.000000    -0.000000     0.000000    -0.000000     0.000000     0.000000     0.000000     0.000000     0.000000
    0.000000    -0.000000     0.000000    -0.000000    -0.107500    16.860000   -59.260000     9.810000    -0.000000     0.000000    -0.000000    -0.000000    -0.000000    -0.000000    -0.001042    -0.000000
    0.001339    -0.005046    -0.101900    -0.000000    -0.058190    -5.251000     2.550000    -0.000000     0.000000    -0.000000     0.000000    -0.000000    -0.000038    -0.000482     0.112600    -0.003546
    0.000385    -0.001449    -0.029270    -0.000000     0.033740    -0.305800    -0.602500    -0.000000     0.000000    -0.000000     0.000000    -0.000000    -0.000011    -0.000139     0.001953    -0.001018
   -0.000000    -0.000000     0.000000    -0.000000     0.000000     1.000000     0.000000     0.000000    -0.000000     0.000000    -0.000000     0.000000     0.000000     0.000000     0.000000     0.000000
    1.000000     0.000000    -0.000000    16.620000    -0.000000     0.000000     0.000000     0.000000     0.000000    -0.000000     0.000000     0.000000    -0.000000    -0.000000    -0.000000    -0.000000
    0.000000    -0.000000     0.000000    -0.000000     1.000000    -0.000000    -0.000000   -16.620000    -0.000000     0.000000    -0.000000    62.630000     0.000000     0.000000     0.000000     0.000000
   -0.000000     1.000000    -0.000000   -62.630000     0.000000     0.000000     0.000000     0.000000     0.000000    -0.000000     0.000000     0.000000    -0.000000    -0.000000    -0.000000    -0.000000
   -0.000000    -0.000000     0.000000     0.000000     0.000000    -0.000000     1.000000     0.000000    -0.000000     0.000000    -0.000000     0.000000     0.000000     0.000000     0.000000     0.000000

   -0.021460     0.444600   -25.050000    -9.810000     0.000000     0.000000    -0.000000     0.000000     0.000000    -0.000000     0.000000     0.000000    -0.000999     0.032810    -0.000000     0.013030
   -0.203900    -0.365600    30.090000    -0.000000    -0.000000     0.000000     0.000000    -0.000000     0.000000    -0.000000     0.000000     0.000000     0.001840    -0.059830     0.000000    -0.019010
    0.021060    -0.029120    -0.664900     0.000000     0.000048    -0.071120     0.044610     0.000000    -0.000000     0.000000    -0.000000     0.000000    -0.000112    -0.001221     0.000678    -0.011340
   -0.000000    -0.000000     1.000000     0.000000     0.000000    -0.000000    -0.000000     0.000000    -0.000000     0.000000    -0.000000     0.000000     0.000000     0.000000     0.000000     0.000000
   -0.000000     0.000000    -0.000000    -0.000000    -0.058020    25.010000   -32.240000     9.810000    -0.000000     0.000000    -0.000000    -0.000000    -0.000000    -0.000000    -0.000463     0.000000
    0.002321    -0.003208    -0.073260    -0.000000    -0.028930    -3.196000     3.101000    -0.000000     0.000000    -0.000000     0.000000    -0.000000    -0.000012    -0.000134     0.036690    -0.001249
    0.000648    -0.000896    -0.020450    -0.000000     0.017290    -0.573600    -0.236600    -0.000000     0.000000    -0.000000     0.000000    -0.000000    -0.000003    -0.000038     0.002066    -0.000349
   -0.000000    -0.000000     0.000000    -0.000000     0.000000     1.000000     0.000000     0.000000    -0.000000     0.000000    -0.000000     0.000000     0.000000     0.000000     0.000000     0.000000
    1.000000     0.000000    -0.000000    24.510000    -0.000000     0.000000     0.000000     0.000000     0.000000    -0.000000     0.000000     0.000000    -0.000000    -0.000000    -0.000000    -0.000000
    0.000000    -0.000000     0.000000    -0.000000     1.000000    -0.000000    -0.000000   -24.510000    -0.000000     0.000000    -0.000000    33.870000     0.000000     0.000000     0.000000     0.000000
   -0.000000     1.000000    -0.000000   -33.870000     0.000000     0.000000     0.000000     0.000000     0.000000    -0.000000     0.000000     0.000000    -0.000000    -0.000000    -0.000000    -0.000000
   -0.000000    -0.000000     0.000000     0.000000     0.000000    -0.000000     1.000000     0.000000    -0.000000     0.000000    -0.000000     0.000000     0.000000     0.000000     0.000000     0.000000
