u  w  q  the  v  p  r  phi  x  y  z  psi  |  slat  flap  aileron  elevator
   -0.000955     0.218200   -18.610000    -9.810000    -0.000000     0.000000     0.000000     0.000000     0.000000    -0.000000     0.000000     0.000000    -0.000800     0.033140    -0.000000     0.011760
   -0.116900    -0.532500    66.590000    -0.000000    -0.000000     0.000000     0.000000    -0.000000     0.000000    -0.000000     0.000000     0.000000     0.004393    -0.178900    -0.000000    -0.075210
    0.006415    -0.026130    -0.912000     0.000000    -0.002719    -0.106400     0.050070     0.000000    -0.000000     0.000000    -0.000000     0.000000    -0.000254    -0.002126     0.001503    -0.029320
   -0.000000    -0.000000     1.000000     0.000000     0.000000    -0.000000    -0.000000     0.000000    -0.000000     0.000000    -0.000000     0.000000     0.000000     0.000000     0.000000     0.000000
    0.000000     0.000000     0.000000    -0.000000    -0.091540    18.750000   -68.980000     9.810000    -0.000000     0.000000    -0.000000    -0.000000    -0.000000     0.000000    -0.000196     0.000000
    0.000841    -0.003425    -0.119500    -0.000000    -0.317000   -11.770000     6.047000    -0.000000     0.000000    -0.000000     0.000000    -0.000000    -0.000033    -0.000279     0.168400    -0.003842
    0.000054    -0.000221    -0.007702    -0.000000     0.009778    -0.574000    -0.495200    -0.000000     0.000000    -0.000000     0.000000    -0.000000    -0.000002    -0.000018     0.004830    -0.000248
   -0.000000    -0.000000     0.000000    -0.000000     0.000000     1.000000     0.000000     0.000000    -0.000000     0.000000    -0.000000     0.000000     0.000000     0.000000     0.000000     0.000000
    1.000000     0.000000    -0.000000    18.080000    -0.000000     0.000000     0.000000     0.000000     0.000000    -0.000000     0.000000     0.000000    -0.000000    -0.000000    -0.000000    -0.000000
    0.000000    -0.000000     0.000000    -0.000000     1.000000    -0.000000    -0.000000   -18.080000    -0.000000     0.000000    -0.000000    73.650000     0.000000     0.000000     0.000000     0.000000
   -0.000000     1.000000    -0.000000   -73.650000     0.000000     0.000000     0.000000     0.000000     0.000000    -0.000000     0.000000     0.000000    -0.000000    -0.000000    -0.000000    -0.000000
   -0.000000    -0.000000     0.000000     0.000000     0.000000    -0.000000     1.000000     0.000000    -0.000000     0.000000    -0.000000     0.000000     0.000000     0.000000     0.000000     0.000000

    0.000082     0.133800   -14.190000    -9.810000    -0.000000    -0.000000     0.000000     0.000000     0.000000    -0.000000     0.000000     0.000000    -0.000645     0.029230     0.000000     0.009924
   -0.084670    -0.655000   106.100000    -0.000000    -0.000000     0.000000    -0.000000    -0.000000     0.000000    -0.000000     0.000000     0.000000     0.008301    -0.354400     0.000000    -0.139500
    0.003957    -0.032550    -1.216000     0.000000    -0.003331    -0.158400     0.053910     0.000000    -0.000000     0.000000    -0.000000     0.000000    -0.000602    -0.004919     0.003546    -0.061540
   -0.000000    -0.000000     1.000000     0.000000     0.000000    -0.000000    -0.000000     0.000000    -0.000000     0.000000    -0.000000     0.000000     0.000000     0.000000     0.000000     0.000000
    0.000000     0.000000    -0.000000    -0.000000    -0.109300    14.060000  -109.300000     9.810000    -0.000000     0.000000    -0.000000    -0.000000     0.000000    -0.000000     0.002659    -0.000000
    0.000561    -0.004618    -0.172500    -0.000000    -0.342500   -15.440000     5.795000    -0.000000     0.000000    -0.000000     0.000000    -0.000000    -0.000085    -0.000698     0.348000    -0.008731
    0.000036    -0.000295    -0.011030    -0.000000     0.017140    -0.450500    -0.657900    -0.000000     0.000000    -0.000000     0.000000    -0.000000    -0.000005    -0.000045     0.006786    -0.000558
   -0.000000    -0.000000     0.000000    -0.000000     0.000000     1.000000     0.000000     0.000000    -0.000000     0.000000    -0.000000     0.000000     0.000000     0.000000     0.000000     0.000000
    1.000000     0.000000    -0.000000    13.900000    -0.000000     0.000000     0.000000     0.000000     0.000000    -0.000000     0.000000     0.000000    -0.000000    -0.000000    -0.000000    -0.000000
    0.000000    -0.000000     0.000000    -0.000000     1.000000    -0.000000    -0.000000   -13.900000    -0.000000     0.000000    -0.000000   114.400000     0.000000     0.000000     0.000000     0.000000
   -0.000000     1.000000    -0.000000  -114.400000     0.000000     0.000000     0.000000     0.000000     0.000000    -0.000000     0.000000     0.000000    -0.000000    -0.000000    -0.000000    -0.000000
   -0.000000    -0.000000     0.000000     0.000000     0.000000    -0.000000     1.000000    -0.000000    -0.000000     0.000000    -0.000000     0.000000     0.000000     0.000000     0.000000     0.000000

    0.000021     0.059910   -14.460000    -9.810000     0.000000     0.000000     0.000000     0.000000     0.000000    -0.000000     0.000000     0.000000    -0.000374     0.021470    -0.000000     0.007417
   -0.048580    -0.569300   223.200000    -0.000000    -0.000000     0.000000     0.000000    -0.000000     0.000000    -0.000000     0.000000     0.000000     0.014190    -0.647600     0.000000    -0.234900
    0.002070    -0.033140    -1.286000     0.000000    -0.003665    -0.197800     0.053890     0.000000    -0.000000     0.000000    -0.000000     0.000000    -0.001527    -0.013420     0.009029    -0.133600
   -0.000000    -0.000000     1.000000     0.000000     0.000000    -0.000000    -0.000000     0.000000    -0.000000     0.000000    -0.000000     0.000000     0.000000     0.000000     0.000000     0.000000
   -0.000000    -0.000000     0.000000    -0.000000    -0.086090    14.240000  -225.900000     9.810000    -0.000000     0.000000    -0.000000    -0.000000     0.000000    -0.000000     0.007000     0.000000
    0.000338    -0.005406    -0.209800    -0.000000    -0.291600   -14.870000     4.526000    -0.000000     0.000000    -0.000000     0.000000    -0.000000    -0.000249    -0.002188     0.681300    -0.021800
    0.000021    -0.000340    -0.013180    -0.000000     0.019270    -0.260000    -0.644600    -0.000000     0.000000    -0.000000     0.000000    -0.000000    -0.000016    -0.000138     0.008144    -0.001369
   -0.000000    -0.000000     0.000000     0.000000     0.000000     1.000000     0.000000     0.000000    -0.000000     0.000000    -0.000000     0.000000     0.000000     0.000000     0.000000     0.000000
    1.000000     0.000000    -0.000000    14.340000    -0.000000     0.000000     0.000000     0.000000     0.000000    -0.000000     0.000000     0.000000    -0.000000    -0.000000    -0.000000    -0.000000
    0.000000    -0.000000     0.000000    -0.000000     1.000000    -0.000000    -0.000000   -14.340000    -0.000000     0.000000    -0.000000   229.700000     0.000000     0.000000     0.000000     0.000000
   -0.000000     1.000000    -0.000000  -229.700000     0.000000     0.000000     0.000000     0.000000     0.000000    -0.000000     0.000000     0.000000    -0.000000    -0.000000    -0.000000    -0.000000
   -0.000000    -0.000000     0.000000     0.000000     0.000000    -0.000000     1.000000    -0.000000    -0.000000     0.000000    -0.000000     0.000000     0.000000     0.000000     0.000000     0.000000

    0.000009     0.059280   -13.440000    -9.810000     0.000000     0.000000     0.000000     0.000000     0.000000    -0.000000     0.000000     0.000000    -0.000353     0.020710    -0.000000     0.007188
   -0.049190    -0.600900   222.900000    -0.000000    -0.000000     0.000000    -0.000000    -0.000000     0.000000    -0.000000     0.000000     0.000000     0.014970    -0.684100     0.000000    -0.247900
    0.001916    -0.033020    -1.285000     0.000000    -0.003628    -0.197800     0.052820     0.000000    -0.000000     0.000000    -0.000000     0.000000    -0.001527    -0.013390     0.009036    -0.133600
   -0.000000    -0.000000     1.000000     0.000000     0.000000    -0.000000    -0.000000    -0.000000    -0.000000     0.000000    -0.000000     0.000000     0.000000     0.000000     0.000000     0.000000
   -0.000000    -0.000000     0.000000    -0.000000    -0.090980    13.200000  -225.800000     9.810000    -0.000000     0.000000    -0.000000    -0.000000     0.000000    -0.000000     0.007554     0.000000
    0.000312    -0.005385    -0.209600    -0.000000    -0.288800   -14.880000     4.445000    -0.000000     0.000000    -0.000000     0.000000    -0.000000    -0.000249    -0.002185     0.682000    -0.021780
    0.000020    -0.000338    -0.013160    -0.000000     0.019390    -0.248900    -0.644200    -0.000000     0.000000    -0.000000     0.000000    -0.000000    -0.000016    -0.000137     0.007995    -0.001368
   -0.000000    -0.000000     0.000000     0.000000     0.000000     1.000000     0.000000     0.000000    -0.000000     0.000000    -0.000000     0.000000     0.000000     0.000000     0.000000     0.000000
    1.000000     0.000000    -0.000000    13.330000    -0.000000     0.000000     0.000000     0.000000     0.000000    -0.000000     0.000000     0.000000    -0.000000    -0.000000    -0.000000    -0.000000
    0.000000    -0.000000     0.000000    -0.000000     1.000000    -0.000000    -0.000000   -13.330000    -0.000000     0.000000    -0.000000   229.800000     0.000000     0.000000     0.000000     0.000000
   -0.000000     1.000000    -0.000000  -229.800000     0.000000     0.000000     0.000000     0.000000     0.000000    -0.000000     0.000000     0.000000    -0.000000    -0.000000    -0.000000    -0.000000
   -0.000000    -0.000000     0.000000     0.000000     0.000000    -0.000000     1.000000     0.000000    -0.000000     0.000000    -0.000000     0.000000     0.000000     0.000000     0.000000     0.000000

    0.000107     0.133000   -13.320000    -9.810000    -0.000000    -0.000000     0.000000     0.000000     0.000000    -0.000000     0.000000     0.000000    -0.000633     0.028820     0.000000     0.009773
   -0.085240    -0.690800   105.800000    -0.000000     0.000000     0.000000     0.000000    -0.000000     0.000000    -0.000000     0.000000     0.000000     0.008756    -0.374400    -0.000000    -0.147200
    0.003685    -0.032370    -1.215000     0.000000    -0.003286    -0.158400     0.052550     0.000000    -0.000000     0.000000    -0.000000     0.000000    -0.000603    -0.004905     0.003554    -0.061550
   -0.000000    -0.000000     1.000000     0.000000     0.000000    -0.000000    -0.000000     0.000000    -0.000000     0.000000    -0.000000     0.000000     0.000000     0.000000     0.000000     0.000000
    0.000000     0.000000    -0.000000    -0.000000    -0.115500    13.160000  -109.200000     9.810000    -0.000000     0.000000    -0.000000    -0.000000     0.000000    -0.000000     0.002993    -0.000000
    0.000523    -0.004592    -0.172400    -0.000000    -0.338200   -15.460000     5.661000    -0.000000     0.000000    -0.000000     0.000000    -0.000000    -0.000086    -0.000696     0.348800    -0.008731
    0.000033    -0.000293    -0.011020    -0.000000     0.017380    -0.432200    -0.658400    -0.000000     0.000000    -0.000000     0.000000    -0.000000    -0.000005    -0.000044     0.006654    -0.000558
   -0.000000    -0.000000     0.000000     0.000000     0.000000     1.000000     0.000000     0.000000    -0.000000     0.000000    -0.000000     0.000000     0.000000     0.000000     0.000000     0.000000
    1.000000     0.000000    -0.000000    13.030000    -0.000000     0.000000     0.000000     0.000000     0.000000    -0.000000     0.000000     0.000000    -0.000000    -0.000000    -0.000000    -0.000000
    0.000000    -0.000000     0.000000    -0.000000     1.000000    -0.000000    -0.000000   -13.030000    -0.000000     0.000000    -0.000000   114.500000     0.000000     0.000000     0.000000     0.000000
   -0.000000     1.000000    -0.000000  -114.500000     0.000000     0.000000     0.000000     0.000000     0.000000    -0.000000     0.000000     0.000000    -0.000000    -0.000000    -0.000000    -0.000000
   -0.000000    -0.000000     0.000000     0.000000     0.000000    -0.000000     1.000000     0.000000    -0.000000     0.000000    -0.000000     0.000000     0.000000     0.000000     0.000000     0.000000

   -0.000794     0.217300   -17.530000    -9.810000    -0.000000    -0.000000     0.000000     0.000000     0.000000    -0.000000     0.000000     0.000000    -0.000794     0.033000    -0.000000     0.011670
   -0.117200    -0.562300    66.440000    -0.000000    -0.000000     0.000000     0.000000    -0.000000     0.000000    -0.000000     0.000000     0.000000     0.004650    -0.189900    -0.000000    -0.079590
    0.005965    -0.025930    -0.911900     0.000000    -0.002667    -0.106700     0.048480     0.000000    -0.000000     0.000000    -0.000000     0.000000    -0.000256    -0.002121     0.001514    -0.029420
   -0.000000    -0.000000     1.000000     0.000000     0.000000    -0.000000    -0.000000     0.000000    -0.000000     0.000000    -0.000000     0.000000     0.000000     0.000000     0.000000     0.000000
    0.000000     0.000000     0.000000    -0.000000    -0.097200    17.650000   -69.000000     9.810000    -0.000000     0.000000    -0.000000    -0.000000    -0.000000     0.000000    -0.000008     0.000000
    0.000782    -0.003397    -0.119500    -0.000000    -0.311400   -11.820000     5.866000    -0.000000     0.000000    -0.000000     0.000000    -0.000000    -0.000034    -0.000278     0.169800    -0.003856
    0.000050    -0.000219    -0.007701    -0.000000     0.010170    -0.548300    -0.497400    -0.000000     0.000000    -0.000000     0.000000    -0.000000    -0.000002    -0.000018     0.004720    -0.000249
   -0.000000    -0.000000     0.000000    -0.000000     0.000000     1.000000     0.000000     0.000000    -0.000000     0.000000    -0.000000     0.000000     0.000000     0.000000     0.000000     0.000000
    1.000000     0.000000    -0.000000    17.010000    -0.000000     0.000000     0.000000     0.000000     0.000000    -0.000000     0.000000     0.000000    -0.000000    -0.000000    -0.000000    -0.000000
    0.000000    -0.000000     0.000000    -0.000000     1.000000    -0.000000    -0.000000   -17.010000    -0.000000     0.000000    -0.000000    73.910000     0.000000     0.000000     0.000000     0.000000
   -0.000000     1.000000    -0.000000   -73.910000     0.000000     0.000000     0.000000     0.000000     0.000000    -0.000000     0.000000     0.000000    -0.000000    -0.000000    -0.000000    -0.000000
   -0.000000    -0.000000     0.000000    -0.000000     0.000000    -0.000000     1.000000    -0.000000    -0.000000     0.000000    -0.000000     0.000000     0.000000     0.000000     0.000000     0.000000
