u  w  q  the  v  p  r  phi  x  y  z  psi  |  slat  flap  aileron  elevator
   -0.017360     0.440100   -26.460000    -9.810000     0.000000    -0.000000    -0.000000     0.000000     0.000000    -0.000000     0.000000     0.000000    -0.000960     0.031290     0.000000     0.011520
   -0.211600    -0.333900    29.640000    -0.000000    -0.000000     0.000000     0.000000    -0.000000     0.000000    -0.000000     0.000000     0.000000     0.001644    -0.053000     0.000000    -0.016870
    0.019220    -0.024550    -0.613600     0.000000    -0.000237    -0.121200     0.093020     0.000000    -0.000000     0.000000    -0.000000     0.000000    -0.000133    -0.000352     0.001171    -0.010610
   -0.000000    -0.000000     1.000000     0.000000     0.000000    -0.000000    -0.000000     0.000000    -0.000000     0.000000    -0.000000     0.000000     0.000000     0.000000     0.000000     0.000000
   -0.000000     0.000000    -0.000000    -0.000000    -0.050710    26.280000   -31.530000     9.810000    -0.000000     0.000000    -0.000000    -0.000000    -0.000000    -0.000000    -0.000418     0.000000
    0.003940    -0.005032    -0.125800    -0.000000    -0.036760    -4.352000     4.492000    -0.000000     0.000000    -0.000000     0.000000    -0.000000    -0.000027    -0.000072     0.048560    -0.002176
    0.000728    -0.000929    -0.023220    -0.000000     0.016050    -0.636500    -0.216400    -0.000000     0.000000    -0.000000     0.000000    -0.000000    -0.000005    -0.000013     0.002161    -0.000402
   -0.000000    -0.000000     0.000000     0.000000     0.000000     1.000000     0.000000     0.000000    -0.000000     0.000000    -0.000000     0.000000     0.000000     0.000000     0.000000     0.000000
    1.000000     0.000000    -0.000000    25.770000    -0.000000     0.000000     0.000000     0.000000     0.000000    -0.000000     0.000000     0.000000    -0.000000    -0.000000    -0.000000    -0.000000
    0.000000    -0.000000     0.000000    -0.000000     1.000000    -0.000000    -0.000000   -25.770000    -0.000000     0.000000    -0.000000    32.920000     0.000000     0.000000     0.000000     0.000000
   -0.000000     1.000000    -0.000000   -32.920000     0.000000     0.000000     0.000000     0.000000     0.000000    -0.000000     0.000000     0.000000    -0.000000    -0.000000    -0.000000    -0.000000
   -0.000000    -0.000000     0.000000     0.000000     0.000000    -0.000000     1.000000    -0.000000    -0.000000     0.000000    -0.000000     0.000000     0.000000     0.000000     0.000000     0.000000

   -0.002303     0.261300   -17.780000    -9.810000    -0.000000     0.000000     0.000000     0.000000     0.000000    -0.000000     0.000000     0.000000    -0.000981     0.034190    -0.000000     0.012610
   -0.138000    -0.554700    57.250000    -0.000000     0.000000    -0.000000    -0.000000    -0.000000     0.000000    -0.000000     0.000000     0.000000     0.004887    -0.170400     0.000000    -0.053110
    0.010360    -0.037270    -0.855500     0.000000    -0.000614    -0.190600     0.064340     0.000000    -0.000000     0.000000    -0.000000     0.000000    -0.000419    -0.001622     0.003872    -0.030980
   -0.000000    -0.000000     1.000000    -0.000000     0.000000    -0.000000    -0.000000    -0.000000    -0.000000     0.000000    -0.000000    -0.000000     0.000000     0.000000     0.000000     0.000000
    0.000000    -0.000000     0.000000    -0.000000    -0.099380    17.590000   -59.350000     9.810000    -0.000000     0.000000    -0.000000    -0.000000    -0.000000    -0.000000    -0.000971    -0.000000
    0.002179    -0.007836    -0.179900    -0.000000    -0.080460    -7.405000     3.664000    -0.000000     0.000000    -0.000000     0.000000    -0.000000    -0.000088    -0.000341     0.158300    -0.006512
    0.000411    -0.001477    -0.033900    -0.000000     0.033640    -0.330300    -0.602400    -0.000000     0.000000    -0.000000     0.000000    -0.000000    -0.000017    -0.000064     0.001865    -0.001227
   -0.000000    -0.000000     0.000000     0.000000     0.000000     1.000000     0.000000    -0.000000    -0.000000     0.000000    -0.000000    -0.000000     0.000000     0.000000     0.000000     0.000000
    1.000000     0.000000    -0.000000    17.360000    -0.000000     0.000000     0.000000     0.000000     0.000000    -0.000000     0.000000     0.000000    -0.000000    -0.000000    -0.000000    -0.000000
    0.000000    -0.000000     0.000000    -0.000000     1.000000    -0.000000    -0.000000   -17.360000    -0.000000     0.000000    -0.000000    62.430000     0.000000     0.000000     0.000000     0.000000
   -0.000000     1.000000    -0.000000   -62.430000     0.000000     0.000000     0.000000     0.000000     0.000000    -0.000000     0.000000     0.000000    -0.000000    -0.000000    -0.000000    -0.000000
   -0.000000    -0.000000     0.000000     0.000000     0.000000    -0.000000     1.000000    -0.000000    -0.000000     0.000000    -0.000000    -0.000000     0.000000     0.000000     0.000000     0.000000

    0.000222     0.111700   -10.810000    -9.810000    -0.000000     0.000000     0.000000     0.000000     0.000000    -0.000000     0.000000     0.000000    -0.000751     0.027040    -0.000000     0.010730
   -0.076950    -0.805000   128.300000    -0.000000     0.000000    -0.000000    -0.000000    -0.000000     0.000000    -0.000000     0.000000     0.000000     0.015020    -0.542400     0.000000    -0.166800
    0.004503    -0.057340    -1.271000     0.000000    -0.001116    -0.310300     0.038880     0.000000    -0.000000     0.000000    -0.000000     0.000000    -0.001486    -0.006341     0.014360    -0.104500
   -0.000000    -0.000000     1.000000     0.000000     0.000000    -0.000000    -0.000000     0.000000    -0.000000     0.000000    -0.000000     0.000000     0.000000     0.000000     0.000000     0.000000
   -0.000000    -0.000000    -0.000000    -0.000000    -0.150100    10.650000  -130.700000     9.810000    -0.000000     0.000000    -0.000000    -0.000000    -0.000000    -0.000000    -0.002700    -0.000000
    0.000997    -0.012700    -0.281400    -0.000000    -0.133600   -11.160000     3.198000    -0.000000     0.000000    -0.000000     0.000000    -0.000000    -0.000329    -0.001404     0.520900    -0.023130
    0.000197    -0.002506    -0.055540    -0.000000     0.057210    -0.022400    -1.100000    -0.000000     0.000000    -0.000000     0.000000    -0.000000    -0.000065    -0.000277    -0.001702    -0.004566
   -0.000000    -0.000000     0.000000     0.000000     0.000000     1.000000     0.000000     0.000000    -0.000000     0.000000    -0.000000     0.000000     0.000000     0.000000     0.000000     0.000000
    1.000000     0.000000    -0.000000    10.640000    -0.000000     0.000000     0.000000     0.000000     0.000000    -0.000000     0.000000     0.000000    -0.000000    -0.000000    -0.000000    -0.000000
    0.000000    -0.000000     0.000000    -0.000000     1.000000    -0.000000    -0.000000   -10.640000    -0.000000     0.000000    -0.000000   135.500000     0.000000     0.000000     0.000000     0.000000
   -0.000000     1.000000    -0.000000  -135.500000     0.000000     0.000000     0.000000     0.000000     0.000000    -0.000000     0.000000     0.000000    -0.000000    -0.000000    -0.000000    -0.000000
   -0.000000    -0.000000     0.000000     0.000000     0.000000    -0.000000     1.000000     0.000000    -0.000000     0.000000    -0.000000     0.000000     0.000000     0.000000     0.000000     0.000000

    0.000247     0.110600    -9.955000    -9.810000    -0.000000    -0.000000     0.000000     0.000000     0.000000    -0.000000     0.000000     0.000000    -0.000729     0.026280     0.000000     0.010530
   -0.077870    -0.858600   127.800000    -0.000000     0.000000    -0.000000    -0.000000    -0.000000     0.000000    -0.000000     0.000000     0.000000     0.016020    -0.578800     0.000000    -0.178000
    0.004133    -0.057260    -1.268000     0.000000    -0.001121    -0.309800     0.036610     0.000000    -0.000000     0.000000    -0.000000     0.000000    -0.001486    -0.006370     0.014360    -0.104400
   -0.000000    -0.000000     1.000000     0.000000     0.000000    -0.000000    -0.000000     0.000000    -0.000000     0.000000    -0.000000     0.000000     0.000000     0.000000     0.000000     0.000000
   -0.000000    -0.000000    -0.000000    -0.000000    -0.160500     9.788000  -130.400000     9.810000    -0.000000     0.000000    -0.000000    -0.000000    -0.000000    -0.000000    -0.002867    -0.000000
    0.000915    -0.012680    -0.280600    -0.000000    -0.134000   -11.170000     3.125000    -0.000000     0.000000    -0.000000     0.000000    -0.000000    -0.000329    -0.001410     0.521500    -0.023110
    0.000181    -0.002502    -0.055400    -0.000000     0.057350    -0.007356    -1.105000    -0.000000     0.000000    -0.000000     0.000000    -0.000000    -0.000065    -0.000278    -0.001915    -0.004562
   -0.000000    -0.000000     0.000000     0.000000     0.000000     1.000000     0.000000     0.000000    -0.000000     0.000000    -0.000000     0.000000     0.000000     0.000000     0.000000     0.000000
    1.000000     0.000000    -0.000000     9.786000    -0.000000     0.000000     0.000000     0.000000     0.000000    -0.000000     0.000000     0.000000    -0.000000    -0.000000    -0.000000    -0.000000
    0.000000    -0.000000     0.000000    -0.000000     1.000000    -0.000000    -0.000000    -9.786000    -0.000000     0.000000    -0.000000   135.600000     0.000000     0.000000     0.000000     0.000000
   -0.000000     1.000000    -0.000000  -135.600000     0.000000     0.000000     0.000000     0.000000     0.000000    -0.000000     0.000000     0.000000    -0.000000    -0.000000    -0.000000    -0.000000
   -0.000000    -0.000000     0.000000     0.000000     0.000000    -0.000000     1.000000    -0.000000    -0.000000     0.000000    -0.000000     0.000000     0.000000     0.000000     0.000000     0.000000

   -0.001975     0.260000   -16.560000    -9.810000    -0.000000    -0.000000     0.000000     0.000000     0.000000    -0.000000     0.000000     0.000000    -0.000975     0.034060    -0.000000     0.012580
   -0.138100    -0.593700    57.220000    -0.000000     0.000000    -0.000000    -0.000000    -0.000000     0.000000    -0.000000     0.000000     0.000000     0.005245    -0.183500     0.000000    -0.057140
    0.009573    -0.037230    -0.851500     0.000000    -0.000625    -0.190500     0.060340     0.000000    -0.000000     0.000000    -0.000000     0.000000    -0.000422    -0.001660     0.003907    -0.031120
   -0.000000    -0.000000     1.000000     0.000000     0.000000    -0.000000    -0.000000     0.000000    -0.000000     0.000000    -0.000000     0.000000     0.000000     0.000000     0.000000     0.000000
    0.000000    -0.000000     0.000000    -0.000000    -0.107200    16.360000   -59.420000     9.810000    -0.000000     0.000000    -0.000000    -0.000000    -0.000000    -0.000000    -0.001029    -0.000000
    0.002013    -0.007828    -0.179000    -0.000000    -0.081620    -7.447000     3.518000    -0.000000     0.000000    -0.000000     0.000000    -0.000000    -0.000089    -0.000349     0.160100    -0.006542
    0.000379    -0.001475    -0.033740    -0.000000     0.034050    -0.300400    -0.615200    -0.000000     0.000000    -0.000000     0.000000    -0.000000    -0.000017    -0.000066     0.001677    -0.001233
   -0.000000    -0.000000     0.000000     0.000000     0.000000     1.000000     0.000000     0.000000    -0.000000     0.000000    -0.000000     0.000000     0.000000     0.000000     0.000000     0.000000
    1.000000     0.000000    -0.000000    16.130000    -0.000000     0.000000     0.000000     0.000000     0.000000    -0.000000     0.000000     0.000000    -0.000000    -0.000000    -0.000000    -0.000000
    0.000000    -0.000000     0.000000    -0.000000     1.000000    -0.000000    -0.000000   -16.130000    -0.000000     0.000000    -0.000000    62.750000     0.000000     0.000000     0.000000     0.000000
   -0.000000     1.000000    -0.000000   -62.750000     0.000000     0.000000     0.000000     0.000000     0.000000    -0.000000     0.000000     0.000000    -0.000000    -0.000000    -0.000000    -0.000000
   -0.000000    -0.000000     0.000000     0.000000     0.000000    -0.000000     1.000000    -0.000000    -0.000000     0.000000    -0.000000     0.000000     0.000000     0.000000     0.000000     0.000000

   -0.014780     0.435100   -24.510000    -9.810000     0.000000     0.000000    -0.000000     0.000000     0.000000    -0.000000     0.000000     0.000000    -0.000979     0.032290     0.000000     0.011870
   -0.209700    -0.370700    30.730000    -0.000000    -0.000000     0.000000     0.000000    -0.000000     0.000000    -0.000000     0.000000     0.000000     0.001886    -0.061610     0.000000    -0.019560
    0.017350    -0.025020    -0.616000     0.000000    -0.000268    -0.123600     0.086470     0.000000    -0.000000     0.000000    -0.000000     0.000000    -0.000143    -0.000411     0.001268    -0.011310
   -0.000000    -0.000000     1.000000     0.000000     0.000000    -0.000000    -0.000000     0.000000    -0.000000     0.000000    -0.000000     0.000000     0.000000     0.000000     0.000000     0.000000
   -0.000000     0.000000    -0.000000    -0.000000    -0.058350    24.310000   -32.710000     9.810000    -0.000000     0.000000    -0.000000    -0.000000    -0.000000    -0.000000    -0.000461     0.000000
    0.003556    -0.005128    -0.126300    -0.000000    -0.040280    -4.549000     4.255000    -0.000000     0.000000    -0.000000     0.000000    -0.000000    -0.000029    -0.000084     0.053050    -0.002317
    0.000657    -0.000947    -0.023320    -0.000000     0.017360    -0.582800    -0.249800    -0.000000     0.000000    -0.000000     0.000000    -0.000000    -0.000005    -0.000016     0.002063    -0.000428
   -0.000000    -0.000000     0.000000    -0.000000     0.000000     1.000000     0.000000     0.000000    -0.000000     0.000000    -0.000000     0.000000     0.000000     0.000000     0.000000     0.000000
    1.000000     0.000000    -0.000000    23.820000    -0.000000     0.000000     0.000000     0.000000     0.000000    -0.000000     0.000000     0.000000    -0.000000    -0.000000    -0.000000    -0.000000
    0.000000    -0.000000     0.000000    -0.000000     1.000000    -0.000000    -0.000000   -23.820000    -0.000000     0.000000    -0.000000    34.360000     0.000000     0.000000     0.000000     0.000000
   -0.000000     1.000000    -0.000000   -34.360000     0.000000     0.000000     0.000000     0.000000     0.000000    -0.000000     0.000000     0.000000    -0.000000    -0.000000    -0.000000    -0.000000
   -0.000000    -0.000000     0.000000     0.000000     0.000000    -0.000000     1.000000     0.000000    -0.000000     0.000000    -0.000000     0.000000     0.000000     0.000000     0.000000     0.000000
