u  w  q  the  v  p  r  phi  x  y  z  psi  |  slat  flap  aileron  elevator
    0.000387     0.208600   -17.750000    -9.810000    -0.000000     0.000000     0.000000     0.000000     0.000000    -0.000000     0.000000     0.000000    -0.000754     0.031290    -0.000000     0.008513
   -0.123800    -0.534600    67.290000    -0.000000    -0.000000     0.000000     0.000000    -0.000000     0.000000    -0.000000     0.000000     0.000000     0.004414    -0.180000    -0.000000    -0.075490
    0.003645    -0.015750    -0.813200     0.000000    -0.002186    -0.094580     0.035070     0.000000    -0.000000     0.000000    -0.000000     0.000000    -0.000333     0.001377     0.001310    -0.027240
   -0.000000    -0.000000     1.000000     0.000000     0.000000    -0.000000    -0.000000     0.000000    -0.000000     0.000000    -0.000000     0.000000     0.000000     0.000000     0.000000     0.000000
    0.000000     0.000000     0.000000    -0.000000    -0.092470    17.720000   -69.300000     9.810000    -0.000000     0.000000    -0.000000    -0.000000    -0.000000     0.000000    -0.000049     0.000000
    0.000416    -0.001796    -0.092730    -0.000000    -0.112200    -4.167000     2.038000    -0.000000     0.000000    -0.000000     0.000000    -0.000000    -0.000038     0.000157     0.059850    -0.003106
    0.000070    -0.000302    -0.015580    -0.000000     0.009852    -0.367700    -0.433600    -0.000000     0.000000    -0.000000     0.000000    -0.000000    -0.000006     0.000026     0.002606    -0.000522
   -0.000000    -0.000000     0.000000     0.000000     0.000000     1.000000     0.000000     0.000000    -0.000000     0.000000    -0.000000     0.000000     0.000000     0.000000     0.000000     0.000000
    1.000000     0.000000    -0.000000    17.100000    -0.000000     0.000000     0.000000     0.000000     0.000000    -0.000000     0.000000     0.000000    -0.000000    -0.000000    -0.000000    -0.000000
    0.000000    -0.000000     0.000000    -0.000000     1.000000    -0.000000    -0.000000   -17.100000    -0.000000     0.000000    -0.000000    73.880000     0.000000     0.000000     0.000000     0.000000
   -0.000000     1.000000    -0.000000   -73.880000     0.000000     0.000000     0.000000     0.000000     0.000000    -0.000000     0.000000     0.000000    -0.000000    -0.000000    -0.000000    -0.000000
   -0.000000    -0.000000     0.000000     0.000000     0.000000    -0.000000     1.000000     0.000000    -0.000000     0.000000    -0.000000     0.000000     0.000000     0.000000     0.000000     0.000000

    0.000434     0.127600   -13.470000    -9.810000    -0.000000    -0.000000    -0.000000     0.000000     0.000000    -0.000000     0.000000     0.000000    -0.000599     0.027310     0.000000     0.006385
   -0.089200    -0.655800   106.800000    -0.000000    -0.000000     0.000000     0.000000    -0.000000     0.000000    -0.000000     0.000000     0.000000     0.008307    -0.354900     0.000000    -0.139600
    0.002059    -0.017990    -1.082000     0.000000    -0.002455    -0.130100     0.033030     0.000000    -0.000000     0.000000    -0.000000     0.000000    -0.000763     0.002821     0.002882    -0.056890
   -0.000000    -0.000000     1.000000    -0.000000     0.000000    -0.000000    -0.000000    -0.000000    -0.000000     0.000000    -0.000000    -0.000000     0.000000     0.000000     0.000000     0.000000
    0.000000     0.000000    -0.000000    -0.000000    -0.109800    13.230000  -109.500000     9.810000    -0.000000     0.000000    -0.000000    -0.000000     0.000000    -0.000000     0.002795    -0.000000
    0.000241    -0.002106    -0.126700    -0.000000    -0.114900    -5.174000     1.841000    -0.000000     0.000000    -0.000000     0.000000    -0.000000    -0.000089     0.000330     0.116700    -0.006660
    0.000043    -0.000372    -0.022370    -0.000000     0.015300    -0.250000    -0.547600    -0.000000     0.000000    -0.000000     0.000000    -0.000000    -0.000016     0.000058     0.003017    -0.001176
   -0.000000    -0.000000     0.000000     0.000000     0.000000     1.000000     0.000000    -0.000000    -0.000000     0.000000    -0.000000    -0.000000     0.000000     0.000000     0.000000     0.000000
    1.000000     0.000000    -0.000000    13.100000    -0.000000     0.000000     0.000000     0.000000     0.000000    -0.000000     0.000000     0.000000    -0.000000    -0.000000    -0.000000    -0.000000
    0.000000    -0.000000     0.000000    -0.000000     1.000000    -0.000000    -0.000000   -13.100000    -0.000000     0.000000    -0.000000   114.500000     0.000000     0.000000     0.000000     0.000000
   -0.000000     1.000000    -0.000000  -114.500000     0.000000     0.000000     0.000000     0.000000     0.000000    -0.000000     0.000000     0.000000    -0.000000    -0.000000    -0.000000    -0.000000
   -0.000000    -0.000000     0.000000     0.000000     0.000000    -0.000000     1.000000    -0.000000    -0.000000     0.000000    -0.000000    -0.000000     0.000000     0.000000     0.000000     0.000000

    0.000078     0.056830   -13.570000    -9.810000     0.000000     0.000000     0.000000     0.000000     0.000000    -0.000000     0.000000     0.000000    -0.000334     0.019630    -0.000000     0.003495
   -0.050860    -0.569500   223.700000    -0.000000    -0.000000     0.000000     0.000000    -0.000000     0.000000    -0.000000     0.000000     0.000000     0.014190    -0.647900     0.000000    -0.234700
    0.000986    -0.016880    -1.137000     0.000000    -0.002354    -0.145000     0.026980     0.000000    -0.000000     0.000000    -0.000000     0.000000    -0.001857     0.004532     0.006568    -0.122700
   -0.000000    -0.000000     1.000000     0.000000     0.000000    -0.000000    -0.000000     0.000000    -0.000000     0.000000    -0.000000     0.000000     0.000000     0.000000     0.000000     0.000000
   -0.000000    -0.000000     0.000000    -0.000000    -0.086320    13.300000  -226.100000     9.810000    -0.000000     0.000000    -0.000000    -0.000000     0.000000    -0.000000     0.007112     0.000000
    0.000120    -0.002062    -0.138900    -0.000000    -0.088710    -4.522000     1.298000    -0.000000     0.000000    -0.000000     0.000000    -0.000000    -0.000227     0.000553     0.207300    -0.014980
    0.000023    -0.000400    -0.026940    -0.000000     0.015640    -0.127400    -0.504300    -0.000000     0.000000    -0.000000     0.000000    -0.000000    -0.000044     0.000107     0.002970    -0.002907
   -0.000000    -0.000000     0.000000    -0.000000     0.000000     1.000000     0.000000     0.000000    -0.000000     0.000000    -0.000000     0.000000     0.000000     0.000000     0.000000     0.000000
    1.000000     0.000000    -0.000000    13.420000    -0.000000     0.000000     0.000000     0.000000     0.000000    -0.000000     0.000000     0.000000    -0.000000    -0.000000    -0.000000    -0.000000
    0.000000    -0.000000     0.000000    -0.000000     1.000000    -0.000000    -0.000000   -13.420000    -0.000000     0.000000    -0.000000   229.800000     0.000000     0.000000     0.000000     0.000000
   -0.000000     1.000000    -0.000000  -229.800000     0.000000     0.000000     0.000000     0.000000     0.000000    -0.000000     0.000000     0.000000    -0.000000    -0.000000    -0.000000    -0.000000
   -0.000000    -0.000000     0.000000     0.000000     0.000000    -0.000000     1.000000     0.000000    -0.000000     0.000000    -0.000000     0.000000     0.000000     0.000000     0.000000     0.000000

    0.000059     0.056200   -12.600000    -9.810000     0.000000     0.000000     0.000000     0.000000     0.000000    -0.000000     0.000000     0.000000    -0.000314     0.018860    -0.000000     0.003264
   -0.051460    -0.601200   223.400000    -0.000000    -0.000000     0.000000    -0.000000    -0.000000     0.000000    -0.000000     0.000000     0.000000     0.014970    -0.684400     0.000000    -0.247700
    0.000908    -0.016750    -1.137000     0.000000    -0.002326    -0.144800     0.026250     0.000000    -0.000000     0.000000    -0.000000     0.000000    -0.001858     0.004561     0.006570    -0.122600
   -0.000000    -0.000000     1.000000     0.000000     0.000000    -0.000000    -0.000000     0.000000    -0.000000     0.000000    -0.000000     0.000000     0.000000     0.000000     0.000000     0.000000
   -0.000000    -0.000000     0.000000    -0.000000    -0.091220    12.310000  -225.900000     9.810000    -0.000000     0.000000    -0.000000    -0.000000     0.000000    -0.000000     0.007666     0.000000
    0.000111    -0.002046    -0.138800    -0.000000    -0.087880    -4.524000     1.274000    -0.000000     0.000000    -0.000000     0.000000    -0.000000    -0.000227     0.000557     0.207400    -0.014980
    0.000022    -0.000397    -0.026930    -0.000000     0.015720    -0.119000    -0.503700    -0.000000     0.000000    -0.000000     0.000000    -0.000000    -0.000044     0.000108     0.002853    -0.002905
   -0.000000    -0.000000     0.000000    -0.000000     0.000000     1.000000     0.000000     0.000000    -0.000000     0.000000    -0.000000     0.000000     0.000000     0.000000     0.000000     0.000000
    1.000000     0.000000    -0.000000    12.460000    -0.000000     0.000000     0.000000     0.000000     0.000000    -0.000000     0.000000     0.000000    -0.000000    -0.000000    -0.000000    -0.000000
    0.000000    -0.000000     0.000000    -0.000000     1.000000    -0.000000    -0.000000   -12.460000    -0.000000     0.000000    -0.000000   229.800000     0.000000     0.000000     0.000000     0.000000
   -0.000000     1.000000    -0.000000  -229.800000     0.000000     0.000000     0.000000     0.000000     0.000000    -0.000000     0.000000     0.000000    -0.000000    -0.000000    -0.000000    -0.000000
   -0.000000    -0.000000     0.000000     0.000000     0.000000    -0.000000     1.000000    -0.000000    -0.000000     0.000000    -0.000000     0.000000     0.000000     0.000000     0.000000     0.000000

    0.000428     0.126800   -12.640000    -9.810000    -0.000000    -0.000000    -0.000000     0.000000     0.000000    -0.000000     0.000000     0.000000    -0.000588     0.026900     0.000000     0.006229
   -0.089760    -0.691600   106.500000    -0.000000     0.000000    -0.000000    -0.000000    -0.000000     0.000000    -0.000000     0.000000     0.000000     0.008762    -0.374900     0.000000    -0.147200
    0.001907    -0.017800    -1.082000     0.000000    -0.002417    -0.130000     0.031990     0.000000    -0.000000     0.000000    -0.000000     0.000000    -0.000764     0.002845     0.002886    -0.056890
   -0.000000    -0.000000     1.000000     0.000000     0.000000    -0.000000    -0.000000    -0.000000    -0.000000     0.000000    -0.000000     0.000000     0.000000     0.000000     0.000000     0.000000
    0.000000     0.000000    -0.000000    -0.000000    -0.116100    12.360000  -109.300000     9.810000    -0.000000     0.000000    -0.000000    -0.000000     0.000000    -0.000000     0.003129    -0.000000
    0.000223    -0.002084    -0.126600    -0.000000    -0.113400    -5.179000     1.797000    -0.000000     0.000000    -0.000000     0.000000    -0.000000    -0.000089     0.000333     0.117000    -0.006660
    0.000039    -0.000368    -0.022350    -0.000000     0.015460    -0.235600    -0.547200    -0.000000     0.000000    -0.000000     0.000000    -0.000000    -0.000016     0.000059     0.002907    -0.001176
   -0.000000    -0.000000     0.000000     0.000000     0.000000     1.000000     0.000000     0.000000    -0.000000     0.000000    -0.000000     0.000000     0.000000     0.000000     0.000000     0.000000
    1.000000     0.000000    -0.000000    12.270000    -0.000000     0.000000     0.000000     0.000000     0.000000    -0.000000     0.000000     0.000000    -0.000000    -0.000000    -0.000000    -0.000000
    0.000000    -0.000000     0.000000    -0.000000     1.000000    -0.000000    -0.000000   -12.270000    -0.000000     0.000000    -0.000000   114.600000     0.000000     0.000000     0.000000     0.000000
   -0.000000     1.000000    -0.000000  -114.600000     0.000000     0.000000     0.000000     0.000000     0.000000    -0.000000     0.000000     0.000000    -0.000000    -0.000000    -0.000000    -0.000000
   -0.000000    -0.000000     0.000000     0.000000     0.000000    -0.000000     1.000000     0.000000    -0.000000     0.000000    -0.000000     0.000000     0.000000     0.000000     0.000000     0.000000

    0.000448     0.207700   -16.730000    -9.810000     0.000000     0.000000     0.000000     0.000000     0.000000    -0.000000     0.000000     0.000000    -0.000747     0.031140    -0.000000     0.008410
   -0.124000    -0.564300    67.150000    -0.000000    -0.000000     0.000000     0.000000    -0.000000     0.000000    -0.000000     0.000000     0.000000     0.004669    -0.191000    -0.000000    -0.079840
    0.003365    -0.015510    -0.813200     0.000000    -0.002140    -0.094500     0.033760     0.000000    -0.000000     0.000000    -0.000000     0.000000    -0.000335     0.001403     0.001317    -0.027320
   -0.000000    -0.000000     1.000000     0.000000     0.000000    -0.000000    -0.000000     0.000000    -0.000000     0.000000    -0.000000     0.000000     0.000000     0.000000     0.000000     0.000000
    0.000000     0.000000     0.000000    -0.000000    -0.098130    16.670000   -69.300000     9.810000    -0.000000     0.000000    -0.000000    -0.000000    -0.000000     0.000000     0.000140     0.000000
    0.000384    -0.001768    -0.092740    -0.000000    -0.110200    -4.181000     1.976000    -0.000000     0.000000    -0.000000     0.000000    -0.000000    -0.000038     0.000160     0.060300    -0.003116
    0.000064    -0.000297    -0.015580    -0.000000     0.010110    -0.347100    -0.434100    -0.000000     0.000000    -0.000000     0.000000    -0.000000    -0.000006     0.000027     0.002507    -0.000523
   -0.000000    -0.000000     0.000000     0.000000     0.000000     1.000000     0.000000     0.000000    -0.000000     0.000000    -0.000000     0.000000     0.000000     0.000000     0.000000     0.000000
    1.000000     0.000000    -0.000000    16.080000    -0.000000     0.000000     0.000000     0.000000     0.000000    -0.000000     0.000000     0.000000    -0.000000    -0.000000    -0.000000    -0.000000
    0.000000    -0.000000     0.000000    -0.000000     1.000000    -0.000000    -0.000000   -16.080000    -0.000000     0.000000    -0.000000    74.110000     0.000000     0.000000     0.000000     0.000000
   -0.000000     1.000000    -0.000000   -74.110000     0.000000     0.000000     0.000000     0.000000     0.000000    -0.000000     0.000000     0.000000    -0.000000    -0.000000    -0.000000    -0.000000
   -0.000000    -0.000000     0.000000     0.000000     0.000000    -0.000000     1.000000     0.000000    -0.000000     0.000000    -0.000000     0.000000     0.000000     0.000000     0.000000     0.000000
