u  w  q  the  v  p  r  phi  x  y  z  psi  |  slat  flap  aileron  elevator
   -0.054220     0.479600   -28.710000    -9.810000     0.000000     0.000000    -0.000000     0.000000     0.000000    -0.000000     0.000000     0.000000    -0.001010     0.032360    -0.000000     0.015190
   -0.191500    -0.308300    26.620000    -0.000000    -0.000000     0.000000     0.000000    -0.000000     0.000000    -0.000000     0.000000     0.000000     0.001427    -0.044900     0.000000    -0.014370
    0.032060    -0.033900    -0.738200     0.000000     0.000134    -0.018990     0.009970     0.000000    -0.000000     0.000000    -0.000000     0.000000    -0.000026    -0.002484     0.000134    -0.009203
   -0.000000    -0.000000     1.000000     0.000000     0.000000    -0.000000    -0.000000     0.000000    -0.000000     0.000000    -0.000000     0.000000     0.000000     0.000000     0.000000     0.000000
   -0.000000     0.000000    -0.000000    -0.000000    -0.048110    29.290000   -29.110000     9.810000    -0.000000     0.000000    -0.000000    -0.000000    -0.000000    -0.000000    -0.000413     0.000000
    0.000878    -0.000928    -0.020210    -0.000000    -0.079580    -8.648000    10.530000    -0.000000     0.000000    -0.000000     0.000000    -0.000000    -0.000001    -0.000068     0.088530    -0.000252
    0.000475    -0.000502    -0.010940    -0.000000     0.017440    -0.607100    -0.243500    -0.000000     0.000000    -0.000000     0.000000    -0.000000    -0.000000    -0.000037     0.001713    -0.000136
   -0.000000    -0.000000     0.000000     0.000000     0.000000     1.000000     0.000000     0.000000    -0.000000     0.000000    -0.000000     0.000000     0.000000     0.000000     0.000000     0.000000
    1.000000     0.000000    -0.000000    28.730000    -0.000000     0.000000     0.000000     0.000000     0.000000    -0.000000     0.000000     0.000000    -0.000000    -0.000000    -0.000000    -0.000000
    0.000000    -0.000000     0.000000    -0.000000     1.000000    -0.000000    -0.000000   -28.730000    -0.000000     0.000000    -0.000000    30.380000     0.000000     0.000000     0.000000     0.000000
   -0.000000     1.000000    -0.000000   -30.380000     0.000000     0.000000     0.000000     0.000000     0.000000    -0.000000     0.000000     0.000000    -0.000000    -0.000000    -0.000000    -0.000000
   -0.000000    -0.000000     0.000000     0.000000     0.000000    -0.000000     1.000000    -0.000000    -0.000000     0.000000    -0.000000     0.000000     0.000000     0.000000     0.000000     0.000000

   -0.010600     0.283900   -19.480000    -9.810000    -0.000000    -0.000000     0.000000     0.000000     0.000000    -0.000000     0.000000     0.000000    -0.001102     0.038340    -0.000000     0.018960
   -0.121200    -0.549400    55.670000    -0.000000     0.000000    -0.000000    -0.000000    -0.000000     0.000000    -0.000000     0.000000     0.000000     0.004814    -0.167000     0.000000    -0.052090
    0.018490    -0.058950    -0.999500     0.000000     0.000283    -0.025350     0.002182     0.000000    -0.000000     0.000000    -0.000000     0.000000    -0.000095    -0.010070     0.000465    -0.029310
   -0.000000    -0.000000     1.000000    -0.000000     0.000000    -0.000000    -0.000000    -0.000000    -0.000000     0.000000    -0.000000    -0.000000     0.000000     0.000000     0.000000     0.000000
    0.000000    -0.000000     0.000000    -0.000000    -0.100500    19.660000   -58.640000     9.810000    -0.000000     0.000000    -0.000000    -0.000000    -0.000000    -0.000000    -0.001020    -0.000000
    0.000530    -0.001691    -0.028680    -0.000000    -0.185700   -16.320000     8.985000    -0.000000     0.000000    -0.000000     0.000000    -0.000000    -0.000003    -0.000289     0.344800    -0.000841
    0.000286    -0.000913    -0.015470    -0.000000     0.037420    -0.259500    -0.688600    -0.000000     0.000000    -0.000000     0.000000    -0.000000    -0.000001    -0.000156     0.000468    -0.000454
   -0.000000    -0.000000     0.000000     0.000000     0.000000     1.000000     0.000000    -0.000000    -0.000000     0.000000    -0.000000    -0.000000     0.000000     0.000000     0.000000     0.000000
    1.000000     0.000000    -0.000000    19.390000    -0.000000     0.000000     0.000000     0.000000     0.000000    -0.000000     0.000000     0.000000    -0.000000    -0.000000    -0.000000    -0.000000
    0.000000    -0.000000     0.000000    -0.000000     1.000000    -0.000000    -0.000000   -19.390000    -0.000000     0.000000    -0.000000    61.820000     0.000000     0.000000     0.000000     0.000000
   -0.000000     1.000000    -0.000000   -61.820000     0.000000     0.000000     0.000000     0.000000     0.000000    -0.000000     0.000000     0.000000    -0.000000    -0.000000    -0.000000    -0.000000
   -0.000000    -0.000000     0.000000     0.000000     0.000000    -0.000000     1.000000    -0.000000    -0.000000     0.000000    -0.000000    -0.000000     0.000000     0.000000     0.000000     0.000000

   -0.000925     0.122600   -12.180000    -9.810000    -0.000000     0.000000     0.000000     0.000000     0.000000    -0.000000     0.000000     0.000000    -0.000881     0.031790    -0.000000     0.017970
   -0.068130    -0.804300   126.800000    -0.000000     0.000000     0.000000    -0.000000    -0.000000     0.000000    -0.000000     0.000000     0.000000     0.015010    -0.541200     0.000000    -0.166500
    0.008348    -0.093110    -1.410000     0.000000     0.000505    -0.037870    -0.006893     0.000000    -0.000000     0.000000    -0.000000     0.000000    -0.000347    -0.036560     0.001723    -0.096460
   -0.000000    -0.000000     1.000000     0.000000     0.000000    -0.000000    -0.000000    -0.000000    -0.000000     0.000000    -0.000000     0.000000     0.000000     0.000000     0.000000     0.000000
   -0.000000    -0.000000    -0.000000    -0.000000    -0.151200    12.160000  -130.300000     9.810000    -0.000000     0.000000    -0.000000    -0.000000    -0.000000    -0.000000    -0.002774    -0.000000
    0.000265    -0.002954    -0.044740    -0.000000    -0.326600   -26.710000     8.510000    -0.000000     0.000000    -0.000000     0.000000    -0.000000    -0.000011    -0.001160     1.244000    -0.003061
    0.000142    -0.001582    -0.023970    -0.000000     0.062270     0.133800    -1.230000    -0.000000     0.000000    -0.000000     0.000000    -0.000000    -0.000006    -0.000621    -0.008832    -0.001639
   -0.000000    -0.000000     0.000000     0.000000     0.000000     1.000000     0.000000     0.000000    -0.000000     0.000000    -0.000000     0.000000     0.000000     0.000000     0.000000     0.000000
    1.000000     0.000000    -0.000000    12.140000    -0.000000     0.000000     0.000000     0.000000     0.000000    -0.000000     0.000000     0.000000    -0.000000    -0.000000    -0.000000    -0.000000
    0.000000    -0.000000     0.000000    -0.000000     1.000000    -0.000000    -0.000000   -12.140000    -0.000000     0.000000    -0.000000   135.400000     0.000000     0.000000     0.000000     0.000000
   -0.000000     1.000000    -0.000000  -135.400000     0.000000     0.000000     0.000000     0.000000     0.000000    -0.000000     0.000000     0.000000    -0.000000    -0.000000    -0.000000    -0.000000
   -0.000000    -0.000000     0.000000     0.000000     0.000000    -0.000000     1.000000     0.000000    -0.000000     0.000000    -0.000000     0.000000     0.000000     0.000000     0.000000     0.000000

   -0.000806     0.121600   -11.240000    -9.810000    -0.000000    -0.000000     0.000000     0.000000     0.000000    -0.000000     0.000000     0.000000    -0.000860     0.031040     0.000000     0.017790
   -0.069040    -0.857900   126.300000    -0.000000     0.000000    -0.000000    -0.000000    -0.000000     0.000000    -0.000000     0.000000     0.000000     0.016010    -0.577700     0.000000    -0.177700
    0.007691    -0.093100    -1.405000     0.000000     0.000506    -0.037660    -0.007250     0.000000    -0.000000     0.000000    -0.000000     0.000000    -0.000347    -0.036620     0.001722    -0.096340
   -0.000000    -0.000000     1.000000     0.000000     0.000000    -0.000000    -0.000000     0.000000    -0.000000     0.000000    -0.000000     0.000000     0.000000     0.000000     0.000000     0.000000
   -0.000000    -0.000000    -0.000000    -0.000000    -0.161600    11.210000  -130.100000     9.810000    -0.000000     0.000000    -0.000000    -0.000000    -0.000000    -0.000000    -0.002941    -0.000000
    0.000244    -0.002954    -0.044570    -0.000000    -0.327300   -26.730000     8.315000    -0.000000     0.000000    -0.000000     0.000000    -0.000000    -0.000011    -0.001162     1.246000    -0.003057
    0.000131    -0.001582    -0.023880    -0.000000     0.062370     0.148600    -1.234000    -0.000000     0.000000    -0.000000     0.000000    -0.000000    -0.000006    -0.000622    -0.009053    -0.001637
   -0.000000    -0.000000     0.000000     0.000000     0.000000     1.000000     0.000000     0.000000    -0.000000     0.000000    -0.000000     0.000000     0.000000     0.000000     0.000000     0.000000
    1.000000     0.000000    -0.000000    11.190000    -0.000000     0.000000     0.000000     0.000000     0.000000    -0.000000     0.000000     0.000000    -0.000000    -0.000000    -0.000000    -0.000000
    0.000000    -0.000000     0.000000    -0.000000     1.000000    -0.000000    -0.000000   -11.190000    -0.000000     0.000000    -0.000000   135.400000     0.000000     0.000000     0.000000     0.000000
   -0.000000     1.000000    -0.000000  -135.400000     0.000000     0.000000     0.000000     0.000000     0.000000    -0.000000     0.000000     0.000000    -0.000000    -0.000000    -0.000000    -0.000000
   -0.000000    -0.000000     0.000000     0.000000     0.000000    -0.000000     1.000000    -0.000000    -0.000000     0.000000    -0.000000     0.000000     0.000000     0.000000     0.000000     0.000000

   -0.009669     0.282600   -18.130000    -9.810000    -0.000000     0.000000     0.000000     0.000000     0.000000    -0.000000     0.000000     0.000000    -0.001098     0.038300    -0.000000     0.019020
   -0.121200    -0.588900    55.650000    -0.000000     0.000000    -0.000000    -0.000000    -0.000000     0.000000    -0.000000     0.000000     0.000000     0.005179    -0.180300     0.000000    -0.056200
    0.017150    -0.059190    -0.992600     0.000000     0.000286    -0.025070     0.001529     0.000000    -0.000000     0.000000    -0.000000     0.000000    -0.000096    -0.010230     0.000468    -0.029480
   -0.000000    -0.000000     1.000000    -0.000000     0.000000    -0.000000    -0.000000    -0.000000    -0.000000     0.000000    -0.000000    -0.000000     0.000000     0.000000     0.000000     0.000000
    0.000000    -0.000000     0.000000    -0.000000    -0.108400    18.300000   -58.770000     9.810000    -0.000000     0.000000    -0.000000    -0.000000    -0.000000    -0.000000    -0.001080    -0.000000
    0.000492    -0.001698    -0.028480    -0.000000    -0.188100   -16.430000     8.632000    -0.000000     0.000000    -0.000000     0.000000    -0.000000    -0.000003    -0.000293     0.349700    -0.000846
    0.000266    -0.000916    -0.015370    -0.000000     0.037830    -0.229500    -0.701600    -0.000000     0.000000    -0.000000     0.000000    -0.000000    -0.000001    -0.000158     0.000264    -0.000456
   -0.000000    -0.000000     0.000000     0.000000     0.000000     1.000000     0.000000    -0.000000    -0.000000     0.000000    -0.000000    -0.000000     0.000000     0.000000     0.000000     0.000000
    1.000000     0.000000    -0.000000    18.040000    -0.000000     0.000000     0.000000     0.000000     0.000000    -0.000000     0.000000     0.000000    -0.000000    -0.000000    -0.000000    -0.000000
    0.000000    -0.000000     0.000000    -0.000000     1.000000    -0.000000    -0.000000   -18.040000    -0.000000     0.000000    -0.000000    62.230000     0.000000     0.000000     0.000000     0.000000
   -0.000000     1.000000    -0.000000   -62.230000     0.000000     0.000000     0.000000     0.000000     0.000000    -0.000000     0.000000     0.000000    -0.000000    -0.000000    -0.000000    -0.000000
   -0.000000    -0.000000     0.000000     0.000000     0.000000    -0.000000     1.000000    -0.000000    -0.000000     0.000000    -0.000000    -0.000000     0.000000     0.000000     0.000000     0.000000

   -0.046960     0.473600   -26.570000    -9.810000     0.000000     0.000000    -0.000000     0.000000     0.000000    -0.000000     0.000000     0.000000    -0.001047     0.034050    -0.000000     0.016050
   -0.188600    -0.348700    28.100000    -0.000000    -0.000000     0.000000     0.000000    -0.000000     0.000000    -0.000000     0.000000     0.000000     0.001692    -0.054230     0.000000    -0.017290
    0.029210    -0.035540    -0.741300     0.000000     0.000145    -0.018940     0.008748     0.000000    -0.000000     0.000000    -0.000000     0.000000    -0.000029    -0.002844     0.000148    -0.010080
   -0.000000    -0.000000     1.000000     0.000000     0.000000    -0.000000    -0.000000    -0.000000    -0.000000     0.000000    -0.000000     0.000000     0.000000     0.000000     0.000000     0.000000
   -0.000000     0.000000    -0.000000    -0.000000    -0.056550    27.090000   -30.740000     9.810000    -0.000000     0.000000    -0.000000    -0.000000    -0.000000    -0.000000    -0.000466     0.000000
    0.000799    -0.000973    -0.020290    -0.000000    -0.088580    -9.212000     9.996000    -0.000000     0.000000    -0.000000     0.000000    -0.000000    -0.000001    -0.000078     0.100500    -0.000276
    0.000433    -0.000526    -0.010980    -0.000000     0.019130    -0.550600    -0.284300    -0.000000     0.000000    -0.000000     0.000000    -0.000000    -0.000000    -0.000042     0.001618    -0.000149
   -0.000000    -0.000000     0.000000     0.000000     0.000000     1.000000     0.000000     0.000000    -0.000000     0.000000    -0.000000     0.000000     0.000000     0.000000     0.000000     0.000000
    1.000000     0.000000    -0.000000    26.540000    -0.000000     0.000000     0.000000     0.000000     0.000000    -0.000000     0.000000     0.000000    -0.000000    -0.000000    -0.000000    -0.000000
    0.000000    -0.000000     0.000000    -0.000000     1.000000    -0.000000    -0.000000   -26.540000    -0.000000     0.000000    -0.000000    32.300000     0.000000     0.000000     0.000000     0.000000
   -0.000000     1.000000    -0.000000   -32.300000     0.000000     0.000000     0.000000     0.000000     0.000000    -0.000000     0.000000     0.000000    -0.000000    -0.000000    -0.000000    -0.000000
   -0.000000    -0.000000     0.000000     0.000000     0.000000    -0.000000     1.000000     0.000000    -0.000000     0.000000    -0.000000     0.000000     0.000000     0.000000     0.000000     0.000000
