u  w  q  the  v  p  r  phi  x  y  z  psi  |  slat  flap  aileron  elevator
    0.001109     0.199300   -16.890000    -9.810000     0.000000     0.000000     0.000000     0.000000     0.000000    -0.000000     0.000000     0.000000    -0.000707     0.029470    -0.000000     0.005283
   -0.130600    -0.536500    67.980000    -0.000000    -0.000000     0.000000     0.000000    -0.000000     0.000000    -0.000000     0.000000     0.000000     0.004432    -0.181000    -0.000000    -0.075730
    0.001394    -0.006398    -0.797100     0.000000    -0.001133    -0.040860     0.020030     0.000000    -0.000000     0.000000    -0.000000     0.000000    -0.000441     0.005089     0.000594    -0.027310
   -0.000000    -0.000000     1.000000     0.000000     0.000000    -0.000000    -0.000000     0.000000    -0.000000     0.000000    -0.000000     0.000000     0.000000     0.000000     0.000000     0.000000
    0.000000     0.000000     0.000000    -0.000000    -0.093460    16.700000   -69.610000     9.810000    -0.000000     0.000000    -0.000000    -0.000000    -0.000000     0.000000     0.000096     0.000000
    0.000070    -0.000320    -0.039860    -0.000000    -0.832400   -31.050000    14.320000    -0.000000     0.000000    -0.000000     0.000000    -0.000000    -0.000022     0.000255     0.447300    -0.001366
   -0.000002     0.000007     0.000869    -0.000000    -0.001451    -0.899100    -0.287300    -0.000000     0.000000    -0.000000     0.000000    -0.000000     0.000000    -0.000006     0.009837     0.000030
   -0.000000    -0.000000     0.000000     0.000000     0.000000     1.000000     0.000000     0.000000    -0.000000     0.000000    -0.000000     0.000000     0.000000     0.000000     0.000000     0.000000
    1.000000     0.000000    -0.000000    16.140000    -0.000000     0.000000     0.000000     0.000000     0.000000    -0.000000     0.000000     0.000000    -0.000000    -0.000000    -0.000000    -0.000000
    0.000000    -0.000000     0.000000    -0.000000     1.000000    -0.000000    -0.000000   -16.140000    -0.000000     0.000000    -0.000000    74.100000     0.000000     0.000000     0.000000     0.000000
   -0.000000     1.000000    -0.000000   -74.100000     0.000000     0.000000     0.000000     0.000000     0.000000    -0.000000     0.000000     0.000000    -0.000000    -0.000000    -0.000000    -0.000000
   -0.000000    -0.000000     0.000000     0.000000     0.000000    -0.000000     1.000000     0.000000    -0.000000     0.000000    -0.000000     0.000000     0.000000     0.000000     0.000000     0.000000

    0.000553     0.121500   -12.740000    -9.810000    -0.000000    -0.000000    -0.000000     0.000000     0.000000    -0.000000     0.000000     0.000000    -0.000555     0.025420     0.000000     0.002893
   -0.093670    -0.656600   107.500000    -0.000000     0.000000     0.000000    -0.000000    -0.000000     0.000000    -0.000000     0.000000     0.000000     0.008313    -0.355400     0.000000    -0.139600
    0.000513    -0.004777    -1.073000     0.000000    -0.001643    -0.072060     0.025520     0.000000    -0.000000     0.000000    -0.000000     0.000000    -0.001000     0.011010     0.001633    -0.057470
   -0.000000    -0.000000     1.000000     0.000000     0.000000    -0.000000    -0.000000     0.000000    -0.000000     0.000000    -0.000000     0.000000     0.000000     0.000000     0.000000     0.000000
    0.000000     0.000000    -0.000000    -0.000000    -0.110300    12.400000  -109.700000     9.810000    -0.000000     0.000000    -0.000000    -0.000000     0.000000    -0.000000     0.002930    -0.000000
    0.000032    -0.000300    -0.067480    -0.000000    -1.038000   -46.880000    15.650000    -0.000000     0.000000    -0.000000     0.000000    -0.000000    -0.000063     0.000692     1.058000    -0.003613
   -0.000001     0.000006     0.001320    -0.000000     0.003470    -0.947100    -0.436800    -0.000000     0.000000    -0.000000     0.000000    -0.000000     0.000001    -0.000014     0.018240     0.000071
   -0.000000    -0.000000     0.000000    -0.000000     0.000000     1.000000     0.000000     0.000000    -0.000000     0.000000    -0.000000     0.000000     0.000000     0.000000     0.000000     0.000000
    1.000000     0.000000    -0.000000    12.310000    -0.000000     0.000000     0.000000     0.000000     0.000000    -0.000000     0.000000     0.000000    -0.000000    -0.000000    -0.000000    -0.000000
    0.000000    -0.000000     0.000000    -0.000000     1.000000    -0.000000    -0.000000   -12.310000    -0.000000     0.000000    -0.000000   114.600000     0.000000     0.000000     0.000000     0.000000
   -0.000000     1.000000    -0.000000  -114.600000     0.000000     0.000000     0.000000     0.000000     0.000000    -0.000000     0.000000     0.000000    -0.000000    -0.000000    -0.000000    -0.000000
   -0.000000    -0.000000     0.000000    -0.000000     0.000000    -0.000000     1.000000    -0.000000    -0.000000     0.000000    -0.000000     0.000000     0.000000     0.000000     0.000000     0.000000

    0.000060     0.053810   -12.690000    -9.810000     0.000000     0.000000     0.000000     0.000000     0.000000    -0.000000     0.000000     0.000000    -0.000296     0.017810    -0.000000    -0.000365
   -0.053100    -0.569800   224.300000    -0.000000    -0.000000     0.000000     0.000000    -0.000000     0.000000    -0.000000     0.000000     0.000000     0.014190    -0.648100     0.000000    -0.234600
    0.000117    -0.002146    -1.153000     0.000000    -0.002682    -0.134100     0.037690     0.000000    -0.000000     0.000000    -0.000000     0.000000    -0.002428     0.023660     0.006158    -0.126600
   -0.000000    -0.000000     1.000000     0.000000     0.000000    -0.000000    -0.000000     0.000000    -0.000000     0.000000    -0.000000     0.000000     0.000000     0.000000     0.000000     0.000000
   -0.000000    -0.000000     0.000000    -0.000000    -0.086560    12.370000  -226.200000     9.810000    -0.000000     0.000000    -0.000000    -0.000000     0.000000    -0.000000     0.007221     0.000000
    0.000012    -0.000227    -0.121800    -0.000000    -1.278000   -65.300000    17.500000    -0.000000     0.000000    -0.000000     0.000000    -0.000000    -0.000256     0.002499     2.993000    -0.013370
   -0.000000     0.000003     0.001783    -0.000000     0.005907    -0.846500    -0.451200    -0.000000     0.000000    -0.000000     0.000000    -0.000000     0.000004    -0.000037     0.035130     0.000196
   -0.000000    -0.000000     0.000000     0.000000     0.000000     1.000000     0.000000     0.000000    -0.000000     0.000000    -0.000000     0.000000     0.000000     0.000000     0.000000     0.000000
    1.000000     0.000000    -0.000000    12.510000    -0.000000     0.000000     0.000000     0.000000     0.000000    -0.000000     0.000000     0.000000    -0.000000    -0.000000    -0.000000    -0.000000
    0.000000    -0.000000     0.000000    -0.000000     1.000000    -0.000000    -0.000000   -12.510000    -0.000000     0.000000    -0.000000   229.800000     0.000000     0.000000     0.000000     0.000000
   -0.000000     1.000000    -0.000000  -229.800000     0.000000     0.000000     0.000000     0.000000     0.000000    -0.000000     0.000000     0.000000    -0.000000    -0.000000    -0.000000    -0.000000
   -0.000000    -0.000000     0.000000     0.000000     0.000000    -0.000000     1.000000    -0.000000    -0.000000     0.000000    -0.000000     0.000000     0.000000     0.000000     0.000000     0.000000

    0.000036     0.053180   -11.770000    -9.810000     0.000000     0.000000     0.000000     0.000000     0.000000    -0.000000     0.000000     0.000000    -0.000276     0.017040    -0.000000    -0.000599
   -0.053700    -0.601400   224.000000    -0.000000    -0.000000     0.000000    -0.000000    -0.000000     0.000000    -0.000000     0.000000     0.000000     0.014970    -0.684600     0.000000    -0.247600
    0.000101    -0.002005    -1.153000     0.000000    -0.002658    -0.134200     0.037000     0.000000    -0.000000     0.000000    -0.000000     0.000000    -0.002429     0.023700     0.006163    -0.126500
   -0.000000    -0.000000     1.000000     0.000000     0.000000    -0.000000    -0.000000    -0.000000    -0.000000     0.000000    -0.000000     0.000000     0.000000     0.000000     0.000000     0.000000
   -0.000000    -0.000000     0.000000    -0.000000    -0.091460    11.430000  -226.100000     9.810000    -0.000000     0.000000    -0.000000    -0.000000     0.000000    -0.000000     0.007775     0.000000
    0.000011    -0.000212    -0.121700    -0.000000    -1.266000   -65.320000    17.170000    -0.000000     0.000000    -0.000000     0.000000    -0.000000    -0.000257     0.002503     2.996000    -0.013360
   -0.000000     0.000003     0.001782    -0.000000     0.006117    -0.836100    -0.453900    -0.000000     0.000000    -0.000000     0.000000    -0.000000     0.000004    -0.000037     0.035000     0.000196
   -0.000000    -0.000000     0.000000     0.000000     0.000000     1.000000     0.000000     0.000000    -0.000000     0.000000    -0.000000     0.000000     0.000000     0.000000     0.000000     0.000000
    1.000000     0.000000    -0.000000    11.600000    -0.000000     0.000000     0.000000     0.000000     0.000000    -0.000000     0.000000     0.000000    -0.000000    -0.000000    -0.000000    -0.000000
    0.000000    -0.000000     0.000000    -0.000000     1.000000    -0.000000    -0.000000   -11.600000    -0.000000     0.000000    -0.000000   229.900000     0.000000     0.000000     0.000000     0.000000
   -0.000000     1.000000    -0.000000  -229.900000     0.000000     0.000000     0.000000     0.000000     0.000000    -0.000000     0.000000     0.000000    -0.000000    -0.000000    -0.000000    -0.000000
   -0.000000    -0.000000     0.000000     0.000000     0.000000    -0.000000     1.000000     0.000000    -0.000000     0.000000    -0.000000     0.000000     0.000000     0.000000     0.000000     0.000000

    0.000529     0.120700   -11.950000    -9.810000    -0.000000    -0.000000     0.000000     0.000000     0.000000    -0.000000     0.000000     0.000000    -0.000543     0.025000     0.000000     0.002733
   -0.094220    -0.692300   107.200000    -0.000000    -0.000000     0.000000    -0.000000    -0.000000     0.000000    -0.000000     0.000000     0.000000     0.008766    -0.375400     0.000000    -0.147200
    0.000459    -0.004561    -1.073000     0.000000    -0.001623    -0.072150     0.024930     0.000000    -0.000000     0.000000    -0.000000     0.000000    -0.001001     0.011050     0.001637    -0.057470
   -0.000000    -0.000000     1.000000     0.000000     0.000000    -0.000000    -0.000000     0.000000    -0.000000     0.000000    -0.000000     0.000000     0.000000     0.000000     0.000000     0.000000
    0.000000     0.000000    -0.000000    -0.000000    -0.116600    11.590000  -109.500000     9.810000    -0.000000     0.000000    -0.000000    -0.000000     0.000000    -0.000000     0.003263    -0.000000
    0.000029    -0.000287    -0.067450    -0.000000    -1.025000   -46.920000    15.270000    -0.000000     0.000000    -0.000000     0.000000    -0.000000    -0.000063     0.000695     1.061000    -0.003613
   -0.000001     0.000006     0.001319    -0.000000     0.003829    -0.930300    -0.441600    -0.000000     0.000000    -0.000000     0.000000    -0.000000     0.000001    -0.000014     0.018140     0.000071
   -0.000000    -0.000000     0.000000    -0.000000     0.000000     1.000000     0.000000     0.000000    -0.000000     0.000000    -0.000000     0.000000     0.000000     0.000000     0.000000     0.000000
    1.000000     0.000000    -0.000000    11.530000    -0.000000     0.000000     0.000000     0.000000     0.000000    -0.000000     0.000000     0.000000    -0.000000    -0.000000    -0.000000    -0.000000
    0.000000    -0.000000     0.000000    -0.000000     1.000000    -0.000000    -0.000000   -11.530000    -0.000000     0.000000    -0.000000   114.600000     0.000000     0.000000     0.000000     0.000000
   -0.000000     1.000000    -0.000000  -114.600000     0.000000     0.000000     0.000000     0.000000     0.000000    -0.000000     0.000000     0.000000    -0.000000    -0.000000    -0.000000    -0.000000
   -0.000000    -0.000000     0.000000     0.000000     0.000000    -0.000000     1.000000     0.000000    -0.000000     0.000000    -0.000000     0.000000     0.000000     0.000000     0.000000     0.000000

    0.001105     0.198400   -15.920000    -9.810000     0.000000     0.000000     0.000000     0.000000     0.000000    -0.000000     0.000000     0.000000    -0.000701     0.029300    -0.000000     0.005169
   -0.130800    -0.566200    67.830000    -0.000000    -0.000000     0.000000     0.000000    -0.000000     0.000000    -0.000000     0.000000     0.000000     0.004686    -0.191900    -0.000000    -0.080060
    0.001248    -0.006112    -0.797400     0.000000    -0.001114    -0.041030     0.019430     0.000000    -0.000000     0.000000    -0.000000     0.000000    -0.000443     0.005134     0.000598    -0.027380
   -0.000000    -0.000000     1.000000     0.000000     0.000000    -0.000000    -0.000000     0.000000    -0.000000     0.000000    -0.000000     0.000000     0.000000     0.000000     0.000000     0.000000
    0.000000     0.000000     0.000000    -0.000000    -0.099100    15.710000   -69.580000     9.810000    -0.000000     0.000000    -0.000000    -0.000000    -0.000000     0.000000     0.000284     0.000000
    0.000062    -0.000306    -0.039880    -0.000000    -0.817500   -31.150000    13.880000    -0.000000     0.000000    -0.000000     0.000000    -0.000000    -0.000022     0.000257     0.450300    -0.001370
   -0.000001     0.000007     0.000870    -0.000000    -0.000932    -0.876300    -0.294700    -0.000000     0.000000    -0.000000     0.000000    -0.000000     0.000000    -0.000006     0.009763     0.000030
   -0.000000    -0.000000     0.000000     0.000000     0.000000     1.000000     0.000000     0.000000    -0.000000     0.000000    -0.000000     0.000000     0.000000     0.000000     0.000000     0.000000
    1.000000     0.000000    -0.000000    15.180000    -0.000000     0.000000     0.000000     0.000000     0.000000    -0.000000     0.000000     0.000000    -0.000000    -0.000000    -0.000000    -0.000000
    0.000000    -0.000000     0.000000    -0.000000     1.000000    -0.000000    -0.000000   -15.180000    -0.000000     0.000000    -0.000000    74.300000     0.000000     0.000000     0.000000     0.000000
   -0.000000     1.000000    -0.000000   -74.300000     0.000000     0.000000     0.000000     0.000000     0.000000    -0.000000     0.000000     0.000000    -0.000000    -0.000000    -0.000000    -0.000000
   -0.000000    -0.000000     0.000000     0.000000     0.000000    -0.000000     1.000000     0.000000    -0.000000     0.000000    -0.000000     0.000000     0.000000     0.000000     0.000000     0.000000
