u  w  q  the  v  p  r  phi  x  y  z  psi  |  slat  flap  aileron  elevator
    0.001130     0.198800   -16.850000    -9.810000     0.000000     0.000000     0.000000     0.000000     0.000000    -0.000000     0.000000     0.000000    -0.000705     0.029370    -0.000000     0.005120
   -0.131000    -0.536600    68.010000    -0.000000    -0.000000     0.000000     0.000000    -0.000000     0.000000    -0.000000     0.000000     0.000000     0.004433    -0.181100    -0.000000    -0.075750
    0.001214    -0.005591    -0.755000     0.000000    -0.000415    -0.013550     0.007844     0.000000    -0.000000     0.000000    -0.000000     0.000000    -0.000423     0.005010     0.000202    -0.025880
   -0.000000    -0.000000     1.000000     0.000000     0.000000    -0.000000    -0.000000     0.000000    -0.000000     0.000000    -0.000000     0.000000     0.000000     0.000000     0.000000     0.000000
    0.000000     0.000000     0.000000    -0.000000    -0.093510    16.650000   -69.620000     9.810000    -0.000000     0.000000    -0.000000    -0.000000    -0.000000     0.000000     0.000103     0.000000
    0.000022    -0.000102    -0.013780    -0.000000    -0.890100   -33.180000    15.280000    -0.000000     0.000000    -0.000000     0.000000    -0.000000    -0.000008     0.000091     0.478100    -0.000472
   -0.000003     0.000014     0.001883    -0.000000    -0.002387    -0.882900    -0.253400    -0.000000     0.000000    -0.000000     0.000000    -0.000000     0.000001    -0.000013     0.009792     0.000065
   -0.000000    -0.000000     0.000000    -0.000000     0.000000     1.000000     0.000000     0.000000    -0.000000     0.000000    -0.000000     0.000000     0.000000     0.000000     0.000000     0.000000
    1.000000     0.000000    -0.000000    16.090000    -0.000000     0.000000     0.000000     0.000000     0.000000    -0.000000     0.000000     0.000000    -0.000000    -0.000000    -0.000000    -0.000000
    0.000000    -0.000000     0.000000    -0.000000     1.000000    -0.000000    -0.000000   -16.090000    -0.000000     0.000000    -0.000000    74.110000     0.000000     0.000000     0.000000     0.000000
   -0.000000     1.000000    -0.000000   -74.110000     0.000000     0.000000     0.000000     0.000000     0.000000    -0.000000     0.000000     0.000000    -0.000000    -0.000000    -0.000000    -0.000000
   -0.000000    -0.000000     0.000000    -0.000000     0.000000    -0.000000     1.000000    -0.000000    -0.000000     0.000000    -0.000000     0.000000     0.000000     0.000000     0.000000     0.000000

    0.000553     0.121200   -12.710000    -9.810000    -0.000000    -0.000000    -0.000000     0.000000     0.000000    -0.000000     0.000000     0.000000    -0.000553     0.025330     0.000000     0.002718
   -0.093900    -0.656700   107.500000    -0.000000     0.000000     0.000000    -0.000000    -0.000000     0.000000    -0.000000     0.000000     0.000000     0.008313    -0.355400     0.000000    -0.139600
    0.000410    -0.003824    -1.009000     0.000000    -0.000618    -0.025010     0.010300     0.000000    -0.000000     0.000000    -0.000000     0.000000    -0.000952     0.010760     0.000573    -0.054040
   -0.000000    -0.000000     1.000000     0.000000     0.000000    -0.000000    -0.000000     0.000000    -0.000000     0.000000    -0.000000     0.000000     0.000000     0.000000     0.000000     0.000000
    0.000000     0.000000    -0.000000    -0.000000    -0.110400    12.360000  -109.700000     9.810000    -0.000000     0.000000    -0.000000    -0.000000     0.000000    -0.000000     0.002936    -0.000000
    0.000010    -0.000090    -0.023760    -0.000000    -1.130000   -50.990000    17.000000    -0.000000     0.000000    -0.000000     0.000000    -0.000000    -0.000022     0.000253     1.151000    -0.001273
   -0.000001     0.000011     0.002803    -0.000000     0.001819    -0.947500    -0.387500    -0.000000     0.000000    -0.000000     0.000000    -0.000000     0.000003    -0.000030     0.018460     0.000150
   -0.000000    -0.000000     0.000000     0.000000     0.000000     1.000000     0.000000     0.000000    -0.000000     0.000000    -0.000000     0.000000     0.000000     0.000000     0.000000     0.000000
    1.000000     0.000000    -0.000000    12.280000    -0.000000     0.000000     0.000000     0.000000     0.000000    -0.000000     0.000000     0.000000    -0.000000    -0.000000    -0.000000    -0.000000
    0.000000    -0.000000     0.000000    -0.000000     1.000000    -0.000000    -0.000000   -12.280000    -0.000000     0.000000    -0.000000   114.600000     0.000000     0.000000     0.000000     0.000000
   -0.000000     1.000000    -0.000000  -114.600000     0.000000     0.000000     0.000000     0.000000     0.000000    -0.000000     0.000000     0.000000    -0.000000    -0.000000    -0.000000    -0.000000
   -0.000000    -0.000000     0.000000     0.000000     0.000000    -0.000000     1.000000     0.000000    -0.000000     0.000000    -0.000000     0.000000     0.000000     0.000000     0.000000     0.000000

    0.000057     0.053660   -12.650000    -9.810000     0.000000    -0.000000     0.000000     0.000000     0.000000    -0.000000     0.000000     0.000000    -0.000294     0.017720    -0.000000    -0.000559
   -0.053210    -0.569800   224.300000    -0.000000    -0.000000     0.000000    -0.000000    -0.000000     0.000000    -0.000000     0.000000     0.000000     0.014190    -0.648100     0.000000    -0.234600
    0.000067    -0.001236    -1.065000     0.000000    -0.001054    -0.050030     0.015640     0.000000    -0.000000     0.000000    -0.000000     0.000000    -0.002267     0.022780     0.002306    -0.116900
   -0.000000    -0.000000     1.000000     0.000000     0.000000    -0.000000    -0.000000     0.000000    -0.000000     0.000000    -0.000000     0.000000     0.000000     0.000000     0.000000     0.000000
   -0.000000    -0.000000     0.000000    -0.000000    -0.086580    12.330000  -226.200000     9.810000    -0.000000     0.000000    -0.000000    -0.000000     0.000000    -0.000000     0.007227     0.000000
    0.000003    -0.000053    -0.045540    -0.000000    -1.479000   -75.530000    20.200000    -0.000000     0.000000    -0.000000     0.000000    -0.000000    -0.000097     0.000974     3.462000    -0.005000
   -0.000000     0.000004     0.003594    -0.000000     0.003267    -0.888500    -0.386400    -0.000000     0.000000    -0.000000     0.000000    -0.000000     0.000008    -0.000077     0.037350     0.000394
   -0.000000    -0.000000     0.000000     0.000000     0.000000     1.000000     0.000000     0.000000    -0.000000     0.000000    -0.000000     0.000000     0.000000     0.000000     0.000000     0.000000
    1.000000     0.000000    -0.000000    12.470000    -0.000000     0.000000     0.000000     0.000000     0.000000    -0.000000     0.000000     0.000000    -0.000000    -0.000000    -0.000000    -0.000000
    0.000000    -0.000000     0.000000    -0.000000     1.000000    -0.000000    -0.000000   -12.470000    -0.000000     0.000000    -0.000000   229.800000     0.000000     0.000000     0.000000     0.000000
   -0.000000     1.000000    -0.000000  -229.800000     0.000000     0.000000     0.000000     0.000000     0.000000    -0.000000     0.000000     0.000000    -0.000000    -0.000000    -0.000000    -0.000000
   -0.000000    -0.000000     0.000000     0.000000     0.000000    -0.000000     1.000000    -0.000000    -0.000000     0.000000    -0.000000     0.000000     0.000000     0.000000     0.000000     0.000000

    0.000033     0.053030   -11.730000    -9.810000    -0.000000     0.000000     0.000000     0.000000     0.000000    -0.000000     0.000000     0.000000    -0.000274     0.016950    -0.000000    -0.000792
   -0.053810    -0.601400   224.000000    -0.000000    -0.000000     0.000000     0.000000    -0.000000     0.000000    -0.000000     0.000000     0.000000     0.014970    -0.684600     0.000000    -0.247600
    0.000056    -0.001105    -1.064000     0.000000    -0.001045    -0.050080     0.015380     0.000000    -0.000000     0.000000    -0.000000     0.000000    -0.002268     0.022810     0.002308    -0.116900
   -0.000000    -0.000000     1.000000     0.000000     0.000000    -0.000000    -0.000000    -0.000000    -0.000000     0.000000    -0.000000     0.000000     0.000000     0.000000     0.000000     0.000000
   -0.000000    -0.000000     0.000000    -0.000000    -0.091470    11.390000  -226.100000     9.810000    -0.000000     0.000000    -0.000000    -0.000000     0.000000    -0.000000     0.007780     0.000000
    0.000002    -0.000047    -0.045520    -0.000000    -1.465000   -75.550000    19.820000    -0.000000     0.000000    -0.000000     0.000000    -0.000000    -0.000097     0.000976     3.465000    -0.004998
   -0.000000     0.000004     0.003592    -0.000000     0.003480    -0.878900    -0.389400    -0.000000     0.000000    -0.000000     0.000000    -0.000000     0.000008    -0.000077     0.037230     0.000394
   -0.000000    -0.000000     0.000000     0.000000     0.000000     1.000000     0.000000     0.000000    -0.000000     0.000000    -0.000000     0.000000     0.000000     0.000000     0.000000     0.000000
    1.000000     0.000000    -0.000000    11.550000    -0.000000     0.000000     0.000000     0.000000     0.000000    -0.000000     0.000000     0.000000    -0.000000    -0.000000    -0.000000    -0.000000
    0.000000    -0.000000     0.000000    -0.000000     1.000000    -0.000000    -0.000000   -11.550000    -0.000000     0.000000    -0.000000   229.900000     0.000000     0.000000     0.000000     0.000000
   -0.000000     1.000000    -0.000000  -229.900000     0.000000     0.000000     0.000000     0.000000     0.000000    -0.000000     0.000000     0.000000    -0.000000    -0.000000    -0.000000    -0.000000
   -0.000000    -0.000000     0.000000     0.000000     0.000000    -0.000000     1.000000     0.000000    -0.000000     0.000000    -0.000000     0.000000     0.000000     0.000000     0.000000     0.000000

    0.000529     0.120400   -11.920000    -9.810000    -0.000000    -0.000000    -0.000000     0.000000     0.000000    -0.000000     0.000000     0.000000    -0.000541     0.024910     0.000000     0.002558
   -0.094450    -0.692400   107.200000    -0.000000     0.000000     0.000000     0.000000    -0.000000     0.000000    -0.000000     0.000000     0.000000     0.008766    -0.375400     0.000000    -0.147200
    0.000363    -0.003621    -1.008000     0.000000    -0.000611    -0.025080     0.010090     0.000000    -0.000000     0.000000    -0.000000     0.000000    -0.000953     0.010790     0.000575    -0.054050
   -0.000000    -0.000000     1.000000     0.000000     0.000000    -0.000000    -0.000000     0.000000    -0.000000     0.000000    -0.000000     0.000000     0.000000     0.000000     0.000000     0.000000
    0.000000     0.000000    -0.000000    -0.000000    -0.116700    11.550000  -109.500000     9.810000    -0.000000     0.000000    -0.000000    -0.000000     0.000000    -0.000000     0.003270    -0.000000
    0.000009    -0.000085    -0.023750    -0.000000    -1.115000   -51.040000    16.590000    -0.000000     0.000000    -0.000000     0.000000    -0.000000    -0.000022     0.000254     1.154000    -0.001273
   -0.000001     0.000010     0.002801    -0.000000     0.002171    -0.931800    -0.392500    -0.000000     0.000000    -0.000000     0.000000    -0.000000     0.000003    -0.000030     0.018360     0.000150
   -0.000000    -0.000000     0.000000    -0.000000     0.000000     1.000000     0.000000     0.000000    -0.000000     0.000000    -0.000000     0.000000     0.000000     0.000000     0.000000     0.000000
    1.000000     0.000000    -0.000000    11.490000    -0.000000     0.000000     0.000000     0.000000     0.000000    -0.000000     0.000000     0.000000    -0.000000    -0.000000    -0.000000    -0.000000
    0.000000    -0.000000     0.000000    -0.000000     1.000000    -0.000000    -0.000000   -11.490000    -0.000000     0.000000    -0.000000   114.600000     0.000000     0.000000     0.000000     0.000000
   -0.000000     1.000000    -0.000000  -114.600000     0.000000     0.000000     0.000000     0.000000     0.000000    -0.000000     0.000000     0.000000    -0.000000    -0.000000    -0.000000    -0.000000
   -0.000000    -0.000000     0.000000     0.000000     0.000000    -0.000000     1.000000     0.000000    -0.000000     0.000000    -0.000000     0.000000     0.000000     0.000000     0.000000     0.000000

    0.001123     0.197900   -15.880000    -9.810000     0.000000     0.000000     0.000000     0.000000     0.000000    -0.000000     0.000000     0.000000    -0.000698     0.029200    -0.000000     0.005006
   -0.131200    -0.566300    67.870000    -0.000000    -0.000000     0.000000     0.000000    -0.000000     0.000000    -0.000000     0.000000     0.000000     0.004686    -0.192000    -0.000000    -0.080070
    0.001083    -0.005318    -0.755200     0.000000    -0.000409    -0.013650     0.007637     0.000000    -0.000000     0.000000    -0.000000     0.000000    -0.000425     0.005053     0.000204    -0.025950
   -0.000000    -0.000000     1.000000     0.000000     0.000000    -0.000000    -0.000000     0.000000    -0.000000     0.000000    -0.000000     0.000000     0.000000     0.000000     0.000000     0.000000
    0.000000     0.000000     0.000000    -0.000000    -0.099150    15.660000   -69.600000     9.810000    -0.000000     0.000000    -0.000000    -0.000000    -0.000000     0.000000     0.000292     0.000000
    0.000020    -0.000097    -0.013790    -0.000000    -0.874200   -33.280000    14.810000    -0.000000     0.000000    -0.000000     0.000000    -0.000000    -0.000008     0.000092     0.481300    -0.000474
   -0.000003     0.000013     0.001884    -0.000000    -0.001881    -0.861600    -0.260900    -0.000000     0.000000    -0.000000     0.000000    -0.000000     0.000001    -0.000013     0.009725     0.000065
   -0.000000    -0.000000     0.000000    -0.000000     0.000000     1.000000     0.000000     0.000000    -0.000000     0.000000    -0.000000     0.000000     0.000000     0.000000     0.000000     0.000000
    1.000000     0.000000    -0.000000    15.130000    -0.000000     0.000000     0.000000     0.000000     0.000000    -0.000000     0.000000     0.000000    -0.000000    -0.000000    -0.000000    -0.000000
    0.000000    -0.000000     0.000000    -0.000000     1.000000    -0.000000    -0.000000   -15.130000    -0.000000     0.000000    -0.000000    74.310000     0.000000     0.000000     0.000000     0.000000
   -0.000000     1.000000    -0.000000   -74.310000     0.000000     0.000000     0.000000     0.000000     0.000000    -0.000000     0.000000     0.000000    -0.000000    -0.000000    -0.000000    -0.000000
   -0.000000    -0.000000     0.000000    -0.000000     0.000000    -0.000000     1.000000    -0.000000    -0.000000     0.000000    -0.000000     0.000000     0.000000     0.000000     0.000000     0.000000
