u  w  q  the  v  p  r  phi  x  y  z  psi  |  slat  flap  aileron  elevator
    0.000929     0.202500   -17.190000    -9.810000     0.000000     0.000000     0.000000     0.000000     0.000000    -0.000000     0.000000     0.000000    -0.000723     0.030090    -0.000000     0.006394
   -0.128300    -0.535900    67.740000    -0.000000    -0.000000     0.000000     0.000000    -0.000000     0.000000    -0.000000     0.000000     0.000000     0.004426    -0.180700    -0.000000    -0.075650
    0.002113    -0.009496    -0.781700     0.000000    -0.000258    -0.007437     0.005319     0.000000    -0.000000     0.000000    -0.000000     0.000000    -0.000393     0.003675     0.000115    -0.026630
   -0.000000    -0.000000     1.000000    -0.000000     0.000000    -0.000000    -0.000000    -0.000000    -0.000000     0.000000    -0.000000    -0.000000     0.000000     0.000000     0.000000     0.000000
    0.000000     0.000000     0.000000    -0.000000    -0.093110    17.050000   -69.510000     9.810000    -0.000000     0.000000    -0.000000    -0.000000    -0.000000     0.000000     0.000046     0.000000
    0.000022    -0.000100    -0.008260    -0.000000    -0.903300   -33.670000    15.830000    -0.000000     0.000000    -0.000000     0.000000    -0.000000    -0.000004     0.000039     0.484400    -0.000281
   -0.000006     0.000027     0.002231    -0.000000    -0.002021    -0.908600    -0.265600    -0.000000     0.000000    -0.000000     0.000000    -0.000000     0.000001    -0.000010     0.010020     0.000076
   -0.000000    -0.000000     0.000000     0.000000     0.000000     1.000000     0.000000    -0.000000    -0.000000     0.000000    -0.000000    -0.000000     0.000000     0.000000     0.000000     0.000000
    1.000000     0.000000    -0.000000    16.470000    -0.000000     0.000000     0.000000     0.000000     0.000000    -0.000000     0.000000     0.000000    -0.000000    -0.000000    -0.000000    -0.000000
    0.000000    -0.000000     0.000000    -0.000000     1.000000    -0.000000    -0.000000   -16.470000    -0.000000     0.000000    -0.000000    74.030000     0.000000     0.000000     0.000000     0.000000
   -0.000000     1.000000    -0.000000   -74.030000     0.000000     0.000000     0.000000     0.000000     0.000000    -0.000000     0.000000     0.000000    -0.000000    -0.000000    -0.000000    -0.000000
   -0.000000    -0.000000     0.000000     0.000000     0.000000    -0.000000     1.000000    -0.000000    -0.000000     0.000000    -0.000000    -0.000000     0.000000     0.000000     0.000000     0.000000

    0.000538     0.123600   -12.990000    -9.810000    -0.000000    -0.000000    -0.000000     0.000000     0.000000    -0.000000     0.000000     0.000000    -0.000570     0.026070     0.000000     0.004091
   -0.092140    -0.656400   107.300000    -0.000000    -0.000000     0.000000     0.000000    -0.000000     0.000000    -0.000000     0.000000     0.000000     0.008311    -0.355200     0.000000    -0.139600
    0.001015    -0.009242    -1.044000     0.000000    -0.000393    -0.014470     0.007161     0.000000    -0.000000     0.000000    -0.000000     0.000000    -0.000890     0.007860     0.000336    -0.055690
   -0.000000    -0.000000     1.000000     0.000000     0.000000    -0.000000    -0.000000     0.000000    -0.000000     0.000000    -0.000000     0.000000     0.000000     0.000000     0.000000     0.000000
    0.000000     0.000000    -0.000000    -0.000000    -0.110100    12.690000  -109.600000     9.810000    -0.000000     0.000000    -0.000000    -0.000000     0.000000    -0.000000     0.002884    -0.000000
    0.000014    -0.000128    -0.014430    -0.000000    -1.152000   -52.000000    17.740000    -0.000000     0.000000    -0.000000     0.000000    -0.000000    -0.000012     0.000109     1.174000    -0.000770
   -0.000003     0.000029     0.003323    -0.000000     0.002399    -0.976400    -0.404200    -0.000000     0.000000    -0.000000     0.000000    -0.000000     0.000003    -0.000025     0.018970     0.000177
   -0.000000    -0.000000     0.000000    -0.000000     0.000000     1.000000     0.000000     0.000000    -0.000000     0.000000    -0.000000     0.000000     0.000000     0.000000     0.000000     0.000000
    1.000000     0.000000    -0.000000    12.580000    -0.000000     0.000000     0.000000     0.000000     0.000000    -0.000000     0.000000     0.000000    -0.000000    -0.000000    -0.000000    -0.000000
    0.000000    -0.000000     0.000000    -0.000000     1.000000    -0.000000    -0.000000   -12.580000    -0.000000     0.000000    -0.000000   114.500000     0.000000     0.000000     0.000000     0.000000
   -0.000000     1.000000    -0.000000  -114.500000     0.000000     0.000000     0.000000     0.000000     0.000000    -0.000000     0.000000     0.000000    -0.000000    -0.000000    -0.000000    -0.000000
   -0.000000    -0.000000     0.000000     0.000000     0.000000    -0.000000     1.000000     0.000000    -0.000000     0.000000    -0.000000     0.000000     0.000000     0.000000     0.000000     0.000000

    0.000074     0.054840   -12.990000    -9.810000     0.000000     0.000000     0.000000     0.000000     0.000000    -0.000000     0.000000     0.000000    -0.000309     0.018440    -0.000000     0.000958
   -0.052330    -0.569700   224.100000    -0.000000    -0.000000     0.000000    -0.000000    -0.000000     0.000000    -0.000000     0.000000     0.000000     0.014190    -0.648000     0.000000    -0.234700
    0.000403    -0.007213    -1.103000     0.000000    -0.000683    -0.030510     0.010940     0.000000    -0.000000     0.000000    -0.000000     0.000000    -0.002142     0.016140     0.001412    -0.120700
   -0.000000    -0.000000     1.000000     0.000000     0.000000    -0.000000    -0.000000     0.000000    -0.000000     0.000000    -0.000000     0.000000     0.000000     0.000000     0.000000     0.000000
   -0.000000    -0.000000     0.000000    -0.000000    -0.086480    12.690000  -226.200000     9.810000    -0.000000     0.000000    -0.000000    -0.000000     0.000000    -0.000000     0.007184     0.000000
    0.000010    -0.000187    -0.028670    -0.000000    -1.532000   -78.260000    21.470000    -0.000000     0.000000    -0.000000     0.000000    -0.000000    -0.000056     0.000419     3.587000    -0.003136
   -0.000002     0.000028     0.004282    -0.000000     0.003629    -0.928800    -0.400000    -0.000000     0.000000    -0.000000     0.000000    -0.000000     0.000008    -0.000063     0.039050     0.000468
   -0.000000    -0.000000     0.000000    -0.000000     0.000000     1.000000     0.000000     0.000000    -0.000000     0.000000    -0.000000     0.000000     0.000000     0.000000     0.000000     0.000000
    1.000000     0.000000    -0.000000    12.820000    -0.000000     0.000000     0.000000     0.000000     0.000000    -0.000000     0.000000     0.000000    -0.000000    -0.000000    -0.000000    -0.000000
    0.000000    -0.000000     0.000000    -0.000000     1.000000    -0.000000    -0.000000   -12.820000    -0.000000     0.000000    -0.000000   229.800000     0.000000     0.000000     0.000000     0.000000
   -0.000000     1.000000    -0.000000  -229.800000     0.000000     0.000000     0.000000     0.000000     0.000000    -0.000000     0.000000     0.000000    -0.000000    -0.000000    -0.000000    -0.000000
   -0.000000    -0.000000     0.000000     0.000000     0.000000    -0.000000     1.000000     0.000000    -0.000000     0.000000    -0.000000     0.000000     0.000000     0.000000     0.000000     0.000000

    0.000052     0.054220   -12.060000    -9.810000     0.000000     0.000000     0.000000     0.000000     0.000000    -0.000000     0.000000     0.000000    -0.000289     0.017670    -0.000000     0.000726
   -0.052930    -0.601300   223.800000    -0.000000    -0.000000     0.000000    -0.000000    -0.000000     0.000000    -0.000000     0.000000     0.000000     0.014970    -0.684500     0.000000    -0.247700
    0.000366    -0.007081    -1.103000     0.000000    -0.000678    -0.030560     0.010780     0.000000    -0.000000     0.000000    -0.000000     0.000000    -0.002142     0.016170     0.001414    -0.120600
   -0.000000    -0.000000     1.000000     0.000000     0.000000    -0.000000    -0.000000    -0.000000    -0.000000     0.000000    -0.000000     0.000000     0.000000     0.000000     0.000000     0.000000
   -0.000000    -0.000000     0.000000    -0.000000    -0.091380    11.730000  -226.000000     9.810000    -0.000000     0.000000    -0.000000    -0.000000     0.000000    -0.000000     0.007737     0.000000
    0.000010    -0.000184    -0.028650    -0.000000    -1.518000   -78.280000    21.070000    -0.000000     0.000000    -0.000000     0.000000    -0.000000    -0.000056     0.000420     3.590000    -0.003135
   -0.000001     0.000027     0.004280    -0.000000     0.003854    -0.918800    -0.403200    -0.000000     0.000000    -0.000000     0.000000    -0.000000     0.000008    -0.000063     0.038940     0.000468
   -0.000000    -0.000000     0.000000     0.000000     0.000000     1.000000     0.000000     0.000000    -0.000000     0.000000    -0.000000     0.000000     0.000000     0.000000     0.000000     0.000000
    1.000000     0.000000    -0.000000    11.890000    -0.000000     0.000000     0.000000     0.000000     0.000000    -0.000000     0.000000     0.000000    -0.000000    -0.000000    -0.000000    -0.000000
    0.000000    -0.000000     0.000000    -0.000000     1.000000    -0.000000    -0.000000   -11.890000    -0.000000     0.000000    -0.000000   229.900000     0.000000     0.000000     0.000000     0.000000
   -0.000000     1.000000    -0.000000  -229.900000     0.000000     0.000000     0.000000     0.000000     0.000000    -0.000000     0.000000     0.000000    -0.000000    -0.000000    -0.000000    -0.000000
   -0.000000    -0.000000     0.000000     0.000000     0.000000    -0.000000     1.000000     0.000000    -0.000000     0.000000    -0.000000     0.000000     0.000000     0.000000     0.000000     0.000000

    0.000519     0.122800   -12.190000    -9.810000    -0.000000    -0.000000     0.000000     0.000000     0.000000    -0.000000     0.000000     0.000000    -0.000558     0.025650     0.000000     0.003932
   -0.092690    -0.692100   106.900000    -0.000000     0.000000     0.000000    -0.000000    -0.000000     0.000000    -0.000000     0.000000     0.000000     0.008765    -0.375200     0.000000    -0.147200
    0.000929    -0.009040    -1.044000     0.000000    -0.000389    -0.014540     0.007034     0.000000    -0.000000     0.000000    -0.000000     0.000000    -0.000891     0.007890     0.000337    -0.055690
   -0.000000    -0.000000     1.000000     0.000000     0.000000    -0.000000    -0.000000     0.000000    -0.000000     0.000000    -0.000000     0.000000     0.000000     0.000000     0.000000     0.000000
    0.000000     0.000000    -0.000000    -0.000000    -0.116400    11.850000  -109.500000     9.810000    -0.000000     0.000000    -0.000000    -0.000000     0.000000    -0.000000     0.003217    -0.000000
    0.000013    -0.000125    -0.014420    -0.000000    -1.137000   -52.050000    17.310000    -0.000000     0.000000    -0.000000     0.000000    -0.000000    -0.000012     0.000109     1.176000    -0.000770
   -0.000003     0.000029     0.003321    -0.000000     0.002767    -0.960000    -0.409400    -0.000000     0.000000    -0.000000     0.000000    -0.000000     0.000003    -0.000025     0.018870     0.000177
   -0.000000    -0.000000     0.000000    -0.000000     0.000000     1.000000     0.000000     0.000000    -0.000000     0.000000    -0.000000     0.000000     0.000000     0.000000     0.000000     0.000000
    1.000000     0.000000    -0.000000    11.780000    -0.000000     0.000000     0.000000     0.000000     0.000000    -0.000000     0.000000     0.000000    -0.000000    -0.000000    -0.000000    -0.000000
    0.000000    -0.000000     0.000000    -0.000000     1.000000    -0.000000    -0.000000   -11.780000    -0.000000     0.000000    -0.000000   114.600000     0.000000     0.000000     0.000000     0.000000
   -0.000000     1.000000    -0.000000  -114.600000     0.000000     0.000000     0.000000     0.000000     0.000000    -0.000000     0.000000     0.000000    -0.000000    -0.000000    -0.000000    -0.000000
   -0.000000    -0.000000     0.000000     0.000000     0.000000    -0.000000     1.000000    -0.000000    -0.000000     0.000000    -0.000000     0.000000     0.000000     0.000000     0.000000     0.000000

    0.000943     0.201600   -16.200000    -9.810000    -0.000000     0.000000     0.000000     0.000000     0.000000    -0.000000     0.000000     0.000000    -0.000717     0.029930    -0.000000     0.006283
   -0.128500    -0.565600    67.600000    -0.000000    -0.000000     0.000000     0.000000    -0.000000     0.000000    -0.000000     0.000000     0.000000     0.004680    -0.191600    -0.000000    -0.079990
    0.001926    -0.009232    -0.781800     0.000000    -0.000255    -0.007526     0.005197     0.000000    -0.000000     0.000000    -0.000000     0.000000    -0.000395     0.003713     0.000116    -0.026710
   -0.000000    -0.000000     1.000000     0.000000     0.000000    -0.000000    -0.000000     0.000000    -0.000000     0.000000    -0.000000     0.000000     0.000000     0.000000     0.000000     0.000000
    0.000000     0.000000     0.000000    -0.000000    -0.098760    16.030000   -69.490000     9.810000    -0.000000     0.000000    -0.000000    -0.000000    -0.000000     0.000000     0.000235     0.000000
    0.000020    -0.000098    -0.008262    -0.000000    -0.887200   -33.770000    15.350000    -0.000000     0.000000    -0.000000     0.000000    -0.000000    -0.000004     0.000039     0.487800    -0.000282
   -0.000005     0.000026     0.002231    -0.000000    -0.001494    -0.886400    -0.273300    -0.000000     0.000000    -0.000000     0.000000    -0.000000     0.000001    -0.000011     0.009950     0.000076
   -0.000000    -0.000000     0.000000     0.000000     0.000000     1.000000     0.000000     0.000000    -0.000000     0.000000    -0.000000     0.000000     0.000000     0.000000     0.000000     0.000000
    1.000000     0.000000    -0.000000    15.490000    -0.000000     0.000000     0.000000     0.000000     0.000000    -0.000000     0.000000     0.000000    -0.000000    -0.000000    -0.000000    -0.000000
    0.000000    -0.000000     0.000000    -0.000000     1.000000    -0.000000    -0.000000   -15.490000    -0.000000     0.000000    -0.000000    74.240000     0.000000     0.000000     0.000000     0.000000
   -0.000000     1.000000    -0.000000   -74.240000     0.000000     0.000000     0.000000     0.000000     0.000000    -0.000000     0.000000     0.000000    -0.000000    -0.000000    -0.000000    -0.000000
   -0.000000    -0.000000     0.000000     0.000000     0.000000    -0.000000     1.000000     0.000000    -0.000000     0.000000    -0.000000     0.000000     0.000000     0.000000     0.000000     0.000000
