u  w  q  the  v  p  r  phi  x  y  z  psi  |  slat  flap  aileron  elevator
   -0.064520     0.488300   -29.170000    -9.810000     0.000000    -0.000000    -0.000000     0.000000     0.000000    -0.000000     0.000000     0.000000    -0.001017     0.032420    -0.000000     0.015780
   -0.188000    -0.302100    25.930000    -0.000000    -0.000000     0.000000     0.000000    -0.000000     0.000000    -0.000000     0.000000     0.000000     0.001376    -0.043040     0.000000    -0.013800
    0.033600    -0.034050    -0.742100     0.000000     0.000071    -0.024240     0.017720     0.000000    -0.000000     0.000000    -0.000000     0.000000    -0.000010    -0.002656     0.000186    -0.008607
   -0.000000    -0.000000     1.000000     0.000000     0.000000    -0.000000    -0.000000     0.000000    -0.000000     0.000000    -0.000000     0.000000     0.000000     0.000000     0.000000     0.000000
   -0.000000     0.000000    -0.000000    -0.000000    -0.047330    29.940000   -28.530000     9.810000    -0.000000     0.000000    -0.000000    -0.000000    -0.000000    -0.000000    -0.000410     0.000000
    0.001554    -0.001575    -0.034330    -0.000000    -0.075860    -8.140000    10.290000    -0.000000     0.000000    -0.000000     0.000000    -0.000000    -0.000000    -0.000123     0.081500    -0.000398
    0.000491    -0.000498    -0.010840    -0.000000     0.016660    -0.582600    -0.225600    -0.000000     0.000000    -0.000000     0.000000    -0.000000    -0.000000    -0.000039     0.001640    -0.000126
   -0.000000    -0.000000     0.000000    -0.000000     0.000000     1.000000     0.000000     0.000000    -0.000000     0.000000    -0.000000     0.000000     0.000000     0.000000     0.000000     0.000000
    1.000000     0.000000    -0.000000    29.360000    -0.000000     0.000000     0.000000     0.000000     0.000000    -0.000000     0.000000     0.000000    -0.000000    -0.000000    -0.000000    -0.000000
    0.000000    -0.000000     0.000000    -0.000000     1.000000    -0.000000    -0.000000   -29.360000    -0.000000     0.000000    -0.000000    29.760000     0.000000     0.000000     0.000000     0.000000
   -0.000000     1.000000    -0.000000   -29.760000     0.000000     0.000000     0.000000     0.000000     0.000000    -0.000000     0.000000     0.000000    -0.000000    -0.000000    -0.000000    -0.000000
   -0.000000    -0.000000     0.000000    -0.000000     0.000000    -0.000000     1.000000    -0.000000    -0.000000     0.000000    -0.000000     0.000000     0.000000     0.000000     0.000000     0.000000

   -0.012860     0.288700   -19.820000    -9.810000    -0.000000     0.000000     0.000000     0.000000     0.000000    -0.000000     0.000000     0.000000    -0.001127     0.039190    -0.000000     0.020240
   -0.117800    -0.548300    55.330000    -0.000000     0.000000    -0.000000    -0.000000    -0.000000     0.000000    -0.000000     0.000000     0.000000     0.004798    -0.166200     0.000000    -0.051870
    0.019440    -0.060540    -1.003000     0.000000     0.000129    -0.036750     0.009284     0.000000    -0.000000     0.000000    -0.000000     0.000000    -0.000039    -0.011090     0.000708    -0.028070
   -0.000000    -0.000000     1.000000     0.000000     0.000000    -0.000000    -0.000000     0.000000    -0.000000     0.000000    -0.000000     0.000000     0.000000     0.000000     0.000000     0.000000
    0.000000    -0.000000     0.000000    -0.000000    -0.100700    20.090000   -58.480000     9.810000    -0.000000     0.000000    -0.000000    -0.000000    -0.000000    -0.000000    -0.001030    -0.000000
    0.000946    -0.002946    -0.048800    -0.000000    -0.178700   -15.600000     8.766000    -0.000000     0.000000    -0.000000     0.000000    -0.000000    -0.000002    -0.000540     0.328700    -0.001366
    0.000296    -0.000920    -0.015250    -0.000000     0.035990    -0.253600    -0.661300    -0.000000     0.000000    -0.000000     0.000000    -0.000000    -0.000001    -0.000169     0.000611    -0.000427
   -0.000000    -0.000000     0.000000    -0.000000     0.000000     1.000000     0.000000     0.000000    -0.000000     0.000000    -0.000000     0.000000     0.000000     0.000000     0.000000     0.000000
    1.000000     0.000000    -0.000000    19.810000    -0.000000     0.000000     0.000000     0.000000     0.000000    -0.000000     0.000000     0.000000    -0.000000    -0.000000    -0.000000    -0.000000
    0.000000    -0.000000     0.000000    -0.000000     1.000000    -0.000000    -0.000000   -19.810000    -0.000000     0.000000    -0.000000    61.690000     0.000000     0.000000     0.000000     0.000000
   -0.000000     1.000000    -0.000000   -61.690000     0.000000     0.000000     0.000000     0.000000     0.000000    -0.000000     0.000000     0.000000    -0.000000    -0.000000    -0.000000    -0.000000
   -0.000000    -0.000000     0.000000     0.000000     0.000000    -0.000000     1.000000     0.000000    -0.000000     0.000000    -0.000000     0.000000     0.000000     0.000000     0.000000     0.000000

   -0.001260     0.124900   -12.460000    -9.810000    -0.000000     0.000000     0.000000     0.000000     0.000000    -0.000000     0.000000     0.000000    -0.000908     0.032770    -0.000000     0.019460
   -0.066300    -0.804100   126.500000    -0.000000     0.000000     0.000000    -0.000000    -0.000000     0.000000    -0.000000     0.000000     0.000000     0.015010    -0.540900     0.000000    -0.166400
    0.008777    -0.095440    -1.400000     0.000000     0.000196    -0.058760     0.001041     0.000000    -0.000000     0.000000    -0.000000     0.000000    -0.000153    -0.040030     0.002698    -0.091690
   -0.000000    -0.000000     1.000000     0.000000     0.000000    -0.000000    -0.000000    -0.000000    -0.000000     0.000000    -0.000000     0.000000     0.000000     0.000000     0.000000     0.000000
   -0.000000    -0.000000     0.000000    -0.000000    -0.151400    12.480000  -130.300000     9.810000    -0.000000     0.000000    -0.000000    -0.000000    -0.000000    -0.000000    -0.002789    -0.000000
    0.000476    -0.005180    -0.075960    -0.000000    -0.311200   -25.430000     8.252000    -0.000000     0.000000    -0.000000     0.000000    -0.000000    -0.000008    -0.002173     1.184000    -0.004976
    0.000145    -0.001576    -0.023110    -0.000000     0.059190     0.108000    -1.175000    -0.000000     0.000000    -0.000000     0.000000    -0.000000    -0.000003    -0.000661    -0.007459    -0.001514
   -0.000000    -0.000000     0.000000     0.000000     0.000000     1.000000     0.000000     0.000000    -0.000000     0.000000    -0.000000     0.000000     0.000000     0.000000     0.000000     0.000000
    1.000000     0.000000    -0.000000    12.450000    -0.000000     0.000000     0.000000     0.000000     0.000000    -0.000000     0.000000     0.000000    -0.000000    -0.000000    -0.000000    -0.000000
    0.000000    -0.000000     0.000000    -0.000000     1.000000    -0.000000    -0.000000   -12.450000    -0.000000     0.000000    -0.000000   135.300000     0.000000     0.000000     0.000000     0.000000
   -0.000000     1.000000    -0.000000  -135.300000     0.000000     0.000000     0.000000     0.000000     0.000000    -0.000000     0.000000     0.000000    -0.000000    -0.000000    -0.000000    -0.000000
   -0.000000    -0.000000     0.000000     0.000000     0.000000    -0.000000     1.000000     0.000000    -0.000000     0.000000    -0.000000     0.000000     0.000000     0.000000     0.000000     0.000000

   -0.001115     0.123800   -11.500000    -9.810000    -0.000000    -0.000000     0.000000     0.000000     0.000000    -0.000000     0.000000     0.000000    -0.000887     0.032030     0.000000     0.019290
   -0.067210    -0.857700   126.000000    -0.000000     0.000000    -0.000000    -0.000000    -0.000000     0.000000    -0.000000     0.000000     0.000000     0.016010    -0.577500     0.000000    -0.177700
    0.008091    -0.095440    -1.394000     0.000000     0.000196    -0.058590     0.000528     0.000000    -0.000000     0.000000    -0.000000     0.000000    -0.000153    -0.040110     0.002699    -0.091570
   -0.000000    -0.000000     1.000000     0.000000     0.000000    -0.000000    -0.000000     0.000000    -0.000000     0.000000    -0.000000     0.000000     0.000000     0.000000     0.000000     0.000000
   -0.000000    -0.000000     0.000000    -0.000000    -0.161800    11.500000  -130.000000     9.810000    -0.000000     0.000000    -0.000000    -0.000000    -0.000000    -0.000000    -0.002956    -0.000000
    0.000439    -0.005180    -0.075660    -0.000000    -0.311800   -25.440000     8.063000    -0.000000     0.000000    -0.000000     0.000000    -0.000000    -0.000008    -0.002177     1.186000    -0.004970
    0.000134    -0.001576    -0.023020    -0.000000     0.059280     0.121900    -1.179000    -0.000000     0.000000    -0.000000     0.000000    -0.000000    -0.000003    -0.000662    -0.007666    -0.001512
   -0.000000    -0.000000     0.000000     0.000000     0.000000     1.000000     0.000000     0.000000    -0.000000     0.000000    -0.000000     0.000000     0.000000     0.000000     0.000000     0.000000
    1.000000     0.000000    -0.000000    11.480000    -0.000000     0.000000     0.000000     0.000000     0.000000    -0.000000     0.000000     0.000000    -0.000000    -0.000000    -0.000000    -0.000000
    0.000000    -0.000000     0.000000    -0.000000     1.000000    -0.000000    -0.000000   -11.480000    -0.000000     0.000000    -0.000000   135.400000     0.000000     0.000000     0.000000     0.000000
   -0.000000     1.000000    -0.000000  -135.400000     0.000000     0.000000     0.000000     0.000000     0.000000    -0.000000     0.000000     0.000000    -0.000000    -0.000000    -0.000000    -0.000000
   -0.000000    -0.000000     0.000000     0.000000     0.000000    -0.000000     1.000000    -0.000000    -0.000000     0.000000    -0.000000     0.000000     0.000000     0.000000     0.000000     0.000000

   -0.011770     0.287400   -18.450000    -9.810000    -0.000000     0.000000     0.000000     0.000000     0.000000    -0.000000     0.000000     0.000000    -0.001123     0.039160    -0.000000     0.020320
   -0.117800    -0.587800    55.320000    -0.000000     0.000000    -0.000000    -0.000000    -0.000000     0.000000    -0.000000     0.000000     0.000000     0.005164    -0.179600     0.000000    -0.055990
    0.018050    -0.060830    -0.995700     0.000000     0.000130    -0.036590     0.008371     0.000000    -0.000000     0.000000    -0.000000     0.000000    -0.000040    -0.011270     0.000715    -0.028230
   -0.000000    -0.000000     1.000000     0.000000     0.000000    -0.000000    -0.000000     0.000000    -0.000000     0.000000    -0.000000     0.000000     0.000000     0.000000     0.000000     0.000000
    0.000000    -0.000000     0.000000    -0.000000    -0.108600    18.700000   -58.630000     9.810000    -0.000000     0.000000    -0.000000    -0.000000    -0.000000    -0.000000    -0.001090    -0.000000
    0.000878    -0.002960    -0.048450    -0.000000    -0.181000   -15.710000     8.422000    -0.000000     0.000000    -0.000000     0.000000    -0.000000    -0.000002    -0.000549     0.333600    -0.001374
    0.000274    -0.000925    -0.015140    -0.000000     0.036380    -0.225200    -0.674200    -0.000000     0.000000    -0.000000     0.000000    -0.000000    -0.000001    -0.000171     0.000421    -0.000429
   -0.000000    -0.000000     0.000000     0.000000     0.000000     1.000000     0.000000     0.000000    -0.000000     0.000000    -0.000000     0.000000     0.000000     0.000000     0.000000     0.000000
    1.000000     0.000000    -0.000000    18.430000    -0.000000     0.000000     0.000000     0.000000     0.000000    -0.000000     0.000000     0.000000    -0.000000    -0.000000    -0.000000    -0.000000
    0.000000    -0.000000     0.000000    -0.000000     1.000000    -0.000000    -0.000000   -18.430000    -0.000000     0.000000    -0.000000    62.120000     0.000000     0.000000     0.000000     0.000000
   -0.000000     1.000000    -0.000000   -62.120000     0.000000     0.000000     0.000000     0.000000     0.000000    -0.000000     0.000000     0.000000    -0.000000    -0.000000    -0.000000    -0.000000
   -0.000000    -0.000000     0.000000     0.000000     0.000000    -0.000000     1.000000    -0.000000    -0.000000     0.000000    -0.000000     0.000000     0.000000     0.000000     0.000000     0.000000

   -0.055840     0.482100   -26.990000    -9.810000     0.000000    -0.000000    -0.000000     0.000000     0.000000    -0.000000     0.000000     0.000000    -0.001059     0.034310    -0.000000     0.016780
   -0.184800    -0.343400    27.510000    -0.000000    -0.000000     0.000000     0.000000    -0.000000     0.000000    -0.000000     0.000000     0.000000     0.001647    -0.052550     0.000000    -0.016770
    0.030630    -0.035920    -0.745900     0.000000     0.000075    -0.024680     0.016120     0.000000    -0.000000     0.000000    -0.000000     0.000000    -0.000012    -0.003072     0.000210    -0.009504
   -0.000000    -0.000000     1.000000     0.000000     0.000000    -0.000000    -0.000000     0.000000    -0.000000     0.000000    -0.000000     0.000000     0.000000     0.000000     0.000000     0.000000
   -0.000000     0.000000    -0.000000    -0.000000    -0.055980    27.690000   -30.270000     9.810000    -0.000000     0.000000    -0.000000    -0.000000    -0.000000    -0.000000    -0.000465     0.000000
    0.001417    -0.001661    -0.034510    -0.000000    -0.084890    -8.716000     9.764000    -0.000000     0.000000    -0.000000     0.000000    -0.000000    -0.000001    -0.000142     0.093500    -0.000440
    0.000448    -0.000525    -0.010900    -0.000000     0.018350    -0.528600    -0.267000    -0.000000     0.000000    -0.000000     0.000000    -0.000000    -0.000000    -0.000045     0.001564    -0.000139
   -0.000000    -0.000000     0.000000     0.000000     0.000000     1.000000     0.000000     0.000000    -0.000000     0.000000    -0.000000     0.000000     0.000000     0.000000     0.000000     0.000000
    1.000000     0.000000    -0.000000    27.130000    -0.000000     0.000000     0.000000     0.000000     0.000000    -0.000000     0.000000     0.000000    -0.000000    -0.000000    -0.000000    -0.000000
    0.000000    -0.000000     0.000000    -0.000000     1.000000    -0.000000    -0.000000   -27.130000    -0.000000     0.000000    -0.000000    31.810000     0.000000     0.000000     0.000000     0.000000
   -0.000000     1.000000    -0.000000   -31.810000     0.000000     0.000000     0.000000     0.000000     0.000000    -0.000000     0.000000     0.000000    -0.000000    -0.000000    -0.000000    -0.000000
   -0.000000    -0.000000     0.000000     0.000000     0.000000    -0.000000     1.000000    -0.000000    -0.000000     0.000000    -0.000000     0.000000     0.000000     0.000000     0.000000     0.000000
