u  w  q  the  v  p  r  phi  x  y  z  psi  |  slat  flap  aileron  elevator
   -0.000888     0.217800   -18.570000    -9.810000     0.000000    -0.000000     0.000000     0.000000     0.000000    -0.000000     0.000000     0.000000    -0.000798     0.033060    -0.000000     0.011630
   -0.117200    -0.532600    66.620000    -0.000000    -0.000000     0.000000     0.000000    -0.000000     0.000000    -0.000000     0.000000     0.000000     0.004394    -0.179000    -0.000000    -0.075220
    0.006309    -0.025760    -0.909800     0.000000    -0.000267    -0.007320     0.005948     0.000000    -0.000000     0.000000    -0.000000     0.000000    -0.000258    -0.001985     0.000114    -0.029310
   -0.000000    -0.000000     1.000000     0.000000     0.000000    -0.000000    -0.000000     0.000000    -0.000000     0.000000    -0.000000     0.000000     0.000000     0.000000     0.000000     0.000000
    0.000000     0.000000     0.000000    -0.000000    -0.091570    18.710000   -69.000000     9.810000    -0.000000     0.000000    -0.000000    -0.000000    -0.000000     0.000000    -0.000190     0.000000
    0.000067    -0.000272    -0.009595    -0.000000    -0.900500   -33.490000    17.140000    -0.000000     0.000000    -0.000000     0.000000    -0.000000    -0.000003    -0.000021     0.478900    -0.000309
   -0.000018     0.000074     0.002630    -0.000000     0.000568    -0.963500    -0.335700    -0.000000     0.000000    -0.000000     0.000000    -0.000000     0.000001     0.000006     0.010230     0.000085
   -0.000000    -0.000000     0.000000     0.000000     0.000000     1.000000     0.000000     0.000000    -0.000000     0.000000    -0.000000     0.000000     0.000000     0.000000     0.000000     0.000000
    1.000000     0.000000    -0.000000    18.040000    -0.000000     0.000000     0.000000     0.000000     0.000000    -0.000000     0.000000     0.000000    -0.000000    -0.000000    -0.000000    -0.000000
    0.000000    -0.000000     0.000000    -0.000000     1.000000    -0.000000    -0.000000   -18.040000    -0.000000     0.000000    -0.000000    73.660000     0.000000     0.000000     0.000000     0.000000
   -0.000000     1.000000    -0.000000   -73.660000     0.000000     0.000000     0.000000     0.000000     0.000000    -0.000000     0.000000     0.000000    -0.000000    -0.000000    -0.000000    -0.000000
   -0.000000    -0.000000     0.000000     0.000000     0.000000    -0.000000     1.000000     0.000000    -0.000000     0.000000    -0.000000     0.000000     0.000000     0.000000     0.000000     0.000000

    0.000101     0.133500   -14.160000    -9.810000    -0.000000    -0.000000    -0.000000     0.000000     0.000000    -0.000000     0.000000     0.000000    -0.000643     0.029150     0.000000     0.009778
   -0.084850    -0.655000   106.200000    -0.000000     0.000000     0.000000    -0.000000    -0.000000     0.000000    -0.000000     0.000000     0.000000     0.008302    -0.354400     0.000000    -0.139500
    0.003884    -0.032030    -1.213000     0.000000    -0.000409    -0.014510     0.008094     0.000000    -0.000000     0.000000    -0.000000     0.000000    -0.000610    -0.004605     0.000338    -0.061520
   -0.000000    -0.000000     1.000000     0.000000     0.000000    -0.000000    -0.000000    -0.000000    -0.000000     0.000000    -0.000000     0.000000     0.000000     0.000000     0.000000     0.000000
    0.000000     0.000000    -0.000000    -0.000000    -0.109300    14.030000  -109.300000     9.810000    -0.000000     0.000000    -0.000000    -0.000000     0.000000    -0.000000     0.002664    -0.000000
    0.000054    -0.000442    -0.016730    -0.000000    -1.151000   -51.920000    19.410000    -0.000000     0.000000    -0.000000     0.000000    -0.000000    -0.000008    -0.000064     1.170000    -0.000848
   -0.000013     0.000103     0.003917    -0.000000     0.006202    -1.013000    -0.494500    -0.000000     0.000000    -0.000000     0.000000    -0.000000     0.000002     0.000015     0.019270     0.000199
   -0.000000    -0.000000     0.000000     0.000000     0.000000     1.000000     0.000000     0.000000    -0.000000     0.000000    -0.000000     0.000000     0.000000     0.000000     0.000000     0.000000
    1.000000     0.000000    -0.000000    13.870000    -0.000000     0.000000     0.000000     0.000000     0.000000    -0.000000     0.000000     0.000000    -0.000000    -0.000000    -0.000000    -0.000000
    0.000000    -0.000000     0.000000    -0.000000     1.000000    -0.000000    -0.000000   -13.870000    -0.000000     0.000000    -0.000000   114.400000     0.000000     0.000000     0.000000     0.000000
   -0.000000     1.000000    -0.000000  -114.400000     0.000000     0.000000     0.000000     0.000000     0.000000    -0.000000     0.000000     0.000000    -0.000000    -0.000000    -0.000000    -0.000000
   -0.000000    -0.000000     0.000000     0.000000     0.000000    -0.000000     1.000000     0.000000    -0.000000     0.000000    -0.000000     0.000000     0.000000     0.000000     0.000000     0.000000

    0.000024     0.059780   -14.420000    -9.810000     0.000000     0.000000     0.000000     0.000000     0.000000    -0.000000     0.000000     0.000000    -0.000372     0.021400    -0.000000     0.007255
   -0.048670    -0.569300   223.200000    -0.000000    -0.000000     0.000000    -0.000000    -0.000000     0.000000    -0.000000     0.000000     0.000000     0.014190    -0.647600     0.000000    -0.234900
    0.002028    -0.032570    -1.284000     0.000000    -0.000710    -0.030900     0.012460     0.000000    -0.000000     0.000000    -0.000000     0.000000    -0.001546    -0.012700     0.001432    -0.133600
   -0.000000    -0.000000     1.000000     0.000000     0.000000    -0.000000    -0.000000     0.000000    -0.000000     0.000000    -0.000000     0.000000     0.000000     0.000000     0.000000     0.000000
   -0.000000    -0.000000     0.000000    -0.000000    -0.086100    14.200000  -225.900000     9.810000    -0.000000     0.000000    -0.000000    -0.000000     0.000000    -0.000000     0.007005     0.000000
    0.000053    -0.000845    -0.033300    -0.000000    -1.532000   -78.210000    23.720000    -0.000000     0.000000    -0.000000     0.000000    -0.000000    -0.000040    -0.000329     3.583000    -0.003466
   -0.000008     0.000129     0.005070    -0.000000     0.007438    -0.951600    -0.486000    -0.000000     0.000000    -0.000000     0.000000    -0.000000     0.000006     0.000050     0.039560     0.000528
   -0.000000    -0.000000     0.000000     0.000000     0.000000     1.000000     0.000000     0.000000    -0.000000     0.000000    -0.000000     0.000000     0.000000     0.000000     0.000000     0.000000
    1.000000     0.000000    -0.000000    14.310000    -0.000000     0.000000     0.000000     0.000000     0.000000    -0.000000     0.000000     0.000000    -0.000000    -0.000000    -0.000000    -0.000000
    0.000000    -0.000000     0.000000    -0.000000     1.000000    -0.000000    -0.000000   -14.310000    -0.000000     0.000000    -0.000000   229.700000     0.000000     0.000000     0.000000     0.000000
   -0.000000     1.000000    -0.000000  -229.700000     0.000000     0.000000     0.000000     0.000000     0.000000    -0.000000     0.000000     0.000000    -0.000000    -0.000000    -0.000000    -0.000000
   -0.000000    -0.000000     0.000000     0.000000     0.000000    -0.000000     1.000000    -0.000000    -0.000000     0.000000    -0.000000     0.000000     0.000000     0.000000     0.000000     0.000000

    0.000013     0.059150   -13.410000    -9.810000     0.000000     0.000000     0.000000     0.000000     0.000000    -0.000000     0.000000     0.000000    -0.000352     0.020630    -0.000000     0.007026
   -0.049280    -0.600900   222.900000    -0.000000    -0.000000     0.000000    -0.000000    -0.000000     0.000000    -0.000000     0.000000     0.000000     0.014970    -0.684100     0.000000    -0.247900
    0.001877    -0.032440    -1.283000     0.000000    -0.000704    -0.030960     0.012290     0.000000    -0.000000     0.000000    -0.000000     0.000000    -0.001547    -0.012670     0.001434    -0.133600
   -0.000000    -0.000000     1.000000     0.000000     0.000000    -0.000000    -0.000000     0.000000    -0.000000     0.000000    -0.000000     0.000000     0.000000     0.000000     0.000000     0.000000
   -0.000000    -0.000000     0.000000    -0.000000    -0.090990    13.160000  -225.800000     9.810000    -0.000000     0.000000    -0.000000    -0.000000     0.000000    -0.000000     0.007559     0.000000
    0.000049    -0.000841    -0.033270    -0.000000    -1.518000   -78.240000    23.290000    -0.000000     0.000000    -0.000000     0.000000    -0.000000    -0.000040    -0.000329     3.586000    -0.003465
   -0.000007     0.000128     0.005066    -0.000000     0.007688    -0.940000    -0.489200    -0.000000     0.000000    -0.000000     0.000000    -0.000000     0.000006     0.000050     0.039430     0.000527
   -0.000000    -0.000000     0.000000     0.000000     0.000000     1.000000     0.000000     0.000000    -0.000000     0.000000    -0.000000     0.000000     0.000000     0.000000     0.000000     0.000000
    1.000000     0.000000    -0.000000    13.300000    -0.000000     0.000000     0.000000     0.000000     0.000000    -0.000000     0.000000     0.000000    -0.000000    -0.000000    -0.000000    -0.000000
    0.000000    -0.000000     0.000000    -0.000000     1.000000    -0.000000    -0.000000   -13.300000    -0.000000     0.000000    -0.000000   229.800000     0.000000     0.000000     0.000000     0.000000
   -0.000000     1.000000    -0.000000  -229.800000     0.000000     0.000000     0.000000     0.000000     0.000000    -0.000000     0.000000     0.000000    -0.000000    -0.000000    -0.000000    -0.000000
   -0.000000    -0.000000     0.000000     0.000000     0.000000    -0.000000     1.000000     0.000000    -0.000000     0.000000    -0.000000     0.000000     0.000000     0.000000     0.000000     0.000000

    0.000124     0.132700   -13.290000    -9.810000    -0.000000    -0.000000    -0.000000     0.000000     0.000000    -0.000000     0.000000     0.000000    -0.000631     0.028740    -0.000000     0.009627
   -0.085430    -0.690800   105.800000    -0.000000     0.000000     0.000000    -0.000000    -0.000000     0.000000    -0.000000     0.000000     0.000000     0.008757    -0.374400    -0.000000    -0.147200
    0.003616    -0.031840    -1.212000     0.000000    -0.000405    -0.014590     0.007957     0.000000    -0.000000     0.000000    -0.000000     0.000000    -0.000611    -0.004591     0.000339    -0.061530
   -0.000000    -0.000000     1.000000    -0.000000     0.000000    -0.000000    -0.000000    -0.000000    -0.000000     0.000000    -0.000000    -0.000000     0.000000     0.000000     0.000000     0.000000
    0.000000     0.000000    -0.000000    -0.000000    -0.115600    13.120000  -109.200000     9.810000    -0.000000     0.000000    -0.000000    -0.000000     0.000000    -0.000000     0.002998    -0.000000
    0.000050    -0.000439    -0.016720    -0.000000    -1.136000   -51.970000    18.960000    -0.000000     0.000000    -0.000000     0.000000    -0.000000    -0.000008    -0.000063     1.173000    -0.000848
   -0.000012     0.000103     0.003913    -0.000000     0.006609    -0.994200    -0.499700    -0.000000     0.000000    -0.000000     0.000000    -0.000000     0.000002     0.000015     0.019160     0.000199
   -0.000000    -0.000000     0.000000     0.000000     0.000000     1.000000     0.000000    -0.000000    -0.000000     0.000000    -0.000000    -0.000000     0.000000     0.000000     0.000000     0.000000
    1.000000     0.000000    -0.000000    13.000000    -0.000000     0.000000     0.000000     0.000000     0.000000    -0.000000     0.000000     0.000000    -0.000000    -0.000000    -0.000000    -0.000000
    0.000000    -0.000000     0.000000    -0.000000     1.000000    -0.000000    -0.000000   -13.000000    -0.000000     0.000000    -0.000000   114.500000     0.000000     0.000000     0.000000     0.000000
   -0.000000     1.000000    -0.000000  -114.500000     0.000000     0.000000     0.000000     0.000000     0.000000    -0.000000     0.000000     0.000000    -0.000000    -0.000000    -0.000000    -0.000000
   -0.000000    -0.000000     0.000000     0.000000     0.000000    -0.000000     1.000000    -0.000000    -0.000000     0.000000    -0.000000    -0.000000     0.000000     0.000000     0.000000     0.000000

   -0.000731     0.216900   -17.500000    -9.810000     0.000000     0.000000     0.000000     0.000000     0.000000    -0.000000     0.000000     0.000000    -0.000793     0.032930    -0.000000     0.011540
   -0.117500    -0.562400    66.470000    -0.000000    -0.000000     0.000000     0.000000    -0.000000     0.000000    -0.000000     0.000000     0.000000     0.004651    -0.190000    -0.000000    -0.079600
    0.005866    -0.025550    -0.909800     0.000000    -0.000264    -0.007424     0.005818     0.000000    -0.000000     0.000000    -0.000000     0.000000    -0.000260    -0.001979     0.000116    -0.029410
   -0.000000    -0.000000     1.000000     0.000000     0.000000    -0.000000    -0.000000     0.000000    -0.000000     0.000000    -0.000000     0.000000     0.000000     0.000000     0.000000     0.000000
    0.000000     0.000000     0.000000    -0.000000    -0.097240    17.610000   -69.010000     9.810000    -0.000000     0.000000    -0.000000    -0.000000    -0.000000     0.000000    -0.000002     0.000000
    0.000062    -0.000269    -0.009594    -0.000000    -0.884600   -33.610000    16.620000    -0.000000     0.000000    -0.000000     0.000000    -0.000000    -0.000003    -0.000021     0.482900    -0.000310
   -0.000017     0.000074     0.002630    -0.000000     0.001150    -0.937800    -0.343500    -0.000000     0.000000    -0.000000     0.000000    -0.000000     0.000001     0.000006     0.010160     0.000085
   -0.000000    -0.000000     0.000000    -0.000000     0.000000     1.000000     0.000000     0.000000    -0.000000     0.000000    -0.000000     0.000000     0.000000     0.000000     0.000000     0.000000
    1.000000     0.000000    -0.000000    16.970000    -0.000000     0.000000     0.000000     0.000000     0.000000    -0.000000     0.000000     0.000000    -0.000000    -0.000000    -0.000000    -0.000000
    0.000000    -0.000000     0.000000    -0.000000     1.000000    -0.000000    -0.000000   -16.970000    -0.000000     0.000000    -0.000000    73.910000     0.000000     0.000000     0.000000     0.000000
   -0.000000     1.000000    -0.000000   -73.910000     0.000000     0.000000     0.000000     0.000000     0.000000    -0.000000     0.000000     0.000000    -0.000000    -0.000000    -0.000000    -0.000000
   -0.000000    -0.000000     0.000000     0.000000     0.000000    -0.000000     1.000000    -0.000000    -0.000000     0.000000    -0.000000     0.000000     0.000000     0.000000     0.000000     0.000000
