u  w  q  the  v  p  r  phi  x  y  z  psi  |  slat  flap  aileron  elevator
   -0.001011     0.218500   -18.640000    -9.810000     0.000000     0.000000     0.000000     0.000000     0.000000    -0.000000     0.000000     0.000000    -0.000802     0.033200    -0.000000     0.011870
   -0.116700    -0.532400    66.570000    -0.000000    -0.000000     0.000000     0.000000    -0.000000     0.000000    -0.000000     0.000000     0.000000     0.004392    -0.178900    -0.000000    -0.075200
    0.006490    -0.026390    -0.912200     0.000000    -0.002539    -0.098440     0.047170     0.000000    -0.000000     0.000000    -0.000000     0.000000    -0.000250    -0.002238     0.001393    -0.029280
   -0.000000    -0.000000     1.000000    -0.000000     0.000000    -0.000000    -0.000000    -0.000000    -0.000000     0.000000    -0.000000    -0.000000     0.000000     0.000000     0.000000     0.000000
    0.000000     0.000000     0.000000    -0.000000    -0.091510    18.790000   -68.970000     9.810000    -0.000000     0.000000    -0.000000    -0.000000    -0.000000     0.000000    -0.000201     0.000000
    0.000792    -0.003221    -0.111300    -0.000000    -0.354100   -13.150000     6.766000    -0.000000     0.000000    -0.000000     0.000000    -0.000000    -0.000031    -0.000273     0.188100    -0.003574
    0.000044    -0.000178    -0.006151    -0.000000     0.009293    -0.599200    -0.488200    -0.000000     0.000000    -0.000000     0.000000    -0.000000    -0.000002    -0.000015     0.005165    -0.000197
   -0.000000    -0.000000     0.000000     0.000000     0.000000     1.000000     0.000000    -0.000000    -0.000000     0.000000    -0.000000    -0.000000     0.000000     0.000000     0.000000     0.000000
    1.000000     0.000000    -0.000000    18.110000    -0.000000     0.000000     0.000000     0.000000     0.000000    -0.000000     0.000000     0.000000    -0.000000    -0.000000    -0.000000    -0.000000
    0.000000    -0.000000     0.000000    -0.000000     1.000000    -0.000000    -0.000000   -18.110000    -0.000000     0.000000    -0.000000    73.640000     0.000000     0.000000     0.000000     0.000000
   -0.000000     1.000000    -0.000000   -73.640000     0.000000     0.000000     0.000000     0.000000     0.000000    -0.000000     0.000000     0.000000    -0.000000    -0.000000    -0.000000    -0.000000
   -0.000000    -0.000000     0.000000     0.000000     0.000000    -0.000000     1.000000    -0.000000    -0.000000     0.000000    -0.000000    -0.000000     0.000000     0.000000     0.000000     0.000000

    0.000066     0.134000   -14.220000    -9.810000    -0.000000    -0.000000     0.000000     0.000000     0.000000    -0.000000     0.000000     0.000000    -0.000646     0.029290     0.000000     0.010040
   -0.084510    -0.655000   106.100000    -0.000000    -0.000000     0.000000    -0.000000    -0.000000     0.000000    -0.000000     0.000000     0.000000     0.008301    -0.354300     0.000000    -0.139500
    0.004008    -0.032910    -1.216000     0.000000    -0.003150    -0.148200     0.051540     0.000000    -0.000000     0.000000    -0.000000     0.000000    -0.000593    -0.005165     0.003322    -0.061430
   -0.000000    -0.000000     1.000000     0.000000     0.000000    -0.000000    -0.000000     0.000000    -0.000000     0.000000    -0.000000     0.000000     0.000000     0.000000     0.000000     0.000000
    0.000000     0.000000    -0.000000    -0.000000    -0.109200    14.090000  -109.300000     9.810000    -0.000000     0.000000    -0.000000    -0.000000     0.000000    -0.000000     0.002654    -0.000000
    0.000535    -0.004393    -0.162300    -0.000000    -0.386400   -17.420000     6.549000    -0.000000     0.000000    -0.000000     0.000000    -0.000000    -0.000079    -0.000689     0.392600    -0.008199
    0.000029    -0.000238    -0.008775    -0.000000     0.016700    -0.480700    -0.653200    -0.000000     0.000000    -0.000000     0.000000    -0.000000    -0.000004    -0.000037     0.007439    -0.000443
   -0.000000    -0.000000     0.000000    -0.000000     0.000000     1.000000     0.000000     0.000000    -0.000000     0.000000    -0.000000     0.000000     0.000000     0.000000     0.000000     0.000000
    1.000000     0.000000    -0.000000    13.930000    -0.000000     0.000000     0.000000     0.000000     0.000000    -0.000000     0.000000     0.000000    -0.000000    -0.000000    -0.000000    -0.000000
    0.000000    -0.000000     0.000000    -0.000000     1.000000    -0.000000    -0.000000   -13.930000    -0.000000     0.000000    -0.000000   114.400000     0.000000     0.000000     0.000000     0.000000
   -0.000000     1.000000    -0.000000  -114.400000     0.000000     0.000000     0.000000     0.000000     0.000000    -0.000000     0.000000     0.000000    -0.000000    -0.000000    -0.000000    -0.000000
   -0.000000    -0.000000     0.000000    -0.000000     0.000000    -0.000000     1.000000    -0.000000    -0.000000     0.000000    -0.000000     0.000000     0.000000     0.000000     0.000000     0.000000

    0.000017     0.060010   -14.490000    -9.810000     0.000000     0.000000     0.000000     0.000000     0.000000    -0.000000     0.000000     0.000000    -0.000375     0.021540    -0.000000     0.007549
   -0.048500    -0.569200   223.100000    -0.000000    -0.000000     0.000000    -0.000000    -0.000000     0.000000    -0.000000     0.000000     0.000000     0.014190    -0.647600     0.000000    -0.234900
    0.002098    -0.033520    -1.284000     0.000000    -0.003541    -0.188800     0.052810     0.000000    -0.000000     0.000000    -0.000000     0.000000    -0.001506    -0.013960     0.008624    -0.133200
   -0.000000    -0.000000     1.000000    -0.000000     0.000000    -0.000000    -0.000000    -0.000000    -0.000000     0.000000    -0.000000    -0.000000     0.000000     0.000000     0.000000     0.000000
   -0.000000    -0.000000     0.000000    -0.000000    -0.086080    14.270000  -225.900000     9.810000    -0.000000     0.000000    -0.000000    -0.000000     0.000000    -0.000000     0.006996     0.000000
    0.000328    -0.005248    -0.201100    -0.000000    -0.335500   -17.110000     5.219000    -0.000000     0.000000    -0.000000     0.000000    -0.000000    -0.000236    -0.002186     0.784000    -0.020860
    0.000017    -0.000271    -0.010370    -0.000000     0.019040    -0.283600    -0.644100    -0.000000     0.000000    -0.000000     0.000000    -0.000000    -0.000012    -0.000113     0.009195    -0.001076
   -0.000000    -0.000000     0.000000     0.000000     0.000000     1.000000     0.000000    -0.000000    -0.000000     0.000000    -0.000000    -0.000000     0.000000     0.000000     0.000000     0.000000
    1.000000     0.000000    -0.000000    14.380000    -0.000000     0.000000     0.000000     0.000000     0.000000    -0.000000     0.000000     0.000000    -0.000000    -0.000000    -0.000000    -0.000000
    0.000000    -0.000000     0.000000    -0.000000     1.000000    -0.000000    -0.000000   -14.380000    -0.000000     0.000000    -0.000000   229.700000     0.000000     0.000000     0.000000     0.000000
   -0.000000     1.000000    -0.000000  -229.700000     0.000000     0.000000     0.000000     0.000000     0.000000    -0.000000     0.000000     0.000000    -0.000000    -0.000000    -0.000000    -0.000000
   -0.000000    -0.000000     0.000000     0.000000     0.000000    -0.000000     1.000000    -0.000000    -0.000000     0.000000    -0.000000    -0.000000     0.000000     0.000000     0.000000     0.000000

    0.000006     0.059380   -13.470000    -9.810000     0.000000     0.000000     0.000000     0.000000     0.000000    -0.000000     0.000000     0.000000    -0.000355     0.020770    -0.000000     0.007321
   -0.049110    -0.600900   222.800000    -0.000000    -0.000000     0.000000    -0.000000    -0.000000     0.000000    -0.000000     0.000000     0.000000     0.014970    -0.684100     0.000000    -0.247900
    0.001942    -0.033390    -1.283000     0.000000    -0.003506    -0.188800     0.051780     0.000000    -0.000000     0.000000    -0.000000     0.000000    -0.001507    -0.013940     0.008631    -0.133200
   -0.000000    -0.000000     1.000000    -0.000000     0.000000    -0.000000    -0.000000    -0.000000    -0.000000     0.000000    -0.000000    -0.000000     0.000000     0.000000     0.000000     0.000000
   -0.000000    -0.000000     0.000000    -0.000000    -0.090980    13.230000  -225.800000     9.810000    -0.000000     0.000000    -0.000000    -0.000000     0.000000    -0.000000     0.007551     0.000000
    0.000304    -0.005228    -0.200900    -0.000000    -0.332400   -17.120000     5.124000    -0.000000     0.000000    -0.000000     0.000000    -0.000000    -0.000236    -0.002183     0.784700    -0.020850
    0.000016    -0.000270    -0.010370    -0.000000     0.019160    -0.272500    -0.643800    -0.000000     0.000000    -0.000000     0.000000    -0.000000    -0.000012    -0.000113     0.009045    -0.001076
   -0.000000    -0.000000     0.000000     0.000000     0.000000     1.000000     0.000000    -0.000000    -0.000000     0.000000    -0.000000    -0.000000     0.000000     0.000000     0.000000     0.000000
    1.000000     0.000000    -0.000000    13.360000    -0.000000     0.000000     0.000000     0.000000     0.000000    -0.000000     0.000000     0.000000    -0.000000    -0.000000    -0.000000    -0.000000
    0.000000    -0.000000     0.000000    -0.000000     1.000000    -0.000000    -0.000000   -13.360000    -0.000000     0.000000    -0.000000   229.800000     0.000000     0.000000     0.000000     0.000000
   -0.000000     1.000000    -0.000000  -229.800000     0.000000     0.000000     0.000000     0.000000     0.000000    -0.000000     0.000000     0.000000    -0.000000    -0.000000    -0.000000    -0.000000
   -0.000000    -0.000000     0.000000     0.000000     0.000000    -0.000000     1.000000    -0.000000    -0.000000     0.000000    -0.000000    -0.000000     0.000000     0.000000     0.000000     0.000000

    0.000092     0.133200   -13.340000    -9.810000    -0.000000    -0.000000     0.000000     0.000000     0.000000    -0.000000     0.000000     0.000000    -0.000634     0.028890     0.000000     0.009893
   -0.085090    -0.690700   105.800000    -0.000000     0.000000     0.000000     0.000000    -0.000000     0.000000    -0.000000     0.000000     0.000000     0.008756    -0.374400     0.000000    -0.147200
    0.003733    -0.032730    -1.215000     0.000000    -0.003107    -0.148200     0.050260     0.000000    -0.000000     0.000000    -0.000000     0.000000    -0.000594    -0.005152     0.003329    -0.061430
   -0.000000    -0.000000     1.000000    -0.000000     0.000000    -0.000000    -0.000000    -0.000000    -0.000000     0.000000    -0.000000    -0.000000     0.000000     0.000000     0.000000     0.000000
    0.000000     0.000000    -0.000000    -0.000000    -0.115500    13.180000  -109.100000     9.810000    -0.000000     0.000000    -0.000000    -0.000000     0.000000    -0.000000     0.002988    -0.000000
    0.000498    -0.004368    -0.162100    -0.000000    -0.381500   -17.440000     6.398000    -0.000000     0.000000    -0.000000     0.000000    -0.000000    -0.000079    -0.000688     0.393500    -0.008199
    0.000027    -0.000236    -0.008767    -0.000000     0.016950    -0.462200    -0.654000    -0.000000     0.000000    -0.000000     0.000000    -0.000000    -0.000004    -0.000037     0.007307    -0.000443
   -0.000000    -0.000000     0.000000     0.000000     0.000000     1.000000     0.000000    -0.000000    -0.000000     0.000000    -0.000000    -0.000000     0.000000     0.000000     0.000000     0.000000
    1.000000     0.000000    -0.000000    13.060000    -0.000000     0.000000     0.000000     0.000000     0.000000    -0.000000     0.000000     0.000000    -0.000000    -0.000000    -0.000000    -0.000000
    0.000000    -0.000000     0.000000    -0.000000     1.000000    -0.000000    -0.000000   -13.060000    -0.000000     0.000000    -0.000000   114.500000     0.000000     0.000000     0.000000     0.000000
   -0.000000     1.000000    -0.000000  -114.500000     0.000000     0.000000     0.000000     0.000000     0.000000    -0.000000     0.000000     0.000000    -0.000000    -0.000000    -0.000000    -0.000000
   -0.000000    -0.000000     0.000000     0.000000     0.000000    -0.000000     1.000000    -0.000000    -0.000000     0.000000    -0.000000    -0.000000     0.000000     0.000000     0.000000     0.000000

   -0.000846     0.217600   -17.560000    -9.810000     0.000000    -0.000000     0.000000     0.000000     0.000000    -0.000000     0.000000     0.000000    -0.000796     0.033070    -0.000000     0.011780
   -0.116900    -0.562300    66.420000    -0.000000    -0.000000     0.000000     0.000000    -0.000000     0.000000    -0.000000     0.000000     0.000000     0.004650    -0.189900    -0.000000    -0.079580
    0.006036    -0.026180    -0.912100     0.000000    -0.002492    -0.098680     0.045690     0.000000    -0.000000     0.000000    -0.000000     0.000000    -0.000252    -0.002234     0.001404    -0.029380
   -0.000000    -0.000000     1.000000     0.000000     0.000000    -0.000000    -0.000000     0.000000    -0.000000     0.000000    -0.000000     0.000000     0.000000     0.000000     0.000000     0.000000
    0.000000     0.000000     0.000000    -0.000000    -0.097170    17.680000   -68.990000     9.810000    -0.000000     0.000000    -0.000000    -0.000000    -0.000000     0.000000    -0.000013     0.000000
    0.000737    -0.003196    -0.111300    -0.000000    -0.347800   -13.200000     6.564000    -0.000000     0.000000    -0.000000     0.000000    -0.000000    -0.000031    -0.000273     0.189700    -0.003587
    0.000041    -0.000177    -0.006151    -0.000000     0.009697    -0.573500    -0.490700    -0.000000     0.000000    -0.000000     0.000000    -0.000000    -0.000002    -0.000015     0.005057    -0.000198
   -0.000000    -0.000000     0.000000    -0.000000     0.000000     1.000000     0.000000     0.000000    -0.000000     0.000000    -0.000000     0.000000     0.000000     0.000000     0.000000     0.000000
    1.000000     0.000000    -0.000000    17.040000    -0.000000     0.000000     0.000000     0.000000     0.000000    -0.000000     0.000000     0.000000    -0.000000    -0.000000    -0.000000    -0.000000
    0.000000    -0.000000     0.000000    -0.000000     1.000000    -0.000000    -0.000000   -17.040000    -0.000000     0.000000    -0.000000    73.900000     0.000000     0.000000     0.000000     0.000000
   -0.000000     1.000000    -0.000000   -73.900000     0.000000     0.000000     0.000000     0.000000     0.000000    -0.000000     0.000000     0.000000    -0.000000    -0.000000    -0.000000    -0.000000
   -0.000000    -0.000000     0.000000     0.000000     0.000000    -0.000000     1.000000    -0.000000    -0.000000     0.000000    -0.000000     0.000000     0.000000     0.000000     0.000000     0.000000
