u  w  q  the  v  p  r  phi  x  y  z  psi  |  slat  flap  aileron  elevator
   -0.043410     0.469600   -28.170000    -9.810000     0.000000     0.000000    -0.000000     0.000000     0.000000    -0.000000     0.000000     0.000000    -0.001001     0.032200     0.000000     0.014410
   -0.196000    -0.315100    27.400000    -0.000000    -0.000000     0.000000     0.000000    -0.000000     0.000000    -0.000000     0.000000     0.000000     0.001483    -0.046990     0.000000    -0.015020
    0.029850    -0.033120    -0.727300     0.000000     0.000218    -0.010880    -0.000558     0.000000    -0.000000     0.000000    -0.000000     0.000000    -0.000049    -0.002170     0.000050    -0.009849
   -0.000000    -0.000000     1.000000    -0.000000     0.000000    -0.000000    -0.000000    -0.000000    -0.000000     0.000000    -0.000000    -0.000000     0.000000     0.000000     0.000000     0.000000
   -0.000000     0.000000    -0.000000    -0.000000    -0.048900    28.540000   -29.750000     9.810000    -0.000000     0.000000    -0.000000    -0.000000    -0.000000    -0.000000    -0.000416     0.000000
    0.000124    -0.000138    -0.003031    -0.000000    -0.083930    -9.267000    10.830000    -0.000000     0.000000    -0.000000     0.000000    -0.000000    -0.000000    -0.000009     0.097190    -0.000041
    0.000446    -0.000495    -0.010870    -0.000000     0.018210    -0.632500    -0.263700    -0.000000     0.000000    -0.000000     0.000000    -0.000000    -0.000001    -0.000032     0.001780    -0.000147
   -0.000000    -0.000000     0.000000     0.000000     0.000000     1.000000     0.000000    -0.000000    -0.000000     0.000000    -0.000000    -0.000000     0.000000     0.000000     0.000000     0.000000
    1.000000     0.000000    -0.000000    27.990000    -0.000000     0.000000     0.000000     0.000000     0.000000    -0.000000     0.000000     0.000000    -0.000000    -0.000000    -0.000000    -0.000000
    0.000000    -0.000000     0.000000    -0.000000     1.000000    -0.000000    -0.000000   -27.990000    -0.000000     0.000000    -0.000000    31.050000     0.000000     0.000000     0.000000     0.000000
   -0.000000     1.000000    -0.000000   -31.050000     0.000000     0.000000     0.000000     0.000000     0.000000    -0.000000     0.000000     0.000000    -0.000000    -0.000000    -0.000000    -0.000000
   -0.000000    -0.000000     0.000000     0.000000     0.000000    -0.000000     1.000000    -0.000000    -0.000000     0.000000    -0.000000    -0.000000     0.000000     0.000000     0.000000     0.000000

   -0.008193     0.278400   -19.070000    -9.810000    -0.000000     0.000000     0.000000     0.000000     0.000000    -0.000000     0.000000     0.000000    -0.001073     0.037350    -0.000000     0.017440
   -0.125200    -0.550800    56.060000    -0.000000     0.000000    -0.000000    -0.000000    -0.000000     0.000000    -0.000000     0.000000     0.000000     0.004833    -0.167800     0.000000    -0.052350
    0.017090    -0.056070    -0.988900     0.000000     0.000490    -0.008651    -0.007423     0.000000    -0.000000     0.000000    -0.000000     0.000000    -0.000169    -0.008563     0.000108    -0.030610
   -0.000000    -0.000000     1.000000     0.000000     0.000000    -0.000000    -0.000000     0.000000    -0.000000     0.000000    -0.000000     0.000000     0.000000     0.000000     0.000000     0.000000
    0.000000    -0.000000     0.000000    -0.000000    -0.100200    19.150000   -58.820000     9.810000    -0.000000     0.000000    -0.000000    -0.000000    -0.000000    -0.000000    -0.001009    -0.000000
    0.000069    -0.000225    -0.003976    -0.000000    -0.194300   -17.210000     9.248000    -0.000000     0.000000    -0.000000     0.000000    -0.000000    -0.000001    -0.000034     0.364800    -0.000123
    0.000269    -0.000881    -0.015540    -0.000000     0.038850    -0.263600    -0.717400    -0.000000     0.000000    -0.000000     0.000000    -0.000000    -0.000003    -0.000134     0.000255    -0.000481
   -0.000000    -0.000000     0.000000     0.000000     0.000000     1.000000     0.000000     0.000000    -0.000000     0.000000    -0.000000     0.000000     0.000000     0.000000     0.000000     0.000000
    1.000000     0.000000    -0.000000    18.890000    -0.000000     0.000000     0.000000     0.000000     0.000000    -0.000000     0.000000     0.000000    -0.000000    -0.000000    -0.000000    -0.000000
    0.000000    -0.000000     0.000000    -0.000000     1.000000    -0.000000    -0.000000   -18.890000    -0.000000     0.000000    -0.000000    61.980000     0.000000     0.000000     0.000000     0.000000
   -0.000000     1.000000    -0.000000   -61.980000     0.000000     0.000000     0.000000     0.000000     0.000000    -0.000000     0.000000     0.000000    -0.000000    -0.000000    -0.000000    -0.000000
   -0.000000    -0.000000     0.000000     0.000000     0.000000    -0.000000     1.000000     0.000000    -0.000000     0.000000    -0.000000     0.000000     0.000000     0.000000     0.000000     0.000000

   -0.000576     0.120000   -11.850000    -9.810000    -0.000000    -0.000000     0.000000     0.000000     0.000000    -0.000000     0.000000     0.000000    -0.000850     0.030630    -0.000000     0.016210
   -0.070260    -0.804500   127.100000    -0.000000     0.000000     0.000000    -0.000000    -0.000000     0.000000    -0.000000     0.000000     0.000000     0.015020    -0.541500     0.000000    -0.166600
    0.007709    -0.088660    -1.414000     0.000000     0.000936    -0.006567    -0.017740     0.000000    -0.000000     0.000000    -0.000000     0.000000    -0.000606    -0.031310     0.000262    -0.101600
   -0.000000    -0.000000     1.000000     0.000000     0.000000    -0.000000    -0.000000    -0.000000    -0.000000     0.000000    -0.000000     0.000000     0.000000     0.000000     0.000000     0.000000
   -0.000000    -0.000000    -0.000000    -0.000000    -0.150900    11.800000  -130.400000     9.810000    -0.000000     0.000000    -0.000000    -0.000000    -0.000000    -0.000000    -0.002756    -0.000000
    0.000027    -0.000311    -0.004954    -0.000000    -0.345900   -28.330000     8.825000    -0.000000     0.000000    -0.000000     0.000000    -0.000000    -0.000002    -0.000110     1.320000    -0.000356
    0.000135    -0.001550    -0.024730    -0.000000     0.065610     0.168900    -1.289000    -0.000000     0.000000    -0.000000     0.000000    -0.000000    -0.000011    -0.000547    -0.010660    -0.001777
   -0.000000    -0.000000     0.000000     0.000000     0.000000     1.000000     0.000000     0.000000    -0.000000     0.000000    -0.000000     0.000000     0.000000     0.000000     0.000000     0.000000
    1.000000     0.000000    -0.000000    11.770000    -0.000000     0.000000     0.000000     0.000000     0.000000    -0.000000     0.000000     0.000000    -0.000000    -0.000000    -0.000000    -0.000000
    0.000000    -0.000000     0.000000    -0.000000     1.000000    -0.000000    -0.000000   -11.770000    -0.000000     0.000000    -0.000000   135.400000     0.000000     0.000000     0.000000     0.000000
   -0.000000     1.000000    -0.000000  -135.400000     0.000000     0.000000     0.000000     0.000000     0.000000    -0.000000     0.000000     0.000000    -0.000000    -0.000000    -0.000000    -0.000000
   -0.000000    -0.000000     0.000000     0.000000     0.000000    -0.000000     1.000000     0.000000    -0.000000     0.000000    -0.000000     0.000000     0.000000     0.000000     0.000000     0.000000

   -0.000484     0.118900   -10.930000    -9.810000    -0.000000    -0.000000     0.000000     0.000000     0.000000    -0.000000     0.000000     0.000000    -0.000828     0.029880    -0.000000     0.016030
   -0.071180    -0.858100   126.700000    -0.000000     0.000000     0.000000    -0.000000    -0.000000     0.000000    -0.000000     0.000000     0.000000     0.016010    -0.578000     0.000000    -0.177800
    0.007097    -0.088630    -1.409000     0.000000     0.000938    -0.006322    -0.017870     0.000000    -0.000000     0.000000    -0.000000     0.000000    -0.000606    -0.031370     0.000258    -0.101500
   -0.000000    -0.000000     1.000000     0.000000     0.000000    -0.000000    -0.000000     0.000000    -0.000000     0.000000    -0.000000     0.000000     0.000000     0.000000     0.000000     0.000000
   -0.000000    -0.000000     0.000000    -0.000000    -0.161300    10.860000  -130.200000     9.810000    -0.000000     0.000000    -0.000000    -0.000000    -0.000000    -0.000000    -0.002923    -0.000000
    0.000025    -0.000310    -0.004936    -0.000000    -0.346700   -28.350000     8.624000    -0.000000     0.000000    -0.000000     0.000000    -0.000000    -0.000002    -0.000110     1.322000    -0.000356
    0.000124    -0.001549    -0.024640    -0.000000     0.065730     0.184700    -1.293000    -0.000000     0.000000    -0.000000     0.000000    -0.000000    -0.000011    -0.000549    -0.010900    -0.001774
   -0.000000    -0.000000     0.000000     0.000000     0.000000     1.000000     0.000000     0.000000    -0.000000     0.000000    -0.000000     0.000000     0.000000     0.000000     0.000000     0.000000
    1.000000     0.000000    -0.000000    10.850000    -0.000000     0.000000     0.000000     0.000000     0.000000    -0.000000     0.000000     0.000000    -0.000000    -0.000000    -0.000000    -0.000000
    0.000000    -0.000000     0.000000    -0.000000     1.000000    -0.000000    -0.000000   -10.850000    -0.000000     0.000000    -0.000000   135.500000     0.000000     0.000000     0.000000     0.000000
   -0.000000     1.000000    -0.000000  -135.500000     0.000000     0.000000     0.000000     0.000000     0.000000    -0.000000     0.000000     0.000000    -0.000000    -0.000000    -0.000000    -0.000000
   -0.000000    -0.000000     0.000000     0.000000     0.000000    -0.000000     1.000000     0.000000    -0.000000     0.000000    -0.000000     0.000000     0.000000     0.000000     0.000000     0.000000

   -0.007432     0.277100   -17.760000    -9.810000    -0.000000     0.000000     0.000000     0.000000     0.000000    -0.000000     0.000000     0.000000    -0.001068     0.037280    -0.000000     0.017480
   -0.125300    -0.590100    56.040000    -0.000000     0.000000    -0.000000    -0.000000    -0.000000     0.000000    -0.000000     0.000000     0.000000     0.005196    -0.181100     0.000000    -0.056440
    0.015850    -0.056240    -0.982400     0.000000     0.000495    -0.008238    -0.007712     0.000000    -0.000000     0.000000    -0.000000     0.000000    -0.000170    -0.008695     0.000107    -0.030770
   -0.000000    -0.000000     1.000000     0.000000     0.000000    -0.000000    -0.000000     0.000000    -0.000000     0.000000    -0.000000     0.000000     0.000000     0.000000     0.000000     0.000000
    0.000000    -0.000000     0.000000    -0.000000    -0.108100    17.830000   -58.930000     9.810000    -0.000000     0.000000    -0.000000    -0.000000    -0.000000    -0.000000    -0.001068    -0.000000
    0.000064    -0.000226    -0.003950    -0.000000    -0.196800   -17.320000     8.885000    -0.000000     0.000000    -0.000000     0.000000    -0.000000    -0.000001    -0.000035     0.369600    -0.000124
    0.000249    -0.000883    -0.015430    -0.000000     0.039290    -0.231900    -0.730500    -0.000000     0.000000    -0.000000     0.000000    -0.000000    -0.000003    -0.000137     0.000038    -0.000483
   -0.000000    -0.000000     0.000000    -0.000000     0.000000     1.000000     0.000000     0.000000    -0.000000     0.000000    -0.000000     0.000000     0.000000     0.000000     0.000000     0.000000
    1.000000     0.000000    -0.000000    17.570000    -0.000000     0.000000     0.000000     0.000000     0.000000    -0.000000     0.000000     0.000000    -0.000000    -0.000000    -0.000000    -0.000000
    0.000000    -0.000000     0.000000    -0.000000     1.000000    -0.000000    -0.000000   -17.570000    -0.000000     0.000000    -0.000000    62.360000     0.000000     0.000000     0.000000     0.000000
   -0.000000     1.000000    -0.000000   -62.360000     0.000000     0.000000     0.000000     0.000000     0.000000    -0.000000     0.000000     0.000000    -0.000000    -0.000000    -0.000000    -0.000000
   -0.000000    -0.000000     0.000000     0.000000     0.000000    -0.000000     1.000000     0.000000    -0.000000     0.000000    -0.000000     0.000000     0.000000     0.000000     0.000000     0.000000

   -0.037580     0.463900   -26.070000    -9.810000     0.000000    -0.000000    -0.000000     0.000000     0.000000    -0.000000     0.000000     0.000000    -0.001033     0.033700     0.000000     0.015130
   -0.193400    -0.354500    28.770000    -0.000000    -0.000000     0.000000     0.000000    -0.000000     0.000000    -0.000000     0.000000     0.000000     0.001743    -0.056130     0.000000    -0.017880
    0.027160    -0.034490    -0.729700     0.000000     0.000238    -0.010250    -0.001238     0.000000    -0.000000     0.000000    -0.000000     0.000000    -0.000054    -0.002462     0.000052    -0.010700
   -0.000000    -0.000000     1.000000     0.000000     0.000000    -0.000000    -0.000000     0.000000    -0.000000     0.000000    -0.000000     0.000000     0.000000     0.000000     0.000000     0.000000
   -0.000000     0.000000    -0.000000    -0.000000    -0.057120    26.400000   -31.260000     9.810000    -0.000000     0.000000    -0.000000    -0.000000     0.000000    -0.000000    -0.000466     0.000000
    0.000113    -0.000144    -0.003042    -0.000000    -0.092930    -9.819000    10.270000    -0.000000     0.000000    -0.000000     0.000000    -0.000000    -0.000000    -0.000010     0.109100    -0.000045
    0.000406    -0.000515    -0.010910    -0.000000     0.019880    -0.573300    -0.303600    -0.000000     0.000000    -0.000000     0.000000    -0.000000    -0.000001    -0.000037     0.001664    -0.000160
   -0.000000    -0.000000     0.000000     0.000000     0.000000     1.000000     0.000000     0.000000    -0.000000     0.000000    -0.000000     0.000000     0.000000     0.000000     0.000000     0.000000
    1.000000     0.000000    -0.000000    25.870000    -0.000000     0.000000     0.000000     0.000000     0.000000    -0.000000     0.000000     0.000000    -0.000000    -0.000000    -0.000000    -0.000000
    0.000000    -0.000000     0.000000    -0.000000     1.000000    -0.000000    -0.000000   -25.870000    -0.000000     0.000000    -0.000000    32.840000     0.000000     0.000000     0.000000     0.000000
   -0.000000     1.000000    -0.000000   -32.840000     0.000000     0.000000     0.000000     0.000000     0.000000    -0.000000     0.000000     0.000000    -0.000000    -0.000000    -0.000000    -0.000000
   -0.000000    -0.000000     0.000000     0.000000     0.000000    -0.000000     1.000000    -0.000000    -0.000000     0.000000    -0.000000     0.000000     0.000000     0.000000     0.000000     0.000000
