u  w  q  the  v  p  r  phi  x  y  z  psi  |  slat  flap  aileron  elevator
   -0.034480     0.460600   -27.660000    -9.810000     0.000000     0.000000    -0.000000     0.000000     0.000000    -0.000000     0.000000     0.000000    -0.000990     0.031990     0.000000     0.013620
   -0.200400    -0.321100    28.090000    -0.000000    -0.000000     0.000000     0.000000    -0.000000     0.000000    -0.000000     0.000000     0.000000     0.001534    -0.048860     0.000000    -0.015600
    0.027340    -0.031670    -0.709200     0.000000     0.000236    -0.011790    -0.000821     0.000000    -0.000000     0.000000    -0.000000     0.000000    -0.000073    -0.001759     0.000055    -0.010360
   -0.000000    -0.000000     1.000000     0.000000     0.000000    -0.000000    -0.000000     0.000000    -0.000000     0.000000    -0.000000     0.000000     0.000000     0.000000     0.000000     0.000000
   -0.000000     0.000000    -0.000000    -0.000000    -0.049550    27.850000   -30.310000     9.810000    -0.000000     0.000000    -0.000000    -0.000000    -0.000000    -0.000000    -0.000418     0.000000
    0.000111    -0.000128    -0.002867    -0.000000    -0.084080    -9.438000    10.630000    -0.000000     0.000000    -0.000000     0.000000    -0.000000    -0.000000    -0.000007     0.101000    -0.000042
    0.000434    -0.000503    -0.011250    -0.000000     0.018630    -0.652100    -0.276300    -0.000000     0.000000    -0.000000     0.000000    -0.000000    -0.000001    -0.000028     0.001846    -0.000164
   -0.000000    -0.000000     0.000000     0.000000     0.000000     1.000000     0.000000     0.000000    -0.000000     0.000000    -0.000000     0.000000     0.000000     0.000000     0.000000     0.000000
    1.000000     0.000000    -0.000000    27.320000    -0.000000     0.000000     0.000000     0.000000     0.000000    -0.000000     0.000000     0.000000    -0.000000    -0.000000    -0.000000    -0.000000
    0.000000    -0.000000     0.000000    -0.000000     1.000000    -0.000000    -0.000000   -27.320000    -0.000000     0.000000    -0.000000    31.650000     0.000000     0.000000     0.000000     0.000000
   -0.000000     1.000000    -0.000000   -31.650000     0.000000     0.000000     0.000000     0.000000     0.000000    -0.000000     0.000000     0.000000    -0.000000    -0.000000    -0.000000    -0.000000
   -0.000000    -0.000000     0.000000     0.000000     0.000000    -0.000000     1.000000     0.000000    -0.000000     0.000000    -0.000000     0.000000     0.000000     0.000000     0.000000     0.000000

   -0.006178     0.273300   -18.690000    -9.810000    -0.000000    -0.000000     0.000000     0.000000     0.000000    -0.000000     0.000000     0.000000    -0.001046     0.036410    -0.000000     0.016020
   -0.128900    -0.552000    56.420000    -0.000000     0.000000    -0.000000    -0.000000    -0.000000     0.000000    -0.000000     0.000000     0.000000     0.004850    -0.168600     0.000000    -0.052580
    0.015500    -0.052220    -0.970100     0.000000     0.000530    -0.009259    -0.008132     0.000000    -0.000000     0.000000    -0.000000     0.000000    -0.000244    -0.006832     0.000114    -0.031540
   -0.000000    -0.000000     1.000000     0.000000     0.000000    -0.000000    -0.000000     0.000000    -0.000000     0.000000    -0.000000     0.000000     0.000000     0.000000     0.000000     0.000000
    0.000000    -0.000000     0.000000    -0.000000    -0.100000    18.690000   -58.980000     9.810000    -0.000000     0.000000    -0.000000    -0.000000    -0.000000    -0.000000    -0.000998    -0.000000
    0.000060    -0.000201    -0.003738    -0.000000    -0.193000   -17.240000     9.056000    -0.000000     0.000000    -0.000000     0.000000    -0.000000    -0.000001    -0.000026     0.366500    -0.000121
    0.000259    -0.000874    -0.016230    -0.000000     0.039600    -0.270300    -0.732400    -0.000000     0.000000    -0.000000     0.000000    -0.000000    -0.000004    -0.000114     0.000172    -0.000528
   -0.000000    -0.000000     0.000000     0.000000     0.000000     1.000000     0.000000     0.000000    -0.000000     0.000000    -0.000000     0.000000     0.000000     0.000000     0.000000     0.000000
    1.000000     0.000000    -0.000000    18.430000    -0.000000     0.000000     0.000000     0.000000     0.000000    -0.000000     0.000000     0.000000    -0.000000    -0.000000    -0.000000    -0.000000
    0.000000    -0.000000     0.000000    -0.000000     1.000000    -0.000000    -0.000000   -18.430000    -0.000000     0.000000    -0.000000    62.120000     0.000000     0.000000     0.000000     0.000000
   -0.000000     1.000000    -0.000000   -62.120000     0.000000     0.000000     0.000000     0.000000     0.000000    -0.000000     0.000000     0.000000    -0.000000    -0.000000    -0.000000    -0.000000
   -0.000000    -0.000000     0.000000     0.000000     0.000000    -0.000000     1.000000     0.000000    -0.000000     0.000000    -0.000000     0.000000     0.000000     0.000000     0.000000     0.000000

   -0.000292     0.117500   -11.540000    -9.810000    -0.000000     0.000000     0.000000     0.000000     0.000000    -0.000000     0.000000     0.000000    -0.000820     0.029560    -0.000000     0.014580
   -0.072260    -0.804700   127.500000    -0.000000     0.000000    -0.000000    -0.000000    -0.000000     0.000000    -0.000000     0.000000     0.000000     0.015020    -0.541800     0.000000    -0.166700
    0.006963    -0.082470    -1.406000     0.000000     0.001034    -0.006723    -0.019570     0.000000    -0.000000     0.000000    -0.000000     0.000000    -0.000874    -0.025190     0.000263    -0.105500
   -0.000000    -0.000000     1.000000     0.000000     0.000000    -0.000000    -0.000000     0.000000    -0.000000     0.000000    -0.000000     0.000000     0.000000     0.000000     0.000000     0.000000
   -0.000000    -0.000000     0.000000    -0.000000    -0.150700    11.450000  -130.500000     9.810000    -0.000000     0.000000    -0.000000    -0.000000    -0.000000    -0.000000    -0.002739    -0.000000
    0.000022    -0.000264    -0.004505    -0.000000    -0.345200   -28.330000     8.639000    -0.000000     0.000000    -0.000000     0.000000    -0.000000    -0.000003    -0.000081     1.321000    -0.000338
    0.000131    -0.001547    -0.026370    -0.000000     0.067680     0.185400    -1.324000    -0.000000     0.000000    -0.000000     0.000000    -0.000000    -0.000016    -0.000472    -0.011590    -0.001979
   -0.000000    -0.000000     0.000000    -0.000000     0.000000     1.000000     0.000000     0.000000    -0.000000     0.000000    -0.000000     0.000000     0.000000     0.000000     0.000000     0.000000
    1.000000     0.000000    -0.000000    11.430000    -0.000000     0.000000     0.000000     0.000000     0.000000    -0.000000     0.000000     0.000000    -0.000000    -0.000000    -0.000000    -0.000000
    0.000000    -0.000000     0.000000    -0.000000     1.000000    -0.000000    -0.000000   -11.430000    -0.000000     0.000000    -0.000000   135.400000     0.000000     0.000000     0.000000     0.000000
   -0.000000     1.000000    -0.000000  -135.400000     0.000000     0.000000     0.000000     0.000000     0.000000    -0.000000     0.000000     0.000000    -0.000000    -0.000000    -0.000000    -0.000000
   -0.000000    -0.000000     0.000000     0.000000     0.000000    -0.000000     1.000000     0.000000    -0.000000     0.000000    -0.000000     0.000000     0.000000     0.000000     0.000000     0.000000

   -0.000222     0.116400   -10.640000    -9.810000    -0.000000    -0.000000     0.000000     0.000000     0.000000    -0.000000     0.000000     0.000000    -0.000798     0.028810     0.000000     0.014390
   -0.073180    -0.858200   127.000000    -0.000000     0.000000     0.000000    -0.000000    -0.000000     0.000000    -0.000000     0.000000     0.000000     0.016010    -0.578300     0.000000    -0.177800
    0.006406    -0.082430    -1.401000     0.000000     0.001036    -0.006449    -0.019710     0.000000    -0.000000     0.000000    -0.000000     0.000000    -0.000874    -0.025240     0.000260    -0.105400
   -0.000000    -0.000000     1.000000     0.000000     0.000000    -0.000000    -0.000000     0.000000    -0.000000     0.000000    -0.000000     0.000000     0.000000     0.000000     0.000000     0.000000
   -0.000000    -0.000000     0.000000    -0.000000    -0.161000    10.540000  -130.200000     9.810000    -0.000000     0.000000    -0.000000    -0.000000    -0.000000    -0.000000    -0.002906    -0.000000
    0.000021    -0.000264    -0.004490    -0.000000    -0.346100   -28.350000     8.442000    -0.000000     0.000000    -0.000000     0.000000    -0.000000    -0.000003    -0.000081     1.323000    -0.000338
    0.000120    -0.001546    -0.026290    -0.000000     0.067810     0.201900    -1.328000    -0.000000     0.000000    -0.000000     0.000000    -0.000000    -0.000016    -0.000474    -0.011830    -0.001977
   -0.000000    -0.000000     0.000000     0.000000     0.000000     1.000000     0.000000     0.000000    -0.000000     0.000000    -0.000000     0.000000     0.000000     0.000000     0.000000     0.000000
    1.000000     0.000000    -0.000000    10.530000    -0.000000     0.000000     0.000000     0.000000     0.000000    -0.000000     0.000000     0.000000    -0.000000    -0.000000    -0.000000    -0.000000
    0.000000    -0.000000     0.000000    -0.000000     1.000000    -0.000000    -0.000000   -10.530000    -0.000000     0.000000    -0.000000   135.500000     0.000000     0.000000     0.000000     0.000000
   -0.000000     1.000000    -0.000000  -135.500000     0.000000     0.000000     0.000000     0.000000     0.000000    -0.000000     0.000000     0.000000    -0.000000    -0.000000    -0.000000    -0.000000
   -0.000000    -0.000000     0.000000     0.000000     0.000000    -0.000000     1.000000    -0.000000    -0.000000     0.000000    -0.000000     0.000000     0.000000     0.000000     0.000000     0.000000

   -0.005563     0.272000   -17.400000    -9.810000    -0.000000     0.000000     0.000000     0.000000     0.000000    -0.000000     0.000000     0.000000    -0.001040     0.036330    -0.000000     0.016030
   -0.129100    -0.591200    56.390000    -0.000000     0.000000    -0.000000    -0.000000    -0.000000     0.000000    -0.000000     0.000000     0.000000     0.005211    -0.181800     0.000000    -0.056650
    0.014360    -0.052340    -0.964200     0.000000     0.000536    -0.008801    -0.008435     0.000000    -0.000000     0.000000    -0.000000     0.000000    -0.000246    -0.006937     0.000112    -0.031700
   -0.000000    -0.000000     1.000000     0.000000     0.000000    -0.000000    -0.000000    -0.000000    -0.000000     0.000000    -0.000000     0.000000     0.000000     0.000000     0.000000     0.000000
    0.000000    -0.000000     0.000000    -0.000000    -0.107900    17.390000   -59.080000     9.810000    -0.000000     0.000000    -0.000000    -0.000000    -0.000000    -0.000000    -0.001057    -0.000000
    0.000055    -0.000202    -0.003715    -0.000000    -0.195700   -17.350000     8.699000    -0.000000     0.000000    -0.000000     0.000000    -0.000000    -0.000001    -0.000027     0.371100    -0.000122
    0.000240    -0.000876    -0.016130    -0.000000     0.040050    -0.237300    -0.745500    -0.000000     0.000000    -0.000000     0.000000    -0.000000    -0.000004    -0.000116    -0.000055    -0.000530
   -0.000000    -0.000000     0.000000     0.000000     0.000000     1.000000     0.000000     0.000000    -0.000000     0.000000    -0.000000     0.000000     0.000000     0.000000     0.000000     0.000000
    1.000000     0.000000    -0.000000    17.140000    -0.000000     0.000000     0.000000     0.000000     0.000000    -0.000000     0.000000     0.000000    -0.000000    -0.000000    -0.000000    -0.000000
    0.000000    -0.000000     0.000000    -0.000000     1.000000    -0.000000    -0.000000   -17.140000    -0.000000     0.000000    -0.000000    62.480000     0.000000     0.000000     0.000000     0.000000
   -0.000000     1.000000    -0.000000   -62.480000     0.000000     0.000000     0.000000     0.000000     0.000000    -0.000000     0.000000     0.000000    -0.000000    -0.000000    -0.000000    -0.000000
   -0.000000    -0.000000     0.000000     0.000000     0.000000    -0.000000     1.000000     0.000000    -0.000000     0.000000    -0.000000     0.000000     0.000000     0.000000     0.000000     0.000000

   -0.029800     0.455100   -25.610000    -9.810000     0.000000    -0.000000    -0.000000     0.000000     0.000000    -0.000000     0.000000     0.000000    -0.001018     0.033320     0.000000     0.014210
   -0.198000    -0.359700    29.380000    -0.000000    -0.000000     0.000000     0.000000    -0.000000     0.000000    -0.000000     0.000000     0.000000     0.001788    -0.057840     0.000000    -0.018400
    0.024840    -0.032780    -0.711400     0.000000     0.000256    -0.011090    -0.001521     0.000000    -0.000000     0.000000    -0.000000     0.000000    -0.000079    -0.001983     0.000056    -0.011170
   -0.000000    -0.000000     1.000000     0.000000     0.000000    -0.000000    -0.000000     0.000000    -0.000000     0.000000    -0.000000     0.000000     0.000000     0.000000     0.000000     0.000000
   -0.000000     0.000000    -0.000000    -0.000000    -0.057570    25.770000   -31.710000     9.810000    -0.000000     0.000000    -0.000000    -0.000000    -0.000000    -0.000000    -0.000465     0.000000
    0.000100    -0.000132    -0.002876    -0.000000    -0.092730    -9.956000    10.080000    -0.000000     0.000000    -0.000000     0.000000    -0.000000    -0.000000    -0.000008     0.112400    -0.000045
    0.000394    -0.000520    -0.011290    -0.000000     0.020260    -0.591000    -0.315100    -0.000000     0.000000    -0.000000     0.000000    -0.000000    -0.000001    -0.000031     0.001715    -0.000177
   -0.000000    -0.000000     0.000000     0.000000     0.000000     1.000000     0.000000     0.000000    -0.000000     0.000000    -0.000000     0.000000     0.000000     0.000000     0.000000     0.000000
    1.000000     0.000000    -0.000000    25.250000    -0.000000     0.000000     0.000000     0.000000     0.000000    -0.000000     0.000000     0.000000    -0.000000    -0.000000    -0.000000    -0.000000
    0.000000    -0.000000     0.000000    -0.000000     1.000000    -0.000000    -0.000000   -25.250000    -0.000000     0.000000    -0.000000    33.320000     0.000000     0.000000     0.000000     0.000000
   -0.000000     1.000000    -0.000000   -33.320000     0.000000     0.000000     0.000000     0.000000     0.000000    -0.000000     0.000000     0.000000    -0.000000    -0.000000    -0.000000    -0.000000
   -0.000000    -0.000000     0.000000     0.000000     0.000000    -0.000000     1.000000     0.000000    -0.000000     0.000000    -0.000000     0.000000     0.000000     0.000000     0.000000     0.000000
