u  w  q  the  v  p  r  phi  x  y  z  psi  |  slat  flap  aileron  elevator
   -0.024960     0.449800   -27.040000    -9.810000     0.000000    -0.000000    -0.000000     0.000000     0.000000    -0.000000     0.000000     0.000000    -0.000975     0.031660    -0.000000     0.012580
   -0.206000    -0.327900    28.910000    -0.000000    -0.000000     0.000000     0.000000    -0.000000     0.000000    -0.000000     0.000000     0.000000     0.001592    -0.051050     0.000000    -0.016270
    0.023220    -0.028310    -0.661800     0.000000    -0.000064    -0.065770     0.050050     0.000000    -0.000000     0.000000    -0.000000     0.000000    -0.000103    -0.001082     0.000609    -0.010570
   -0.000000    -0.000000     1.000000     0.000000     0.000000    -0.000000    -0.000000     0.000000    -0.000000     0.000000    -0.000000     0.000000     0.000000     0.000000     0.000000     0.000000
   -0.000000     0.000000    -0.000000    -0.000000    -0.050200    27.030000   -30.960000     9.810000    -0.000000     0.000000    -0.000000    -0.000000    -0.000000    -0.000000    -0.000419     0.000000
    0.002571    -0.003135    -0.073280    -0.000000    -0.058190    -6.697000     7.209000    -0.000000     0.000000    -0.000000     0.000000    -0.000000    -0.000011    -0.000120     0.073340    -0.001170
    0.000545    -0.000665    -0.015540    -0.000000     0.017630    -0.655900    -0.248900    -0.000000     0.000000    -0.000000     0.000000    -0.000000    -0.000002    -0.000025     0.002046    -0.000248
   -0.000000    -0.000000     0.000000    -0.000000     0.000000     1.000000     0.000000     0.000000    -0.000000     0.000000    -0.000000     0.000000     0.000000     0.000000     0.000000     0.000000
    1.000000     0.000000    -0.000000    26.510000    -0.000000     0.000000     0.000000     0.000000     0.000000    -0.000000     0.000000     0.000000    -0.000000    -0.000000    -0.000000    -0.000000
    0.000000    -0.000000     0.000000    -0.000000     1.000000    -0.000000    -0.000000   -26.510000    -0.000000     0.000000    -0.000000    32.330000     0.000000     0.000000     0.000000     0.000000
   -0.000000     1.000000    -0.000000   -32.330000     0.000000     0.000000     0.000000     0.000000     0.000000    -0.000000     0.000000     0.000000    -0.000000    -0.000000    -0.000000    -0.000000
   -0.000000    -0.000000     0.000000    -0.000000     0.000000    -0.000000     1.000000    -0.000000    -0.000000     0.000000    -0.000000     0.000000     0.000000     0.000000     0.000000     0.000000

   -0.004019     0.267000   -18.220000    -9.810000    -0.000000     0.000000     0.000000     0.000000     0.000000    -0.000000     0.000000     0.000000    -0.001013     0.035270    -0.000000     0.014260
   -0.133600    -0.553400    56.850000    -0.000000     0.000000    -0.000000    -0.000000    -0.000000     0.000000    -0.000000     0.000000     0.000000     0.004869    -0.169600     0.000000    -0.052860
    0.012890    -0.044910    -0.912900     0.000000    -0.000205    -0.103800     0.033590     0.000000    -0.000000     0.000000    -0.000000     0.000000    -0.000334    -0.004227     0.002086    -0.031440
   -0.000000    -0.000000     1.000000     0.000000     0.000000    -0.000000    -0.000000     0.000000    -0.000000     0.000000    -0.000000     0.000000     0.000000     0.000000     0.000000     0.000000
    0.000000    -0.000000     0.000000    -0.000000    -0.099680    18.120000   -59.170000     9.810000    -0.000000     0.000000    -0.000000    -0.000000    -0.000000    -0.000000    -0.000984    -0.000000
    0.001485    -0.005175    -0.105200    -0.000000    -0.130000   -11.770000     6.000000    -0.000000     0.000000    -0.000000     0.000000    -0.000000    -0.000039    -0.000487     0.251000    -0.003622
    0.000317    -0.001106    -0.022470    -0.000000     0.037180    -0.309500    -0.675300    -0.000000     0.000000    -0.000000     0.000000    -0.000000    -0.000008    -0.000104     0.001114    -0.000774
   -0.000000    -0.000000     0.000000    -0.000000     0.000000     1.000000     0.000000     0.000000    -0.000000     0.000000    -0.000000     0.000000     0.000000     0.000000     0.000000     0.000000
    1.000000     0.000000    -0.000000    17.880000    -0.000000     0.000000     0.000000     0.000000     0.000000    -0.000000     0.000000     0.000000    -0.000000    -0.000000    -0.000000    -0.000000
    0.000000    -0.000000     0.000000    -0.000000     1.000000    -0.000000    -0.000000   -17.880000    -0.000000     0.000000    -0.000000    62.280000     0.000000     0.000000     0.000000     0.000000
   -0.000000     1.000000    -0.000000   -62.280000     0.000000     0.000000     0.000000     0.000000     0.000000    -0.000000     0.000000     0.000000    -0.000000    -0.000000    -0.000000    -0.000000
   -0.000000    -0.000000     0.000000     0.000000     0.000000    -0.000000     1.000000    -0.000000    -0.000000     0.000000    -0.000000     0.000000     0.000000     0.000000     0.000000     0.000000

    0.000002     0.114500   -11.170000    -9.810000    -0.000000     0.000000     0.000000     0.000000     0.000000    -0.000000     0.000000     0.000000    -0.000784     0.028260    -0.000000     0.012580
   -0.074690    -0.804900   127.900000    -0.000000     0.000000    -0.000000    -0.000000    -0.000000     0.000000    -0.000000     0.000000     0.000000     0.015020    -0.542100     0.000000    -0.166700
    0.005714    -0.070220    -1.340000     0.000000    -0.000413    -0.172400     0.018720     0.000000    -0.000000     0.000000    -0.000000     0.000000    -0.001191    -0.015770     0.007965    -0.105700
   -0.000000    -0.000000     1.000000     0.000000     0.000000    -0.000000    -0.000000     0.000000    -0.000000     0.000000    -0.000000     0.000000     0.000000     0.000000     0.000000     0.000000
   -0.000000    -0.000000     0.000000    -0.000000    -0.150400    11.040000  -130.600000     9.810000    -0.000000     0.000000    -0.000000    -0.000000    -0.000000    -0.000000    -0.002719    -0.000000
    0.000715    -0.008793    -0.167800    -0.000000    -0.222900   -18.420000     5.449000    -0.000000     0.000000    -0.000000     0.000000    -0.000000    -0.000149    -0.001975     0.859200    -0.013230
    0.000156    -0.001913    -0.036500    -0.000000     0.063450     0.068690    -1.228000    -0.000000     0.000000    -0.000000     0.000000    -0.000000    -0.000032    -0.000430    -0.006108    -0.002879
   -0.000000    -0.000000     0.000000    -0.000000     0.000000     1.000000     0.000000     0.000000    -0.000000     0.000000    -0.000000     0.000000     0.000000     0.000000     0.000000     0.000000
    1.000000     0.000000    -0.000000    11.020000    -0.000000     0.000000     0.000000     0.000000     0.000000    -0.000000     0.000000     0.000000    -0.000000    -0.000000    -0.000000    -0.000000
    0.000000    -0.000000     0.000000    -0.000000     1.000000    -0.000000    -0.000000   -11.020000    -0.000000     0.000000    -0.000000   135.500000     0.000000     0.000000     0.000000     0.000000
   -0.000000     1.000000    -0.000000  -135.500000     0.000000     0.000000     0.000000     0.000000     0.000000    -0.000000     0.000000     0.000000    -0.000000    -0.000000    -0.000000    -0.000000
   -0.000000    -0.000000     0.000000     0.000000     0.000000    -0.000000     1.000000    -0.000000    -0.000000     0.000000    -0.000000     0.000000     0.000000     0.000000     0.000000     0.000000

    0.000046     0.113400   -10.290000    -9.810000    -0.000000     0.000000     0.000000     0.000000     0.000000    -0.000000     0.000000     0.000000    -0.000762     0.027500    -0.000000     0.012390
   -0.075610    -0.858400   127.500000    -0.000000     0.000000    -0.000000    -0.000000    -0.000000     0.000000    -0.000000     0.000000     0.000000     0.016010    -0.578600     0.000000    -0.177900
    0.005251    -0.070150    -1.336000     0.000000    -0.000415    -0.172100     0.017410     0.000000    -0.000000     0.000000    -0.000000     0.000000    -0.001191    -0.015810     0.007969    -0.105600
   -0.000000    -0.000000     1.000000     0.000000     0.000000    -0.000000    -0.000000     0.000000    -0.000000     0.000000    -0.000000     0.000000     0.000000     0.000000     0.000000     0.000000
   -0.000000    -0.000000     0.000000    -0.000000    -0.160700    10.150000  -130.300000     9.810000    -0.000000     0.000000    -0.000000    -0.000000    -0.000000    -0.000000    -0.002886    -0.000000
    0.000658    -0.008785    -0.167300    -0.000000    -0.223500   -18.430000     5.324000    -0.000000     0.000000    -0.000000     0.000000    -0.000000    -0.000149    -0.001980     0.860200    -0.013220
    0.000143    -0.001911    -0.036390    -0.000000     0.063590     0.084770    -1.233000    -0.000000     0.000000    -0.000000     0.000000    -0.000000    -0.000032    -0.000431    -0.006342    -0.002876
   -0.000000    -0.000000     0.000000    -0.000000     0.000000     1.000000     0.000000     0.000000    -0.000000     0.000000    -0.000000     0.000000     0.000000     0.000000     0.000000     0.000000
    1.000000     0.000000    -0.000000    10.140000    -0.000000     0.000000     0.000000     0.000000     0.000000    -0.000000     0.000000     0.000000    -0.000000    -0.000000    -0.000000    -0.000000
    0.000000    -0.000000     0.000000    -0.000000     1.000000    -0.000000    -0.000000   -10.140000    -0.000000     0.000000    -0.000000   135.500000     0.000000     0.000000     0.000000     0.000000
   -0.000000     1.000000    -0.000000  -135.500000     0.000000     0.000000     0.000000     0.000000     0.000000    -0.000000     0.000000     0.000000    -0.000000    -0.000000    -0.000000    -0.000000
   -0.000000    -0.000000     0.000000     0.000000     0.000000    -0.000000     1.000000     0.000000    -0.000000     0.000000    -0.000000     0.000000     0.000000     0.000000     0.000000     0.000000

   -0.003562     0.265800   -16.970000    -9.810000    -0.000000     0.000000     0.000000     0.000000     0.000000    -0.000000     0.000000     0.000000    -0.001007     0.035160    -0.000000     0.014250
   -0.133700    -0.592500    56.820000    -0.000000     0.000000    -0.000000    -0.000000    -0.000000     0.000000    -0.000000     0.000000     0.000000     0.005229    -0.182700     0.000000    -0.056910
    0.011930    -0.044940    -0.907900     0.000000    -0.000210    -0.103600     0.031340     0.000000    -0.000000     0.000000    -0.000000     0.000000    -0.000337    -0.004297     0.002105    -0.031590
   -0.000000    -0.000000     1.000000     0.000000     0.000000    -0.000000    -0.000000     0.000000    -0.000000     0.000000    -0.000000     0.000000     0.000000     0.000000     0.000000     0.000000
    0.000000    -0.000000     0.000000    -0.000000    -0.107500    16.860000   -59.260000     9.810000    -0.000000     0.000000    -0.000000    -0.000000    -0.000000    -0.000000    -0.001042    -0.000000
    0.001374    -0.005178    -0.104600    -0.000000    -0.131800   -11.840000     5.762000    -0.000000     0.000000    -0.000000     0.000000    -0.000000    -0.000039    -0.000495     0.253900    -0.003640
    0.000294    -0.001106    -0.022350    -0.000000     0.037620    -0.277500    -0.688500    -0.000000     0.000000    -0.000000     0.000000    -0.000000    -0.000008    -0.000106     0.000905    -0.000778
   -0.000000    -0.000000     0.000000    -0.000000     0.000000     1.000000     0.000000     0.000000    -0.000000     0.000000    -0.000000     0.000000     0.000000     0.000000     0.000000     0.000000
    1.000000     0.000000    -0.000000    16.620000    -0.000000     0.000000     0.000000     0.000000     0.000000    -0.000000     0.000000     0.000000    -0.000000    -0.000000    -0.000000    -0.000000
    0.000000    -0.000000     0.000000    -0.000000     1.000000    -0.000000    -0.000000   -16.620000    -0.000000     0.000000    -0.000000    62.630000     0.000000     0.000000     0.000000     0.000000
   -0.000000     1.000000    -0.000000   -62.630000     0.000000     0.000000     0.000000     0.000000     0.000000    -0.000000     0.000000     0.000000    -0.000000    -0.000000    -0.000000    -0.000000
   -0.000000    -0.000000     0.000000     0.000000     0.000000    -0.000000     1.000000     0.000000    -0.000000     0.000000    -0.000000     0.000000     0.000000     0.000000     0.000000     0.000000

   -0.021460     0.444600   -25.050000    -9.810000     0.000000     0.000000    -0.000000     0.000000     0.000000    -0.000000     0.000000     0.000000    -0.000999     0.032810    -0.000000     0.013030
   -0.203900    -0.365600    30.090000    -0.000000    -0.000000     0.000000     0.000000    -0.000000     0.000000    -0.000000     0.000000     0.000000     0.001840    -0.059830     0.000000    -0.019010
    0.021030    -0.029080    -0.664000     0.000000    -0.000076    -0.067070     0.046360     0.000000    -0.000000     0.000000    -0.000000     0.000000    -0.000111    -0.001219     0.000663    -0.011320
   -0.000000    -0.000000     1.000000     0.000000     0.000000    -0.000000    -0.000000     0.000000    -0.000000     0.000000    -0.000000     0.000000     0.000000     0.000000     0.000000     0.000000
   -0.000000     0.000000    -0.000000    -0.000000    -0.058020    25.010000   -32.240000     9.810000    -0.000000     0.000000    -0.000000    -0.000000    -0.000000    -0.000000    -0.000463     0.000000
    0.002329    -0.003219    -0.073520    -0.000000    -0.063930    -7.029000     6.832000    -0.000000     0.000000    -0.000000     0.000000    -0.000000    -0.000012    -0.000135     0.080770    -0.001253
    0.000494    -0.000682    -0.015590    -0.000000     0.019120    -0.597700    -0.285500    -0.000000     0.000000    -0.000000     0.000000    -0.000000    -0.000003    -0.000029     0.001932    -0.000266
   -0.000000    -0.000000     0.000000    -0.000000     0.000000     1.000000     0.000000     0.000000    -0.000000     0.000000    -0.000000     0.000000     0.000000     0.000000     0.000000     0.000000
    1.000000     0.000000    -0.000000    24.510000    -0.000000     0.000000     0.000000     0.000000     0.000000    -0.000000     0.000000     0.000000    -0.000000    -0.000000    -0.000000    -0.000000
    0.000000    -0.000000     0.000000    -0.000000     1.000000    -0.000000    -0.000000   -24.510000    -0.000000     0.000000    -0.000000    33.870000     0.000000     0.000000     0.000000     0.000000
   -0.000000     1.000000    -0.000000   -33.870000     0.000000     0.000000     0.000000     0.000000     0.000000    -0.000000     0.000000     0.000000    -0.000000    -0.000000    -0.000000    -0.000000
   -0.000000    -0.000000     0.000000     0.000000     0.000000    -0.000000     1.000000     0.000000    -0.000000     0.000000    -0.000000     0.000000     0.000000     0.000000     0.000000     0.000000
