u  w  q  the  v  p  r  phi  x  y  z  psi  |  slat  flap  aileron  elevator
   -0.013860     0.435100   -26.150000    -9.810000     0.000000     0.000000    -0.000000     0.000000     0.000000    -0.000000     0.000000     0.000000    -0.000951     0.031070     0.000000     0.010950
   -0.214600    -0.336900    30.000000    -0.000000    -0.000000     0.000000     0.000000    -0.000000     0.000000    -0.000000     0.000000     0.000000     0.001670    -0.053980     0.000000    -0.017180
    0.018190    -0.023800    -0.624400     0.000000     0.000220    -0.020340     0.004678     0.000000    -0.000000     0.000000    -0.000000     0.000000    -0.000158     0.000064     0.000137    -0.011250
   -0.000000    -0.000000     1.000000     0.000000     0.000000    -0.000000    -0.000000     0.000000    -0.000000     0.000000    -0.000000     0.000000     0.000000     0.000000     0.000000     0.000000
   -0.000000     0.000000    -0.000000    -0.000000    -0.050930    25.890000   -31.810000     9.810000    -0.000000     0.000000    -0.000000    -0.000000    -0.000000    -0.000000    -0.000417     0.000000
    0.000289    -0.000378    -0.009930    -0.000000    -0.081210    -9.647000     9.785000    -0.000000     0.000000    -0.000000     0.000000    -0.000000    -0.000003     0.000001     0.108900    -0.000179
    0.000339    -0.000443    -0.011630    -0.000000     0.018420    -0.678600    -0.295300    -0.000000     0.000000    -0.000000     0.000000    -0.000000    -0.000003     0.000001     0.001949    -0.000209
   -0.000000    -0.000000     0.000000     0.000000     0.000000     1.000000     0.000000     0.000000    -0.000000     0.000000    -0.000000     0.000000     0.000000     0.000000     0.000000     0.000000
    1.000000     0.000000    -0.000000    25.390000    -0.000000     0.000000     0.000000     0.000000     0.000000    -0.000000     0.000000     0.000000    -0.000000    -0.000000    -0.000000    -0.000000
    0.000000    -0.000000     0.000000    -0.000000     1.000000    -0.000000    -0.000000   -25.390000    -0.000000     0.000000    -0.000000    33.210000     0.000000     0.000000     0.000000     0.000000
   -0.000000     1.000000    -0.000000   -33.210000     0.000000     0.000000     0.000000     0.000000     0.000000    -0.000000     0.000000     0.000000    -0.000000    -0.000000    -0.000000    -0.000000
   -0.000000    -0.000000     0.000000     0.000000     0.000000    -0.000000     1.000000    -0.000000    -0.000000     0.000000    -0.000000     0.000000     0.000000     0.000000     0.000000     0.000000

   -0.001519     0.258300   -17.540000    -9.810000    -0.000000     0.000000     0.000000     0.000000     0.000000    -0.000000     0.000000     0.000000    -0.000965     0.033630    -0.000000     0.011740
   -0.140300    -0.555400    57.450000    -0.000000     0.000000    -0.000000    -0.000000    -0.000000     0.000000    -0.000000     0.000000     0.000000     0.004896    -0.170900     0.000000    -0.053230
    0.009640    -0.035270    -0.880100     0.000000     0.000491    -0.022370    -0.004202     0.000000    -0.000000     0.000000    -0.000000     0.000000    -0.000494    -0.000233     0.000375    -0.032650
   -0.000000    -0.000000     1.000000     0.000000     0.000000    -0.000000    -0.000000     0.000000    -0.000000     0.000000    -0.000000     0.000000     0.000000     0.000000     0.000000     0.000000
    0.000000    -0.000000     0.000000    -0.000000    -0.099210    17.320000   -59.440000     9.810000    -0.000000     0.000000    -0.000000    -0.000000    -0.000000    -0.000000    -0.000964    -0.000000
    0.000158    -0.000577    -0.014410    -0.000000    -0.183900   -16.880000     8.264000    -0.000000     0.000000    -0.000000     0.000000    -0.000000    -0.000008    -0.000004     0.361600    -0.000535
    0.000190    -0.000697    -0.017390    -0.000000     0.039200    -0.278300    -0.734500    -0.000000     0.000000    -0.000000     0.000000    -0.000000    -0.000010    -0.000005    -0.000037    -0.000645
   -0.000000    -0.000000     0.000000     0.000000     0.000000     1.000000     0.000000     0.000000    -0.000000     0.000000    -0.000000     0.000000     0.000000     0.000000     0.000000     0.000000
    1.000000     0.000000    -0.000000    17.090000    -0.000000     0.000000     0.000000     0.000000     0.000000    -0.000000     0.000000     0.000000    -0.000000    -0.000000    -0.000000    -0.000000
    0.000000    -0.000000     0.000000    -0.000000     1.000000    -0.000000    -0.000000   -17.090000    -0.000000     0.000000    -0.000000    62.500000     0.000000     0.000000     0.000000     0.000000
   -0.000000     1.000000    -0.000000   -62.500000     0.000000     0.000000     0.000000     0.000000     0.000000    -0.000000     0.000000     0.000000    -0.000000    -0.000000    -0.000000    -0.000000
   -0.000000    -0.000000     0.000000     0.000000     0.000000    -0.000000     1.000000    -0.000000    -0.000000     0.000000    -0.000000     0.000000     0.000000     0.000000     0.000000     0.000000

    0.000317     0.110300   -10.620000    -9.810000    -0.000000     0.000000     0.000000     0.000000     0.000000    -0.000000     0.000000     0.000000    -0.000733     0.026410     0.000000     0.009759
   -0.078130    -0.805100   128.400000    -0.000000     0.000000     0.000000    -0.000000    -0.000000     0.000000    -0.000000     0.000000     0.000000     0.015020    -0.542500     0.000000    -0.166900
    0.004168    -0.054110    -1.329000     0.000000     0.001006    -0.028970    -0.017830     0.000000    -0.000000     0.000000    -0.000000     0.000000    -0.001764    -0.001370     0.001286    -0.111400
   -0.000000    -0.000000     1.000000     0.000000     0.000000    -0.000000    -0.000000     0.000000    -0.000000     0.000000    -0.000000     0.000000     0.000000     0.000000     0.000000     0.000000
   -0.000000    -0.000000    -0.000000    -0.000000    -0.149900    10.450000  -130.700000     9.810000    -0.000000     0.000000    -0.000000    -0.000000    -0.000000    -0.000000    -0.002690    -0.000000
    0.000072    -0.000934    -0.022940    -0.000000    -0.332100   -27.500000     7.837000    -0.000000     0.000000    -0.000000     0.000000    -0.000000    -0.000030    -0.000024     1.284000    -0.001923
    0.000094    -0.001217    -0.029880    -0.000000     0.069240     0.217000    -1.344000    -0.000000     0.000000    -0.000000     0.000000    -0.000000    -0.000040    -0.000031    -0.013370    -0.002505
   -0.000000    -0.000000     0.000000    -0.000000     0.000000     1.000000     0.000000     0.000000    -0.000000     0.000000    -0.000000     0.000000     0.000000     0.000000     0.000000     0.000000
    1.000000     0.000000    -0.000000    10.440000    -0.000000     0.000000     0.000000     0.000000     0.000000    -0.000000     0.000000     0.000000    -0.000000    -0.000000    -0.000000    -0.000000
    0.000000    -0.000000     0.000000    -0.000000     1.000000    -0.000000    -0.000000   -10.440000    -0.000000     0.000000    -0.000000   135.500000     0.000000     0.000000     0.000000     0.000000
   -0.000000     1.000000    -0.000000  -135.500000     0.000000     0.000000     0.000000     0.000000     0.000000    -0.000000     0.000000     0.000000    -0.000000    -0.000000    -0.000000    -0.000000
   -0.000000    -0.000000     0.000000     0.000000     0.000000    -0.000000     1.000000     0.000000    -0.000000     0.000000    -0.000000     0.000000     0.000000     0.000000     0.000000     0.000000

    0.000333     0.109200    -9.781000    -9.810000    -0.000000    -0.000000     0.000000     0.000000     0.000000    -0.000000     0.000000     0.000000    -0.000711     0.025640    -0.000000     0.009556
   -0.079050    -0.858600   128.000000    -0.000000     0.000000    -0.000000    -0.000000    -0.000000     0.000000    -0.000000     0.000000     0.000000     0.016020    -0.579000     0.000000    -0.178000
    0.003823    -0.054000    -1.326000     0.000000     0.001008    -0.028630    -0.018130     0.000000    -0.000000     0.000000    -0.000000     0.000000    -0.001764    -0.001396     0.001283    -0.111300
   -0.000000    -0.000000     1.000000     0.000000     0.000000    -0.000000    -0.000000     0.000000    -0.000000     0.000000    -0.000000     0.000000     0.000000     0.000000     0.000000     0.000000
   -0.000000    -0.000000     0.000000    -0.000000    -0.160300     9.599000  -130.500000     9.810000    -0.000000     0.000000    -0.000000    -0.000000    -0.000000    -0.000000    -0.002857    -0.000000
    0.000066    -0.000932    -0.022890    -0.000000    -0.333100   -27.520000     7.658000    -0.000000     0.000000    -0.000000     0.000000    -0.000000    -0.000030    -0.000024     1.285000    -0.001922
    0.000086    -0.001214    -0.029810    -0.000000     0.069420     0.234800    -1.348000    -0.000000     0.000000    -0.000000     0.000000    -0.000000    -0.000040    -0.000031    -0.013630    -0.002503
   -0.000000    -0.000000     0.000000    -0.000000     0.000000     1.000000     0.000000     0.000000    -0.000000     0.000000    -0.000000     0.000000     0.000000     0.000000     0.000000     0.000000
    1.000000     0.000000    -0.000000     9.598000    -0.000000     0.000000     0.000000     0.000000     0.000000    -0.000000     0.000000     0.000000    -0.000000    -0.000000    -0.000000    -0.000000
    0.000000    -0.000000     0.000000    -0.000000     1.000000    -0.000000    -0.000000    -9.598000    -0.000000     0.000000    -0.000000   135.600000     0.000000     0.000000     0.000000     0.000000
   -0.000000     1.000000    -0.000000  -135.600000     0.000000     0.000000     0.000000     0.000000     0.000000    -0.000000     0.000000     0.000000    -0.000000    -0.000000    -0.000000    -0.000000
   -0.000000    -0.000000     0.000000     0.000000     0.000000    -0.000000     1.000000    -0.000000    -0.000000     0.000000    -0.000000     0.000000     0.000000     0.000000     0.000000     0.000000

   -0.001252     0.257000   -16.340000    -9.810000    -0.000000    -0.000000     0.000000     0.000000     0.000000    -0.000000     0.000000     0.000000    -0.000958     0.033490    -0.000000     0.011700
   -0.140400    -0.594300    57.420000    -0.000000     0.000000    -0.000000    -0.000000    -0.000000     0.000000    -0.000000     0.000000     0.000000     0.005253    -0.183900     0.000000    -0.057260
    0.008895    -0.035180    -0.876400     0.000000     0.000497    -0.021860    -0.004760     0.000000    -0.000000     0.000000    -0.000000     0.000000    -0.000497    -0.000257     0.000375    -0.032800
   -0.000000    -0.000000     1.000000     0.000000     0.000000    -0.000000    -0.000000    -0.000000    -0.000000     0.000000    -0.000000     0.000000     0.000000     0.000000     0.000000     0.000000
    0.000000    -0.000000     0.000000    -0.000000    -0.107000    16.100000   -59.500000     9.810000    -0.000000     0.000000    -0.000000    -0.000000    -0.000000    -0.000000    -0.001022    -0.000000
    0.000146    -0.000576    -0.014350    -0.000000    -0.186600   -16.970000     7.936000    -0.000000     0.000000    -0.000000     0.000000    -0.000000    -0.000008    -0.000004     0.365500    -0.000537
    0.000176    -0.000695    -0.017320    -0.000000     0.039700    -0.243300    -0.746900    -0.000000     0.000000    -0.000000     0.000000    -0.000000    -0.000010    -0.000005    -0.000278    -0.000648
   -0.000000    -0.000000     0.000000     0.000000     0.000000     1.000000     0.000000     0.000000    -0.000000     0.000000    -0.000000     0.000000     0.000000     0.000000     0.000000     0.000000
    1.000000     0.000000    -0.000000    15.880000    -0.000000     0.000000     0.000000     0.000000     0.000000    -0.000000     0.000000     0.000000    -0.000000    -0.000000    -0.000000    -0.000000
    0.000000    -0.000000     0.000000    -0.000000     1.000000    -0.000000    -0.000000   -15.880000    -0.000000     0.000000    -0.000000    62.820000     0.000000     0.000000     0.000000     0.000000
   -0.000000     1.000000    -0.000000   -62.820000     0.000000     0.000000     0.000000     0.000000     0.000000    -0.000000     0.000000     0.000000    -0.000000    -0.000000    -0.000000    -0.000000
   -0.000000    -0.000000     0.000000     0.000000     0.000000    -0.000000     1.000000     0.000000    -0.000000     0.000000    -0.000000     0.000000     0.000000     0.000000     0.000000     0.000000

   -0.011700     0.430200   -24.230000    -9.810000     0.000000    -0.000000    -0.000000     0.000000     0.000000    -0.000000     0.000000     0.000000    -0.000969     0.031990     0.000000     0.011240
   -0.212800    -0.373300    31.060000    -0.000000    -0.000000     0.000000     0.000000    -0.000000     0.000000    -0.000000     0.000000     0.000000     0.001909    -0.062510     0.000000    -0.019840
    0.016380    -0.024140    -0.627300     0.000000     0.000237    -0.019720     0.003620     0.000000    -0.000000     0.000000    -0.000000     0.000000    -0.000169     0.000042     0.000144    -0.011950
   -0.000000    -0.000000     1.000000     0.000000     0.000000    -0.000000    -0.000000     0.000000    -0.000000     0.000000    -0.000000     0.000000     0.000000     0.000000     0.000000     0.000000
   -0.000000     0.000000    -0.000000    -0.000000    -0.058490    23.950000   -32.940000     9.810000    -0.000000     0.000000    -0.000000    -0.000000    -0.000000    -0.000000    -0.000459     0.000000
    0.000260    -0.000384    -0.009975    -0.000000    -0.088880   -10.070000     9.268000    -0.000000     0.000000    -0.000000     0.000000    -0.000000    -0.000003     0.000001     0.118500    -0.000190
    0.000305    -0.000449    -0.011680    -0.000000     0.019910    -0.615300    -0.329700    -0.000000     0.000000    -0.000000     0.000000    -0.000000    -0.000003     0.000001     0.001785    -0.000222
   -0.000000    -0.000000     0.000000     0.000000     0.000000     1.000000     0.000000     0.000000    -0.000000     0.000000    -0.000000     0.000000     0.000000     0.000000     0.000000     0.000000
    1.000000     0.000000    -0.000000    23.470000    -0.000000     0.000000     0.000000     0.000000     0.000000    -0.000000     0.000000     0.000000    -0.000000    -0.000000    -0.000000    -0.000000
    0.000000    -0.000000     0.000000    -0.000000     1.000000    -0.000000    -0.000000   -23.470000    -0.000000     0.000000    -0.000000    34.600000     0.000000     0.000000     0.000000     0.000000
   -0.000000     1.000000    -0.000000   -34.600000     0.000000     0.000000     0.000000     0.000000     0.000000    -0.000000     0.000000     0.000000    -0.000000    -0.000000    -0.000000    -0.000000
   -0.000000    -0.000000     0.000000     0.000000     0.000000    -0.000000     1.000000    -0.000000    -0.000000     0.000000    -0.000000     0.000000     0.000000     0.000000     0.000000     0.000000
