u  w  q  the  v  p  r  phi  x  y  z  psi  |  slat  flap  aileron  elevator
   -0.003370     0.256000   -27.260000    -9.810000    -0.000000    -0.000000     0.000000     0.000000     0.000000    -0.000000     0.000000     0.000000    -0.000861     0.034370    -0.000000     0.011550
   -0.125600    -0.367100    57.420000    -0.000000     0.000000    -0.000000    -0.000000    -0.000000     0.000000    -0.000000     0.000000     0.000000     0.002627    -0.107600     0.000000    -0.040900
    0.009376    -0.022460    -0.636700     0.000000    -0.001406    -0.036400     0.028110     0.000000    -0.000000     0.000000    -0.000000     0.000000    -0.000135    -0.002786     0.000522    -0.018670
   -0.000000    -0.000000     1.000000     0.000000     0.000000    -0.000000    -0.000000     0.000000    -0.000000     0.000000    -0.000000     0.000000     0.000000     0.000000     0.000000     0.000000
   -0.000000    -0.000000     0.000000    -0.000000    -0.039230    26.930000   -58.430000     9.810000    -0.000000     0.000000    -0.000000    -0.000000     0.000000    -0.000000    -0.001206    -0.000000
    0.000660    -0.001581    -0.044820    -0.000000    -0.865100   -23.000000    16.840000    -0.000000     0.000000    -0.000000     0.000000    -0.000000    -0.000009    -0.000196     0.325000    -0.001314
   -0.000011     0.000026     0.000725    -0.000000    -0.006497    -0.706100    -0.285800    -0.000000     0.000000    -0.000000     0.000000    -0.000000     0.000000     0.000003     0.005866     0.000021
   -0.000000    -0.000000     0.000000    -0.000000     0.000000     1.000000     0.000000     0.000000    -0.000000     0.000000    -0.000000     0.000000     0.000000     0.000000     0.000000     0.000000
    1.000000     0.000000    -0.000000    26.220000    -0.000000     0.000000     0.000000     0.000000     0.000000    -0.000000     0.000000     0.000000    -0.000000    -0.000000    -0.000000    -0.000000
    0.000000    -0.000000     0.000000    -0.000000     1.000000    -0.000000    -0.000000   -26.220000    -0.000000     0.000000    -0.000000    62.810000     0.000000     0.000000     0.000000     0.000000
   -0.000000     1.000000    -0.000000   -62.810000     0.000000     0.000000     0.000000     0.000000     0.000000    -0.000000     0.000000     0.000000    -0.000000    -0.000000    -0.000000    -0.000000
   -0.000000    -0.000000     0.000000    -0.000000     0.000000    -0.000000     1.000000    -0.000000    -0.000000     0.000000    -0.000000     0.000000     0.000000     0.000000     0.000000     0.000000

   -0.000255     0.157800   -20.660000    -9.810000    -0.000000    -0.000000     0.000000     0.000000     0.000000    -0.000000     0.000000     0.000000    -0.000782     0.033090     0.000000     0.010770
   -0.088380    -0.476300    95.170000    -0.000000     0.000000     0.000000     0.000000    -0.000000     0.000000    -0.000000     0.000000     0.000000     0.005459    -0.235300    -0.000000    -0.082350
    0.005785    -0.029360    -0.906700     0.000000    -0.001906    -0.068840     0.034360     0.000000    -0.000000     0.000000    -0.000000     0.000000    -0.000365    -0.006987     0.001615    -0.043350
   -0.000000    -0.000000     1.000000     0.000000     0.000000    -0.000000    -0.000000     0.000000    -0.000000     0.000000    -0.000000     0.000000     0.000000     0.000000     0.000000     0.000000
    0.000000    -0.000000    -0.000000    -0.000000    -0.052770    20.360000   -96.740000     9.810000    -0.000000     0.000000    -0.000000    -0.000000     0.000000    -0.000000     0.000910    -0.000000
    0.000496    -0.002516    -0.077700    -0.000000    -0.982100   -36.210000    17.140000    -0.000000     0.000000    -0.000000     0.000000    -0.000000    -0.000031    -0.000599     0.844200    -0.003715
   -0.000008     0.000039     0.001214    -0.000000    -0.000734    -0.692300    -0.495400    -0.000000     0.000000    -0.000000     0.000000    -0.000000     0.000000     0.000009     0.011310     0.000058
   -0.000000    -0.000000     0.000000     0.000000     0.000000     1.000000     0.000000     0.000000    -0.000000     0.000000    -0.000000     0.000000     0.000000     0.000000     0.000000     0.000000
    1.000000     0.000000    -0.000000    20.080000    -0.000000     0.000000     0.000000     0.000000     0.000000    -0.000000     0.000000     0.000000    -0.000000    -0.000000    -0.000000    -0.000000
    0.000000    -0.000000     0.000000    -0.000000     1.000000    -0.000000    -0.000000   -20.080000    -0.000000     0.000000    -0.000000   101.900000     0.000000     0.000000     0.000000     0.000000
   -0.000000     1.000000    -0.000000  -101.900000     0.000000     0.000000     0.000000     0.000000     0.000000    -0.000000     0.000000     0.000000    -0.000000    -0.000000    -0.000000    -0.000000
   -0.000000    -0.000000     0.000000     0.000000     0.000000    -0.000000     1.000000     0.000000    -0.000000     0.000000    -0.000000     0.000000     0.000000     0.000000     0.000000     0.000000

    0.000173     0.072450   -19.440000    -9.810000     0.000000     0.000000     0.000000     0.000000     0.000000    -0.000000     0.000000     0.000000    -0.000604     0.027450    -0.000000     0.009248
   -0.049960    -0.462800   200.600000    -0.000000    -0.000000    -0.000000    -0.000000    -0.000000     0.000000    -0.000000     0.000000     0.000000     0.010570    -0.480500    -0.000000    -0.156400
    0.003410    -0.036700    -1.173000     0.000000    -0.003246    -0.145900     0.053080     0.000000    -0.000000     0.000000    -0.000000     0.000000    -0.001126    -0.020710     0.006997    -0.115600
   -0.000000    -0.000000     1.000000     0.000000     0.000000    -0.000000    -0.000000     0.000000    -0.000000     0.000000    -0.000000     0.000000     0.000000     0.000000     0.000000     0.000000
    0.000000    -0.000000    -0.000000    -0.000000    -0.048820    19.210000  -202.300000     9.810000    -0.000000     0.000000    -0.000000    -0.000000     0.000000    -0.000000     0.005021    -0.000000
    0.000454    -0.004880    -0.156000    -0.000000    -1.158000   -53.040000    18.280000    -0.000000     0.000000    -0.000000     0.000000    -0.000000    -0.000150    -0.002754     2.537000    -0.015370
   -0.000006     0.000069     0.002199    -0.000000     0.004074    -0.697900    -0.662500    -0.000000     0.000000    -0.000000     0.000000    -0.000000     0.000002     0.000039     0.026940     0.000217
   -0.000000    -0.000000     0.000000     0.000000     0.000000     1.000000     0.000000     0.000000    -0.000000     0.000000    -0.000000     0.000000     0.000000     0.000000     0.000000     0.000000
    1.000000     0.000000    -0.000000    19.210000    -0.000000     0.000000     0.000000     0.000000     0.000000    -0.000000     0.000000     0.000000    -0.000000    -0.000000    -0.000000    -0.000000
    0.000000    -0.000000     0.000000    -0.000000     1.000000    -0.000000    -0.000000   -19.210000    -0.000000     0.000000    -0.000000   206.700000     0.000000     0.000000     0.000000     0.000000
   -0.000000     1.000000    -0.000000  -206.700000     0.000000     0.000000     0.000000     0.000000     0.000000    -0.000000     0.000000     0.000000    -0.000000    -0.000000    -0.000000    -0.000000
   -0.000000    -0.000000     0.000000     0.000000     0.000000    -0.000000     1.000000     0.000000    -0.000000     0.000000    -0.000000     0.000000     0.000000     0.000000     0.000000     0.000000

    0.000213     0.069410   -13.550000    -9.810000     0.000000     0.000000     0.000000     0.000000     0.000000    -0.000000     0.000000     0.000000    -0.000528     0.024210    -0.000000     0.008463
   -0.052770    -0.614600   199.100000    -0.000000    -0.000000    -0.000000    -0.000000    -0.000000     0.000000    -0.000000     0.000000     0.000000     0.014050    -0.641500    -0.000000    -0.207300
    0.002309    -0.035880    -1.167000     0.000000    -0.003046    -0.146500     0.047910     0.000000    -0.000000     0.000000    -0.000000     0.000000    -0.001131    -0.020690     0.007050    -0.115100
   -0.000000    -0.000000     1.000000     0.000000     0.000000    -0.000000    -0.000000     0.000000    -0.000000     0.000000    -0.000000     0.000000     0.000000     0.000000     0.000000     0.000000
    0.000000    -0.000000    -0.000000    -0.000000    -0.065600    13.230000  -201.300000     9.810000    -0.000000     0.000000    -0.000000    -0.000000     0.000000    -0.000000     0.007718    -0.000000
    0.000307    -0.004771    -0.155200    -0.000000    -1.085000   -53.200000    16.410000    -0.000000     0.000000    -0.000000     0.000000    -0.000000    -0.000150    -0.002751     2.555000    -0.015300
   -0.000004     0.000067     0.002187    -0.000000     0.005767    -0.631300    -0.680500    -0.000000     0.000000    -0.000000     0.000000    -0.000000     0.000002     0.000039     0.026080     0.000216
   -0.000000    -0.000000     0.000000     0.000000     0.000000     1.000000     0.000000     0.000000    -0.000000     0.000000    -0.000000     0.000000     0.000000     0.000000     0.000000     0.000000
    1.000000     0.000000    -0.000000    13.340000    -0.000000     0.000000     0.000000     0.000000     0.000000    -0.000000     0.000000     0.000000    -0.000000    -0.000000    -0.000000    -0.000000
    0.000000    -0.000000     0.000000    -0.000000     1.000000    -0.000000    -0.000000   -13.340000    -0.000000     0.000000    -0.000000   207.200000     0.000000     0.000000     0.000000     0.000000
   -0.000000     1.000000    -0.000000  -207.200000     0.000000     0.000000     0.000000     0.000000     0.000000    -0.000000     0.000000     0.000000    -0.000000    -0.000000    -0.000000    -0.000000
   -0.000000    -0.000000     0.000000     0.000000     0.000000    -0.000000     1.000000     0.000000    -0.000000     0.000000    -0.000000     0.000000     0.000000     0.000000     0.000000     0.000000

    0.000136     0.154100   -15.020000    -9.810000    -0.000000    -0.000000     0.000000     0.000000     0.000000    -0.000000     0.000000     0.000000    -0.000743     0.031690     0.000000     0.010300
   -0.090450    -0.630800    93.890000    -0.000000     0.000000     0.000000     0.000000    -0.000000     0.000000    -0.000000     0.000000     0.000000     0.007286    -0.316500    -0.000000    -0.109200
    0.003981    -0.028320    -0.902100     0.000000    -0.001737    -0.069810     0.029920     0.000000    -0.000000     0.000000    -0.000000     0.000000    -0.000373    -0.007037     0.001656    -0.043420
   -0.000000    -0.000000     1.000000     0.000000     0.000000    -0.000000    -0.000000     0.000000    -0.000000     0.000000    -0.000000     0.000000     0.000000     0.000000     0.000000     0.000000
    0.000000    -0.000000    -0.000000    -0.000000    -0.071650    14.620000   -96.060000     9.810000    -0.000000     0.000000    -0.000000    -0.000000     0.000000     0.000000     0.002336    -0.000000
    0.000341    -0.002427    -0.077300    -0.000000    -0.892300   -36.600000    14.820000    -0.000000     0.000000    -0.000000     0.000000    -0.000000    -0.000032    -0.000603     0.864500    -0.003720
   -0.000005     0.000038     0.001207    -0.000000     0.001752    -0.598100    -0.524200    -0.000000     0.000000    -0.000000     0.000000    -0.000000     0.000000     0.000009     0.010740     0.000058
   -0.000000    -0.000000     0.000000     0.000000     0.000000     1.000000     0.000000     0.000000    -0.000000     0.000000    -0.000000     0.000000     0.000000     0.000000     0.000000     0.000000
    1.000000     0.000000    -0.000000    14.460000    -0.000000     0.000000     0.000000     0.000000     0.000000    -0.000000     0.000000     0.000000    -0.000000    -0.000000    -0.000000    -0.000000
    0.000000    -0.000000     0.000000    -0.000000     1.000000    -0.000000    -0.000000   -14.460000    -0.000000     0.000000    -0.000000   102.800000     0.000000     0.000000     0.000000     0.000000
   -0.000000     1.000000    -0.000000  -102.800000     0.000000     0.000000     0.000000     0.000000     0.000000    -0.000000     0.000000     0.000000    -0.000000    -0.000000    -0.000000    -0.000000
   -0.000000    -0.000000     0.000000     0.000000     0.000000    -0.000000     1.000000     0.000000    -0.000000     0.000000    -0.000000     0.000000     0.000000     0.000000     0.000000     0.000000

   -0.001554     0.250200   -20.020000    -9.810000    -0.000000    -0.000000     0.000000     0.000000     0.000000    -0.000000     0.000000     0.000000    -0.000853     0.034670    -0.000000     0.011410
   -0.125900    -0.497100    57.990000    -0.000000     0.000000    -0.000000    -0.000000    -0.000000     0.000000    -0.000000     0.000000     0.000000     0.003687    -0.153600     0.000000    -0.056620
    0.006233    -0.021420    -0.641900     0.000000    -0.001239    -0.038290     0.023550     0.000000    -0.000000     0.000000    -0.000000     0.000000    -0.000147    -0.002940     0.000573    -0.019490
   -0.000000    -0.000000     1.000000    -0.000000     0.000000    -0.000000    -0.000000    -0.000000    -0.000000     0.000000    -0.000000    -0.000000     0.000000     0.000000     0.000000     0.000000
   -0.000000    -0.000000     0.000000    -0.000000    -0.056340    19.600000   -59.510000     9.810000    -0.000000     0.000000    -0.000000    -0.000000     0.000000    -0.000000    -0.000444    -0.000000
    0.000439    -0.001508    -0.045180    -0.000000    -0.759800   -24.020000    14.010000    -0.000000     0.000000    -0.000000     0.000000    -0.000000    -0.000010    -0.000207     0.356000    -0.001372
   -0.000007     0.000024     0.000731    -0.000000    -0.003011    -0.582400    -0.333100    -0.000000     0.000000    -0.000000     0.000000    -0.000000     0.000000     0.000003     0.005582     0.000022
   -0.000000    -0.000000     0.000000     0.000000     0.000000     1.000000     0.000000    -0.000000    -0.000000     0.000000    -0.000000    -0.000000     0.000000     0.000000     0.000000     0.000000
    1.000000     0.000000    -0.000000    19.020000    -0.000000     0.000000     0.000000     0.000000     0.000000    -0.000000     0.000000     0.000000    -0.000000    -0.000000    -0.000000    -0.000000
    0.000000    -0.000000     0.000000    -0.000000     1.000000    -0.000000    -0.000000   -19.020000    -0.000000     0.000000    -0.000000    65.350000     0.000000     0.000000     0.000000     0.000000
   -0.000000     1.000000    -0.000000   -65.350000     0.000000     0.000000     0.000000     0.000000     0.000000    -0.000000     0.000000     0.000000    -0.000000    -0.000000    -0.000000    -0.000000
   -0.000000    -0.000000     0.000000     0.000000     0.000000    -0.000000     1.000000    -0.000000    -0.000000     0.000000    -0.000000    -0.000000     0.000000     0.000000     0.000000     0.000000
