u  w  q  the  v  p  r  phi  x  y  z  psi  |  slat  flap  aileron  elevator
   -0.010780     0.274600   -29.330000    -9.810000    -0.000000     0.000000     0.000000     0.000000     0.000000    -0.000000     0.000000     0.000000    -0.000930     0.036900    -0.000000     0.016180
   -0.113400    -0.360300    56.000000    -0.000000     0.000000    -0.000000    -0.000000    -0.000000     0.000000    -0.000000     0.000000     0.000000     0.002549    -0.103900     0.000000    -0.040120
    0.018270    -0.039590    -0.863800     0.000000    -0.000808    -0.019020     0.018380     0.000000    -0.000000     0.000000    -0.000000     0.000000    -0.000045    -0.007425     0.000280    -0.022790
   -0.000000    -0.000000     1.000000     0.000000     0.000000    -0.000000    -0.000000     0.000000    -0.000000     0.000000    -0.000000     0.000000     0.000000     0.000000     0.000000     0.000000
    0.000000    -0.000000     0.000000    -0.000000    -0.037230    29.300000   -57.430000     9.810000    -0.000000     0.000000    -0.000000    -0.000000    -0.000000    -0.000000    -0.001428    -0.000000
    0.000644    -0.001395    -0.030440    -0.000000    -0.934900   -24.450000    19.490000    -0.000000     0.000000    -0.000000     0.000000    -0.000000    -0.000002    -0.000262     0.339200    -0.000803
   -0.000050     0.000109     0.002385    -0.000000    -0.007738    -0.898900    -0.343700    -0.000000     0.000000    -0.000000     0.000000    -0.000000     0.000000     0.000021     0.007134     0.000063
   -0.000000    -0.000000     0.000000     0.000000     0.000000     1.000000     0.000000     0.000000    -0.000000     0.000000    -0.000000     0.000000     0.000000     0.000000     0.000000     0.000000
    1.000000     0.000000    -0.000000    28.510000    -0.000000     0.000000     0.000000     0.000000     0.000000    -0.000000     0.000000     0.000000    -0.000000    -0.000000    -0.000000    -0.000000
    0.000000    -0.000000     0.000000    -0.000000     1.000000    -0.000000    -0.000000   -28.510000    -0.000000     0.000000    -0.000000    61.800000     0.000000     0.000000     0.000000     0.000000
   -0.000000     1.000000    -0.000000   -61.800000     0.000000     0.000000     0.000000     0.000000     0.000000    -0.000000     0.000000     0.000000    -0.000000    -0.000000    -0.000000    -0.000000
   -0.000000    -0.000000     0.000000     0.000000     0.000000    -0.000000     1.000000    -0.000000    -0.000000     0.000000    -0.000000     0.000000     0.000000     0.000000     0.000000     0.000000

   -0.002503     0.169500   -22.330000    -9.810000     0.000000    -0.000000     0.000000     0.000000     0.000000    -0.000000     0.000000     0.000000    -0.000859     0.036240     0.000000     0.016260
   -0.080250    -0.473700    94.180000    -0.000000     0.000000     0.000000    -0.000000    -0.000000     0.000000    -0.000000     0.000000     0.000000     0.005422    -0.233300    -0.000000    -0.082310
    0.012330    -0.057170    -1.268000     0.000000    -0.001169    -0.039620     0.024270     0.000000    -0.000000     0.000000    -0.000000     0.000000    -0.000157    -0.019750     0.000944    -0.055060
   -0.000000    -0.000000     1.000000     0.000000     0.000000    -0.000000    -0.000000     0.000000    -0.000000     0.000000    -0.000000     0.000000     0.000000     0.000000     0.000000     0.000000
    0.000000    -0.000000     0.000000    -0.000000    -0.051600    22.220000   -96.310000     9.810000    -0.000000     0.000000    -0.000000    -0.000000    -0.000000    -0.000000     0.000678    -0.000000
    0.000538    -0.002496    -0.055340    -0.000000    -1.082000   -39.690000    20.300000    -0.000000     0.000000    -0.000000     0.000000    -0.000000    -0.000007    -0.000862     0.921200    -0.002403
   -0.000041     0.000191     0.004226    -0.000000    -0.000353    -0.904300    -0.620400    -0.000000     0.000000    -0.000000     0.000000    -0.000000     0.000001     0.000066     0.014480     0.000183
   -0.000000    -0.000000     0.000000    -0.000000     0.000000     1.000000     0.000000     0.000000    -0.000000     0.000000    -0.000000     0.000000     0.000000     0.000000     0.000000     0.000000
    1.000000     0.000000    -0.000000    21.890000    -0.000000     0.000000     0.000000     0.000000     0.000000    -0.000000     0.000000     0.000000    -0.000000    -0.000000    -0.000000    -0.000000
    0.000000    -0.000000     0.000000    -0.000000     1.000000    -0.000000    -0.000000   -21.890000    -0.000000     0.000000    -0.000000   101.500000     0.000000     0.000000     0.000000     0.000000
   -0.000000     1.000000    -0.000000  -101.500000     0.000000     0.000000     0.000000     0.000000     0.000000    -0.000000     0.000000     0.000000    -0.000000    -0.000000    -0.000000    -0.000000
   -0.000000    -0.000000     0.000000     0.000000     0.000000    -0.000000     1.000000     0.000000    -0.000000     0.000000    -0.000000     0.000000     0.000000     0.000000     0.000000     0.000000

   -0.000363     0.078220   -21.260000    -9.810000     0.000000    -0.000000     0.000000     0.000000     0.000000    -0.000000     0.000000     0.000000    -0.000677     0.030660    -0.000000     0.015380
   -0.045800    -0.462000   199.800000    -0.000000     0.000000     0.000000    -0.000000    -0.000000     0.000000    -0.000000     0.000000     0.000000     0.010550    -0.479400    -0.000000    -0.156800
    0.008216    -0.080420    -1.771000     0.000000    -0.002296    -0.097670     0.043710     0.000000    -0.000000     0.000000    -0.000000     0.000000    -0.000628    -0.062120     0.004719    -0.158200
   -0.000000    -0.000000     1.000000     0.000000     0.000000    -0.000000    -0.000000    -0.000000    -0.000000     0.000000    -0.000000     0.000000     0.000000     0.000000     0.000000     0.000000
    0.000000    -0.000000    -0.000000    -0.000000    -0.048250    21.120000  -202.000000     9.810000    -0.000000     0.000000    -0.000000    -0.000000     0.000000    -0.000000     0.004815    -0.000000
    0.000589    -0.005762    -0.126900    -0.000000    -1.349000   -61.730000    23.020000    -0.000000     0.000000    -0.000000     0.000000    -0.000000    -0.000045    -0.004451     2.948000    -0.011340
   -0.000041     0.000405     0.008918    -0.000000     0.005797    -1.018000    -0.889800    -0.000000     0.000000    -0.000000     0.000000    -0.000000     0.000003     0.000313     0.039310     0.000797
   -0.000000    -0.000000     0.000000     0.000000     0.000000     1.000000     0.000000     0.000000    -0.000000     0.000000    -0.000000     0.000000     0.000000     0.000000     0.000000     0.000000
    1.000000     0.000000    -0.000000    21.100000    -0.000000     0.000000     0.000000     0.000000     0.000000    -0.000000     0.000000     0.000000    -0.000000    -0.000000    -0.000000    -0.000000
    0.000000    -0.000000     0.000000    -0.000000     1.000000    -0.000000    -0.000000   -21.100000    -0.000000     0.000000    -0.000000   206.500000     0.000000     0.000000     0.000000     0.000000
   -0.000000     1.000000    -0.000000  -206.500000     0.000000     0.000000     0.000000     0.000000     0.000000    -0.000000     0.000000     0.000000    -0.000000    -0.000000    -0.000000    -0.000000
   -0.000000    -0.000000     0.000000     0.000000     0.000000    -0.000000     1.000000     0.000000    -0.000000     0.000000    -0.000000     0.000000     0.000000     0.000000     0.000000     0.000000

   -0.000150     0.075180   -14.910000    -9.810000    -0.000000     0.000000     0.000000     0.000000     0.000000    -0.000000     0.000000     0.000000    -0.000601     0.027450    -0.000000     0.014650
   -0.048620    -0.613800   198.200000    -0.000000    -0.000000     0.000000     0.000000    -0.000000     0.000000    -0.000000     0.000000     0.000000     0.014040    -0.640800    -0.000000    -0.207700
    0.005666    -0.079540    -1.760000     0.000000    -0.002165    -0.098560     0.039980     0.000000    -0.000000     0.000000    -0.000000     0.000000    -0.000632    -0.062340     0.004765    -0.157300
   -0.000000    -0.000000     1.000000     0.000000     0.000000    -0.000000    -0.000000     0.000000    -0.000000     0.000000    -0.000000     0.000000     0.000000     0.000000     0.000000     0.000000
    0.000000    -0.000000    -0.000000    -0.000000    -0.065050    14.670000  -201.100000     9.810000    -0.000000     0.000000    -0.000000    -0.000000     0.000000    -0.000000     0.007516    -0.000000
    0.000406    -0.005699    -0.126100    -0.000000    -1.262000   -61.930000    20.700000    -0.000000     0.000000    -0.000000     0.000000    -0.000000    -0.000045    -0.004467     2.972000    -0.011270
   -0.000029     0.000400     0.008862    -0.000000     0.008350    -0.922200    -0.919500    -0.000000     0.000000    -0.000000     0.000000    -0.000000     0.000003     0.000314     0.038120     0.000792
   -0.000000    -0.000000     0.000000     0.000000     0.000000     1.000000     0.000000     0.000000    -0.000000     0.000000    -0.000000     0.000000     0.000000     0.000000     0.000000     0.000000
    1.000000     0.000000    -0.000000    14.750000    -0.000000     0.000000     0.000000     0.000000     0.000000    -0.000000     0.000000     0.000000    -0.000000    -0.000000    -0.000000    -0.000000
    0.000000    -0.000000     0.000000    -0.000000     1.000000    -0.000000    -0.000000   -14.750000    -0.000000     0.000000    -0.000000   207.100000     0.000000     0.000000     0.000000     0.000000
   -0.000000     1.000000    -0.000000  -207.100000     0.000000     0.000000     0.000000     0.000000     0.000000    -0.000000     0.000000     0.000000    -0.000000    -0.000000    -0.000000    -0.000000
   -0.000000    -0.000000     0.000000     0.000000     0.000000    -0.000000     1.000000    -0.000000    -0.000000     0.000000    -0.000000     0.000000     0.000000     0.000000     0.000000     0.000000

   -0.001448     0.165700   -16.240000    -9.810000     0.000000    -0.000000    -0.000000     0.000000     0.000000    -0.000000     0.000000     0.000000    -0.000821     0.034940     0.000000     0.015930
   -0.082390    -0.628800    92.870000    -0.000000    -0.000000     0.000000    -0.000000    -0.000000     0.000000    -0.000000     0.000000     0.000000     0.007261    -0.315100    -0.000000    -0.109300
    0.008674    -0.056310    -1.260000     0.000000    -0.001074    -0.040620     0.021490     0.000000    -0.000000     0.000000    -0.000000     0.000000    -0.000162    -0.020110     0.000974    -0.055150
   -0.000000    -0.000000     1.000000     0.000000     0.000000    -0.000000    -0.000000     0.000000    -0.000000     0.000000    -0.000000     0.000000     0.000000     0.000000     0.000000     0.000000
   -0.000000    -0.000000    -0.000000    -0.000000    -0.070540    16.020000   -95.770000     9.810000    -0.000000     0.000000    -0.000000    -0.000000    -0.000000    -0.000000     0.002106    -0.000000
    0.000379    -0.002458    -0.055010    -0.000000    -0.982100   -40.190000    17.590000    -0.000000     0.000000    -0.000000     0.000000    -0.000000    -0.000007    -0.000878     0.946900    -0.002407
   -0.000029     0.000188     0.004200    -0.000000     0.003005    -0.778400    -0.661200    -0.000000     0.000000    -0.000000     0.000000    -0.000000     0.000001     0.000067     0.013770     0.000184
   -0.000000    -0.000000     0.000000    -0.000000     0.000000     1.000000     0.000000     0.000000    -0.000000     0.000000    -0.000000     0.000000     0.000000     0.000000     0.000000     0.000000
    1.000000     0.000000    -0.000000    15.810000    -0.000000     0.000000     0.000000     0.000000     0.000000    -0.000000     0.000000     0.000000    -0.000000    -0.000000    -0.000000    -0.000000
    0.000000    -0.000000     0.000000    -0.000000     1.000000    -0.000000    -0.000000   -15.810000    -0.000000     0.000000    -0.000000   102.600000     0.000000     0.000000     0.000000     0.000000
   -0.000000     1.000000    -0.000000  -102.600000     0.000000     0.000000     0.000000     0.000000     0.000000    -0.000000     0.000000     0.000000    -0.000000    -0.000000    -0.000000    -0.000000
   -0.000000    -0.000000     0.000000     0.000000     0.000000    -0.000000     1.000000    -0.000000    -0.000000     0.000000    -0.000000     0.000000     0.000000     0.000000     0.000000     0.000000

   -0.006603     0.268300   -21.500000    -9.810000    -0.000000     0.000000     0.000000     0.000000     0.000000    -0.000000     0.000000     0.000000    -0.000930     0.037640    -0.000000     0.016430
   -0.113900    -0.492100    56.860000    -0.000000     0.000000    -0.000000    -0.000000    -0.000000     0.000000    -0.000000     0.000000     0.000000     0.003634    -0.151000     0.000000    -0.056250
    0.012550    -0.039300    -0.872600     0.000000    -0.000721    -0.020670     0.015690     0.000000    -0.000000     0.000000    -0.000000     0.000000    -0.000051    -0.008105     0.000316    -0.024030
   -0.000000    -0.000000     1.000000    -0.000000     0.000000    -0.000000    -0.000000    -0.000000    -0.000000     0.000000    -0.000000    -0.000000     0.000000     0.000000     0.000000     0.000000
   -0.000000    -0.000000     0.000000    -0.000000    -0.054520    21.350000   -58.950000     9.810000    -0.000000     0.000000    -0.000000    -0.000000    -0.000000    -0.000000    -0.000680    -0.000000
    0.000442    -0.001385    -0.030750    -0.000000    -0.821500   -25.750000    16.250000    -0.000000     0.000000    -0.000000     0.000000    -0.000000    -0.000002    -0.000286     0.378200    -0.000847
   -0.000035     0.000108     0.002410    -0.000000    -0.003244    -0.738100    -0.406000    -0.000000     0.000000    -0.000000     0.000000    -0.000000     0.000000     0.000022     0.006848     0.000066
   -0.000000    -0.000000     0.000000     0.000000     0.000000     1.000000     0.000000    -0.000000    -0.000000     0.000000    -0.000000    -0.000000     0.000000     0.000000     0.000000     0.000000
    1.000000     0.000000    -0.000000    20.700000    -0.000000     0.000000     0.000000     0.000000     0.000000    -0.000000     0.000000     0.000000    -0.000000    -0.000000    -0.000000    -0.000000
    0.000000    -0.000000     0.000000    -0.000000     1.000000    -0.000000    -0.000000   -20.700000    -0.000000     0.000000    -0.000000    64.840000     0.000000     0.000000     0.000000     0.000000
   -0.000000     1.000000    -0.000000   -64.840000     0.000000     0.000000     0.000000     0.000000     0.000000    -0.000000     0.000000     0.000000    -0.000000    -0.000000    -0.000000    -0.000000
   -0.000000    -0.000000     0.000000     0.000000     0.000000    -0.000000     1.000000    -0.000000    -0.000000     0.000000    -0.000000    -0.000000     0.000000     0.000000     0.000000     0.000000
