u  w  q  the  v  p  r  phi  x  y  z  psi  |  slat  flap  aileron  elevator
   -0.016730     0.286000   -30.570000    -9.810000    -0.000000     0.000000     0.000000     0.000000     0.000000    -0.000000     0.000000     0.000000    -0.000970     0.038340    -0.000000     0.018810
   -0.106400    -0.355900    55.100000    -0.000000     0.000000    -0.000000    -0.000000    -0.000000     0.000000    -0.000000     0.000000     0.000000     0.002498    -0.101600     0.000000    -0.039590
    0.022750    -0.046520    -0.940000     0.000000    -0.000790    -0.018240     0.018670     0.000000    -0.000000     0.000000    -0.000000     0.000000     0.000017    -0.009561     0.000267    -0.023060
   -0.000000    -0.000000     1.000000     0.000000     0.000000    -0.000000    -0.000000     0.000000    -0.000000     0.000000    -0.000000     0.000000     0.000000     0.000000     0.000000     0.000000
   -0.000000    -0.000000    -0.000000    -0.000000    -0.036080    30.740000   -56.770000     9.810000    -0.000000     0.000000    -0.000000    -0.000000     0.000000    -0.000000    -0.001560    -0.000000
    0.000803    -0.001641    -0.033160    -0.000000    -0.935100   -24.150000    20.300000    -0.000000     0.000000    -0.000000     0.000000    -0.000000     0.000001    -0.000337     0.331200    -0.000813
   -0.000061     0.000125     0.002529    -0.000000    -0.007194    -0.917000    -0.357000    -0.000000     0.000000    -0.000000     0.000000    -0.000000    -0.000000     0.000026     0.006996     0.000062
   -0.000000    -0.000000     0.000000     0.000000     0.000000     1.000000     0.000000     0.000000    -0.000000     0.000000    -0.000000     0.000000     0.000000     0.000000     0.000000     0.000000
    1.000000     0.000000    -0.000000    29.910000    -0.000000     0.000000     0.000000     0.000000     0.000000    -0.000000     0.000000     0.000000    -0.000000    -0.000000    -0.000000    -0.000000
    0.000000    -0.000000     0.000000    -0.000000     1.000000    -0.000000    -0.000000   -29.910000    -0.000000     0.000000    -0.000000    61.140000     0.000000     0.000000     0.000000     0.000000
   -0.000000     1.000000    -0.000000   -61.140000     0.000000     0.000000     0.000000     0.000000     0.000000    -0.000000     0.000000     0.000000    -0.000000    -0.000000    -0.000000    -0.000000
   -0.000000    -0.000000     0.000000     0.000000     0.000000    -0.000000     1.000000    -0.000000    -0.000000     0.000000    -0.000000     0.000000     0.000000     0.000000     0.000000     0.000000

   -0.004367     0.176500   -23.320000    -9.810000     0.000000     0.000000    -0.000000     0.000000     0.000000    -0.000000     0.000000     0.000000    -0.000905     0.038090     0.000000     0.019480
   -0.075480    -0.472100    93.570000    -0.000000    -0.000000     0.000000     0.000000    -0.000000     0.000000    -0.000000     0.000000     0.000000     0.005399    -0.232100    -0.000000    -0.082260
    0.015570    -0.068610    -1.380000     0.000000    -0.001140    -0.038320     0.024580     0.000000    -0.000000     0.000000    -0.000000     0.000000     0.000002    -0.025770     0.000911    -0.056000
   -0.000000    -0.000000     1.000000     0.000000     0.000000    -0.000000    -0.000000    -0.000000    -0.000000     0.000000    -0.000000     0.000000     0.000000     0.000000     0.000000     0.000000
   -0.000000    -0.000000    -0.000000    -0.000000    -0.050930    23.330000   -96.030000     9.810000    -0.000000     0.000000    -0.000000    -0.000000    -0.000000    -0.000000     0.000539    -0.000000
    0.000680    -0.002999    -0.060300    -0.000000    -1.083000   -39.570000    21.220000    -0.000000     0.000000    -0.000000     0.000000    -0.000000     0.000000    -0.001126     0.915900    -0.002447
   -0.000050     0.000222     0.004456    -0.000000     0.000638    -0.903700    -0.637900    -0.000000     0.000000    -0.000000     0.000000    -0.000000    -0.000000     0.000083     0.014100     0.000181
   -0.000000    -0.000000     0.000000     0.000000     0.000000     1.000000     0.000000     0.000000    -0.000000     0.000000    -0.000000     0.000000     0.000000     0.000000     0.000000     0.000000
    1.000000     0.000000    -0.000000    22.970000    -0.000000     0.000000     0.000000     0.000000     0.000000    -0.000000     0.000000     0.000000    -0.000000    -0.000000    -0.000000    -0.000000
    0.000000    -0.000000     0.000000    -0.000000     1.000000    -0.000000    -0.000000   -22.970000    -0.000000     0.000000    -0.000000   101.300000     0.000000     0.000000     0.000000     0.000000
   -0.000000     1.000000    -0.000000  -101.300000     0.000000     0.000000     0.000000     0.000000     0.000000    -0.000000     0.000000     0.000000    -0.000000    -0.000000    -0.000000    -0.000000
   -0.000000    -0.000000     0.000000     0.000000     0.000000    -0.000000     1.000000     0.000000    -0.000000     0.000000    -0.000000     0.000000     0.000000     0.000000     0.000000     0.000000

   -0.000836     0.081660   -22.340000    -9.810000    -0.000000     0.000000     0.000000     0.000000     0.000000    -0.000000     0.000000     0.000000    -0.000720     0.032560    -0.000000     0.019000
   -0.043340    -0.461400   199.400000    -0.000000    -0.000000     0.000000    -0.000000    -0.000000     0.000000    -0.000000     0.000000     0.000000     0.010540    -0.478800    -0.000000    -0.157000
    0.010360    -0.096230    -1.901000     0.000000    -0.002202    -0.093330     0.043600     0.000000    -0.000000     0.000000    -0.000000     0.000000    -0.000152    -0.079760     0.004508    -0.158400
   -0.000000    -0.000000     1.000000     0.000000     0.000000    -0.000000    -0.000000     0.000000    -0.000000     0.000000    -0.000000     0.000000     0.000000     0.000000     0.000000     0.000000
    0.000000    -0.000000    -0.000000    -0.000000    -0.047920    22.260000  -201.900000     9.810000    -0.000000     0.000000    -0.000000    -0.000000     0.000000    -0.000000     0.004692    -0.000000
    0.000744    -0.006906    -0.136400    -0.000000    -1.351000   -61.650000    24.150000    -0.000000     0.000000    -0.000000     0.000000    -0.000000    -0.000011    -0.005725     2.943000    -0.011370
   -0.000050     0.000462     0.009123    -0.000000     0.007184    -0.985000    -0.899900    -0.000000     0.000000    -0.000000     0.000000    -0.000000     0.000001     0.000383     0.037430     0.000760
   -0.000000    -0.000000     0.000000     0.000000     0.000000     1.000000     0.000000     0.000000    -0.000000     0.000000    -0.000000     0.000000     0.000000     0.000000     0.000000     0.000000
    1.000000     0.000000    -0.000000    22.230000    -0.000000     0.000000     0.000000     0.000000     0.000000    -0.000000     0.000000     0.000000    -0.000000    -0.000000    -0.000000    -0.000000
    0.000000    -0.000000     0.000000    -0.000000     1.000000    -0.000000    -0.000000   -22.230000    -0.000000     0.000000    -0.000000   206.400000     0.000000     0.000000     0.000000     0.000000
   -0.000000     1.000000    -0.000000  -206.400000     0.000000     0.000000     0.000000     0.000000     0.000000    -0.000000     0.000000     0.000000    -0.000000    -0.000000    -0.000000    -0.000000
   -0.000000    -0.000000     0.000000     0.000000     0.000000    -0.000000     1.000000    -0.000000    -0.000000     0.000000    -0.000000     0.000000     0.000000     0.000000     0.000000     0.000000

   -0.000483     0.078600   -15.700000    -9.810000     0.000000    -0.000000    -0.000000     0.000000     0.000000    -0.000000     0.000000     0.000000    -0.000644     0.029370    -0.000000     0.018320
   -0.046160    -0.613400   197.600000    -0.000000    -0.000000     0.000000     0.000000    -0.000000     0.000000    -0.000000     0.000000     0.000000     0.014040    -0.640300    -0.000000    -0.208000
    0.007193    -0.095500    -1.888000     0.000000    -0.002077    -0.094230     0.039910     0.000000    -0.000000     0.000000    -0.000000     0.000000    -0.000154    -0.080150     0.004555    -0.157400
   -0.000000    -0.000000     1.000000     0.000000     0.000000    -0.000000    -0.000000    -0.000000    -0.000000     0.000000    -0.000000     0.000000     0.000000     0.000000     0.000000     0.000000
    0.000000    -0.000000    -0.000000    -0.000000    -0.064720    15.520000  -201.000000     9.810000    -0.000000     0.000000    -0.000000    -0.000000     0.000000    -0.000000     0.007395    -0.000000
    0.000516    -0.006854    -0.135500    -0.000000    -1.263000   -61.870000    21.740000    -0.000000     0.000000    -0.000000     0.000000    -0.000000    -0.000011    -0.005753     2.968000    -0.011300
   -0.000035     0.000458     0.009063    -0.000000     0.009762    -0.886600    -0.929900    -0.000000     0.000000    -0.000000     0.000000    -0.000000     0.000001     0.000385     0.036230     0.000756
   -0.000000    -0.000000     0.000000     0.000000     0.000000     1.000000     0.000000     0.000000    -0.000000     0.000000    -0.000000     0.000000     0.000000     0.000000     0.000000     0.000000
    1.000000     0.000000    -0.000000    15.590000    -0.000000     0.000000     0.000000     0.000000     0.000000    -0.000000     0.000000     0.000000    -0.000000    -0.000000    -0.000000    -0.000000
    0.000000    -0.000000     0.000000    -0.000000     1.000000    -0.000000    -0.000000   -15.590000    -0.000000     0.000000    -0.000000   207.000000     0.000000     0.000000     0.000000     0.000000
   -0.000000     1.000000    -0.000000  -207.000000     0.000000     0.000000     0.000000     0.000000     0.000000    -0.000000     0.000000     0.000000    -0.000000    -0.000000    -0.000000    -0.000000
   -0.000000    -0.000000     0.000000     0.000000     0.000000    -0.000000     1.000000     0.000000    -0.000000     0.000000    -0.000000     0.000000     0.000000     0.000000     0.000000     0.000000

   -0.002786     0.172700   -16.950000    -9.810000    -0.000000    -0.000000    -0.000000     0.000000     0.000000    -0.000000     0.000000     0.000000    -0.000868     0.036870     0.000000     0.019250
   -0.077640    -0.627500    92.250000    -0.000000     0.000000     0.000000     0.000000    -0.000000     0.000000    -0.000000     0.000000     0.000000     0.007245    -0.314200    -0.000000    -0.109400
    0.011030    -0.068040    -1.372000     0.000000    -0.001047    -0.039360     0.021780     0.000000    -0.000000     0.000000    -0.000000     0.000000     0.000000    -0.026350     0.000943    -0.056120
   -0.000000    -0.000000     1.000000     0.000000     0.000000    -0.000000    -0.000000     0.000000    -0.000000     0.000000    -0.000000     0.000000     0.000000     0.000000     0.000000     0.000000
    0.000000    -0.000000    -0.000000    -0.000000    -0.069900    16.850000   -95.600000     9.810000    -0.000000     0.000000    -0.000000    -0.000000     0.000000    -0.000000     0.001969    -0.000000
    0.000482    -0.002973    -0.059940    -0.000000    -0.982900   -40.110000    18.410000    -0.000000     0.000000    -0.000000     0.000000    -0.000000     0.000000    -0.001152     0.943800    -0.002453
   -0.000036     0.000220     0.004430    -0.000000     0.004074    -0.772300    -0.679600    -0.000000     0.000000    -0.000000     0.000000    -0.000000    -0.000000     0.000085     0.013380     0.000181
   -0.000000    -0.000000     0.000000     0.000000     0.000000     1.000000     0.000000     0.000000    -0.000000     0.000000    -0.000000     0.000000     0.000000     0.000000     0.000000     0.000000
    1.000000     0.000000    -0.000000    16.610000    -0.000000     0.000000     0.000000     0.000000     0.000000    -0.000000     0.000000     0.000000    -0.000000    -0.000000    -0.000000    -0.000000
    0.000000    -0.000000     0.000000    -0.000000     1.000000    -0.000000    -0.000000   -16.610000    -0.000000     0.000000    -0.000000   102.500000     0.000000     0.000000     0.000000     0.000000
   -0.000000     1.000000    -0.000000  -102.500000     0.000000     0.000000     0.000000     0.000000     0.000000    -0.000000     0.000000     0.000000    -0.000000    -0.000000    -0.000000    -0.000000
   -0.000000    -0.000000     0.000000     0.000000     0.000000    -0.000000     1.000000    -0.000000    -0.000000     0.000000    -0.000000     0.000000     0.000000     0.000000     0.000000     0.000000

   -0.010690     0.279200   -22.360000    -9.810000    -0.000000     0.000000     0.000000     0.000000     0.000000    -0.000000     0.000000     0.000000    -0.000975     0.039370    -0.000000     0.019340
   -0.106900    -0.489000    56.170000    -0.000000     0.000000    -0.000000    -0.000000    -0.000000     0.000000    -0.000000     0.000000     0.000000     0.003600    -0.149400     0.000000    -0.055990
    0.015780    -0.046880    -0.952300     0.000000    -0.000706    -0.020000     0.015950     0.000000    -0.000000     0.000000    -0.000000     0.000000     0.000016    -0.010590     0.000304    -0.024500
   -0.000000    -0.000000     1.000000    -0.000000     0.000000    -0.000000    -0.000000    -0.000000    -0.000000     0.000000    -0.000000    -0.000000     0.000000     0.000000     0.000000     0.000000
   -0.000000    -0.000000    -0.000000    -0.000000    -0.053480    22.410000   -58.600000     9.810000    -0.000000     0.000000    -0.000000    -0.000000     0.000000    -0.000000    -0.000821    -0.000000
    0.000557    -0.001654    -0.033590    -0.000000    -0.821900   -25.590000    16.940000    -0.000000     0.000000    -0.000000     0.000000    -0.000000     0.000001    -0.000374     0.373800    -0.000864
   -0.000042     0.000126     0.002562    -0.000000    -0.002604    -0.747900    -0.420200    -0.000000     0.000000    -0.000000     0.000000    -0.000000    -0.000000     0.000028     0.006728     0.000066
   -0.000000    -0.000000     0.000000     0.000000     0.000000     1.000000     0.000000    -0.000000    -0.000000     0.000000    -0.000000    -0.000000     0.000000     0.000000     0.000000     0.000000
    1.000000     0.000000    -0.000000    21.710000    -0.000000     0.000000     0.000000     0.000000     0.000000    -0.000000     0.000000     0.000000    -0.000000    -0.000000    -0.000000    -0.000000
    0.000000    -0.000000     0.000000    -0.000000     1.000000    -0.000000    -0.000000   -21.710000    -0.000000     0.000000    -0.000000    64.500000     0.000000     0.000000     0.000000     0.000000
   -0.000000     1.000000    -0.000000   -64.500000     0.000000     0.000000     0.000000     0.000000     0.000000    -0.000000     0.000000     0.000000    -0.000000    -0.000000    -0.000000    -0.000000
   -0.000000    -0.000000     0.000000     0.000000     0.000000    -0.000000     1.000000    -0.000000    -0.000000     0.000000    -0.000000    -0.000000     0.000000     0.000000     0.000000     0.000000
