u  w  q  the  v  p  r  phi  x  y  z  psi  |  slat  flap  aileron  elevator
   -0.013890     0.280800   -30.010000    -9.810000    -0.000000    -0.000000     0.000000     0.000000     0.000000    -0.000000     0.000000     0.000000    -0.000952     0.037690    -0.000000     0.017630
   -0.109500    -0.357900    55.510000    -0.000000     0.000000    -0.000000    -0.000000    -0.000000     0.000000    -0.000000     0.000000     0.000000     0.002521    -0.102700     0.000000    -0.039840
    0.020830    -0.043710    -0.910000     0.000000    -0.000937    -0.022290     0.021440     0.000000    -0.000000     0.000000    -0.000000     0.000000    -0.000010    -0.008675     0.000323    -0.023090
   -0.000000    -0.000000     1.000000     0.000000     0.000000    -0.000000    -0.000000     0.000000    -0.000000     0.000000    -0.000000     0.000000     0.000000     0.000000     0.000000     0.000000
   -0.000000     0.000000    -0.000000    -0.000000    -0.036600    30.080000   -57.070000     9.810000    -0.000000     0.000000    -0.000000    -0.000000     0.000000    -0.000000    -0.001500    -0.000000
    0.000859    -0.001803    -0.037540    -0.000000    -0.923100   -23.980000    19.670000    -0.000000     0.000000    -0.000000     0.000000    -0.000000    -0.000000    -0.000358     0.330600    -0.000952
   -0.000052     0.000109     0.002278    -0.000000    -0.007337    -0.910400    -0.356000    -0.000000     0.000000    -0.000000     0.000000    -0.000000     0.000000     0.000022     0.007049     0.000058
   -0.000000    -0.000000     0.000000    -0.000000     0.000000     1.000000     0.000000     0.000000    -0.000000     0.000000    -0.000000     0.000000     0.000000     0.000000     0.000000     0.000000
    1.000000     0.000000    -0.000000    29.270000    -0.000000     0.000000     0.000000     0.000000     0.000000    -0.000000     0.000000     0.000000    -0.000000    -0.000000    -0.000000    -0.000000
    0.000000    -0.000000     0.000000    -0.000000     1.000000    -0.000000    -0.000000   -29.270000    -0.000000     0.000000    -0.000000    61.440000     0.000000     0.000000     0.000000     0.000000
   -0.000000     1.000000    -0.000000   -61.440000     0.000000     0.000000     0.000000     0.000000     0.000000    -0.000000     0.000000     0.000000    -0.000000    -0.000000    -0.000000    -0.000000
   -0.000000    -0.000000     0.000000     0.000000     0.000000    -0.000000     1.000000     0.000000    -0.000000     0.000000    -0.000000     0.000000     0.000000     0.000000     0.000000     0.000000

   -0.003475     0.173300   -22.870000    -9.810000    -0.000000    -0.000000     0.000000     0.000000     0.000000    -0.000000     0.000000     0.000000    -0.000884     0.037250     0.000000     0.018030
   -0.077640    -0.472900    93.850000    -0.000000     0.000000     0.000000     0.000000    -0.000000     0.000000    -0.000000     0.000000     0.000000     0.005410    -0.232700    -0.000000    -0.082280
    0.014190    -0.064000    -1.337000     0.000000    -0.001344    -0.046030     0.028030     0.000000    -0.000000     0.000000    -0.000000     0.000000    -0.000069    -0.023270     0.001090    -0.055990
   -0.000000    -0.000000     1.000000     0.000000     0.000000    -0.000000    -0.000000     0.000000    -0.000000     0.000000    -0.000000     0.000000     0.000000     0.000000     0.000000     0.000000
   -0.000000    -0.000000     0.000000    -0.000000    -0.051230    22.830000   -96.160000     9.810000    -0.000000     0.000000    -0.000000    -0.000000     0.000000    -0.000000     0.000602    -0.000000
    0.000723    -0.003260    -0.068120    -0.000000    -1.065000   -39.010000    20.470000    -0.000000     0.000000    -0.000000     0.000000    -0.000000    -0.000004    -0.001185     0.903900    -0.002853
   -0.000043     0.000193     0.004030    -0.000000     0.000408    -0.902800    -0.638500    -0.000000     0.000000    -0.000000     0.000000    -0.000000     0.000000     0.000070     0.014200     0.000169
   -0.000000    -0.000000     0.000000    -0.000000     0.000000     1.000000     0.000000     0.000000    -0.000000     0.000000    -0.000000     0.000000     0.000000     0.000000     0.000000     0.000000
    1.000000     0.000000    -0.000000    22.480000    -0.000000     0.000000     0.000000     0.000000     0.000000    -0.000000     0.000000     0.000000    -0.000000    -0.000000    -0.000000    -0.000000
    0.000000    -0.000000     0.000000    -0.000000     1.000000    -0.000000    -0.000000   -22.480000    -0.000000     0.000000    -0.000000   101.400000     0.000000     0.000000     0.000000     0.000000
   -0.000000     1.000000    -0.000000  -101.400000     0.000000     0.000000     0.000000     0.000000     0.000000    -0.000000     0.000000     0.000000    -0.000000    -0.000000    -0.000000    -0.000000
   -0.000000    -0.000000     0.000000     0.000000     0.000000    -0.000000     1.000000    -0.000000    -0.000000     0.000000    -0.000000     0.000000     0.000000     0.000000     0.000000     0.000000

   -0.000608     0.080100   -21.860000    -9.810000     0.000000     0.000000     0.000000     0.000000     0.000000    -0.000000     0.000000     0.000000    -0.000700     0.031700    -0.000000     0.017360
   -0.044460    -0.461700   199.600000    -0.000000    -0.000000     0.000000     0.000000    -0.000000     0.000000    -0.000000     0.000000     0.000000     0.010550    -0.479100    -0.000000    -0.156900
    0.009495    -0.090270    -1.861000     0.000000    -0.002594    -0.111500     0.049650     0.000000    -0.000000     0.000000    -0.000000     0.000000    -0.000366    -0.072800     0.005376    -0.160100
   -0.000000    -0.000000     1.000000     0.000000     0.000000    -0.000000    -0.000000    -0.000000    -0.000000     0.000000    -0.000000     0.000000     0.000000     0.000000     0.000000     0.000000
   -0.000000    -0.000000    -0.000000    -0.000000    -0.048070    21.740000  -202.000000     9.810000    -0.000000     0.000000    -0.000000    -0.000000     0.000000    -0.000000     0.004748    -0.000000
    0.000786    -0.007474    -0.154100    -0.000000    -1.315000   -60.110000    23.030000    -0.000000     0.000000    -0.000000     0.000000    -0.000000    -0.000030    -0.006027     2.870000    -0.013260
   -0.000043     0.000408     0.008417    -0.000000     0.007069    -0.991400    -0.912400    -0.000000     0.000000    -0.000000     0.000000    -0.000000     0.000002     0.000329     0.037770     0.000724
   -0.000000    -0.000000     0.000000     0.000000     0.000000     1.000000     0.000000     0.000000    -0.000000     0.000000    -0.000000     0.000000     0.000000     0.000000     0.000000     0.000000
    1.000000     0.000000    -0.000000    21.720000    -0.000000     0.000000     0.000000     0.000000     0.000000    -0.000000     0.000000     0.000000    -0.000000    -0.000000    -0.000000    -0.000000
    0.000000    -0.000000     0.000000    -0.000000     1.000000    -0.000000    -0.000000   -21.720000    -0.000000     0.000000    -0.000000   206.500000     0.000000     0.000000     0.000000     0.000000
   -0.000000     1.000000    -0.000000  -206.500000     0.000000     0.000000     0.000000     0.000000     0.000000    -0.000000     0.000000     0.000000    -0.000000    -0.000000    -0.000000    -0.000000
   -0.000000    -0.000000     0.000000     0.000000     0.000000    -0.000000     1.000000     0.000000    -0.000000     0.000000    -0.000000     0.000000     0.000000     0.000000     0.000000     0.000000

   -0.000322     0.077050   -15.340000    -9.810000     0.000000     0.000000     0.000000     0.000000     0.000000    -0.000000     0.000000     0.000000    -0.000625     0.028500    -0.000000     0.016660
   -0.047270    -0.613600   197.900000    -0.000000    -0.000000     0.000000    -0.000000    -0.000000     0.000000    -0.000000     0.000000     0.000000     0.014040    -0.640500    -0.000000    -0.207900
    0.006573    -0.089470    -1.849000     0.000000    -0.002443    -0.112400     0.045320     0.000000    -0.000000     0.000000    -0.000000     0.000000    -0.000369    -0.073110     0.005429    -0.159200
   -0.000000    -0.000000     1.000000     0.000000     0.000000    -0.000000    -0.000000     0.000000    -0.000000     0.000000    -0.000000     0.000000     0.000000     0.000000     0.000000     0.000000
    0.000000    -0.000000    -0.000000    -0.000000    -0.064870    15.130000  -201.100000     9.810000    -0.000000     0.000000    -0.000000    -0.000000     0.000000    -0.000000     0.007450    -0.000000
    0.000544    -0.007408    -0.153100    -0.000000    -1.231000   -60.320000    20.720000    -0.000000     0.000000    -0.000000     0.000000    -0.000000    -0.000031    -0.006054     2.894000    -0.013180
   -0.000030     0.000405     0.008362    -0.000000     0.009637    -0.893000    -0.941900    -0.000000     0.000000    -0.000000     0.000000    -0.000000     0.000002     0.000331     0.036550     0.000720
   -0.000000    -0.000000     0.000000     0.000000     0.000000     1.000000     0.000000     0.000000    -0.000000     0.000000    -0.000000     0.000000     0.000000     0.000000     0.000000     0.000000
    1.000000     0.000000    -0.000000    15.210000    -0.000000     0.000000     0.000000     0.000000     0.000000    -0.000000     0.000000     0.000000    -0.000000    -0.000000    -0.000000    -0.000000
    0.000000    -0.000000     0.000000    -0.000000     1.000000    -0.000000    -0.000000   -15.210000    -0.000000     0.000000    -0.000000   207.100000     0.000000     0.000000     0.000000     0.000000
   -0.000000     1.000000    -0.000000  -207.100000     0.000000     0.000000     0.000000     0.000000     0.000000    -0.000000     0.000000     0.000000    -0.000000    -0.000000    -0.000000    -0.000000
   -0.000000    -0.000000     0.000000     0.000000     0.000000    -0.000000     1.000000     0.000000    -0.000000     0.000000    -0.000000     0.000000     0.000000     0.000000     0.000000     0.000000

   -0.002144     0.169500   -16.630000    -9.810000     0.000000    -0.000000    -0.000000     0.000000     0.000000    -0.000000     0.000000     0.000000    -0.000847     0.036000     0.000000     0.017750
   -0.079790    -0.628100    92.530000    -0.000000    -0.000000     0.000000    -0.000000    -0.000000     0.000000    -0.000000     0.000000     0.000000     0.007252    -0.314600    -0.000000    -0.109400
    0.010030    -0.063280    -1.329000     0.000000    -0.001232    -0.047130     0.024740     0.000000    -0.000000     0.000000    -0.000000     0.000000    -0.000072    -0.023750     0.001126    -0.056100
   -0.000000    -0.000000     1.000000     0.000000     0.000000    -0.000000    -0.000000     0.000000    -0.000000     0.000000    -0.000000     0.000000     0.000000     0.000000     0.000000     0.000000
   -0.000000    -0.000000     0.000000    -0.000000    -0.070190    16.480000   -95.680000     9.810000    -0.000000     0.000000    -0.000000    -0.000000    -0.000000     0.000000     0.002032    -0.000000
    0.000511    -0.003224    -0.067710    -0.000000    -0.967100   -39.520000    17.750000    -0.000000     0.000000    -0.000000     0.000000    -0.000000    -0.000004    -0.001210     0.930400    -0.002858
   -0.000030     0.000191     0.004006    -0.000000     0.003815    -0.772900    -0.679600    -0.000000     0.000000    -0.000000     0.000000    -0.000000     0.000000     0.000072     0.013470     0.000169
   -0.000000    -0.000000     0.000000    -0.000000     0.000000     1.000000     0.000000     0.000000    -0.000000     0.000000    -0.000000     0.000000     0.000000     0.000000     0.000000     0.000000
    1.000000     0.000000    -0.000000    16.250000    -0.000000     0.000000     0.000000     0.000000     0.000000    -0.000000     0.000000     0.000000    -0.000000    -0.000000    -0.000000    -0.000000
    0.000000    -0.000000     0.000000    -0.000000     1.000000    -0.000000    -0.000000   -16.250000    -0.000000     0.000000    -0.000000   102.600000     0.000000     0.000000     0.000000     0.000000
   -0.000000     1.000000    -0.000000  -102.600000     0.000000     0.000000     0.000000     0.000000     0.000000    -0.000000     0.000000     0.000000    -0.000000    -0.000000    -0.000000    -0.000000
   -0.000000    -0.000000     0.000000     0.000000     0.000000    -0.000000     1.000000    -0.000000    -0.000000     0.000000    -0.000000     0.000000     0.000000     0.000000     0.000000     0.000000

   -0.008738     0.274200   -21.970000    -9.810000    -0.000000    -0.000000     0.000000     0.000000     0.000000    -0.000000     0.000000     0.000000    -0.000955     0.038590    -0.000000     0.018030
   -0.110100    -0.490400    56.480000    -0.000000     0.000000    -0.000000    -0.000000    -0.000000     0.000000    -0.000000     0.000000     0.000000     0.003615    -0.150100     0.000000    -0.056110
    0.014390    -0.043780    -0.920600     0.000000    -0.000834    -0.024170     0.018240     0.000000    -0.000000     0.000000    -0.000000     0.000000    -0.000014    -0.009546     0.000366    -0.024440
   -0.000000    -0.000000     1.000000     0.000000     0.000000    -0.000000    -0.000000     0.000000    -0.000000     0.000000    -0.000000     0.000000     0.000000     0.000000     0.000000     0.000000
   -0.000000    -0.000000     0.000000    -0.000000    -0.053950    21.930000   -58.760000     9.810000    -0.000000     0.000000    -0.000000    -0.000000     0.000000    -0.000000    -0.000757    -0.000000
    0.000593    -0.001806    -0.037980    -0.000000    -0.811200   -25.340000    16.420000    -0.000000     0.000000    -0.000000     0.000000    -0.000000    -0.000001    -0.000394     0.371100    -0.001008
   -0.000036     0.000110     0.002304    -0.000000    -0.002779    -0.743900    -0.418800    -0.000000     0.000000    -0.000000     0.000000    -0.000000     0.000000     0.000024     0.006764     0.000061
   -0.000000    -0.000000     0.000000     0.000000     0.000000     1.000000     0.000000     0.000000    -0.000000     0.000000    -0.000000     0.000000     0.000000     0.000000     0.000000     0.000000
    1.000000     0.000000    -0.000000    21.250000    -0.000000     0.000000     0.000000     0.000000     0.000000    -0.000000     0.000000     0.000000    -0.000000    -0.000000    -0.000000    -0.000000
    0.000000    -0.000000     0.000000    -0.000000     1.000000    -0.000000    -0.000000   -21.250000    -0.000000     0.000000    -0.000000    64.660000     0.000000     0.000000     0.000000     0.000000
   -0.000000     1.000000    -0.000000   -64.660000     0.000000     0.000000     0.000000     0.000000     0.000000    -0.000000     0.000000     0.000000    -0.000000    -0.000000    -0.000000    -0.000000
   -0.000000    -0.000000     0.000000     0.000000     0.000000    -0.000000     1.000000     0.000000    -0.000000     0.000000    -0.000000     0.000000     0.000000     0.000000     0.000000     0.000000
