u  w  q  the  v  p  r  phi  x  y  z  psi  |  slat  flap  aileron  elevator
   -0.013850     0.280700   -30.000000    -9.810000    -0.000000     0.000000     0.000000     0.000000     0.000000    -0.000000     0.000000     0.000000    -0.000951     0.037680    -0.000000     0.017620
   -0.109600    -0.357900    55.520000    -0.000000     0.000000    -0.000000    -0.000000    -0.000000     0.000000    -0.000000     0.000000     0.000000     0.002522    -0.102700     0.000000    -0.039840
    0.020790    -0.043650    -0.909200     0.000000    -0.001095    -0.026510     0.024710     0.000000    -0.000000     0.000000    -0.000000     0.000000    -0.000011    -0.008658     0.000380    -0.023070
   -0.000000    -0.000000     1.000000     0.000000     0.000000    -0.000000    -0.000000     0.000000    -0.000000     0.000000    -0.000000     0.000000     0.000000     0.000000     0.000000     0.000000
   -0.000000    -0.000000     0.000000    -0.000000    -0.036600    30.070000   -57.080000     9.810000    -0.000000     0.000000    -0.000000    -0.000000     0.000000    -0.000000    -0.001500    -0.000000
    0.001005    -0.002110    -0.043940    -0.000000    -0.932900   -24.240000    19.880000    -0.000000     0.000000    -0.000000     0.000000    -0.000000    -0.000001    -0.000418     0.334200    -0.001115
   -0.000047     0.000098     0.002046    -0.000000    -0.007459    -0.913200    -0.353300    -0.000000     0.000000    -0.000000     0.000000    -0.000000     0.000000     0.000019     0.007091     0.000052
   -0.000000    -0.000000     0.000000     0.000000     0.000000     1.000000     0.000000     0.000000    -0.000000     0.000000    -0.000000     0.000000     0.000000     0.000000     0.000000     0.000000
    1.000000     0.000000    -0.000000    29.260000    -0.000000     0.000000     0.000000     0.000000     0.000000    -0.000000     0.000000     0.000000    -0.000000    -0.000000    -0.000000    -0.000000
    0.000000    -0.000000     0.000000    -0.000000     1.000000    -0.000000    -0.000000   -29.260000    -0.000000     0.000000    -0.000000    61.450000     0.000000     0.000000     0.000000     0.000000
   -0.000000     1.000000    -0.000000   -61.450000     0.000000     0.000000     0.000000     0.000000     0.000000    -0.000000     0.000000     0.000000    -0.000000    -0.000000    -0.000000    -0.000000
   -0.000000    -0.000000     0.000000     0.000000     0.000000    -0.000000     1.000000     0.000000    -0.000000     0.000000    -0.000000     0.000000     0.000000     0.000000     0.000000     0.000000

   -0.003463     0.173300   -22.870000    -9.810000     0.000000    -0.000000    -0.000000     0.000000     0.000000    -0.000000     0.000000     0.000000    -0.000884     0.037240     0.000000     0.018010
   -0.077670    -0.472900    93.850000    -0.000000     0.000000     0.000000     0.000000    -0.000000     0.000000    -0.000000     0.000000     0.000000     0.005410    -0.232700    -0.000000    -0.082280
    0.014160    -0.063890    -1.336000     0.000000    -0.001567    -0.054380     0.032190     0.000000    -0.000000     0.000000    -0.000000     0.000000    -0.000070    -0.023220     0.001282    -0.055960
   -0.000000    -0.000000     1.000000     0.000000     0.000000    -0.000000    -0.000000     0.000000    -0.000000     0.000000    -0.000000     0.000000     0.000000     0.000000     0.000000     0.000000
   -0.000000    -0.000000    -0.000000    -0.000000    -0.051240    22.820000   -96.160000     9.810000    -0.000000     0.000000    -0.000000    -0.000000    -0.000000    -0.000000     0.000603    -0.000000
    0.000847    -0.003823    -0.079910    -0.000000    -1.079000   -39.520000    20.740000    -0.000000     0.000000    -0.000000     0.000000    -0.000000    -0.000004    -0.001389     0.915800    -0.003348
   -0.000038     0.000173     0.003613    -0.000000     0.000232    -0.908900    -0.634900    -0.000000     0.000000    -0.000000     0.000000    -0.000000     0.000000     0.000063     0.014340     0.000151
   -0.000000    -0.000000     0.000000    -0.000000     0.000000     1.000000     0.000000     0.000000    -0.000000     0.000000    -0.000000     0.000000     0.000000     0.000000     0.000000     0.000000
    1.000000     0.000000    -0.000000    22.480000    -0.000000     0.000000     0.000000     0.000000     0.000000    -0.000000     0.000000     0.000000    -0.000000    -0.000000    -0.000000    -0.000000
    0.000000    -0.000000     0.000000    -0.000000     1.000000    -0.000000    -0.000000   -22.480000    -0.000000     0.000000    -0.000000   101.400000     0.000000     0.000000     0.000000     0.000000
   -0.000000     1.000000    -0.000000  -101.400000     0.000000     0.000000     0.000000     0.000000     0.000000    -0.000000     0.000000     0.000000    -0.000000    -0.000000    -0.000000    -0.000000
   -0.000000    -0.000000     0.000000    -0.000000     0.000000    -0.000000     1.000000    -0.000000    -0.000000     0.000000    -0.000000     0.000000     0.000000     0.000000     0.000000     0.000000

   -0.000605     0.080080   -21.850000    -9.810000     0.000000    -0.000000     0.000000     0.000000     0.000000    -0.000000     0.000000     0.000000    -0.000700     0.031690    -0.000000     0.017340
   -0.044470    -0.461700   199.600000    -0.000000    -0.000000     0.000000    -0.000000    -0.000000     0.000000    -0.000000     0.000000     0.000000     0.010550    -0.479100    -0.000000    -0.156900
    0.009474    -0.090100    -1.858000     0.000000    -0.003041    -0.132300     0.057220     0.000000    -0.000000     0.000000    -0.000000     0.000000    -0.000369    -0.072630     0.006366    -0.160000
   -0.000000    -0.000000     1.000000     0.000000     0.000000    -0.000000    -0.000000     0.000000    -0.000000     0.000000    -0.000000     0.000000     0.000000     0.000000     0.000000     0.000000
    0.000000    -0.000000    -0.000000    -0.000000    -0.048070    21.740000  -202.000000     9.810000    -0.000000     0.000000    -0.000000    -0.000000     0.000000    -0.000000     0.004749    -0.000000
    0.000929    -0.008834    -0.182200    -0.000000    -1.344000   -61.410000    23.520000    -0.000000     0.000000    -0.000000     0.000000    -0.000000    -0.000036    -0.007121     2.932000    -0.015690
   -0.000038     0.000363     0.007495    -0.000000     0.006715    -1.007000    -0.906100    -0.000000     0.000000    -0.000000     0.000000    -0.000000     0.000001     0.000293     0.038510     0.000645
   -0.000000    -0.000000     0.000000    -0.000000     0.000000     1.000000     0.000000     0.000000    -0.000000     0.000000    -0.000000     0.000000     0.000000     0.000000     0.000000     0.000000
    1.000000     0.000000    -0.000000    21.710000    -0.000000     0.000000     0.000000     0.000000     0.000000    -0.000000     0.000000     0.000000    -0.000000    -0.000000    -0.000000    -0.000000
    0.000000    -0.000000     0.000000    -0.000000     1.000000    -0.000000    -0.000000   -21.710000    -0.000000     0.000000    -0.000000   206.500000     0.000000     0.000000     0.000000     0.000000
   -0.000000     1.000000    -0.000000  -206.500000     0.000000     0.000000     0.000000     0.000000     0.000000    -0.000000     0.000000     0.000000    -0.000000    -0.000000    -0.000000    -0.000000
   -0.000000    -0.000000     0.000000     0.000000     0.000000    -0.000000     1.000000     0.000000    -0.000000     0.000000    -0.000000     0.000000     0.000000     0.000000     0.000000     0.000000

   -0.000320     0.077030   -15.340000    -9.810000     0.000000     0.000000     0.000000     0.000000     0.000000    -0.000000     0.000000     0.000000    -0.000625     0.028490    -0.000000     0.016640
   -0.047290    -0.613600   197.900000    -0.000000    -0.000000     0.000000     0.000000    -0.000000     0.000000    -0.000000     0.000000     0.000000     0.014040    -0.640500    -0.000000    -0.207900
    0.006558    -0.089300    -1.846000     0.000000    -0.002860    -0.133300     0.052090     0.000000    -0.000000     0.000000    -0.000000     0.000000    -0.000372    -0.072950     0.006427    -0.159100
   -0.000000    -0.000000     1.000000     0.000000     0.000000    -0.000000    -0.000000     0.000000    -0.000000     0.000000    -0.000000     0.000000     0.000000     0.000000     0.000000     0.000000
    0.000000    -0.000000    -0.000000    -0.000000    -0.064870    15.130000  -201.100000     9.810000    -0.000000     0.000000    -0.000000    -0.000000     0.000000    -0.000000     0.007450    -0.000000
    0.000643    -0.008755    -0.181000    -0.000000    -1.257000   -61.620000    21.160000    -0.000000     0.000000    -0.000000     0.000000    -0.000000    -0.000036    -0.007152     2.957000    -0.015590
   -0.000026     0.000360     0.007447    -0.000000     0.009304    -0.908600    -0.936100    -0.000000     0.000000    -0.000000     0.000000    -0.000000     0.000001     0.000294     0.037300     0.000642
   -0.000000    -0.000000     0.000000     0.000000     0.000000     1.000000     0.000000     0.000000    -0.000000     0.000000    -0.000000     0.000000     0.000000     0.000000     0.000000     0.000000
    1.000000     0.000000    -0.000000    15.210000    -0.000000     0.000000     0.000000     0.000000     0.000000    -0.000000     0.000000     0.000000    -0.000000    -0.000000    -0.000000    -0.000000
    0.000000    -0.000000     0.000000    -0.000000     1.000000    -0.000000    -0.000000   -15.210000    -0.000000     0.000000    -0.000000   207.100000     0.000000     0.000000     0.000000     0.000000
   -0.000000     1.000000    -0.000000  -207.100000     0.000000     0.000000     0.000000     0.000000     0.000000    -0.000000     0.000000     0.000000    -0.000000    -0.000000    -0.000000    -0.000000
   -0.000000    -0.000000     0.000000     0.000000     0.000000    -0.000000     1.000000     0.000000    -0.000000     0.000000    -0.000000     0.000000     0.000000     0.000000     0.000000     0.000000

   -0.002135     0.169500   -16.620000    -9.810000     0.000000     0.000000    -0.000000     0.000000     0.000000    -0.000000     0.000000     0.000000    -0.000846     0.035990     0.000000     0.017730
   -0.079820    -0.628100    92.530000    -0.000000     0.000000     0.000000     0.000000    -0.000000     0.000000    -0.000000     0.000000     0.000000     0.007252    -0.314600    -0.000000    -0.109400
    0.010010    -0.063180    -1.328000     0.000000    -0.001434    -0.055570     0.028320     0.000000    -0.000000     0.000000    -0.000000     0.000000    -0.000073    -0.023700     0.001324    -0.056070
   -0.000000    -0.000000     1.000000     0.000000     0.000000    -0.000000    -0.000000     0.000000    -0.000000     0.000000    -0.000000     0.000000     0.000000     0.000000     0.000000     0.000000
    0.000000    -0.000000    -0.000000    -0.000000    -0.070190    16.470000   -95.680000     9.810000    -0.000000     0.000000    -0.000000    -0.000000    -0.000000    -0.000000     0.002032    -0.000000
    0.000599    -0.003780    -0.079440    -0.000000    -0.979700   -40.040000    17.980000    -0.000000     0.000000    -0.000000     0.000000    -0.000000    -0.000004    -0.001418     0.942600    -0.003354
   -0.000027     0.000171     0.003592    -0.000000     0.003653    -0.779100    -0.676500    -0.000000     0.000000    -0.000000     0.000000    -0.000000     0.000000     0.000064     0.013610     0.000152
   -0.000000    -0.000000     0.000000    -0.000000     0.000000     1.000000     0.000000     0.000000    -0.000000     0.000000    -0.000000     0.000000     0.000000     0.000000     0.000000     0.000000
    1.000000     0.000000    -0.000000    16.240000    -0.000000     0.000000     0.000000     0.000000     0.000000    -0.000000     0.000000     0.000000    -0.000000    -0.000000    -0.000000    -0.000000
    0.000000    -0.000000     0.000000    -0.000000     1.000000    -0.000000    -0.000000   -16.240000    -0.000000     0.000000    -0.000000   102.600000     0.000000     0.000000     0.000000     0.000000
   -0.000000     1.000000    -0.000000  -102.600000     0.000000     0.000000     0.000000     0.000000     0.000000    -0.000000     0.000000     0.000000    -0.000000    -0.000000    -0.000000    -0.000000
   -0.000000    -0.000000     0.000000     0.000000     0.000000    -0.000000     1.000000     0.000000    -0.000000     0.000000    -0.000000     0.000000     0.000000     0.000000     0.000000     0.000000

   -0.008712     0.274200   -21.960000    -9.810000    -0.000000    -0.000000     0.000000     0.000000     0.000000    -0.000000     0.000000     0.000000    -0.000954     0.038580    -0.000000     0.018010
   -0.110100    -0.490400    56.490000    -0.000000     0.000000    -0.000000    -0.000000    -0.000000     0.000000    -0.000000     0.000000     0.000000     0.003616    -0.150100     0.000000    -0.056110
    0.014360    -0.043710    -0.919700     0.000000    -0.000972    -0.028600     0.020950     0.000000    -0.000000     0.000000    -0.000000     0.000000    -0.000015    -0.009526     0.000430    -0.024430
   -0.000000    -0.000000     1.000000     0.000000     0.000000    -0.000000    -0.000000     0.000000    -0.000000     0.000000    -0.000000     0.000000     0.000000     0.000000     0.000000     0.000000
   -0.000000    -0.000000     0.000000    -0.000000    -0.053960    21.920000   -58.760000     9.810000    -0.000000     0.000000    -0.000000    -0.000000     0.000000    -0.000000    -0.000756    -0.000000
    0.000694    -0.002112    -0.044450    -0.000000    -0.819800   -25.610000    16.590000    -0.000000     0.000000    -0.000000     0.000000    -0.000000    -0.000001    -0.000460     0.375000    -0.001180
   -0.000032     0.000098     0.002070    -0.000000    -0.002888    -0.747000    -0.416500    -0.000000     0.000000    -0.000000     0.000000    -0.000000     0.000000     0.000021     0.006811     0.000055
   -0.000000    -0.000000     0.000000    -0.000000     0.000000     1.000000     0.000000     0.000000    -0.000000     0.000000    -0.000000     0.000000     0.000000     0.000000     0.000000     0.000000
    1.000000     0.000000    -0.000000    21.240000    -0.000000     0.000000     0.000000     0.000000     0.000000    -0.000000     0.000000     0.000000    -0.000000    -0.000000    -0.000000    -0.000000
    0.000000    -0.000000     0.000000    -0.000000     1.000000    -0.000000    -0.000000   -21.240000    -0.000000     0.000000    -0.000000    64.660000     0.000000     0.000000     0.000000     0.000000
   -0.000000     1.000000    -0.000000   -64.660000     0.000000     0.000000     0.000000     0.000000     0.000000    -0.000000     0.000000     0.000000    -0.000000    -0.000000    -0.000000    -0.000000
   -0.000000    -0.000000     0.000000    -0.000000     0.000000    -0.000000     1.000000    -0.000000    -0.000000     0.000000    -0.000000     0.000000     0.000000     0.000000     0.000000     0.000000
