u  w  q  the  v  p  r  phi  x  y  z  psi  |  slat  flap  aileron  elevator
   -0.023710     0.297300   -31.780000    -9.810000    -0.000000     0.000000     0.000000     0.000000     0.000000    -0.000000     0.000000     0.000000    -0.001008     0.039700    -0.000000     0.021290
   -0.099600    -0.351300    54.190000    -0.000000     0.000000    -0.000000    -0.000000    -0.000000     0.000000    -0.000000     0.000000     0.000000     0.002445    -0.099170     0.000000    -0.039010
    0.025980    -0.050180    -0.971900     0.000000    -0.001028    -0.024420     0.024400     0.000000    -0.000000     0.000000    -0.000000     0.000000     0.000068    -0.010870     0.000344    -0.022120
   -0.000000    -0.000000     1.000000     0.000000     0.000000    -0.000000    -0.000000     0.000000    -0.000000     0.000000    -0.000000     0.000000     0.000000     0.000000     0.000000     0.000000
   -0.000000    -0.000000     0.000000    -0.000000    -0.034990    32.170000   -56.070000     9.810000    -0.000000     0.000000    -0.000000    -0.000000     0.000000    -0.000000    -0.001687    -0.000000
    0.001290    -0.002491    -0.048250    -0.000000    -0.907200   -23.090000    20.470000    -0.000000     0.000000    -0.000000     0.000000    -0.000000     0.000003    -0.000540     0.312900    -0.001098
   -0.000051     0.000099     0.001915    -0.000000    -0.006014    -0.879300    -0.359600    -0.000000     0.000000    -0.000000     0.000000    -0.000000    -0.000000     0.000021     0.006400     0.000044
   -0.000000    -0.000000     0.000000    -0.000000     0.000000     1.000000     0.000000     0.000000    -0.000000     0.000000    -0.000000     0.000000     0.000000     0.000000     0.000000     0.000000
    1.000000     0.000000    -0.000000    31.290000    -0.000000     0.000000     0.000000     0.000000     0.000000    -0.000000     0.000000     0.000000    -0.000000    -0.000000    -0.000000    -0.000000
    0.000000    -0.000000     0.000000    -0.000000     1.000000    -0.000000    -0.000000   -31.290000    -0.000000     0.000000    -0.000000    60.440000     0.000000     0.000000     0.000000     0.000000
   -0.000000     1.000000    -0.000000   -60.440000     0.000000     0.000000     0.000000     0.000000     0.000000    -0.000000     0.000000     0.000000    -0.000000    -0.000000    -0.000000    -0.000000
   -0.000000    -0.000000     0.000000     0.000000     0.000000    -0.000000     1.000000    -0.000000    -0.000000     0.000000    -0.000000     0.000000     0.000000     0.000000     0.000000     0.000000

   -0.006568     0.183400   -24.280000    -9.810000    -0.000000    -0.000000     0.000000     0.000000     0.000000    -0.000000     0.000000     0.000000    -0.000950     0.039900    -0.000000     0.022600
   -0.070850    -0.470500    92.970000    -0.000000     0.000000     0.000000    -0.000000    -0.000000     0.000000    -0.000000     0.000000     0.000000     0.005375    -0.230900    -0.000000    -0.082180
    0.017730    -0.074500    -1.415000     0.000000    -0.001436    -0.049610     0.031010     0.000000    -0.000000     0.000000    -0.000000     0.000000     0.000139    -0.029450     0.001165    -0.053540
   -0.000000    -0.000000     1.000000     0.000000     0.000000    -0.000000    -0.000000     0.000000    -0.000000     0.000000    -0.000000     0.000000     0.000000     0.000000     0.000000     0.000000
    0.000000    -0.000000    -0.000000    -0.000000    -0.050290    24.430000   -95.760000     9.810000    -0.000000     0.000000    -0.000000    -0.000000     0.000000    -0.000000     0.000402    -0.000000
    0.001083    -0.004549    -0.086410    -0.000000    -1.044000   -37.940000    21.310000    -0.000000     0.000000    -0.000000     0.000000    -0.000000     0.000008    -0.001798     0.876100    -0.003270
   -0.000041     0.000173     0.003294    -0.000000     0.001888    -0.832600    -0.624900    -0.000000     0.000000    -0.000000     0.000000    -0.000000    -0.000000     0.000069     0.012540     0.000125
   -0.000000    -0.000000     0.000000    -0.000000     0.000000     1.000000     0.000000     0.000000    -0.000000     0.000000    -0.000000     0.000000     0.000000     0.000000     0.000000     0.000000
    1.000000     0.000000    -0.000000    24.040000    -0.000000     0.000000     0.000000     0.000000     0.000000    -0.000000     0.000000     0.000000    -0.000000    -0.000000    -0.000000    -0.000000
    0.000000    -0.000000     0.000000    -0.000000     1.000000    -0.000000    -0.000000   -24.040000    -0.000000     0.000000    -0.000000   101.000000     0.000000     0.000000     0.000000     0.000000
   -0.000000     1.000000    -0.000000  -101.000000     0.000000     0.000000     0.000000     0.000000     0.000000    -0.000000     0.000000     0.000000    -0.000000    -0.000000    -0.000000    -0.000000
   -0.000000    -0.000000     0.000000     0.000000     0.000000    -0.000000     1.000000     0.000000    -0.000000     0.000000    -0.000000     0.000000     0.000000     0.000000     0.000000     0.000000

   -0.001409     0.085030   -23.400000    -9.810000     0.000000     0.000000    -0.000000     0.000000     0.000000    -0.000000     0.000000     0.000000    -0.000762     0.034420    -0.000000     0.022520
   -0.040950    -0.460900   198.900000    -0.000000    -0.000000     0.000000     0.000000    -0.000000     0.000000    -0.000000     0.000000     0.000000     0.010530    -0.478100    -0.000000    -0.157200
    0.011420    -0.101000    -1.872000     0.000000    -0.002580    -0.112300     0.051160     0.000000    -0.000000     0.000000    -0.000000     0.000000     0.000250    -0.087400     0.005393    -0.145100
   -0.000000    -0.000000     1.000000     0.000000     0.000000    -0.000000    -0.000000     0.000000    -0.000000     0.000000    -0.000000     0.000000     0.000000     0.000000     0.000000     0.000000
   -0.000000     0.000000    -0.000000    -0.000000    -0.047610    23.380000  -201.700000     9.810000    -0.000000     0.000000    -0.000000    -0.000000     0.000000    -0.000000     0.004572    -0.000000
    0.001119    -0.009896    -0.183400    -0.000000    -1.272000   -57.860000    23.790000    -0.000000     0.000000    -0.000000     0.000000    -0.000000     0.000024    -0.008565     2.760000    -0.014220
   -0.000038     0.000333     0.006181    -0.000000     0.008492    -0.833500    -0.846200    -0.000000     0.000000    -0.000000     0.000000    -0.000000    -0.000001     0.000289     0.030770     0.000479
   -0.000000    -0.000000     0.000000     0.000000     0.000000     1.000000     0.000000     0.000000    -0.000000     0.000000    -0.000000     0.000000     0.000000     0.000000     0.000000     0.000000
    1.000000     0.000000    -0.000000    23.330000    -0.000000     0.000000     0.000000     0.000000     0.000000    -0.000000     0.000000     0.000000    -0.000000    -0.000000    -0.000000    -0.000000
    0.000000    -0.000000     0.000000    -0.000000     1.000000    -0.000000    -0.000000   -23.330000    -0.000000     0.000000    -0.000000   206.300000     0.000000     0.000000     0.000000     0.000000
   -0.000000     1.000000    -0.000000  -206.300000     0.000000     0.000000     0.000000     0.000000     0.000000    -0.000000     0.000000     0.000000    -0.000000    -0.000000    -0.000000    -0.000000
   -0.000000    -0.000000     0.000000     0.000000     0.000000    -0.000000     1.000000     0.000000    -0.000000     0.000000    -0.000000     0.000000     0.000000     0.000000     0.000000     0.000000

   -0.000892     0.081960   -16.480000    -9.810000     0.000000     0.000000    -0.000000     0.000000     0.000000    -0.000000     0.000000     0.000000    -0.000687     0.031250    -0.000000     0.021890
   -0.043760    -0.612900   197.100000    -0.000000    -0.000000     0.000000     0.000000    -0.000000     0.000000    -0.000000     0.000000     0.000000     0.014030    -0.639800    -0.000000    -0.208200
    0.007968    -0.100500    -1.859000     0.000000    -0.002425    -0.113100     0.046580     0.000000    -0.000000     0.000000    -0.000000     0.000000     0.000251    -0.087920     0.005450    -0.144200
   -0.000000    -0.000000     1.000000     0.000000     0.000000    -0.000000    -0.000000     0.000000    -0.000000     0.000000    -0.000000     0.000000     0.000000     0.000000     0.000000     0.000000
    0.000000    -0.000000    -0.000000    -0.000000    -0.064410    16.360000  -200.900000     9.810000    -0.000000     0.000000    -0.000000    -0.000000     0.000000    -0.000000     0.007276    -0.000000
    0.000781    -0.009844    -0.182200    -0.000000    -1.189000   -58.090000    21.450000    -0.000000     0.000000    -0.000000     0.000000    -0.000000     0.000025    -0.008615     2.786000    -0.014130
   -0.000026     0.000332     0.006140    -0.000000     0.010810    -0.741500    -0.872400    -0.000000     0.000000    -0.000000     0.000000    -0.000000    -0.000001     0.000290     0.029650     0.000476
   -0.000000    -0.000000     0.000000     0.000000     0.000000     1.000000     0.000000     0.000000    -0.000000     0.000000    -0.000000     0.000000     0.000000     0.000000     0.000000     0.000000
    1.000000     0.000000    -0.000000    16.420000    -0.000000     0.000000     0.000000     0.000000     0.000000    -0.000000     0.000000     0.000000    -0.000000    -0.000000    -0.000000    -0.000000
    0.000000    -0.000000     0.000000    -0.000000     1.000000    -0.000000    -0.000000   -16.420000    -0.000000     0.000000    -0.000000   207.000000     0.000000     0.000000     0.000000     0.000000
   -0.000000     1.000000    -0.000000  -207.000000     0.000000     0.000000     0.000000     0.000000     0.000000    -0.000000     0.000000     0.000000    -0.000000    -0.000000    -0.000000    -0.000000
   -0.000000    -0.000000     0.000000     0.000000     0.000000    -0.000000     1.000000     0.000000    -0.000000     0.000000    -0.000000     0.000000     0.000000     0.000000     0.000000     0.000000

   -0.004379     0.179500   -17.640000    -9.810000    -0.000000     0.000000    -0.000000     0.000000     0.000000    -0.000000     0.000000     0.000000    -0.000913     0.038750     0.000000     0.022470
   -0.073020    -0.626300    91.640000    -0.000000     0.000000     0.000000     0.000000    -0.000000     0.000000    -0.000000     0.000000     0.000000     0.007228    -0.313300    -0.000000    -0.109400
    0.012620    -0.074230    -1.407000     0.000000    -0.001313    -0.050770     0.027290     0.000000    -0.000000     0.000000    -0.000000     0.000000     0.000140    -0.030200     0.001207    -0.053690
   -0.000000    -0.000000     1.000000    -0.000000     0.000000    -0.000000    -0.000000    -0.000000    -0.000000     0.000000    -0.000000    -0.000000     0.000000     0.000000     0.000000     0.000000
   -0.000000    -0.000000     0.000000    -0.000000    -0.069280    17.670000   -95.420000     9.810000    -0.000000     0.000000    -0.000000    -0.000000    -0.000000    -0.000000     0.001835    -0.000000
    0.000771    -0.004533    -0.085950    -0.000000    -0.947300   -38.520000    18.520000    -0.000000     0.000000    -0.000000     0.000000    -0.000000     0.000009    -0.001844     0.905200    -0.003279
   -0.000029     0.000173     0.003276    -0.000000     0.005137    -0.704100    -0.663500    -0.000000     0.000000    -0.000000     0.000000    -0.000000    -0.000000     0.000070     0.011840     0.000125
   -0.000000    -0.000000     0.000000     0.000000     0.000000     1.000000     0.000000    -0.000000    -0.000000     0.000000    -0.000000    -0.000000     0.000000     0.000000     0.000000     0.000000
    1.000000     0.000000    -0.000000    17.400000    -0.000000     0.000000     0.000000     0.000000     0.000000    -0.000000     0.000000     0.000000    -0.000000    -0.000000    -0.000000    -0.000000
    0.000000    -0.000000     0.000000    -0.000000     1.000000    -0.000000    -0.000000   -17.400000    -0.000000     0.000000    -0.000000   102.400000     0.000000     0.000000     0.000000     0.000000
   -0.000000     1.000000    -0.000000  -102.400000     0.000000     0.000000     0.000000     0.000000     0.000000    -0.000000     0.000000     0.000000    -0.000000    -0.000000    -0.000000    -0.000000
   -0.000000    -0.000000     0.000000     0.000000     0.000000    -0.000000     1.000000    -0.000000    -0.000000     0.000000    -0.000000    -0.000000     0.000000     0.000000     0.000000     0.000000

   -0.015470     0.290000   -23.190000    -9.810000    -0.000000     0.000000     0.000000     0.000000     0.000000    -0.000000     0.000000     0.000000    -0.001019     0.041050    -0.000000     0.022140
   -0.100100    -0.485700    55.480000    -0.000000     0.000000    -0.000000    -0.000000    -0.000000     0.000000    -0.000000     0.000000     0.000000     0.003564    -0.147700     0.000000    -0.055690
    0.018120    -0.051210    -0.988300     0.000000    -0.000913    -0.026610     0.020670     0.000000    -0.000000     0.000000    -0.000000     0.000000     0.000073    -0.012220     0.000397    -0.023690
   -0.000000    -0.000000     1.000000     0.000000     0.000000    -0.000000    -0.000000     0.000000    -0.000000     0.000000    -0.000000     0.000000     0.000000     0.000000     0.000000     0.000000
   -0.000000    -0.000000     0.000000    -0.000000    -0.052490    23.450000   -58.230000     9.810000    -0.000000     0.000000    -0.000000    -0.000000     0.000000    -0.000000    -0.000959    -0.000000
    0.000900    -0.002542    -0.049060    -0.000000    -0.797600   -24.640000    17.110000    -0.000000     0.000000    -0.000000     0.000000    -0.000000     0.000004    -0.000607     0.357900    -0.001176
   -0.000036     0.000101     0.001947    -0.000000    -0.001628    -0.710500    -0.418700    -0.000000     0.000000    -0.000000     0.000000    -0.000000    -0.000000     0.000024     0.006149     0.000047
   -0.000000    -0.000000     0.000000    -0.000000     0.000000     1.000000     0.000000     0.000000    -0.000000     0.000000    -0.000000     0.000000     0.000000     0.000000     0.000000     0.000000
    1.000000     0.000000    -0.000000    22.710000    -0.000000     0.000000     0.000000     0.000000     0.000000    -0.000000     0.000000     0.000000    -0.000000    -0.000000    -0.000000    -0.000000
    0.000000    -0.000000     0.000000    -0.000000     1.000000    -0.000000    -0.000000   -22.710000    -0.000000     0.000000    -0.000000    64.160000     0.000000     0.000000     0.000000     0.000000
   -0.000000     1.000000    -0.000000   -64.160000     0.000000     0.000000     0.000000     0.000000     0.000000    -0.000000     0.000000     0.000000    -0.000000    -0.000000    -0.000000    -0.000000
   -0.000000    -0.000000     0.000000     0.000000     0.000000    -0.000000     1.000000     0.000000    -0.000000     0.000000    -0.000000     0.000000     0.000000     0.000000     0.000000     0.000000
