u  w  q  the  v  p  r  phi  x  y  z  psi  |  slat  flap  aileron  elevator
   -0.015720     0.284200   -30.370000    -9.810000    -0.000000     0.000000     0.000000     0.000000     0.000000    -0.000000     0.000000     0.000000    -0.000964     0.038120    -0.000000     0.018410
   -0.107500    -0.356600    55.250000    -0.000000     0.000000    -0.000000    -0.000000    -0.000000     0.000000    -0.000000     0.000000     0.000000     0.002506    -0.102000     0.000000    -0.039680
    0.021870    -0.045120    -0.920400     0.000000    -0.005014    -0.133700     0.105400     0.000000    -0.000000     0.000000    -0.000000     0.000000     0.000008    -0.009171     0.001807    -0.022840
   -0.000000    -0.000000     1.000000    -0.000000     0.000000    -0.000000    -0.000000    -0.000000    -0.000000     0.000000    -0.000000    -0.000000     0.000000     0.000000     0.000000     0.000000
    0.000000     0.000000     0.000000    -0.000000    -0.036260    30.510000   -56.870000     9.810000    -0.000000     0.000000    -0.000000    -0.000000    -0.000000    -0.000000    -0.001539    -0.000000
    0.005012    -0.010340    -0.210900    -0.000000    -0.531500   -13.750000    11.470000    -0.000000     0.000000    -0.000000     0.000000    -0.000000     0.000002    -0.002102     0.189000    -0.005235
    0.000185    -0.000381    -0.007780    -0.000000    -0.002372    -0.766200    -0.445900    -0.000000     0.000000    -0.000000     0.000000    -0.000000     0.000000    -0.000078     0.005146    -0.000193
   -0.000000    -0.000000     0.000000     0.000000     0.000000     1.000000     0.000000    -0.000000    -0.000000     0.000000    -0.000000    -0.000000     0.000000     0.000000     0.000000     0.000000
    1.000000     0.000000    -0.000000    29.690000    -0.000000     0.000000     0.000000     0.000000     0.000000    -0.000000     0.000000     0.000000    -0.000000    -0.000000    -0.000000    -0.000000
    0.000000    -0.000000     0.000000    -0.000000     1.000000    -0.000000    -0.000000   -29.690000    -0.000000     0.000000    -0.000000    61.240000     0.000000     0.000000     0.000000     0.000000
   -0.000000     1.000000    -0.000000   -61.240000     0.000000     0.000000     0.000000     0.000000     0.000000    -0.000000     0.000000     0.000000    -0.000000    -0.000000    -0.000000    -0.000000
   -0.000000    -0.000000     0.000000     0.000000     0.000000    -0.000000     1.000000    -0.000000    -0.000000     0.000000    -0.000000    -0.000000     0.000000     0.000000     0.000000     0.000000

   -0.004050     0.175400   -23.170000    -9.810000     0.000000    -0.000000    -0.000000     0.000000     0.000000    -0.000000     0.000000     0.000000    -0.000898     0.037800     0.000000     0.018980
   -0.076220    -0.472400    93.670000    -0.000000     0.000000     0.000000     0.000000    -0.000000     0.000000    -0.000000     0.000000     0.000000     0.005403    -0.232300    -0.000000    -0.082270
    0.014920    -0.066270    -1.349000     0.000000    -0.006304    -0.236500     0.118700     0.000000    -0.000000     0.000000    -0.000000     0.000000    -0.000022    -0.024630     0.005433    -0.055350
   -0.000000    -0.000000     1.000000     0.000000     0.000000    -0.000000    -0.000000     0.000000    -0.000000     0.000000    -0.000000     0.000000     0.000000     0.000000     0.000000     0.000000
   -0.000000    -0.000000    -0.000000    -0.000000    -0.051030    23.160000   -96.080000     9.810000    -0.000000     0.000000    -0.000000    -0.000000     0.000000    -0.000000     0.000561    -0.000000
    0.003838    -0.017050    -0.347000    -0.000000    -0.558200   -20.410000    10.870000    -0.000000     0.000000    -0.000000     0.000000    -0.000000    -0.000006    -0.006338     0.472600    -0.014240
    0.000148    -0.000656    -0.013350    -0.000000     0.006508    -0.651800    -0.730800    -0.000000     0.000000    -0.000000     0.000000    -0.000000    -0.000000    -0.000244     0.008558    -0.000548
   -0.000000    -0.000000     0.000000    -0.000000     0.000000     1.000000     0.000000     0.000000    -0.000000     0.000000    -0.000000     0.000000     0.000000     0.000000     0.000000     0.000000
    1.000000     0.000000    -0.000000    22.800000    -0.000000     0.000000     0.000000     0.000000     0.000000    -0.000000     0.000000     0.000000    -0.000000    -0.000000    -0.000000    -0.000000
    0.000000    -0.000000     0.000000    -0.000000     1.000000    -0.000000    -0.000000   -22.800000    -0.000000     0.000000    -0.000000   101.300000     0.000000     0.000000     0.000000     0.000000
   -0.000000     1.000000    -0.000000  -101.300000     0.000000     0.000000     0.000000     0.000000     0.000000    -0.000000     0.000000     0.000000    -0.000000    -0.000000    -0.000000    -0.000000
   -0.000000    -0.000000     0.000000     0.000000     0.000000    -0.000000     1.000000    -0.000000    -0.000000     0.000000    -0.000000     0.000000     0.000000     0.000000     0.000000     0.000000

   -0.000755     0.081120   -22.180000    -9.810000    -0.000000    -0.000000     0.000000     0.000000     0.000000    -0.000000     0.000000     0.000000    -0.000713     0.032260    -0.000000     0.018440
   -0.043730    -0.461500   199.400000    -0.000000    -0.000000     0.000000    -0.000000    -0.000000     0.000000    -0.000000     0.000000     0.000000     0.010540    -0.478900    -0.000000    -0.157000
    0.009897    -0.092660    -1.855000     0.000000    -0.009032    -0.425000     0.152900     0.000000    -0.000000     0.000000    -0.000000     0.000000    -0.000221    -0.076130     0.020200    -0.156400
   -0.000000    -0.000000     1.000000     0.000000     0.000000    -0.000000    -0.000000     0.000000    -0.000000     0.000000    -0.000000     0.000000     0.000000     0.000000     0.000000     0.000000
    0.000000    -0.000000    -0.000000    -0.000000    -0.047970    22.080000  -201.900000     9.810000    -0.000000     0.000000    -0.000000    -0.000000    -0.000000    -0.000000     0.004712    -0.000000
    0.003186    -0.029830    -0.597200    -0.000000    -0.532300   -24.300000     9.458000    -0.000000     0.000000    -0.000000     0.000000    -0.000000    -0.000071    -0.024500     1.160000    -0.050330
    0.000137    -0.001286    -0.025760    -0.000000     0.015740    -0.522900    -1.014000    -0.000000     0.000000    -0.000000     0.000000    -0.000000    -0.000003    -0.001057     0.015900    -0.002171
   -0.000000    -0.000000     0.000000    -0.000000     0.000000     1.000000     0.000000     0.000000    -0.000000     0.000000    -0.000000     0.000000     0.000000     0.000000     0.000000     0.000000
    1.000000     0.000000    -0.000000    22.050000    -0.000000     0.000000     0.000000     0.000000     0.000000    -0.000000     0.000000     0.000000    -0.000000    -0.000000    -0.000000    -0.000000
    0.000000    -0.000000     0.000000    -0.000000     1.000000    -0.000000    -0.000000   -22.050000    -0.000000     0.000000    -0.000000   206.400000     0.000000     0.000000     0.000000     0.000000
   -0.000000     1.000000    -0.000000  -206.400000     0.000000     0.000000     0.000000     0.000000     0.000000    -0.000000     0.000000     0.000000    -0.000000    -0.000000    -0.000000    -0.000000
   -0.000000    -0.000000     0.000000     0.000000     0.000000    -0.000000     1.000000    -0.000000    -0.000000     0.000000    -0.000000     0.000000     0.000000     0.000000     0.000000     0.000000

   -0.000425     0.078070   -15.580000    -9.810000     0.000000     0.000000     0.000000     0.000000     0.000000    -0.000000     0.000000     0.000000    -0.000638     0.029070    -0.000000     0.017750
   -0.046550    -0.613500   197.700000    -0.000000    -0.000000     0.000000     0.000000    -0.000000     0.000000    -0.000000     0.000000     0.000000     0.014040    -0.640300    -0.000000    -0.207900
    0.006864    -0.091920    -1.843000     0.000000    -0.008420    -0.425500     0.136500     0.000000    -0.000000     0.000000    -0.000000     0.000000    -0.000223    -0.076490     0.020360    -0.155400
   -0.000000    -0.000000     1.000000    -0.000000     0.000000    -0.000000    -0.000000    -0.000000    -0.000000     0.000000    -0.000000    -0.000000     0.000000     0.000000     0.000000     0.000000
    0.000000    -0.000000    -0.000000    -0.000000    -0.064770    15.390000  -201.000000     9.810000    -0.000000     0.000000    -0.000000    -0.000000     0.000000    -0.000000     0.007414    -0.000000
    0.002210    -0.029590    -0.593300    -0.000000    -0.498000   -24.390000     8.513000    -0.000000     0.000000    -0.000000     0.000000    -0.000000    -0.000072    -0.024620     1.170000    -0.050020
    0.000095    -0.001276    -0.025590    -0.000000     0.017600    -0.428400    -1.027000    -0.000000     0.000000    -0.000000     0.000000    -0.000000    -0.000003    -0.001062     0.014590    -0.002157
   -0.000000    -0.000000     0.000000     0.000000     0.000000     1.000000     0.000000    -0.000000    -0.000000     0.000000    -0.000000    -0.000000     0.000000     0.000000     0.000000     0.000000
    1.000000     0.000000    -0.000000    15.460000    -0.000000     0.000000     0.000000     0.000000     0.000000    -0.000000     0.000000     0.000000    -0.000000    -0.000000    -0.000000    -0.000000
    0.000000    -0.000000     0.000000    -0.000000     1.000000    -0.000000    -0.000000   -15.460000    -0.000000     0.000000    -0.000000   207.000000     0.000000     0.000000     0.000000     0.000000
   -0.000000     1.000000    -0.000000  -207.000000     0.000000     0.000000     0.000000     0.000000     0.000000    -0.000000     0.000000     0.000000    -0.000000    -0.000000    -0.000000    -0.000000
   -0.000000    -0.000000     0.000000     0.000000     0.000000    -0.000000     1.000000    -0.000000    -0.000000     0.000000    -0.000000    -0.000000     0.000000     0.000000     0.000000     0.000000

   -0.002558     0.171600   -16.840000    -9.810000    -0.000000    -0.000000    -0.000000     0.000000     0.000000    -0.000000     0.000000     0.000000    -0.000860     0.036570     0.000000     0.018730
   -0.078380    -0.627700    92.350000    -0.000000     0.000000     0.000000     0.000000    -0.000000     0.000000    -0.000000     0.000000     0.000000     0.007247    -0.314300    -0.000000    -0.109400
    0.010560    -0.065650    -1.341000     0.000000    -0.005701    -0.238800     0.102100     0.000000    -0.000000     0.000000    -0.000000     0.000000    -0.000024    -0.025170     0.005588    -0.055460
   -0.000000    -0.000000     1.000000     0.000000     0.000000    -0.000000    -0.000000     0.000000    -0.000000     0.000000    -0.000000     0.000000     0.000000     0.000000     0.000000     0.000000
   -0.000000    -0.000000    -0.000000    -0.000000    -0.070000    16.720000   -95.620000     9.810000    -0.000000     0.000000    -0.000000    -0.000000    -0.000000     0.000000     0.001991    -0.000000
    0.002716    -0.016890    -0.345000    -0.000000    -0.506800   -20.690000     9.431000    -0.000000     0.000000    -0.000000     0.000000    -0.000000    -0.000006    -0.006476     0.486800    -0.014270
    0.000105    -0.000650    -0.013280    -0.000000     0.009258    -0.522800    -0.755300    -0.000000     0.000000    -0.000000     0.000000    -0.000000    -0.000000    -0.000249     0.007707    -0.000549
   -0.000000    -0.000000     0.000000    -0.000000     0.000000     1.000000     0.000000     0.000000    -0.000000     0.000000    -0.000000     0.000000     0.000000     0.000000     0.000000     0.000000
    1.000000     0.000000    -0.000000    16.490000    -0.000000     0.000000     0.000000     0.000000     0.000000    -0.000000     0.000000     0.000000    -0.000000    -0.000000    -0.000000    -0.000000
    0.000000    -0.000000     0.000000    -0.000000     1.000000    -0.000000    -0.000000   -16.490000    -0.000000     0.000000    -0.000000   102.500000     0.000000     0.000000     0.000000     0.000000
   -0.000000     1.000000    -0.000000  -102.500000     0.000000     0.000000     0.000000     0.000000     0.000000    -0.000000     0.000000     0.000000    -0.000000    -0.000000    -0.000000    -0.000000
   -0.000000    -0.000000     0.000000     0.000000     0.000000    -0.000000     1.000000    -0.000000    -0.000000     0.000000    -0.000000     0.000000     0.000000     0.000000     0.000000     0.000000

   -0.009996     0.277500   -22.230000    -9.810000    -0.000000     0.000000     0.000000     0.000000     0.000000    -0.000000     0.000000     0.000000    -0.000968     0.039100    -0.000000     0.018890
   -0.108000    -0.489500    56.280000    -0.000000     0.000000     0.000000    -0.000000    -0.000000     0.000000    -0.000000     0.000000     0.000000     0.003605    -0.149600     0.000000    -0.056030
    0.015150    -0.045370    -0.931900     0.000000    -0.004387    -0.140300     0.087330     0.000000    -0.000000     0.000000    -0.000000     0.000000     0.000006    -0.010140     0.002029    -0.024240
   -0.000000    -0.000000     1.000000     0.000000     0.000000    -0.000000    -0.000000     0.000000    -0.000000     0.000000    -0.000000     0.000000     0.000000     0.000000     0.000000     0.000000
   -0.000000    -0.000000     0.000000    -0.000000    -0.053640    22.240000   -58.650000     9.810000    -0.000000     0.000000    -0.000000    -0.000000    -0.000000    -0.000000    -0.000799    -0.000000
    0.003471    -0.010400    -0.213600    -0.000000    -0.467200   -14.560000     9.573000    -0.000000     0.000000    -0.000000     0.000000    -0.000000     0.000001    -0.002323     0.212900    -0.005555
    0.000128    -0.000384    -0.007878    -0.000000     0.001504    -0.596200    -0.490500    -0.000000     0.000000    -0.000000     0.000000    -0.000000     0.000000    -0.000086     0.004671    -0.000205
   -0.000000    -0.000000     0.000000     0.000000     0.000000     1.000000     0.000000     0.000000    -0.000000     0.000000    -0.000000     0.000000     0.000000     0.000000     0.000000     0.000000
    1.000000     0.000000    -0.000000    21.550000    -0.000000     0.000000     0.000000     0.000000     0.000000    -0.000000     0.000000     0.000000    -0.000000    -0.000000    -0.000000    -0.000000
    0.000000    -0.000000     0.000000    -0.000000     1.000000    -0.000000    -0.000000   -21.550000    -0.000000     0.000000    -0.000000    64.560000     0.000000     0.000000     0.000000     0.000000
   -0.000000     1.000000    -0.000000   -64.560000     0.000000     0.000000     0.000000     0.000000     0.000000    -0.000000     0.000000     0.000000    -0.000000    -0.000000    -0.000000    -0.000000
   -0.000000    -0.000000     0.000000     0.000000     0.000000    -0.000000     1.000000     0.000000    -0.000000     0.000000    -0.000000     0.000000     0.000000     0.000000     0.000000     0.000000
