u  w  q  the  v  p  r  phi  x  y  z  psi  |  slat  flap  aileron  elevator
   -0.012540     0.278200   -29.720000    -9.810000    -0.000000     0.000000     0.000000     0.000000     0.000000    -0.000000     0.000000     0.000000    -0.000942     0.037360    -0.000000     0.017020
   -0.111200    -0.358900    55.720000    -0.000000     0.000000    -0.000000    -0.000000    -0.000000     0.000000    -0.000000     0.000000     0.000000     0.002533    -0.103200     0.000000    -0.039960
    0.019620    -0.041730    -0.884700     0.000000    -0.003870    -0.101900     0.080930     0.000000    -0.000000     0.000000    -0.000000     0.000000    -0.000024    -0.008104     0.001401    -0.022820
   -0.000000    -0.000000     1.000000     0.000000     0.000000    -0.000000    -0.000000    -0.000000    -0.000000     0.000000    -0.000000     0.000000     0.000000     0.000000     0.000000     0.000000
   -0.000000    -0.000000     0.000000    -0.000000    -0.036860    29.750000   -57.220000     9.810000    -0.000000     0.000000    -0.000000    -0.000000    -0.000000    -0.000000    -0.001470    -0.000000
    0.003399    -0.007231    -0.153300    -0.000000    -0.702800   -18.310000    14.840000    -0.000000     0.000000    -0.000000     0.000000    -0.000000    -0.000004    -0.001404     0.253100    -0.003954
    0.000074    -0.000157    -0.003337    -0.000000    -0.004677    -0.820800    -0.402500    -0.000000     0.000000    -0.000000     0.000000    -0.000000    -0.000000    -0.000031     0.005998    -0.000086
   -0.000000    -0.000000     0.000000     0.000000     0.000000     1.000000     0.000000     0.000000    -0.000000     0.000000    -0.000000     0.000000     0.000000     0.000000     0.000000     0.000000
    1.000000     0.000000    -0.000000    28.950000    -0.000000     0.000000     0.000000     0.000000     0.000000    -0.000000     0.000000     0.000000    -0.000000    -0.000000    -0.000000    -0.000000
    0.000000    -0.000000     0.000000    -0.000000     1.000000    -0.000000    -0.000000   -28.950000    -0.000000     0.000000    -0.000000    61.590000     0.000000     0.000000     0.000000     0.000000
   -0.000000     1.000000    -0.000000   -61.590000     0.000000     0.000000     0.000000     0.000000     0.000000    -0.000000     0.000000     0.000000    -0.000000    -0.000000    -0.000000    -0.000000
   -0.000000    -0.000000     0.000000     0.000000     0.000000    -0.000000     1.000000     0.000000    -0.000000     0.000000    -0.000000     0.000000     0.000000     0.000000     0.000000     0.000000

   -0.003051     0.171700   -22.650000    -9.810000    -0.000000    -0.000000     0.000000     0.000000     0.000000    -0.000000     0.000000     0.000000    -0.000874     0.036830     0.000000     0.017290
   -0.078740    -0.473200    93.990000    -0.000000     0.000000     0.000000    -0.000000    -0.000000     0.000000    -0.000000     0.000000     0.000000     0.005415    -0.233000    -0.000000    -0.082300
    0.013300    -0.060690    -1.298000     0.000000    -0.005115    -0.189200     0.096170     0.000000    -0.000000     0.000000    -0.000000     0.000000    -0.000105    -0.021640     0.004375    -0.055190
   -0.000000    -0.000000     1.000000    -0.000000     0.000000    -0.000000    -0.000000    -0.000000    -0.000000     0.000000    -0.000000    -0.000000     0.000000     0.000000     0.000000     0.000000
   -0.000000    -0.000000    -0.000000    -0.000000    -0.051390    22.570000   -96.220000     9.810000    -0.000000     0.000000    -0.000000    -0.000000    -0.000000     0.000000     0.000634    -0.000000
    0.002695    -0.012290    -0.262900    -0.000000    -0.768000   -28.140000    14.620000    -0.000000     0.000000    -0.000000     0.000000    -0.000000    -0.000021    -0.004383     0.652700    -0.011180
    0.000059    -0.000271    -0.005793    -0.000000     0.003735    -0.752900    -0.688400    -0.000000     0.000000    -0.000000     0.000000    -0.000000    -0.000000    -0.000097     0.010950    -0.000246
   -0.000000    -0.000000     0.000000     0.000000     0.000000     1.000000     0.000000    -0.000000    -0.000000     0.000000    -0.000000    -0.000000     0.000000     0.000000     0.000000     0.000000
    1.000000     0.000000    -0.000000    22.230000    -0.000000     0.000000     0.000000     0.000000     0.000000    -0.000000     0.000000     0.000000    -0.000000    -0.000000    -0.000000    -0.000000
    0.000000    -0.000000     0.000000    -0.000000     1.000000    -0.000000    -0.000000   -22.230000    -0.000000     0.000000    -0.000000   101.400000     0.000000     0.000000     0.000000     0.000000
   -0.000000     1.000000    -0.000000  -101.400000     0.000000     0.000000     0.000000     0.000000     0.000000    -0.000000     0.000000     0.000000    -0.000000    -0.000000    -0.000000    -0.000000
   -0.000000    -0.000000     0.000000     0.000000     0.000000    -0.000000     1.000000    -0.000000    -0.000000     0.000000    -0.000000    -0.000000     0.000000     0.000000     0.000000     0.000000

   -0.000501     0.079310   -21.610000    -9.810000    -0.000000    -0.000000     0.000000     0.000000     0.000000    -0.000000     0.000000     0.000000    -0.000690     0.031260    -0.000000     0.016530
   -0.045020    -0.461800   199.700000    -0.000000     0.000000    -0.000000    -0.000000    -0.000000     0.000000    -0.000000     0.000000     0.000000     0.010550    -0.479200    -0.000000    -0.156900
    0.008858    -0.085250    -1.803000     0.000000    -0.008254    -0.381100     0.140700     0.000000    -0.000000     0.000000    -0.000000     0.000000    -0.000471    -0.067620     0.018170    -0.157700
   -0.000000    -0.000000     1.000000     0.000000     0.000000    -0.000000    -0.000000    -0.000000    -0.000000     0.000000    -0.000000     0.000000     0.000000     0.000000     0.000000     0.000000
    0.000000    -0.000000    -0.000000    -0.000000    -0.048150    21.480000  -202.000000     9.810000    -0.000000     0.000000    -0.000000    -0.000000     0.000000    -0.000000     0.004776    -0.000000
    0.002482    -0.023880    -0.505200    -0.000000    -0.808500   -36.960000    14.010000    -0.000000     0.000000    -0.000000     0.000000    -0.000000    -0.000132    -0.018940     1.765000    -0.044170
    0.000057    -0.000545    -0.011530    -0.000000     0.012530    -0.692000    -0.984300    -0.000000     0.000000    -0.000000     0.000000    -0.000000    -0.000003    -0.000432     0.023850    -0.001009
   -0.000000    -0.000000     0.000000     0.000000     0.000000     1.000000     0.000000     0.000000    -0.000000     0.000000    -0.000000     0.000000     0.000000     0.000000     0.000000     0.000000
    1.000000     0.000000    -0.000000    21.460000    -0.000000     0.000000     0.000000     0.000000     0.000000    -0.000000     0.000000     0.000000    -0.000000    -0.000000    -0.000000    -0.000000
    0.000000    -0.000000     0.000000    -0.000000     1.000000    -0.000000    -0.000000   -21.460000    -0.000000     0.000000    -0.000000   206.500000     0.000000     0.000000     0.000000     0.000000
   -0.000000     1.000000    -0.000000  -206.500000     0.000000     0.000000     0.000000     0.000000     0.000000    -0.000000     0.000000     0.000000    -0.000000    -0.000000    -0.000000    -0.000000
   -0.000000    -0.000000     0.000000     0.000000     0.000000    -0.000000     1.000000     0.000000    -0.000000     0.000000    -0.000000     0.000000     0.000000     0.000000     0.000000     0.000000

   -0.000246     0.076260   -15.160000    -9.810000     0.000000     0.000000    -0.000000     0.000000     0.000000    -0.000000     0.000000     0.000000    -0.000615     0.028060    -0.000000     0.015810
   -0.047840    -0.613700   198.000000    -0.000000    -0.000000    -0.000000     0.000000    -0.000000     0.000000    -0.000000     0.000000     0.000000     0.014040    -0.640600    -0.000000    -0.207800
    0.006123    -0.084430    -1.791000     0.000000    -0.007714    -0.382100     0.126200     0.000000    -0.000000     0.000000    -0.000000     0.000000    -0.000474    -0.067890     0.018320    -0.156700
   -0.000000    -0.000000     1.000000     0.000000     0.000000    -0.000000    -0.000000    -0.000000    -0.000000     0.000000    -0.000000     0.000000     0.000000     0.000000     0.000000     0.000000
    0.000000    -0.000000    -0.000000    -0.000000    -0.064940    14.940000  -201.100000     9.810000    -0.000000     0.000000    -0.000000    -0.000000     0.000000    -0.000000     0.007478    -0.000000
    0.001715    -0.023650    -0.501900    -0.000000    -0.756500   -37.080000    12.600000    -0.000000     0.000000    -0.000000     0.000000    -0.000000    -0.000133    -0.019020     1.779000    -0.043920
    0.000039    -0.000540    -0.011460    -0.000000     0.014620    -0.596400    -1.002000    -0.000000     0.000000    -0.000000     0.000000    -0.000000    -0.000003    -0.000434     0.022570    -0.001003
   -0.000000    -0.000000     0.000000     0.000000     0.000000     1.000000     0.000000     0.000000    -0.000000     0.000000    -0.000000     0.000000     0.000000     0.000000     0.000000     0.000000
    1.000000     0.000000    -0.000000    15.020000    -0.000000     0.000000     0.000000     0.000000     0.000000    -0.000000     0.000000     0.000000    -0.000000    -0.000000    -0.000000    -0.000000
    0.000000    -0.000000     0.000000    -0.000000     1.000000    -0.000000    -0.000000   -15.020000    -0.000000     0.000000    -0.000000   207.100000     0.000000     0.000000     0.000000     0.000000
   -0.000000     1.000000    -0.000000  -207.100000     0.000000     0.000000     0.000000     0.000000     0.000000    -0.000000     0.000000     0.000000    -0.000000    -0.000000    -0.000000    -0.000000
   -0.000000    -0.000000     0.000000     0.000000     0.000000    -0.000000     1.000000     0.000000    -0.000000     0.000000    -0.000000     0.000000     0.000000     0.000000     0.000000     0.000000

   -0.001840     0.167900   -16.460000    -9.810000    -0.000000    -0.000000     0.000000     0.000000     0.000000    -0.000000     0.000000     0.000000    -0.000836     0.035550     0.000000     0.016990
   -0.080890    -0.628400    92.670000    -0.000000     0.000000     0.000000    -0.000000    -0.000000     0.000000    -0.000000     0.000000     0.000000     0.007256    -0.314800    -0.000000    -0.109300
    0.009382    -0.059920    -1.290000     0.000000    -0.004638    -0.191400     0.083130     0.000000    -0.000000     0.000000    -0.000000     0.000000    -0.000109    -0.022070     0.004498    -0.055300
   -0.000000    -0.000000     1.000000     0.000000     0.000000    -0.000000    -0.000000     0.000000    -0.000000     0.000000    -0.000000     0.000000     0.000000     0.000000     0.000000     0.000000
    0.000000    -0.000000    -0.000000    -0.000000    -0.070330    16.280000   -95.720000     9.810000    -0.000000     0.000000    -0.000000    -0.000000     0.000000    -0.000000     0.002063    -0.000000
    0.001901    -0.012140    -0.261300    -0.000000    -0.697300   -28.510000    12.670000    -0.000000     0.000000    -0.000000     0.000000    -0.000000    -0.000022    -0.004470     0.671400    -0.011200
    0.000042    -0.000267    -0.005758    -0.000000     0.006722    -0.625300    -0.719400    -0.000000     0.000000    -0.000000     0.000000    -0.000000    -0.000000    -0.000098     0.010150    -0.000247
   -0.000000    -0.000000     0.000000     0.000000     0.000000     1.000000     0.000000     0.000000    -0.000000     0.000000    -0.000000     0.000000     0.000000     0.000000     0.000000     0.000000
    1.000000     0.000000    -0.000000    16.060000    -0.000000     0.000000     0.000000     0.000000     0.000000    -0.000000     0.000000     0.000000    -0.000000    -0.000000    -0.000000    -0.000000
    0.000000    -0.000000     0.000000    -0.000000     1.000000    -0.000000    -0.000000   -16.060000    -0.000000     0.000000    -0.000000   102.600000     0.000000     0.000000     0.000000     0.000000
   -0.000000     1.000000    -0.000000  -102.600000     0.000000     0.000000     0.000000     0.000000     0.000000    -0.000000     0.000000     0.000000    -0.000000    -0.000000    -0.000000    -0.000000
   -0.000000    -0.000000     0.000000     0.000000     0.000000    -0.000000     1.000000     0.000000    -0.000000     0.000000    -0.000000     0.000000     0.000000     0.000000     0.000000     0.000000

   -0.007808     0.271700   -21.770000    -9.810000    -0.000000    -0.000000     0.000000     0.000000     0.000000    -0.000000     0.000000     0.000000    -0.000944     0.038190    -0.000000     0.017360
   -0.111700    -0.491100    56.640000    -0.000000     0.000000    -0.000000    -0.000000    -0.000000     0.000000    -0.000000     0.000000     0.000000     0.003623    -0.150500     0.000000    -0.056170
    0.013520    -0.041640    -0.894400     0.000000    -0.003395    -0.107200     0.067320     0.000000    -0.000000     0.000000    -0.000000     0.000000    -0.000030    -0.008888     0.001566    -0.024120
   -0.000000    -0.000000     1.000000    -0.000000     0.000000    -0.000000    -0.000000    -0.000000    -0.000000     0.000000    -0.000000    -0.000000     0.000000     0.000000     0.000000     0.000000
   -0.000000    -0.000000    -0.000000    -0.000000    -0.054190    21.690000   -58.840000     9.810000    -0.000000     0.000000    -0.000000    -0.000000     0.000000    -0.000000    -0.000725    -0.000000
    0.002342    -0.007215    -0.155000    -0.000000    -0.617600   -19.320000    12.380000    -0.000000     0.000000    -0.000000     0.000000    -0.000000    -0.000005    -0.001540     0.283300    -0.004179
    0.000051    -0.000157    -0.003374    -0.000000    -0.000545    -0.655400    -0.454700    -0.000000     0.000000    -0.000000     0.000000    -0.000000    -0.000000    -0.000034     0.005600    -0.000091
   -0.000000    -0.000000     0.000000     0.000000     0.000000     1.000000     0.000000    -0.000000    -0.000000     0.000000    -0.000000    -0.000000     0.000000     0.000000     0.000000     0.000000
    1.000000     0.000000    -0.000000    21.020000    -0.000000     0.000000     0.000000     0.000000     0.000000    -0.000000     0.000000     0.000000    -0.000000    -0.000000    -0.000000    -0.000000
    0.000000    -0.000000     0.000000    -0.000000     1.000000    -0.000000    -0.000000   -21.020000    -0.000000     0.000000    -0.000000    64.730000     0.000000     0.000000     0.000000     0.000000
   -0.000000     1.000000    -0.000000   -64.730000     0.000000     0.000000     0.000000     0.000000     0.000000    -0.000000     0.000000     0.000000    -0.000000    -0.000000    -0.000000    -0.000000
   -0.000000    -0.000000     0.000000     0.000000     0.000000    -0.000000     1.000000    -0.000000    -0.000000     0.000000    -0.000000    -0.000000     0.000000     0.000000     0.000000     0.000000
