u  w  q  the  v  p  r  phi  x  y  z  psi  |  slat  flap  aileron  elevator
   -0.018810     0.289500   -30.950000    -9.810000    -0.000000    -0.000000     0.000000     0.000000     0.000000    -0.000000     0.000000     0.000000    -0.000982     0.038770    -0.000000     0.019600
   -0.104200    -0.354400    54.820000    -0.000000     0.000000    -0.000000    -0.000000    -0.000000     0.000000    -0.000000     0.000000     0.000000     0.002481    -0.100900     0.000000    -0.039410
    0.023890    -0.047970    -0.953700     0.000000    -0.001084    -0.026000     0.025110     0.000000    -0.000000     0.000000    -0.000000     0.000000     0.000034    -0.010050     0.000369    -0.022860
   -0.000000    -0.000000     1.000000     0.000000     0.000000    -0.000000    -0.000000     0.000000    -0.000000     0.000000    -0.000000     0.000000     0.000000     0.000000     0.000000     0.000000
   -0.000000     0.000000     0.000000    -0.000000    -0.035730    31.190000   -56.550000     9.810000    -0.000000     0.000000    -0.000000    -0.000000     0.000000    -0.000000    -0.001600    -0.000000
    0.001185    -0.002379    -0.047290    -0.000000    -0.906900   -23.320000    19.930000    -0.000000     0.000000    -0.000000     0.000000    -0.000000     0.000002    -0.000499     0.318600    -0.001133
   -0.000050     0.000100     0.001990    -0.000000    -0.006602    -0.902000    -0.364000    -0.000000     0.000000    -0.000000     0.000000    -0.000000    -0.000000     0.000021     0.006745     0.000048
   -0.000000    -0.000000     0.000000    -0.000000     0.000000     1.000000     0.000000     0.000000    -0.000000     0.000000    -0.000000     0.000000     0.000000     0.000000     0.000000     0.000000
    1.000000     0.000000    -0.000000    30.340000    -0.000000     0.000000     0.000000     0.000000     0.000000    -0.000000     0.000000     0.000000    -0.000000    -0.000000    -0.000000    -0.000000
    0.000000    -0.000000     0.000000    -0.000000     1.000000    -0.000000    -0.000000   -30.340000    -0.000000     0.000000    -0.000000    60.920000     0.000000     0.000000     0.000000     0.000000
   -0.000000     1.000000    -0.000000   -60.920000     0.000000     0.000000     0.000000     0.000000     0.000000    -0.000000     0.000000     0.000000    -0.000000    -0.000000    -0.000000    -0.000000
   -0.000000    -0.000000     0.000000     0.000000     0.000000    -0.000000     1.000000     0.000000    -0.000000     0.000000    -0.000000     0.000000     0.000000     0.000000     0.000000     0.000000

   -0.005021     0.178700   -23.620000    -9.810000    -0.000000    -0.000000    -0.000000     0.000000     0.000000    -0.000000     0.000000     0.000000    -0.000919     0.038670     0.000000     0.020470
   -0.074020    -0.471600    93.390000    -0.000000     0.000000     0.000000     0.000000    -0.000000     0.000000    -0.000000     0.000000     0.000000     0.005391    -0.231800    -0.000000    -0.082240
    0.016350    -0.070970    -1.397000     0.000000    -0.001529    -0.052970     0.032260     0.000000    -0.000000     0.000000    -0.000000     0.000000     0.000048    -0.027160     0.001246    -0.055470
   -0.000000    -0.000000     1.000000     0.000000     0.000000    -0.000000    -0.000000    -0.000000    -0.000000     0.000000    -0.000000     0.000000     0.000000     0.000000     0.000000     0.000000
   -0.000000    -0.000000    -0.000000    -0.000000    -0.050730    23.680000   -95.950000     9.810000    -0.000000     0.000000    -0.000000    -0.000000    -0.000000    -0.000000     0.000496    -0.000000
    0.000997    -0.004329    -0.085200    -0.000000    -1.043000   -38.050000    20.700000    -0.000000     0.000000    -0.000000     0.000000    -0.000000     0.000003    -0.001656     0.880000    -0.003383
   -0.000041     0.000177     0.003480    -0.000000     0.001387    -0.872200    -0.642700    -0.000000     0.000000    -0.000000     0.000000    -0.000000    -0.000000     0.000068     0.013370     0.000138
   -0.000000    -0.000000     0.000000     0.000000     0.000000     1.000000     0.000000     0.000000    -0.000000     0.000000    -0.000000     0.000000     0.000000     0.000000     0.000000     0.000000
    1.000000     0.000000    -0.000000    23.310000    -0.000000     0.000000     0.000000     0.000000     0.000000    -0.000000     0.000000     0.000000    -0.000000    -0.000000    -0.000000    -0.000000
    0.000000    -0.000000     0.000000    -0.000000     1.000000    -0.000000    -0.000000   -23.310000    -0.000000     0.000000    -0.000000   101.200000     0.000000     0.000000     0.000000     0.000000
   -0.000000     1.000000    -0.000000  -101.200000     0.000000     0.000000     0.000000     0.000000     0.000000    -0.000000     0.000000     0.000000    -0.000000    -0.000000    -0.000000    -0.000000
   -0.000000    -0.000000     0.000000     0.000000     0.000000    -0.000000     1.000000     0.000000    -0.000000     0.000000    -0.000000     0.000000     0.000000     0.000000     0.000000     0.000000

   -0.001005     0.082720   -22.680000    -9.810000     0.000000     0.000000     0.000000     0.000000     0.000000    -0.000000     0.000000     0.000000    -0.000733     0.033150    -0.000000     0.020110
   -0.042590    -0.461300   199.200000    -0.000000    -0.000000    -0.000000    -0.000000    -0.000000     0.000000    -0.000000     0.000000     0.000000     0.010540    -0.478500    -0.000000    -0.157000
    0.010790    -0.098660    -1.903000     0.000000    -0.002837    -0.123400     0.054940     0.000000    -0.000000     0.000000    -0.000000     0.000000    -0.000014    -0.083060     0.005934    -0.155100
   -0.000000    -0.000000     1.000000     0.000000     0.000000    -0.000000    -0.000000     0.000000    -0.000000     0.000000    -0.000000     0.000000     0.000000     0.000000     0.000000     0.000000
    0.000000    -0.000000    -0.000000    -0.000000    -0.047820    22.610000  -201.800000     9.810000    -0.000000     0.000000    -0.000000    -0.000000    -0.000000    -0.000000     0.004654    -0.000000
    0.001056    -0.009651    -0.186100    -0.000000    -1.270000   -57.930000    23.050000    -0.000000     0.000000    -0.000000     0.000000    -0.000000    -0.000001    -0.008126     2.765000    -0.015170
   -0.000039     0.000360     0.006942    -0.000000     0.008323    -0.910600    -0.898700    -0.000000     0.000000    -0.000000     0.000000    -0.000000     0.000000     0.000303     0.034010     0.000566
   -0.000000    -0.000000     0.000000     0.000000     0.000000     1.000000     0.000000     0.000000    -0.000000     0.000000    -0.000000     0.000000     0.000000     0.000000     0.000000     0.000000
    1.000000     0.000000    -0.000000    22.580000    -0.000000     0.000000     0.000000     0.000000     0.000000    -0.000000     0.000000     0.000000    -0.000000    -0.000000    -0.000000    -0.000000
    0.000000    -0.000000     0.000000    -0.000000     1.000000    -0.000000    -0.000000   -22.580000    -0.000000     0.000000    -0.000000   206.400000     0.000000     0.000000     0.000000     0.000000
   -0.000000     1.000000    -0.000000  -206.400000     0.000000     0.000000     0.000000     0.000000     0.000000    -0.000000     0.000000     0.000000    -0.000000    -0.000000    -0.000000    -0.000000
   -0.000000    -0.000000     0.000000     0.000000     0.000000    -0.000000     1.000000     0.000000    -0.000000     0.000000    -0.000000     0.000000     0.000000     0.000000     0.000000     0.000000

   -0.000603     0.079660   -15.950000    -9.810000     0.000000    -0.000000     0.000000     0.000000     0.000000    -0.000000     0.000000     0.000000    -0.000658     0.029970    -0.000000     0.019450
   -0.045400    -0.613200   197.500000    -0.000000    -0.000000    -0.000000    -0.000000    -0.000000     0.000000    -0.000000     0.000000     0.000000     0.014030    -0.640100    -0.000000    -0.208000
    0.007505    -0.098000    -1.890000     0.000000    -0.002668    -0.124300     0.050020     0.000000    -0.000000     0.000000    -0.000000     0.000000    -0.000014    -0.083500     0.005994    -0.154100
   -0.000000    -0.000000     1.000000     0.000000     0.000000    -0.000000    -0.000000     0.000000    -0.000000     0.000000    -0.000000     0.000000     0.000000     0.000000     0.000000     0.000000
    0.000000    -0.000000    -0.000000    -0.000000    -0.064620    15.790000  -201.000000     9.810000    -0.000000     0.000000    -0.000000    -0.000000     0.000000    -0.000000     0.007357    -0.000000
    0.000734    -0.009586    -0.184900    -0.000000    -1.188000   -58.150000    20.760000    -0.000000     0.000000    -0.000000     0.000000    -0.000000    -0.000001    -0.008168     2.790000    -0.015070
   -0.000027     0.000358     0.006896    -0.000000     0.010790    -0.813600    -0.926500    -0.000000     0.000000    -0.000000     0.000000    -0.000000     0.000000     0.000305     0.032820     0.000562
   -0.000000    -0.000000     0.000000    -0.000000     0.000000     1.000000     0.000000     0.000000    -0.000000     0.000000    -0.000000     0.000000     0.000000     0.000000     0.000000     0.000000
    1.000000     0.000000    -0.000000    15.850000    -0.000000     0.000000     0.000000     0.000000     0.000000    -0.000000     0.000000     0.000000    -0.000000    -0.000000    -0.000000    -0.000000
    0.000000    -0.000000     0.000000    -0.000000     1.000000    -0.000000    -0.000000   -15.850000    -0.000000     0.000000    -0.000000   207.000000     0.000000     0.000000     0.000000     0.000000
   -0.000000     1.000000    -0.000000  -207.000000     0.000000     0.000000     0.000000     0.000000     0.000000    -0.000000     0.000000     0.000000    -0.000000    -0.000000    -0.000000    -0.000000
   -0.000000    -0.000000     0.000000    -0.000000     0.000000    -0.000000     1.000000    -0.000000    -0.000000     0.000000    -0.000000     0.000000     0.000000     0.000000     0.000000     0.000000

   -0.003259     0.174800   -17.170000    -9.810000     0.000000    -0.000000     0.000000     0.000000     0.000000    -0.000000     0.000000     0.000000    -0.000882     0.037470     0.000000     0.020270
   -0.076180    -0.627100    92.060000    -0.000000     0.000000     0.000000     0.000000    -0.000000     0.000000    -0.000000     0.000000     0.000000     0.007240    -0.313900    -0.000000    -0.109400
    0.011600    -0.070490    -1.389000     0.000000    -0.001399    -0.054170     0.028380     0.000000    -0.000000     0.000000    -0.000000     0.000000     0.000047    -0.027790     0.001289    -0.055600
   -0.000000    -0.000000     1.000000     0.000000     0.000000    -0.000000    -0.000000    -0.000000    -0.000000     0.000000    -0.000000     0.000000     0.000000     0.000000     0.000000     0.000000
   -0.000000    -0.000000    -0.000000    -0.000000    -0.069700    17.110000   -95.540000     9.810000    -0.000000     0.000000    -0.000000    -0.000000    -0.000000    -0.000000     0.001927     0.000000
    0.000708    -0.004299    -0.084710    -0.000000    -0.946500   -38.590000    17.970000    -0.000000     0.000000    -0.000000     0.000000    -0.000000     0.000003    -0.001695     0.907500    -0.003391
   -0.000029     0.000176     0.003460    -0.000000     0.004747    -0.741000    -0.682800    -0.000000     0.000000    -0.000000     0.000000    -0.000000    -0.000000     0.000069     0.012640     0.000139
   -0.000000    -0.000000     0.000000     0.000000     0.000000     1.000000     0.000000     0.000000    -0.000000     0.000000    -0.000000     0.000000     0.000000     0.000000     0.000000     0.000000
    1.000000     0.000000    -0.000000    16.860000    -0.000000     0.000000     0.000000     0.000000     0.000000    -0.000000     0.000000     0.000000    -0.000000    -0.000000    -0.000000    -0.000000
    0.000000    -0.000000     0.000000    -0.000000     1.000000    -0.000000    -0.000000   -16.860000    -0.000000     0.000000    -0.000000   102.500000     0.000000     0.000000     0.000000     0.000000
   -0.000000     1.000000    -0.000000  -102.500000     0.000000     0.000000     0.000000     0.000000     0.000000    -0.000000     0.000000     0.000000    -0.000000    -0.000000    -0.000000    -0.000000
   -0.000000    -0.000000     0.000000     0.000000     0.000000    -0.000000     1.000000    -0.000000    -0.000000     0.000000    -0.000000     0.000000     0.000000     0.000000     0.000000     0.000000

   -0.012110     0.282600   -22.620000    -9.810000    -0.000000     0.000000     0.000000     0.000000     0.000000    -0.000000     0.000000     0.000000    -0.000989     0.039900    -0.000000     0.020230
   -0.104800    -0.488000    55.950000    -0.000000     0.000000    -0.000000    -0.000000    -0.000000     0.000000    -0.000000     0.000000     0.000000     0.003589    -0.148900     0.000000    -0.055900
    0.016600    -0.048550    -0.967200     0.000000    -0.000962    -0.028190     0.021280     0.000000    -0.000000     0.000000    -0.000000     0.000000     0.000035    -0.011190     0.000422    -0.024340
   -0.000000    -0.000000     1.000000     0.000000     0.000000    -0.000000    -0.000000     0.000000    -0.000000     0.000000    -0.000000     0.000000     0.000000     0.000000     0.000000     0.000000
   -0.000000    -0.000000     0.000000    -0.000000    -0.053170    22.740000   -58.480000     9.810000    -0.000000     0.000000    -0.000000    -0.000000    -0.000000    -0.000000    -0.000864    -0.000000
    0.000823    -0.002407    -0.047960    -0.000000    -0.797100   -24.760000    16.640000    -0.000000     0.000000    -0.000000     0.000000    -0.000000     0.000002    -0.000555     0.361100    -0.001207
   -0.000035     0.000101     0.002018    -0.000000    -0.002088    -0.732100    -0.425400    -0.000000     0.000000    -0.000000     0.000000    -0.000000    -0.000000     0.000023     0.006471     0.000051
   -0.000000    -0.000000     0.000000    -0.000000     0.000000     1.000000     0.000000     0.000000    -0.000000     0.000000    -0.000000     0.000000     0.000000     0.000000     0.000000     0.000000
    1.000000     0.000000    -0.000000    22.020000    -0.000000     0.000000     0.000000     0.000000     0.000000    -0.000000     0.000000     0.000000    -0.000000    -0.000000    -0.000000    -0.000000
    0.000000    -0.000000     0.000000    -0.000000     1.000000    -0.000000    -0.000000   -22.020000    -0.000000     0.000000    -0.000000    64.400000     0.000000     0.000000     0.000000     0.000000
   -0.000000     1.000000    -0.000000   -64.400000     0.000000     0.000000     0.000000     0.000000     0.000000    -0.000000     0.000000     0.000000    -0.000000    -0.000000    -0.000000    -0.000000
   -0.000000    -0.000000     0.000000    -0.000000     0.000000    -0.000000     1.000000    -0.000000    -0.000000     0.000000    -0.000000     0.000000     0.000000     0.000000     0.000000     0.000000
