u  w  q  the  v  p  r  phi  x  y  z  psi  |  slat  flap  aileron  elevator
   -0.020570     0.292400   -31.260000    -9.810000    -0.000000    -0.000000     0.000000     0.000000     0.000000    -0.000000     0.000000     0.000000    -0.000992     0.039120    -0.000000     0.020240
   -0.102500    -0.353300    54.590000    -0.000000     0.000000    -0.000000    -0.000000    -0.000000     0.000000    -0.000000     0.000000     0.000000     0.002468    -0.100200     0.000000    -0.039270
    0.024650    -0.048780    -0.959200     0.000000    -0.000966    -0.022860     0.022760     0.000000    -0.000000     0.000000    -0.000000     0.000000     0.000047    -0.010360     0.000326    -0.022550
   -0.000000    -0.000000     1.000000     0.000000     0.000000    -0.000000    -0.000000    -0.000000    -0.000000     0.000000    -0.000000     0.000000     0.000000     0.000000     0.000000     0.000000
   -0.000000    -0.000000     0.000000    -0.000000    -0.035450    31.550000   -56.380000     9.810000    -0.000000     0.000000    -0.000000    -0.000000     0.000000    -0.000000    -0.001633    -0.000000
    0.001112    -0.002200    -0.043260    -0.000000    -0.915900   -23.470000    20.330000    -0.000000     0.000000    -0.000000     0.000000    -0.000000     0.000002    -0.000467     0.319700    -0.001017
   -0.000055     0.000108     0.002121    -0.000000    -0.006474    -0.895000    -0.359600    -0.000000     0.000000    -0.000000     0.000000    -0.000000    -0.000000     0.000023     0.006643     0.000050
   -0.000000    -0.000000     0.000000     0.000000     0.000000     1.000000     0.000000     0.000000    -0.000000     0.000000    -0.000000     0.000000     0.000000     0.000000     0.000000     0.000000
    1.000000     0.000000    -0.000000    30.690000    -0.000000     0.000000     0.000000     0.000000     0.000000    -0.000000     0.000000     0.000000    -0.000000    -0.000000    -0.000000    -0.000000
    0.000000    -0.000000     0.000000    -0.000000     1.000000    -0.000000    -0.000000   -30.690000    -0.000000     0.000000    -0.000000    60.750000     0.000000     0.000000     0.000000     0.000000
   -0.000000     1.000000    -0.000000   -60.750000     0.000000     0.000000     0.000000     0.000000     0.000000    -0.000000     0.000000     0.000000    -0.000000    -0.000000    -0.000000    -0.000000
   -0.000000    -0.000000     0.000000     0.000000     0.000000    -0.000000     1.000000     0.000000    -0.000000     0.000000    -0.000000     0.000000     0.000000     0.000000     0.000000     0.000000

   -0.005575     0.180400   -23.870000    -9.810000    -0.000000    -0.000000     0.000000     0.000000     0.000000    -0.000000     0.000000     0.000000    -0.000930     0.039130     0.000000     0.021260
   -0.072840    -0.471200    93.230000    -0.000000     0.000000     0.000000     0.000000    -0.000000     0.000000    -0.000000     0.000000     0.000000     0.005385    -0.231400    -0.000000    -0.082220
    0.016850    -0.072250    -1.401000     0.000000    -0.001364    -0.046860     0.029270     0.000000    -0.000000     0.000000    -0.000000     0.000000     0.000083    -0.028010     0.001104    -0.054660
   -0.000000    -0.000000     1.000000     0.000000     0.000000    -0.000000    -0.000000     0.000000    -0.000000     0.000000    -0.000000     0.000000     0.000000     0.000000     0.000000     0.000000
    0.000000    -0.000000     0.000000    -0.000000    -0.050570    23.960000   -95.880000     9.810000    -0.000000     0.000000    -0.000000    -0.000000    -0.000000    -0.000000     0.000461    -0.000000
    0.000937    -0.004018    -0.077920    -0.000000    -1.056000   -38.470000    21.190000    -0.000000     0.000000    -0.000000     0.000000    -0.000000     0.000005    -0.001558     0.889300    -0.003040
   -0.000044     0.000190     0.003685    -0.000000     0.001436    -0.861200    -0.632200    -0.000000     0.000000    -0.000000     0.000000    -0.000000    -0.000000     0.000074     0.013160     0.000144
   -0.000000    -0.000000     0.000000    -0.000000     0.000000     1.000000     0.000000     0.000000    -0.000000     0.000000    -0.000000     0.000000     0.000000     0.000000     0.000000     0.000000
    1.000000     0.000000    -0.000000    23.580000    -0.000000     0.000000     0.000000     0.000000     0.000000    -0.000000     0.000000     0.000000    -0.000000    -0.000000    -0.000000    -0.000000
    0.000000    -0.000000     0.000000    -0.000000     1.000000    -0.000000    -0.000000   -23.580000    -0.000000     0.000000    -0.000000   101.100000     0.000000     0.000000     0.000000     0.000000
   -0.000000     1.000000    -0.000000  -101.100000     0.000000     0.000000     0.000000     0.000000     0.000000    -0.000000     0.000000     0.000000    -0.000000    -0.000000    -0.000000    -0.000000
   -0.000000    -0.000000     0.000000     0.000000     0.000000    -0.000000     1.000000     0.000000    -0.000000     0.000000    -0.000000     0.000000     0.000000     0.000000     0.000000     0.000000

   -0.001149     0.083580   -22.940000    -9.810000     0.000000     0.000000     0.000000     0.000000     0.000000    -0.000000     0.000000     0.000000    -0.000744     0.033620    -0.000000     0.021010
   -0.041980    -0.461100   199.100000    -0.000000    -0.000000     0.000000     0.000000    -0.000000     0.000000    -0.000000     0.000000     0.000000     0.010540    -0.478400    -0.000000    -0.157100
    0.011010    -0.099390    -1.886000     0.000000    -0.002520    -0.109000     0.049620     0.000000    -0.000000     0.000000    -0.000000     0.000000     0.000090    -0.084620     0.005242    -0.150900
   -0.000000    -0.000000     1.000000     0.000000     0.000000    -0.000000    -0.000000     0.000000    -0.000000     0.000000    -0.000000     0.000000     0.000000     0.000000     0.000000     0.000000
    0.000000    -0.000000    -0.000000    -0.000000    -0.047740    22.890000  -201.800000     9.810000    -0.000000     0.000000    -0.000000    -0.000000     0.000000    -0.000000     0.004624    -0.000000
    0.000989    -0.008934    -0.169500    -0.000000    -1.296000   -59.040000    23.790000    -0.000000     0.000000    -0.000000     0.000000    -0.000000     0.000008    -0.007606     2.817000    -0.013560
   -0.000042     0.000378     0.007171    -0.000000     0.008105    -0.891200    -0.871500    -0.000000     0.000000    -0.000000     0.000000    -0.000000    -0.000000     0.000322     0.033280     0.000574
   -0.000000    -0.000000     0.000000     0.000000     0.000000     1.000000     0.000000     0.000000    -0.000000     0.000000    -0.000000     0.000000     0.000000     0.000000     0.000000     0.000000
    1.000000     0.000000    -0.000000    22.860000    -0.000000     0.000000     0.000000     0.000000     0.000000    -0.000000     0.000000     0.000000    -0.000000    -0.000000    -0.000000    -0.000000
    0.000000    -0.000000     0.000000    -0.000000     1.000000    -0.000000    -0.000000   -22.860000    -0.000000     0.000000    -0.000000   206.400000     0.000000     0.000000     0.000000     0.000000
   -0.000000     1.000000    -0.000000  -206.400000     0.000000     0.000000     0.000000     0.000000     0.000000    -0.000000     0.000000     0.000000    -0.000000    -0.000000    -0.000000    -0.000000
   -0.000000    -0.000000     0.000000     0.000000     0.000000    -0.000000     1.000000     0.000000    -0.000000     0.000000    -0.000000     0.000000     0.000000     0.000000     0.000000     0.000000

   -0.000706     0.080520   -16.150000    -9.810000     0.000000    -0.000000    -0.000000     0.000000     0.000000    -0.000000     0.000000     0.000000    -0.000669     0.030440    -0.000000     0.020360
   -0.044790    -0.613100   197.300000    -0.000000    -0.000000    -0.000000    -0.000000    -0.000000     0.000000    -0.000000     0.000000     0.000000     0.014030    -0.640000    -0.000000    -0.208100
    0.007665    -0.098780    -1.873000     0.000000    -0.002371    -0.109800     0.045230     0.000000    -0.000000     0.000000    -0.000000     0.000000     0.000090    -0.085080     0.005297    -0.149900
   -0.000000    -0.000000     1.000000     0.000000     0.000000    -0.000000    -0.000000     0.000000    -0.000000     0.000000    -0.000000     0.000000     0.000000     0.000000     0.000000     0.000000
    0.000000    -0.000000    -0.000000    -0.000000    -0.064540    16.000000  -201.000000     9.810000    -0.000000     0.000000    -0.000000    -0.000000    -0.000000    -0.000000     0.007327    -0.000000
    0.000689    -0.008879    -0.168400    -0.000000    -1.212000   -59.260000    21.430000    -0.000000     0.000000    -0.000000     0.000000    -0.000000     0.000008    -0.007648     2.843000    -0.013470
   -0.000029     0.000376     0.007124    -0.000000     0.010530    -0.796400    -0.899200    -0.000000     0.000000    -0.000000     0.000000    -0.000000    -0.000000     0.000324     0.032120     0.000570
   -0.000000    -0.000000     0.000000     0.000000     0.000000     1.000000     0.000000     0.000000    -0.000000     0.000000    -0.000000     0.000000     0.000000     0.000000     0.000000     0.000000
    1.000000     0.000000    -0.000000    16.060000    -0.000000     0.000000     0.000000     0.000000     0.000000    -0.000000     0.000000     0.000000    -0.000000    -0.000000    -0.000000    -0.000000
    0.000000    -0.000000     0.000000    -0.000000     1.000000    -0.000000    -0.000000   -16.060000    -0.000000     0.000000    -0.000000   207.000000     0.000000     0.000000     0.000000     0.000000
   -0.000000     1.000000    -0.000000  -207.000000     0.000000     0.000000     0.000000     0.000000     0.000000    -0.000000     0.000000     0.000000    -0.000000    -0.000000    -0.000000    -0.000000
   -0.000000    -0.000000     0.000000     0.000000     0.000000    -0.000000     1.000000     0.000000    -0.000000     0.000000    -0.000000     0.000000     0.000000     0.000000     0.000000     0.000000

   -0.003660     0.176500   -17.340000    -9.810000     0.000000    -0.000000    -0.000000     0.000000     0.000000    -0.000000     0.000000     0.000000    -0.000894     0.037940     0.000000     0.021090
   -0.075000    -0.626800    91.900000    -0.000000     0.000000     0.000000     0.000000    -0.000000     0.000000    -0.000000     0.000000     0.000000     0.007235    -0.313700    -0.000000    -0.109400
    0.011970    -0.071850    -1.393000     0.000000    -0.001249    -0.047990     0.025800     0.000000    -0.000000     0.000000    -0.000000     0.000000     0.000083    -0.028690     0.001143    -0.054800
   -0.000000    -0.000000     1.000000     0.000000     0.000000    -0.000000    -0.000000    -0.000000    -0.000000     0.000000    -0.000000     0.000000     0.000000     0.000000     0.000000     0.000000
   -0.000000     0.000000     0.000000    -0.000000    -0.069540    17.320000   -95.490000     9.810000    -0.000000     0.000000    -0.000000    -0.000000    -0.000000     0.000000     0.001893    -0.000000
    0.000666    -0.003996    -0.077480    -0.000000    -0.958300   -39.030000    18.390000    -0.000000     0.000000    -0.000000     0.000000    -0.000000     0.000005    -0.001596     0.917700    -0.003047
   -0.000031     0.000189     0.003664    -0.000000     0.004763    -0.731300    -0.672000    -0.000000     0.000000    -0.000000     0.000000    -0.000000    -0.000000     0.000075     0.012440     0.000144
   -0.000000    -0.000000     0.000000     0.000000     0.000000     1.000000     0.000000     0.000000    -0.000000     0.000000    -0.000000     0.000000     0.000000     0.000000     0.000000     0.000000
    1.000000     0.000000    -0.000000    17.060000    -0.000000     0.000000     0.000000     0.000000     0.000000    -0.000000     0.000000     0.000000    -0.000000    -0.000000    -0.000000    -0.000000
    0.000000    -0.000000     0.000000    -0.000000     1.000000    -0.000000    -0.000000   -17.060000    -0.000000     0.000000    -0.000000   102.400000     0.000000     0.000000     0.000000     0.000000
   -0.000000     1.000000    -0.000000  -102.400000     0.000000     0.000000     0.000000     0.000000     0.000000    -0.000000     0.000000     0.000000    -0.000000    -0.000000    -0.000000    -0.000000
   -0.000000    -0.000000     0.000000     0.000000     0.000000    -0.000000     1.000000     0.000000    -0.000000     0.000000    -0.000000     0.000000     0.000000     0.000000     0.000000     0.000000

   -0.013320     0.285300   -22.840000    -9.810000    -0.000000    -0.000000     0.000000     0.000000     0.000000    -0.000000     0.000000     0.000000    -0.001000     0.040330    -0.000000     0.020940
   -0.103000    -0.487100    55.780000    -0.000000     0.000000    -0.000000    -0.000000    -0.000000     0.000000    -0.000000     0.000000     0.000000     0.003580    -0.148400     0.000000    -0.055820
    0.017150    -0.049520    -0.973600     0.000000    -0.000859    -0.024900     0.019320     0.000000    -0.000000     0.000000    -0.000000     0.000000     0.000050    -0.011570     0.000374    -0.024070
   -0.000000    -0.000000     1.000000     0.000000     0.000000    -0.000000    -0.000000    -0.000000    -0.000000     0.000000    -0.000000     0.000000     0.000000     0.000000     0.000000     0.000000
   -0.000000    -0.000000     0.000000    -0.000000    -0.052920    23.000000   -58.390000     9.810000    -0.000000     0.000000    -0.000000    -0.000000     0.000000    -0.000000    -0.000900    -0.000000
    0.000774    -0.002234    -0.043920    -0.000000    -0.805200   -24.960000    16.980000    -0.000000     0.000000    -0.000000     0.000000    -0.000000     0.000002    -0.000522     0.363500    -0.001086
   -0.000038     0.000110     0.002153    -0.000000    -0.002000    -0.725900    -0.420400    -0.000000     0.000000    -0.000000     0.000000    -0.000000    -0.000000     0.000026     0.006382     0.000053
   -0.000000    -0.000000     0.000000     0.000000     0.000000     1.000000     0.000000     0.000000    -0.000000     0.000000    -0.000000     0.000000     0.000000     0.000000     0.000000     0.000000
    1.000000     0.000000    -0.000000    22.270000    -0.000000     0.000000     0.000000     0.000000     0.000000    -0.000000     0.000000     0.000000    -0.000000    -0.000000    -0.000000    -0.000000
    0.000000    -0.000000     0.000000    -0.000000     1.000000    -0.000000    -0.000000   -22.270000    -0.000000     0.000000    -0.000000    64.310000     0.000000     0.000000     0.000000     0.000000
   -0.000000     1.000000    -0.000000   -64.310000     0.000000     0.000000     0.000000     0.000000     0.000000    -0.000000     0.000000     0.000000    -0.000000    -0.000000    -0.000000    -0.000000
   -0.000000    -0.000000     0.000000     0.000000     0.000000    -0.000000     1.000000     0.000000    -0.000000     0.000000    -0.000000     0.000000     0.000000     0.000000     0.000000     0.000000
