u  w  q  the  v  p  r  phi  x  y  z  psi  |  slat  flap  aileron  elevator
   -0.017690     0.287600   -30.740000    -9.810000    -0.000000    -0.000000     0.000000     0.000000     0.000000    -0.000000     0.000000     0.000000    -0.000976     0.038540    -0.000000     0.019180
   -0.105400    -0.355200    54.970000    -0.000000     0.000000    -0.000000    -0.000000    -0.000000     0.000000    -0.000000     0.000000     0.000000     0.002490    -0.101300     0.000000    -0.039510
    0.023240    -0.047120    -0.944700     0.000000    -0.001358    -0.033360     0.030780     0.000000    -0.000000     0.000000    -0.000000     0.000000     0.000025    -0.009778     0.000469    -0.022930
   -0.000000    -0.000000     1.000000     0.000000     0.000000    -0.000000    -0.000000     0.000000    -0.000000     0.000000    -0.000000     0.000000     0.000000     0.000000     0.000000     0.000000
   -0.000000    -0.000000    -0.000000    -0.000000    -0.035920    30.950000   -56.670000     9.810000    -0.000000     0.000000    -0.000000    -0.000000     0.000000    -0.000000    -0.001579    -0.000000
    0.001436    -0.002911    -0.058370    -0.000000    -0.882600   -22.750000    19.270000    -0.000000     0.000000    -0.000000     0.000000    -0.000000     0.000002    -0.000604     0.311400    -0.001416
   -0.000037     0.000076     0.001523    -0.000000    -0.006426    -0.895100    -0.369400    -0.000000     0.000000    -0.000000     0.000000    -0.000000    -0.000000     0.000016     0.006692     0.000037
   -0.000000    -0.000000     0.000000     0.000000     0.000000     1.000000     0.000000     0.000000    -0.000000     0.000000    -0.000000     0.000000     0.000000     0.000000     0.000000     0.000000
    1.000000     0.000000    -0.000000    30.110000    -0.000000     0.000000     0.000000     0.000000     0.000000    -0.000000     0.000000     0.000000    -0.000000    -0.000000    -0.000000    -0.000000
    0.000000    -0.000000     0.000000    -0.000000     1.000000    -0.000000    -0.000000   -30.110000    -0.000000     0.000000    -0.000000    61.040000     0.000000     0.000000     0.000000     0.000000
   -0.000000     1.000000    -0.000000   -61.040000     0.000000     0.000000     0.000000     0.000000     0.000000    -0.000000     0.000000     0.000000    -0.000000    -0.000000    -0.000000    -0.000000
   -0.000000    -0.000000     0.000000     0.000000     0.000000    -0.000000     1.000000     0.000000    -0.000000     0.000000    -0.000000     0.000000     0.000000     0.000000     0.000000     0.000000

   -0.004667     0.177500   -23.460000    -9.810000    -0.000000    -0.000000     0.000000     0.000000     0.000000    -0.000000     0.000000     0.000000    -0.000911     0.038360     0.000000     0.019950
   -0.074800    -0.471900    93.490000    -0.000000    -0.000000     0.000000    -0.000000    -0.000000     0.000000    -0.000000     0.000000     0.000000     0.005395    -0.232000    -0.000000    -0.082250
    0.015900    -0.069580    -1.385000     0.000000    -0.001897    -0.066800     0.039090     0.000000    -0.000000     0.000000    -0.000000     0.000000     0.000024    -0.026370     0.001564    -0.055630
   -0.000000    -0.000000     1.000000     0.000000     0.000000    -0.000000    -0.000000     0.000000    -0.000000     0.000000    -0.000000     0.000000     0.000000     0.000000     0.000000     0.000000
   -0.000000     0.000000    -0.000000    -0.000000    -0.050840    23.500000   -95.990000     9.810000    -0.000000     0.000000    -0.000000    -0.000000    -0.000000    -0.000000     0.000519    -0.000000
    0.001201    -0.005255    -0.104600    -0.000000    -1.008000   -36.830000    19.890000    -0.000000     0.000000    -0.000000     0.000000    -0.000000     0.000002    -0.001992     0.852200    -0.004201
   -0.000031     0.000134     0.002670    -0.000000     0.001644    -0.861600    -0.650700    -0.000000     0.000000    -0.000000     0.000000    -0.000000    -0.000000     0.000051     0.013150     0.000107
   -0.000000    -0.000000     0.000000    -0.000000     0.000000     1.000000     0.000000     0.000000    -0.000000     0.000000    -0.000000     0.000000     0.000000     0.000000     0.000000     0.000000
    1.000000     0.000000    -0.000000    23.130000    -0.000000     0.000000     0.000000     0.000000     0.000000    -0.000000     0.000000     0.000000    -0.000000    -0.000000    -0.000000    -0.000000
    0.000000    -0.000000     0.000000    -0.000000     1.000000    -0.000000    -0.000000   -23.130000    -0.000000     0.000000    -0.000000   101.200000     0.000000     0.000000     0.000000     0.000000
   -0.000000     1.000000    -0.000000  -101.200000     0.000000     0.000000     0.000000     0.000000     0.000000    -0.000000     0.000000     0.000000    -0.000000    -0.000000    -0.000000    -0.000000
   -0.000000    -0.000000     0.000000     0.000000     0.000000    -0.000000     1.000000    -0.000000    -0.000000     0.000000    -0.000000     0.000000     0.000000     0.000000     0.000000     0.000000

   -0.000914     0.082150   -22.500000    -9.810000     0.000000     0.000000    -0.000000     0.000000     0.000000    -0.000000     0.000000     0.000000    -0.000726     0.032830    -0.000000     0.019520
   -0.042990    -0.461400   199.300000    -0.000000    -0.000000     0.000000    -0.000000    -0.000000     0.000000    -0.000000     0.000000     0.000000     0.010540    -0.478700    -0.000000    -0.157000
    0.010530    -0.097080    -1.895000     0.000000    -0.003462    -0.152600     0.065420     0.000000    -0.000000     0.000000    -0.000000     0.000000    -0.000086    -0.081070     0.007324    -0.156300
   -0.000000    -0.000000     1.000000    -0.000000     0.000000    -0.000000    -0.000000    -0.000000    -0.000000     0.000000    -0.000000    -0.000000     0.000000     0.000000     0.000000     0.000000
    0.000000    -0.000000    -0.000000    -0.000000    -0.047880    22.420000  -201.900000     9.810000    -0.000000     0.000000    -0.000000    -0.000000     0.000000    -0.000000     0.004675    -0.000000
    0.001251    -0.011530    -0.225100    -0.000000    -1.205000   -54.980000    21.700000    -0.000000     0.000000    -0.000000     0.000000    -0.000000    -0.000010    -0.009628     2.624000    -0.018570
   -0.000030     0.000276     0.005381    -0.000000     0.008933    -0.887400    -0.916800    -0.000000     0.000000    -0.000000     0.000000    -0.000000     0.000000     0.000230     0.032890     0.000444
   -0.000000    -0.000000     0.000000     0.000000     0.000000     1.000000     0.000000    -0.000000    -0.000000     0.000000    -0.000000    -0.000000     0.000000     0.000000     0.000000     0.000000
    1.000000     0.000000    -0.000000    22.390000    -0.000000     0.000000     0.000000     0.000000     0.000000    -0.000000     0.000000     0.000000    -0.000000    -0.000000    -0.000000    -0.000000
    0.000000    -0.000000     0.000000    -0.000000     1.000000    -0.000000    -0.000000   -22.390000    -0.000000     0.000000    -0.000000   206.400000     0.000000     0.000000     0.000000     0.000000
   -0.000000     1.000000    -0.000000  -206.400000     0.000000     0.000000     0.000000     0.000000     0.000000    -0.000000     0.000000     0.000000    -0.000000    -0.000000    -0.000000    -0.000000
   -0.000000    -0.000000     0.000000     0.000000     0.000000    -0.000000     1.000000    -0.000000    -0.000000     0.000000    -0.000000    -0.000000     0.000000     0.000000     0.000000     0.000000

   -0.000538     0.079100   -15.820000    -9.810000     0.000000     0.000000    -0.000000     0.000000     0.000000    -0.000000     0.000000     0.000000    -0.000651     0.029650    -0.000000     0.018840
   -0.045810    -0.613300   197.600000    -0.000000    -0.000000    -0.000000     0.000000    -0.000000     0.000000    -0.000000     0.000000     0.000000     0.014030    -0.640200    -0.000000    -0.208000
    0.007316    -0.096380    -1.883000     0.000000    -0.003250    -0.153600     0.059390     0.000000    -0.000000     0.000000    -0.000000     0.000000    -0.000087    -0.081480     0.007394    -0.155300
   -0.000000    -0.000000     1.000000     0.000000     0.000000    -0.000000    -0.000000     0.000000    -0.000000     0.000000    -0.000000     0.000000     0.000000     0.000000     0.000000     0.000000
    0.000000    -0.000000    -0.000000    -0.000000    -0.064680    15.640000  -201.000000     9.810000    -0.000000     0.000000    -0.000000    -0.000000     0.000000    -0.000000     0.007377    -0.000000
    0.000869    -0.011450    -0.223600    -0.000000    -1.127000   -55.180000    19.540000    -0.000000     0.000000    -0.000000     0.000000    -0.000000    -0.000010    -0.009677     2.647000    -0.018450
   -0.000021     0.000274     0.005345    -0.000000     0.011360    -0.790100    -0.943400    -0.000000     0.000000    -0.000000     0.000000    -0.000000     0.000000     0.000231     0.031670     0.000441
   -0.000000    -0.000000     0.000000     0.000000     0.000000     1.000000     0.000000     0.000000    -0.000000     0.000000    -0.000000     0.000000     0.000000     0.000000     0.000000     0.000000
    1.000000     0.000000    -0.000000    15.710000    -0.000000     0.000000     0.000000     0.000000     0.000000    -0.000000     0.000000     0.000000    -0.000000    -0.000000    -0.000000    -0.000000
    0.000000    -0.000000     0.000000    -0.000000     1.000000    -0.000000    -0.000000   -15.710000    -0.000000     0.000000    -0.000000   207.000000     0.000000     0.000000     0.000000     0.000000
   -0.000000     1.000000    -0.000000  -207.000000     0.000000     0.000000     0.000000     0.000000     0.000000    -0.000000     0.000000     0.000000    -0.000000    -0.000000    -0.000000    -0.000000
   -0.000000    -0.000000     0.000000     0.000000     0.000000    -0.000000     1.000000     0.000000    -0.000000     0.000000    -0.000000     0.000000     0.000000     0.000000     0.000000     0.000000

   -0.003003     0.173700   -17.050000    -9.810000    -0.000000     0.000000    -0.000000     0.000000     0.000000    -0.000000     0.000000     0.000000    -0.000874     0.037150     0.000000     0.019720
   -0.076960    -0.627400    92.160000    -0.000000     0.000000     0.000000     0.000000    -0.000000     0.000000    -0.000000     0.000000     0.000000     0.007242    -0.314100    -0.000000    -0.109400
    0.011270    -0.069050    -1.377000     0.000000    -0.001732    -0.068120     0.034260     0.000000    -0.000000     0.000000    -0.000000     0.000000     0.000022    -0.026970     0.001615    -0.055760
   -0.000000    -0.000000     1.000000     0.000000     0.000000    -0.000000    -0.000000     0.000000    -0.000000     0.000000    -0.000000     0.000000     0.000000     0.000000     0.000000     0.000000
   -0.000000    -0.000000    -0.000000    -0.000000    -0.069810    16.970000   -95.570000     9.810000    -0.000000     0.000000    -0.000000    -0.000000    -0.000000    -0.000000     0.001950    -0.000000
    0.000851    -0.005215    -0.104000    -0.000000    -0.915500   -37.340000    17.260000    -0.000000     0.000000    -0.000000     0.000000    -0.000000     0.000002    -0.002037     0.878400    -0.004211
   -0.000022     0.000133     0.002655    -0.000000     0.004971    -0.730500    -0.689800    -0.000000     0.000000    -0.000000     0.000000    -0.000000    -0.000000     0.000052     0.012410     0.000107
   -0.000000    -0.000000     0.000000    -0.000000     0.000000     1.000000     0.000000     0.000000    -0.000000     0.000000    -0.000000     0.000000     0.000000     0.000000     0.000000     0.000000
    1.000000     0.000000    -0.000000    16.730000    -0.000000     0.000000     0.000000     0.000000     0.000000    -0.000000     0.000000     0.000000    -0.000000    -0.000000    -0.000000    -0.000000
    0.000000    -0.000000     0.000000    -0.000000     1.000000    -0.000000    -0.000000   -16.730000    -0.000000     0.000000    -0.000000   102.500000     0.000000     0.000000     0.000000     0.000000
   -0.000000     1.000000    -0.000000  -102.500000     0.000000     0.000000     0.000000     0.000000     0.000000    -0.000000     0.000000     0.000000    -0.000000    -0.000000    -0.000000    -0.000000
   -0.000000    -0.000000     0.000000     0.000000     0.000000    -0.000000     1.000000    -0.000000    -0.000000     0.000000    -0.000000     0.000000     0.000000     0.000000     0.000000     0.000000

   -0.011340     0.280800   -22.480000    -9.810000    -0.000000     0.000000     0.000000     0.000000     0.000000    -0.000000     0.000000     0.000000    -0.000982     0.039620    -0.000000     0.019760
   -0.105900    -0.488500    56.070000    -0.000000     0.000000    -0.000000    -0.000000    -0.000000     0.000000    -0.000000     0.000000     0.000000     0.003595    -0.149100     0.000000    -0.055950
    0.016130    -0.047580    -0.957500     0.000000    -0.001202    -0.035890     0.025970     0.000000    -0.000000     0.000000    -0.000000     0.000000     0.000025    -0.010850     0.000533    -0.024380
   -0.000000    -0.000000     1.000000     0.000000     0.000000    -0.000000    -0.000000     0.000000    -0.000000     0.000000    -0.000000     0.000000     0.000000     0.000000     0.000000     0.000000
   -0.000000    -0.000000    -0.000000    -0.000000    -0.053330    22.560000   -58.550000     9.810000    -0.000000     0.000000    -0.000000    -0.000000     0.000000    -0.000000    -0.000841    -0.000000
    0.000997    -0.002940    -0.059160    -0.000000    -0.775800   -24.130000    16.090000    -0.000000     0.000000    -0.000000     0.000000    -0.000000     0.000002    -0.000671     0.352100    -0.001506
   -0.000026     0.000077     0.001544    -0.000000    -0.001943    -0.725400    -0.429900    -0.000000     0.000000    -0.000000     0.000000    -0.000000    -0.000000     0.000017     0.006400     0.000039
   -0.000000    -0.000000     0.000000    -0.000000     0.000000     1.000000     0.000000     0.000000    -0.000000     0.000000    -0.000000     0.000000     0.000000     0.000000     0.000000     0.000000
    1.000000     0.000000    -0.000000    21.850000    -0.000000     0.000000     0.000000     0.000000     0.000000    -0.000000     0.000000     0.000000    -0.000000    -0.000000    -0.000000    -0.000000
    0.000000    -0.000000     0.000000    -0.000000     1.000000    -0.000000    -0.000000   -21.850000    -0.000000     0.000000    -0.000000    64.450000     0.000000     0.000000     0.000000     0.000000
   -0.000000     1.000000    -0.000000   -64.450000     0.000000     0.000000     0.000000     0.000000     0.000000    -0.000000     0.000000     0.000000    -0.000000    -0.000000    -0.000000    -0.000000
   -0.000000    -0.000000     0.000000    -0.000000     0.000000    -0.000000     1.000000    -0.000000    -0.000000     0.000000    -0.000000     0.000000     0.000000     0.000000     0.000000     0.000000
