u  w  q  the  v  p  r  phi  x  y  z  psi  |  slat  flap  aileron  elevator
   -0.009302     0.271400   -28.980000    -9.810000    -0.000000    -0.000000     0.000000     0.000000     0.000000    -0.000000     0.000000     0.000000    -0.000918     0.036480    -0.000000     0.015420
   -0.115400    -0.361500    56.250000    -0.000000     0.000000     0.000000    -0.000000    -0.000000     0.000000    -0.000000     0.000000     0.000000     0.002563    -0.104600     0.000000    -0.040260
    0.016780    -0.036980    -0.831500     0.000000    -0.000864    -0.020680     0.019270     0.000000    -0.000000     0.000000    -0.000000     0.000000    -0.000062    -0.006678     0.000303    -0.022370
   -0.000000    -0.000000     1.000000     0.000000     0.000000    -0.000000    -0.000000     0.000000    -0.000000     0.000000    -0.000000     0.000000     0.000000     0.000000     0.000000     0.000000
   -0.000000    -0.000000    -0.000000    -0.000000    -0.037560    28.890000   -57.600000     9.810000    -0.000000     0.000000    -0.000000    -0.000000     0.000000    -0.000000    -0.001391    -0.000000
    0.000638    -0.001406    -0.031620    -0.000000    -0.929300   -24.380000    19.150000    -0.000000     0.000000    -0.000000     0.000000    -0.000000    -0.000002    -0.000254     0.339300    -0.000851
   -0.000044     0.000097     0.002188    -0.000000    -0.007707    -0.878500    -0.336400    -0.000000     0.000000    -0.000000     0.000000    -0.000000     0.000000     0.000018     0.007039     0.000059
   -0.000000    -0.000000     0.000000    -0.000000     0.000000     1.000000     0.000000     0.000000    -0.000000     0.000000    -0.000000     0.000000     0.000000     0.000000     0.000000     0.000000
    1.000000     0.000000    -0.000000    28.120000    -0.000000     0.000000     0.000000     0.000000     0.000000    -0.000000     0.000000     0.000000    -0.000000    -0.000000    -0.000000    -0.000000
    0.000000    -0.000000     0.000000    -0.000000     1.000000    -0.000000    -0.000000   -28.120000    -0.000000     0.000000    -0.000000    61.980000     0.000000     0.000000     0.000000     0.000000
   -0.000000     1.000000    -0.000000   -61.980000     0.000000     0.000000     0.000000     0.000000     0.000000    -0.000000     0.000000     0.000000    -0.000000    -0.000000    -0.000000    -0.000000
   -0.000000    -0.000000     0.000000     0.000000     0.000000    -0.000000     1.000000    -0.000000    -0.000000     0.000000    -0.000000     0.000000     0.000000     0.000000     0.000000     0.000000

   -0.002045     0.167500   -22.050000    -9.810000    -0.000000     0.000000    -0.000000     0.000000     0.000000    -0.000000     0.000000     0.000000    -0.000846     0.035710     0.000000     0.015340
   -0.081620    -0.474200    94.350000    -0.000000     0.000000     0.000000     0.000000    -0.000000     0.000000    -0.000000     0.000000     0.000000     0.005429    -0.233700    -0.000000    -0.082320
    0.011230    -0.052830    -1.217000     0.000000    -0.001242    -0.042540     0.025240     0.000000    -0.000000     0.000000    -0.000000     0.000000    -0.000200    -0.017640     0.001011    -0.053820
   -0.000000    -0.000000     1.000000     0.000000     0.000000    -0.000000    -0.000000     0.000000    -0.000000     0.000000    -0.000000     0.000000     0.000000     0.000000     0.000000     0.000000
   -0.000000    -0.000000    -0.000000    -0.000000    -0.051790    21.910000   -96.380000     9.810000    -0.000000     0.000000    -0.000000    -0.000000     0.000000    -0.000000     0.000717    -0.000000
    0.000528    -0.002485    -0.057250    -0.000000    -1.073000   -39.430000    19.910000    -0.000000     0.000000    -0.000000     0.000000    -0.000000    -0.000009    -0.000830     0.915800    -0.002532
   -0.000036     0.000168     0.003858    -0.000000    -0.000539    -0.884500    -0.606100    -0.000000     0.000000    -0.000000     0.000000    -0.000000     0.000001     0.000056     0.014230     0.000171
   -0.000000    -0.000000     0.000000     0.000000     0.000000     1.000000     0.000000     0.000000    -0.000000     0.000000    -0.000000     0.000000     0.000000     0.000000     0.000000     0.000000
    1.000000     0.000000    -0.000000    21.580000    -0.000000     0.000000     0.000000     0.000000     0.000000    -0.000000     0.000000     0.000000    -0.000000    -0.000000    -0.000000    -0.000000
    0.000000    -0.000000     0.000000    -0.000000     1.000000    -0.000000    -0.000000   -21.580000    -0.000000     0.000000    -0.000000   101.600000     0.000000     0.000000     0.000000     0.000000
   -0.000000     1.000000    -0.000000  -101.600000     0.000000     0.000000     0.000000     0.000000     0.000000    -0.000000     0.000000     0.000000    -0.000000    -0.000000    -0.000000    -0.000000
   -0.000000    -0.000000     0.000000     0.000000     0.000000    -0.000000     1.000000    -0.000000    -0.000000     0.000000    -0.000000     0.000000     0.000000     0.000000     0.000000     0.000000

   -0.000250     0.077250   -20.960000    -9.810000     0.000000    -0.000000    -0.000000     0.000000     0.000000    -0.000000     0.000000     0.000000    -0.000664     0.030120    -0.000000     0.014350
   -0.046500    -0.462100   200.000000    -0.000000    -0.000000     0.000000     0.000000    -0.000000     0.000000    -0.000000     0.000000     0.000000     0.010560    -0.479600    -0.000000    -0.156700
    0.007405    -0.073610    -1.691000     0.000000    -0.002412    -0.103600     0.044900     0.000000    -0.000000     0.000000    -0.000000     0.000000    -0.000751    -0.055260     0.004997    -0.153900
   -0.000000    -0.000000     1.000000     0.000000     0.000000    -0.000000    -0.000000     0.000000    -0.000000     0.000000    -0.000000     0.000000     0.000000     0.000000     0.000000     0.000000
    0.000000    -0.000000    -0.000000    -0.000000    -0.048350    20.800000  -202.100000     9.810000    -0.000000     0.000000    -0.000000    -0.000000     0.000000    -0.000000     0.004850    -0.000000
    0.000569    -0.005658    -0.130000    -0.000000    -1.333000   -61.000000    22.450000    -0.000000     0.000000    -0.000000     0.000000    -0.000000    -0.000058    -0.004247     2.914000    -0.011830
   -0.000035     0.000351     0.008053    -0.000000     0.005420    -0.990300    -0.865600    -0.000000     0.000000    -0.000000     0.000000    -0.000000     0.000004     0.000263     0.038320     0.000733
   -0.000000    -0.000000     0.000000    -0.000000     0.000000     1.000000     0.000000     0.000000    -0.000000     0.000000    -0.000000     0.000000     0.000000     0.000000     0.000000     0.000000
    1.000000     0.000000    -0.000000    20.780000    -0.000000     0.000000     0.000000     0.000000     0.000000    -0.000000     0.000000     0.000000    -0.000000    -0.000000    -0.000000    -0.000000
    0.000000    -0.000000     0.000000    -0.000000     1.000000    -0.000000    -0.000000   -20.780000    -0.000000     0.000000    -0.000000   206.600000     0.000000     0.000000     0.000000     0.000000
   -0.000000     1.000000    -0.000000  -206.600000     0.000000     0.000000     0.000000     0.000000     0.000000    -0.000000     0.000000     0.000000    -0.000000    -0.000000    -0.000000    -0.000000
   -0.000000    -0.000000     0.000000    -0.000000     0.000000    -0.000000     1.000000    -0.000000    -0.000000     0.000000    -0.000000     0.000000     0.000000     0.000000     0.000000     0.000000

   -0.000071     0.074200   -14.680000    -9.810000     0.000000     0.000000     0.000000     0.000000     0.000000    -0.000000     0.000000     0.000000    -0.000589     0.026900    -0.000000     0.013610
   -0.049320    -0.614000   198.300000    -0.000000    -0.000000     0.000000     0.000000    -0.000000     0.000000    -0.000000     0.000000     0.000000     0.014040    -0.640900    -0.000000    -0.207600
    0.005095    -0.072720    -1.681000     0.000000    -0.002273    -0.104400     0.040990     0.000000    -0.000000     0.000000    -0.000000     0.000000    -0.000755    -0.055430     0.005044    -0.153100
   -0.000000    -0.000000     1.000000     0.000000     0.000000    -0.000000    -0.000000    -0.000000    -0.000000     0.000000    -0.000000     0.000000     0.000000     0.000000     0.000000     0.000000
    0.000000    -0.000000    -0.000000    -0.000000    -0.065140    14.420000  -201.200000     9.810000    -0.000000     0.000000    -0.000000    -0.000000     0.000000    -0.000000     0.007550    -0.000000
    0.000392    -0.005589    -0.129200    -0.000000    -1.247000   -61.190000    20.180000    -0.000000     0.000000    -0.000000     0.000000    -0.000000    -0.000058    -0.004261     2.937000    -0.011770
   -0.000024     0.000346     0.008003    -0.000000     0.007881    -0.897700    -0.894000    -0.000000     0.000000    -0.000000     0.000000    -0.000000     0.000004     0.000264     0.037170     0.000729
   -0.000000    -0.000000     0.000000     0.000000     0.000000     1.000000     0.000000     0.000000    -0.000000     0.000000    -0.000000     0.000000     0.000000     0.000000     0.000000     0.000000
    1.000000     0.000000    -0.000000    14.510000    -0.000000     0.000000     0.000000     0.000000     0.000000    -0.000000     0.000000     0.000000    -0.000000    -0.000000    -0.000000    -0.000000
    0.000000    -0.000000     0.000000    -0.000000     1.000000    -0.000000    -0.000000   -14.510000    -0.000000     0.000000    -0.000000   207.100000     0.000000     0.000000     0.000000     0.000000
   -0.000000     1.000000    -0.000000  -207.100000     0.000000     0.000000     0.000000     0.000000     0.000000    -0.000000     0.000000     0.000000    -0.000000    -0.000000    -0.000000    -0.000000
   -0.000000    -0.000000     0.000000     0.000000     0.000000    -0.000000     1.000000     0.000000    -0.000000     0.000000    -0.000000     0.000000     0.000000     0.000000     0.000000     0.000000

   -0.001121     0.163800   -16.030000    -9.810000     0.000000     0.000000    -0.000000     0.000000     0.000000    -0.000000     0.000000     0.000000    -0.000808     0.034390     0.000000     0.014990
   -0.083750    -0.629100    93.040000    -0.000000     0.000000     0.000000     0.000000    -0.000000     0.000000    -0.000000     0.000000     0.000000     0.007265    -0.315300    -0.000000    -0.109300
    0.007879    -0.051920    -1.210000     0.000000    -0.001140    -0.043540     0.022300     0.000000    -0.000000     0.000000    -0.000000     0.000000    -0.000206    -0.017950     0.001042    -0.053910
   -0.000000    -0.000000     1.000000    -0.000000     0.000000    -0.000000    -0.000000    -0.000000    -0.000000     0.000000    -0.000000    -0.000000     0.000000     0.000000     0.000000     0.000000
   -0.000000    -0.000000     0.000000    -0.000000    -0.070730    15.780000   -95.820000     9.810000    -0.000000     0.000000    -0.000000    -0.000000    -0.000000    -0.000000     0.002145    -0.000000
    0.000371    -0.002442    -0.056910    -0.000000    -0.974700   -39.910000    17.240000    -0.000000     0.000000    -0.000000     0.000000    -0.000000    -0.000010    -0.000844     0.940700    -0.002536
   -0.000025     0.000165     0.003835    -0.000000     0.002725    -0.762400    -0.645600    -0.000000     0.000000    -0.000000     0.000000    -0.000000     0.000001     0.000057     0.013540     0.000171
   -0.000000    -0.000000     0.000000     0.000000     0.000000     1.000000     0.000000    -0.000000    -0.000000     0.000000    -0.000000    -0.000000     0.000000     0.000000     0.000000     0.000000
    1.000000     0.000000    -0.000000    15.580000    -0.000000     0.000000     0.000000     0.000000     0.000000    -0.000000     0.000000     0.000000    -0.000000    -0.000000    -0.000000    -0.000000
    0.000000    -0.000000     0.000000    -0.000000     1.000000    -0.000000    -0.000000   -15.580000    -0.000000     0.000000    -0.000000   102.700000     0.000000     0.000000     0.000000     0.000000
   -0.000000     1.000000    -0.000000  -102.700000     0.000000     0.000000     0.000000     0.000000     0.000000    -0.000000     0.000000     0.000000    -0.000000    -0.000000    -0.000000    -0.000000
   -0.000000    -0.000000     0.000000     0.000000     0.000000    -0.000000     1.000000    -0.000000    -0.000000     0.000000    -0.000000    -0.000000     0.000000     0.000000     0.000000     0.000000

   -0.005589     0.265200   -21.250000    -9.810000    -0.000000     0.000000     0.000000     0.000000     0.000000    -0.000000     0.000000     0.000000    -0.000917     0.037140    -0.000000     0.015600
   -0.115900    -0.493000    57.050000    -0.000000     0.000000    -0.000000    -0.000000    -0.000000     0.000000    -0.000000     0.000000     0.000000     0.003643    -0.151500     0.000000    -0.056320
    0.011480    -0.036530    -0.839500     0.000000    -0.000770    -0.022340     0.016410     0.000000    -0.000000     0.000000    -0.000000     0.000000    -0.000070    -0.007257     0.000340    -0.023540
   -0.000000    -0.000000     1.000000     0.000000     0.000000    -0.000000    -0.000000    -0.000000    -0.000000     0.000000    -0.000000     0.000000     0.000000     0.000000     0.000000     0.000000
   -0.000000    -0.000000     0.000000    -0.000000    -0.054820    21.060000   -59.050000     9.810000    -0.000000     0.000000    -0.000000    -0.000000    -0.000000    -0.000000    -0.000640    -0.000000
    0.000437    -0.001389    -0.031930    -0.000000    -0.816500   -25.640000    15.960000    -0.000000     0.000000    -0.000000     0.000000    -0.000000    -0.000003    -0.000276     0.377200    -0.000895
   -0.000030     0.000096     0.002209    -0.000000    -0.003321    -0.722400    -0.397200    -0.000000     0.000000    -0.000000     0.000000    -0.000000     0.000000     0.000019     0.006751     0.000062
   -0.000000    -0.000000     0.000000     0.000000     0.000000     1.000000     0.000000     0.000000    -0.000000     0.000000    -0.000000     0.000000     0.000000     0.000000     0.000000     0.000000
    1.000000     0.000000    -0.000000    20.410000    -0.000000     0.000000     0.000000     0.000000     0.000000    -0.000000     0.000000     0.000000    -0.000000    -0.000000    -0.000000    -0.000000
    0.000000    -0.000000     0.000000    -0.000000     1.000000    -0.000000    -0.000000   -20.410000    -0.000000     0.000000    -0.000000    64.930000     0.000000     0.000000     0.000000     0.000000
   -0.000000     1.000000    -0.000000   -64.930000     0.000000     0.000000     0.000000     0.000000     0.000000    -0.000000     0.000000     0.000000    -0.000000    -0.000000    -0.000000    -0.000000
   -0.000000    -0.000000     0.000000     0.000000     0.000000    -0.000000     1.000000     0.000000    -0.000000     0.000000    -0.000000     0.000000     0.000000     0.000000     0.000000     0.000000
