u  w  q  the  v  p  r  phi  x  y  z  psi  |  slat  flap  aileron  elevator
   -0.000354     0.079550   -13.570000    -9.810000    -0.000015    -0.000159    -0.000008     0.000000     0.000000    -0.000000     0.000000     0.000000    -0.000753     0.025870     0.000009     0.021280
   -0.046380    -0.716100   200.600000    -0.000000     0.000110     0.000835     0.000110    -0.000000     0.000000    -0.000000     0.000000     0.000000     0.018600    -0.678300    -0.000006    -0.321000
    0.014240    -0.217400    -3.050000     0.000000     0.001841    -0.332000    -0.009184     0.000000    -0.000000     0.000000    -0.000000     0.000000    -0.002279    -0.094730     0.025000    -0.430100
   -0.000000    -0.000000     1.000000     0.000000     0.000000    -0.000000    -0.000000     0.000000    -0.000000     0.000000    -0.000000     0.000000     0.000000     0.000000     0.000000     0.000000
    0.000002     0.000022     0.000009    -0.000000    -0.076090    13.620000  -204.400000     9.810000    -0.000000     0.000000    -0.000000    -0.000000    -0.000000     0.000005    -0.002058     0.000000
    0.001954    -0.029850    -0.423300    -0.000000    -0.039190    -8.158000     1.722000    -0.000000     0.000000    -0.000000     0.000000    -0.000000    -0.000321    -0.013090     0.636300    -0.059700
    0.001027    -0.015660    -0.219900    -0.000000     0.044720     0.018910    -1.036000    -0.000000     0.000000    -0.000000     0.000000    -0.000000    -0.000165    -0.006823    -0.013200    -0.031010
   -0.000000    -0.000000     0.000000     0.000000     0.000000     1.000000     0.000000     0.000000    -0.000000     0.000000    -0.000000     0.000000     0.000000     0.000000     0.000000     0.000000
    1.000000     0.000000    -0.000000    13.570000    -0.000000     0.000000     0.000000     0.000000     0.000000    -0.000000     0.000000     0.000000    -0.000000    -0.000000    -0.000000    -0.000000
    0.000000    -0.000000     0.000000    -0.000000     1.000000    -0.000000    -0.000000   -13.570000    -0.000000     0.000000    -0.000000   207.200000     0.000000     0.000000     0.000000     0.000000
   -0.000000     1.000000    -0.000000  -207.200000     0.000000     0.000000     0.000000     0.000000     0.000000    -0.000000     0.000000     0.000000    -0.000000    -0.000000    -0.000000    -0.000000
   -0.000000    -0.000000     0.000000     0.000000     0.000000    -0.000000     1.000000     0.000000    -0.000000     0.000000    -0.000000     0.000000     0.000000     0.000000     0.000000     0.000000
