u  w  q  the  v  p  r  phi  x  y  z  psi  |  slat  flap  aileron  elevator
   -0.011910     0.276900   -29.580000    -9.810000    -0.000000     0.000000     0.000000     0.000000     0.000000    -0.000000     0.000000     0.000000    -0.000938     0.037200    -0.000000     0.016730
   -0.111900    -0.359400    55.820000    -0.000000     0.000000    -0.000000    -0.000000    -0.000000     0.000000    -0.000000     0.000000     0.000000     0.002539    -0.103500     0.000000    -0.040020
    0.019170    -0.041050    -0.878500     0.000000    -0.003477    -0.093000     0.071440     0.000000    -0.000000     0.000000    -0.000000     0.000000    -0.000031    -0.007880     0.001270    -0.022840
   -0.000000    -0.000000     1.000000     0.000000     0.000000    -0.000000    -0.000000     0.000000    -0.000000     0.000000    -0.000000     0.000000     0.000000     0.000000     0.000000     0.000000
    0.000000     0.000000     0.000000    -0.000000    -0.036990    29.590000   -57.290000     9.810000    -0.000000     0.000000    -0.000000    -0.000000     0.000000    -0.000000    -0.001456    -0.000000
    0.002975    -0.006370    -0.136300    -0.000000    -0.476500   -12.430000    10.020000    -0.000000     0.000000    -0.000000     0.000000    -0.000000    -0.000005    -0.001223     0.172100    -0.003544
    0.000102    -0.000218    -0.004674    -0.000000    -0.001967    -0.737100    -0.452400    -0.000000     0.000000    -0.000000     0.000000    -0.000000    -0.000000    -0.000042     0.004952    -0.000121
   -0.000000    -0.000000     0.000000     0.000000     0.000000     1.000000     0.000000     0.000000    -0.000000     0.000000    -0.000000     0.000000     0.000000     0.000000     0.000000     0.000000
    1.000000     0.000000    -0.000000    28.800000    -0.000000     0.000000     0.000000     0.000000     0.000000    -0.000000     0.000000     0.000000    -0.000000    -0.000000    -0.000000    -0.000000
    0.000000    -0.000000     0.000000    -0.000000     1.000000    -0.000000    -0.000000   -28.800000    -0.000000     0.000000    -0.000000    61.670000     0.000000     0.000000     0.000000     0.000000
   -0.000000     1.000000    -0.000000   -61.670000     0.000000     0.000000     0.000000     0.000000     0.000000    -0.000000     0.000000     0.000000    -0.000000    -0.000000    -0.000000    -0.000000
   -0.000000    -0.000000     0.000000     0.000000     0.000000    -0.000000     1.000000     0.000000    -0.000000     0.000000    -0.000000     0.000000     0.000000     0.000000     0.000000     0.000000

   -0.002854     0.170900   -22.540000    -9.810000    -0.000000    -0.000000     0.000000     0.000000     0.000000    -0.000000     0.000000     0.000000    -0.000869     0.036620     0.000000     0.016930
   -0.079270    -0.473400    94.050000    -0.000000     0.000000     0.000000    -0.000000    -0.000000     0.000000    -0.000000     0.000000     0.000000     0.005418    -0.233100    -0.000000    -0.082300
    0.012980    -0.059570    -1.289000     0.000000    -0.004340    -0.162700     0.079760     0.000000    -0.000000     0.000000    -0.000000     0.000000    -0.000123    -0.021020     0.003748    -0.055240
   -0.000000    -0.000000     1.000000     0.000000     0.000000    -0.000000    -0.000000     0.000000    -0.000000     0.000000    -0.000000     0.000000     0.000000     0.000000     0.000000     0.000000
   -0.000000    -0.000000    -0.000000    -0.000000    -0.051460    22.450000   -96.250000     9.810000    -0.000000     0.000000    -0.000000    -0.000000    -0.000000     0.000000     0.000649    -0.000000
    0.002234    -0.010250    -0.221800    -0.000000    -0.493800   -18.100000     9.358000    -0.000000     0.000000    -0.000000     0.000000    -0.000000    -0.000021    -0.003616     0.419900    -0.009504
    0.000081    -0.000370    -0.008014    -0.000000     0.006829    -0.621000    -0.736900    -0.000000     0.000000    -0.000000     0.000000    -0.000000    -0.000001    -0.000131     0.008031    -0.000343
   -0.000000    -0.000000     0.000000     0.000000     0.000000     1.000000     0.000000     0.000000    -0.000000     0.000000    -0.000000     0.000000     0.000000     0.000000     0.000000     0.000000
    1.000000     0.000000    -0.000000    22.110000    -0.000000     0.000000     0.000000     0.000000     0.000000    -0.000000     0.000000     0.000000    -0.000000    -0.000000    -0.000000    -0.000000
    0.000000    -0.000000     0.000000    -0.000000     1.000000    -0.000000    -0.000000   -22.110000    -0.000000     0.000000    -0.000000   101.500000     0.000000     0.000000     0.000000     0.000000
   -0.000000     1.000000    -0.000000  -101.500000     0.000000     0.000000     0.000000     0.000000     0.000000    -0.000000     0.000000     0.000000    -0.000000    -0.000000    -0.000000    -0.000000
   -0.000000    -0.000000     0.000000     0.000000     0.000000    -0.000000     1.000000     0.000000    -0.000000     0.000000    -0.000000     0.000000     0.000000     0.000000     0.000000     0.000000

   -0.000451     0.078930   -21.490000    -9.810000     0.000000     0.000000     0.000000     0.000000     0.000000    -0.000000     0.000000     0.000000    -0.000685     0.031050    -0.000000     0.016120
   -0.045300    -0.461800   199.700000    -0.000000    -0.000000     0.000000     0.000000    -0.000000     0.000000    -0.000000     0.000000     0.000000     0.010550    -0.479300    -0.000000    -0.156800
    0.008656    -0.083790    -1.796000     0.000000    -0.006137    -0.288300     0.101100     0.000000    -0.000000     0.000000    -0.000000     0.000000    -0.000526    -0.065880     0.013710    -0.158300
   -0.000000    -0.000000     1.000000     0.000000     0.000000    -0.000000    -0.000000     0.000000    -0.000000     0.000000    -0.000000     0.000000     0.000000     0.000000     0.000000     0.000000
   -0.000000    -0.000000    -0.000000    -0.000000    -0.048180    21.350000  -202.000000     9.810000    -0.000000     0.000000    -0.000000    -0.000000     0.000000    -0.000000     0.004790    -0.000000
    0.001812    -0.017540    -0.376000    -0.000000    -0.457300   -20.900000     7.886000    -0.000000     0.000000    -0.000000     0.000000    -0.000000    -0.000110    -0.013790     0.998300    -0.033130
    0.000075    -0.000729    -0.015640    -0.000000     0.016200    -0.490100    -1.030000    -0.000000     0.000000    -0.000000     0.000000    -0.000000    -0.000005    -0.000574     0.014460    -0.001378
   -0.000000    -0.000000     0.000000     0.000000     0.000000     1.000000     0.000000     0.000000    -0.000000     0.000000    -0.000000     0.000000     0.000000     0.000000     0.000000     0.000000
    1.000000     0.000000    -0.000000    21.330000    -0.000000     0.000000     0.000000     0.000000     0.000000    -0.000000     0.000000     0.000000    -0.000000    -0.000000    -0.000000    -0.000000
    0.000000    -0.000000     0.000000    -0.000000     1.000000    -0.000000    -0.000000   -21.330000    -0.000000     0.000000    -0.000000   206.500000     0.000000     0.000000     0.000000     0.000000
   -0.000000     1.000000    -0.000000  -206.500000     0.000000     0.000000     0.000000     0.000000     0.000000    -0.000000     0.000000     0.000000    -0.000000    -0.000000    -0.000000    -0.000000
   -0.000000    -0.000000     0.000000     0.000000     0.000000    -0.000000     1.000000     0.000000    -0.000000     0.000000    -0.000000     0.000000     0.000000     0.000000     0.000000     0.000000

   -0.000211     0.075880   -15.070000    -9.810000     0.000000    -0.000000     0.000000     0.000000     0.000000    -0.000000     0.000000     0.000000    -0.000610     0.027850    -0.000000     0.015410
   -0.048110    -0.613700   198.100000    -0.000000    -0.000000     0.000000    -0.000000    -0.000000     0.000000    -0.000000     0.000000     0.000000     0.014040    -0.640700    -0.000000    -0.207800
    0.005978    -0.082950    -1.785000     0.000000    -0.005725    -0.288700     0.090200     0.000000    -0.000000     0.000000    -0.000000     0.000000    -0.000530    -0.066140     0.013820    -0.157400
   -0.000000    -0.000000     1.000000     0.000000     0.000000    -0.000000    -0.000000     0.000000    -0.000000     0.000000    -0.000000     0.000000     0.000000     0.000000     0.000000     0.000000
    0.000000    -0.000000    -0.000000    -0.000000    -0.064980    14.840000  -201.100000     9.810000    -0.000000     0.000000    -0.000000    -0.000000     0.000000    -0.000000     0.007491    -0.000000
    0.001251    -0.017360    -0.373600    -0.000000    -0.427800   -20.970000     7.092000    -0.000000     0.000000    -0.000000     0.000000    -0.000000    -0.000111    -0.013840     1.006000    -0.032940
    0.000052    -0.000722    -0.015540    -0.000000     0.017970    -0.396500    -1.040000    -0.000000     0.000000    -0.000000     0.000000    -0.000000    -0.000005    -0.000576     0.013140    -0.001370
   -0.000000    -0.000000     0.000000    -0.000000     0.000000     1.000000     0.000000     0.000000    -0.000000     0.000000    -0.000000     0.000000     0.000000     0.000000     0.000000     0.000000
    1.000000     0.000000    -0.000000    14.920000    -0.000000     0.000000     0.000000     0.000000     0.000000    -0.000000     0.000000     0.000000    -0.000000    -0.000000    -0.000000    -0.000000
    0.000000    -0.000000     0.000000    -0.000000     1.000000    -0.000000    -0.000000   -14.920000    -0.000000     0.000000    -0.000000   207.100000     0.000000     0.000000     0.000000     0.000000
   -0.000000     1.000000    -0.000000  -207.100000     0.000000     0.000000     0.000000     0.000000     0.000000    -0.000000     0.000000     0.000000    -0.000000    -0.000000    -0.000000    -0.000000
   -0.000000    -0.000000     0.000000     0.000000     0.000000    -0.000000     1.000000    -0.000000    -0.000000     0.000000    -0.000000     0.000000     0.000000     0.000000     0.000000     0.000000

   -0.001699     0.167200   -16.380000    -9.810000     0.000000    -0.000000     0.000000     0.000000     0.000000    -0.000000     0.000000     0.000000    -0.000831     0.035340     0.000000     0.016620
   -0.081410    -0.628500    92.740000    -0.000000     0.000000     0.000000    -0.000000    -0.000000     0.000000    -0.000000     0.000000     0.000000     0.007258    -0.314900    -0.000000    -0.109300
    0.009149    -0.058770    -1.282000     0.000000    -0.003928    -0.164200     0.068640     0.000000    -0.000000     0.000000    -0.000000     0.000000    -0.000128    -0.021420     0.003850    -0.055340
   -0.000000    -0.000000     1.000000     0.000000     0.000000    -0.000000    -0.000000    -0.000000    -0.000000     0.000000    -0.000000     0.000000     0.000000     0.000000     0.000000     0.000000
   -0.000000    -0.000000    -0.000000    -0.000000    -0.070410    16.190000   -95.740000     9.810000    -0.000000     0.000000    -0.000000    -0.000000    -0.000000     0.000000     0.002078    -0.000000
    0.001574    -0.010110    -0.220500    -0.000000    -0.448400   -18.340000     8.111000    -0.000000     0.000000    -0.000000     0.000000    -0.000000    -0.000022    -0.003686     0.431900    -0.009522
    0.000057    -0.000365    -0.007966    -0.000000     0.009459    -0.494600    -0.759100    -0.000000     0.000000    -0.000000     0.000000    -0.000000    -0.000001    -0.000133     0.007171    -0.000344
   -0.000000    -0.000000     0.000000     0.000000     0.000000     1.000000     0.000000     0.000000    -0.000000     0.000000    -0.000000     0.000000     0.000000     0.000000     0.000000     0.000000
    1.000000     0.000000    -0.000000    15.970000    -0.000000     0.000000     0.000000     0.000000     0.000000    -0.000000     0.000000     0.000000    -0.000000    -0.000000    -0.000000    -0.000000
    0.000000    -0.000000     0.000000    -0.000000     1.000000    -0.000000    -0.000000   -15.970000    -0.000000     0.000000    -0.000000   102.600000     0.000000     0.000000     0.000000     0.000000
   -0.000000     1.000000    -0.000000  -102.600000     0.000000     0.000000     0.000000     0.000000     0.000000    -0.000000     0.000000     0.000000    -0.000000    -0.000000    -0.000000    -0.000000
   -0.000000    -0.000000     0.000000     0.000000     0.000000    -0.000000     1.000000     0.000000    -0.000000     0.000000    -0.000000     0.000000     0.000000     0.000000     0.000000     0.000000

   -0.007376     0.270500   -21.680000    -9.810000    -0.000000    -0.000000     0.000000     0.000000     0.000000    -0.000000     0.000000     0.000000    -0.000939     0.037990    -0.000000     0.017030
   -0.112500    -0.491500    56.720000    -0.000000     0.000000    -0.000000    -0.000000    -0.000000     0.000000    -0.000000     0.000000     0.000000     0.003627    -0.150700     0.000000    -0.056200
    0.013200    -0.040890    -0.887900     0.000000    -0.003044    -0.097380     0.059200     0.000000    -0.000000     0.000000    -0.000000     0.000000    -0.000037    -0.008628     0.001415    -0.024120
   -0.000000    -0.000000     1.000000    -0.000000     0.000000    -0.000000    -0.000000    -0.000000    -0.000000     0.000000    -0.000000    -0.000000     0.000000     0.000000     0.000000     0.000000
   -0.000000    -0.000000    -0.000000    -0.000000    -0.054300    21.570000   -58.880000     9.810000    -0.000000     0.000000    -0.000000    -0.000000     0.000000    -0.000000    -0.000709    -0.000000
    0.002048    -0.006345    -0.137800    -0.000000    -0.418800   -13.110000     8.358000    -0.000000     0.000000    -0.000000     0.000000    -0.000000    -0.000006    -0.001339     0.192300    -0.003743
    0.000070    -0.000218    -0.004724    -0.000000     0.001771    -0.571000    -0.494300    -0.000000     0.000000    -0.000000     0.000000    -0.000000    -0.000000    -0.000046     0.004444    -0.000128
   -0.000000    -0.000000     0.000000     0.000000     0.000000     1.000000     0.000000    -0.000000    -0.000000     0.000000    -0.000000    -0.000000     0.000000     0.000000     0.000000     0.000000
    1.000000     0.000000    -0.000000    20.900000    -0.000000     0.000000     0.000000     0.000000     0.000000    -0.000000     0.000000     0.000000    -0.000000    -0.000000    -0.000000    -0.000000
    0.000000    -0.000000     0.000000    -0.000000     1.000000    -0.000000    -0.000000   -20.900000    -0.000000     0.000000    -0.000000    64.770000     0.000000     0.000000     0.000000     0.000000
   -0.000000     1.000000    -0.000000   -64.770000     0.000000     0.000000     0.000000     0.000000     0.000000    -0.000000     0.000000     0.000000    -0.000000    -0.000000    -0.000000    -0.000000
   -0.000000    -0.000000     0.000000     0.000000     0.000000    -0.000000     1.000000    -0.000000    -0.000000     0.000000    -0.000000    -0.000000     0.000000     0.000000     0.000000     0.000000
