u  w  q  the  v  p  r  phi  x  y  z  psi  |  slat  flap  aileron  elevator
   -0.009849     0.272600   -29.110000    -9.810000    -0.000000     0.000000     0.000000     0.000000     0.000000    -0.000000     0.000000     0.000000    -0.000923     0.036640    -0.000000     0.015710
   -0.114700    -0.361000    56.150000    -0.000000     0.000000     0.000000    -0.000000    -0.000000     0.000000    -0.000000     0.000000     0.000000     0.002557    -0.104300     0.000000    -0.040210
    0.016190    -0.035460    -0.787800     0.000000    -0.002648    -0.083990     0.044170     0.000000    -0.000000     0.000000    -0.000000     0.000000    -0.000052    -0.006500     0.001056    -0.021040
   -0.000000    -0.000000     1.000000     0.000000     0.000000    -0.000000    -0.000000     0.000000    -0.000000     0.000000    -0.000000     0.000000     0.000000     0.000000     0.000000     0.000000
   -0.000000    -0.000000     0.000000    -0.000000    -0.037430    29.050000   -57.540000     9.810000    -0.000000     0.000000    -0.000000    -0.000000     0.000000    -0.000000    -0.001405    -0.000000
    0.002101    -0.004601    -0.102200    -0.000000    -0.083010    -2.170000     1.722000    -0.000000     0.000000    -0.000000     0.000000    -0.000000    -0.000007    -0.000843     0.030210    -0.002730
    0.000414    -0.000908    -0.020170    -0.000000     0.001941    -0.459500    -0.412500    -0.000000     0.000000    -0.000000     0.000000    -0.000000    -0.000001    -0.000166     0.002475    -0.000539
   -0.000000    -0.000000     0.000000     0.000000     0.000000     1.000000     0.000000     0.000000    -0.000000     0.000000    -0.000000     0.000000     0.000000     0.000000     0.000000     0.000000
    1.000000     0.000000    -0.000000    28.270000    -0.000000     0.000000     0.000000     0.000000     0.000000    -0.000000     0.000000     0.000000    -0.000000    -0.000000    -0.000000    -0.000000
    0.000000    -0.000000     0.000000    -0.000000     1.000000    -0.000000    -0.000000   -28.270000    -0.000000     0.000000    -0.000000    61.910000     0.000000     0.000000     0.000000     0.000000
   -0.000000     1.000000    -0.000000   -61.910000     0.000000     0.000000     0.000000     0.000000     0.000000    -0.000000     0.000000     0.000000    -0.000000    -0.000000    -0.000000    -0.000000
   -0.000000    -0.000000     0.000000     0.000000     0.000000    -0.000000     1.000000     0.000000    -0.000000     0.000000    -0.000000     0.000000     0.000000     0.000000     0.000000     0.000000

   -0.002214     0.168300   -22.160000    -9.810000     0.000000    -0.000000     0.000000     0.000000     0.000000    -0.000000     0.000000     0.000000    -0.000851     0.035910     0.000000     0.015690
   -0.081100    -0.474000    94.280000    -0.000000     0.000000     0.000000    -0.000000    -0.000000     0.000000    -0.000000     0.000000     0.000000     0.005426    -0.233600    -0.000000    -0.082320
    0.010720    -0.050160    -1.138000     0.000000    -0.002795    -0.123900     0.037020     0.000000    -0.000000     0.000000    -0.000000     0.000000    -0.000169    -0.016980     0.002721    -0.050000
   -0.000000    -0.000000     1.000000     0.000000     0.000000    -0.000000    -0.000000     0.000000    -0.000000     0.000000    -0.000000     0.000000     0.000000     0.000000     0.000000     0.000000
    0.000000    -0.000000    -0.000000    -0.000000    -0.051720    22.030000   -96.350000     9.810000    -0.000000     0.000000    -0.000000    -0.000000    -0.000000     0.000000     0.000702    -0.000000
    0.001414    -0.006619    -0.150200    -0.000000    -0.079000    -2.895000     1.476000    -0.000000     0.000000    -0.000000     0.000000    -0.000000    -0.000022    -0.002240     0.067260    -0.006597
    0.000313    -0.001464    -0.033230    -0.000000     0.008251    -0.316900    -0.593200    -0.000000     0.000000    -0.000000     0.000000    -0.000000    -0.000005    -0.000495     0.002833    -0.001459
   -0.000000    -0.000000     0.000000    -0.000000     0.000000     1.000000     0.000000     0.000000    -0.000000     0.000000    -0.000000     0.000000     0.000000     0.000000     0.000000     0.000000
    1.000000     0.000000    -0.000000    21.700000    -0.000000     0.000000     0.000000     0.000000     0.000000    -0.000000     0.000000     0.000000    -0.000000    -0.000000    -0.000000    -0.000000
    0.000000    -0.000000     0.000000    -0.000000     1.000000    -0.000000    -0.000000   -21.700000    -0.000000     0.000000    -0.000000   101.600000     0.000000     0.000000     0.000000     0.000000
   -0.000000     1.000000    -0.000000  -101.600000     0.000000     0.000000     0.000000     0.000000     0.000000    -0.000000     0.000000     0.000000    -0.000000    -0.000000    -0.000000    -0.000000
   -0.000000    -0.000000     0.000000     0.000000     0.000000    -0.000000     1.000000    -0.000000    -0.000000     0.000000    -0.000000     0.000000     0.000000     0.000000     0.000000     0.000000

   -0.000291     0.077610   -21.070000    -9.810000     0.000000     0.000000     0.000000     0.000000     0.000000    -0.000000     0.000000     0.000000    -0.000669     0.030320    -0.000000     0.014740
   -0.046240    -0.462000   199.900000    -0.000000    -0.000000     0.000000    -0.000000    -0.000000     0.000000    -0.000000     0.000000     0.000000     0.010550    -0.479500    -0.000000    -0.156800
    0.006809    -0.067290    -1.521000     0.000000    -0.002909    -0.172300     0.024910     0.000000    -0.000000     0.000000    -0.000000     0.000000    -0.000623    -0.051090     0.007945    -0.137400
   -0.000000    -0.000000     1.000000     0.000000     0.000000    -0.000000    -0.000000     0.000000    -0.000000     0.000000    -0.000000     0.000000     0.000000     0.000000     0.000000     0.000000
    0.000000    -0.000000    -0.000000    -0.000000    -0.048310    20.920000  -202.100000     9.810000    -0.000000     0.000000    -0.000000    -0.000000    -0.000000    -0.000000     0.004837    -0.000000
    0.000924    -0.009130    -0.206300    -0.000000    -0.062000    -2.831000     1.053000    -0.000000     0.000000    -0.000000     0.000000    -0.000000    -0.000084    -0.006932     0.135300    -0.018650
    0.000259    -0.002564    -0.057930    -0.000000     0.012910    -0.181200    -0.698700    -0.000000     0.000000    -0.000000     0.000000    -0.000000    -0.000024    -0.001946     0.003052    -0.005236
   -0.000000    -0.000000     0.000000    -0.000000     0.000000     1.000000     0.000000     0.000000    -0.000000     0.000000    -0.000000     0.000000     0.000000     0.000000     0.000000     0.000000
    1.000000     0.000000    -0.000000    20.900000    -0.000000     0.000000     0.000000     0.000000     0.000000    -0.000000     0.000000     0.000000    -0.000000    -0.000000    -0.000000    -0.000000
    0.000000    -0.000000     0.000000    -0.000000     1.000000    -0.000000    -0.000000   -20.900000    -0.000000     0.000000    -0.000000   206.600000     0.000000     0.000000     0.000000     0.000000
   -0.000000     1.000000    -0.000000  -206.600000     0.000000     0.000000     0.000000     0.000000     0.000000    -0.000000     0.000000     0.000000    -0.000000    -0.000000    -0.000000    -0.000000
   -0.000000    -0.000000     0.000000     0.000000     0.000000    -0.000000     1.000000    -0.000000    -0.000000     0.000000    -0.000000     0.000000     0.000000     0.000000     0.000000     0.000000

   -0.000100     0.074570   -14.760000    -9.810000    -0.000000     0.000000     0.000000     0.000000     0.000000    -0.000000     0.000000     0.000000    -0.000593     0.027110    -0.000000     0.014000
   -0.049060    -0.613900   198.300000    -0.000000    -0.000000     0.000000    -0.000000    -0.000000     0.000000    -0.000000     0.000000     0.000000     0.014040    -0.640800    -0.000000    -0.207700
    0.004689    -0.066510    -1.511000     0.000000    -0.002634    -0.169800     0.018740     0.000000    -0.000000     0.000000    -0.000000     0.000000    -0.000626    -0.051260     0.007963    -0.136700
   -0.000000    -0.000000     1.000000     0.000000     0.000000    -0.000000    -0.000000     0.000000    -0.000000     0.000000    -0.000000     0.000000     0.000000     0.000000     0.000000     0.000000
    0.000000    -0.000000    -0.000000    -0.000000    -0.065110    14.510000  -201.200000     9.810000    -0.000000     0.000000    -0.000000    -0.000000     0.000000    -0.000000     0.007537    -0.000000
    0.000636    -0.009023    -0.205000    -0.000000    -0.058030    -2.840000     0.947500    -0.000000     0.000000    -0.000000     0.000000    -0.000000    -0.000085    -0.006955     0.136300    -0.018540
    0.000179    -0.002534    -0.057570    -0.000000     0.013840    -0.122100    -0.700200    -0.000000     0.000000    -0.000000     0.000000    -0.000000    -0.000024    -0.001953     0.002170    -0.005206
   -0.000000    -0.000000     0.000000    -0.000000     0.000000     1.000000     0.000000     0.000000    -0.000000     0.000000    -0.000000     0.000000     0.000000     0.000000     0.000000     0.000000
    1.000000     0.000000    -0.000000    14.600000    -0.000000     0.000000     0.000000     0.000000     0.000000    -0.000000     0.000000     0.000000    -0.000000    -0.000000    -0.000000    -0.000000
    0.000000    -0.000000     0.000000    -0.000000     1.000000    -0.000000    -0.000000   -14.600000    -0.000000     0.000000    -0.000000   207.100000     0.000000     0.000000     0.000000     0.000000
   -0.000000     1.000000    -0.000000  -207.100000     0.000000     0.000000     0.000000     0.000000     0.000000    -0.000000     0.000000     0.000000    -0.000000    -0.000000    -0.000000    -0.000000
   -0.000000    -0.000000     0.000000     0.000000     0.000000    -0.000000     1.000000    -0.000000    -0.000000     0.000000    -0.000000     0.000000     0.000000     0.000000     0.000000     0.000000

   -0.001242     0.164500   -16.110000    -9.810000     0.000000    -0.000000    -0.000000     0.000000     0.000000    -0.000000     0.000000     0.000000    -0.000813     0.034600     0.000000     0.015340
   -0.083240    -0.629000    92.980000    -0.000000     0.000000     0.000000     0.000000    -0.000000     0.000000    -0.000000     0.000000     0.000000     0.007264    -0.315200    -0.000000    -0.109300
    0.007529    -0.049340    -1.132000     0.000000    -0.002459    -0.122100     0.029120     0.000000    -0.000000     0.000000    -0.000000     0.000000    -0.000175    -0.017280     0.002769    -0.050080
   -0.000000    -0.000000     1.000000     0.000000     0.000000    -0.000000    -0.000000     0.000000    -0.000000     0.000000    -0.000000     0.000000     0.000000     0.000000     0.000000     0.000000
   -0.000000    -0.000000    -0.000000    -0.000000    -0.070660    15.870000   -95.800000     9.810000    -0.000000     0.000000    -0.000000    -0.000000     0.000000    -0.000000     0.002131    -0.000000
    0.000994    -0.006510    -0.149300    -0.000000    -0.071760    -2.932000     1.280000    -0.000000     0.000000    -0.000000     0.000000    -0.000000    -0.000023    -0.002280     0.069110    -0.006608
    0.000220    -0.001440    -0.033030    -0.000000     0.009800    -0.225500    -0.600200    -0.000000     0.000000    -0.000000     0.000000    -0.000000    -0.000005    -0.000504     0.002136    -0.001462
   -0.000000    -0.000000     0.000000     0.000000     0.000000     1.000000     0.000000     0.000000    -0.000000     0.000000    -0.000000     0.000000     0.000000     0.000000     0.000000     0.000000
    1.000000     0.000000    -0.000000    15.670000    -0.000000     0.000000     0.000000     0.000000     0.000000    -0.000000     0.000000     0.000000    -0.000000    -0.000000    -0.000000    -0.000000
    0.000000    -0.000000     0.000000    -0.000000     1.000000    -0.000000    -0.000000   -15.670000    -0.000000     0.000000    -0.000000   102.700000     0.000000     0.000000     0.000000     0.000000
   -0.000000     1.000000    -0.000000  -102.700000     0.000000     0.000000     0.000000     0.000000     0.000000    -0.000000     0.000000     0.000000    -0.000000    -0.000000    -0.000000    -0.000000
   -0.000000    -0.000000     0.000000     0.000000     0.000000    -0.000000     1.000000    -0.000000    -0.000000     0.000000    -0.000000     0.000000     0.000000     0.000000     0.000000     0.000000

   -0.005964     0.266400   -21.340000    -9.810000    -0.000000     0.000000     0.000000     0.000000     0.000000    -0.000000     0.000000     0.000000    -0.000922     0.037330    -0.000000     0.015910
   -0.115200    -0.492600    56.980000    -0.000000     0.000000    -0.000000    -0.000000    -0.000000     0.000000    -0.000000     0.000000     0.000000     0.003640    -0.151300     0.000000    -0.056300
    0.011090    -0.035090    -0.795500     0.000000    -0.002252    -0.084020     0.034300     0.000000    -0.000000     0.000000    -0.000000     0.000000    -0.000059    -0.007076     0.001152    -0.022160
   -0.000000    -0.000000     1.000000     0.000000     0.000000    -0.000000    -0.000000     0.000000    -0.000000     0.000000    -0.000000     0.000000     0.000000     0.000000     0.000000     0.000000
   -0.000000     0.000000     0.000000    -0.000000    -0.054710    21.170000   -59.010000     9.810000    -0.000000     0.000000    -0.000000    -0.000000    -0.000000    -0.000000    -0.000655    -0.000000
    0.001440    -0.004553    -0.103200    -0.000000    -0.072970    -2.285000     1.437000    -0.000000     0.000000    -0.000000     0.000000    -0.000000    -0.000008    -0.000918     0.033620    -0.002876
    0.000284    -0.000898    -0.020360    -0.000000     0.004310    -0.331200    -0.431800    -0.000000     0.000000    -0.000000     0.000000    -0.000000    -0.000002    -0.000181     0.001944    -0.000567
   -0.000000    -0.000000     0.000000    -0.000000     0.000000     1.000000     0.000000     0.000000    -0.000000     0.000000    -0.000000     0.000000     0.000000     0.000000     0.000000     0.000000
    1.000000     0.000000    -0.000000    20.520000    -0.000000     0.000000     0.000000     0.000000     0.000000    -0.000000     0.000000     0.000000    -0.000000    -0.000000    -0.000000    -0.000000
    0.000000    -0.000000     0.000000    -0.000000     1.000000    -0.000000    -0.000000   -20.520000    -0.000000     0.000000    -0.000000    64.890000     0.000000     0.000000     0.000000     0.000000
   -0.000000     1.000000    -0.000000   -64.890000     0.000000     0.000000     0.000000     0.000000     0.000000    -0.000000     0.000000     0.000000    -0.000000    -0.000000    -0.000000    -0.000000
   -0.000000    -0.000000     0.000000    -0.000000     0.000000    -0.000000     1.000000    -0.000000    -0.000000     0.000000    -0.000000     0.000000     0.000000     0.000000     0.000000     0.000000
