u  w  q  the  v  p  r  phi  x  y  z  psi  |  slat  flap  aileron  elevator
   -0.019100     0.290000   -31.000000    -9.810000    -0.000000     0.000000     0.000000     0.000000     0.000000    -0.000000     0.000000     0.000000    -0.000984     0.038830    -0.000000     0.019710
   -0.103900    -0.354200    54.780000    -0.000000     0.000000    -0.000000    -0.000000    -0.000000     0.000000    -0.000000     0.000000     0.000000     0.002479    -0.100700     0.000000    -0.039390
    0.023960    -0.048000    -0.952500     0.000000    -0.000831    -0.019290     0.019720     0.000000    -0.000000     0.000000    -0.000000     0.000000     0.000036    -0.010090     0.000279    -0.022750
   -0.000000    -0.000000     1.000000     0.000000     0.000000    -0.000000    -0.000000     0.000000    -0.000000     0.000000    -0.000000     0.000000     0.000000     0.000000     0.000000     0.000000
   -0.000000    -0.000000     0.000000    -0.000000    -0.035690    31.250000   -56.520000     9.810000    -0.000000     0.000000    -0.000000    -0.000000     0.000000    -0.000000    -0.001606    -0.000000
    0.000913    -0.001828    -0.036280    -0.000000    -0.929700   -23.890000    20.460000    -0.000000     0.000000    -0.000000     0.000000    -0.000000     0.000001    -0.000384     0.326300    -0.000867
   -0.000060     0.000121     0.002396    -0.000000    -0.006818    -0.905600    -0.357100    -0.000000     0.000000    -0.000000     0.000000    -0.000000    -0.000000     0.000025     0.006804     0.000057
   -0.000000    -0.000000     0.000000    -0.000000     0.000000     1.000000     0.000000     0.000000    -0.000000     0.000000    -0.000000     0.000000     0.000000     0.000000     0.000000     0.000000
    1.000000     0.000000    -0.000000    30.400000    -0.000000     0.000000     0.000000     0.000000     0.000000    -0.000000     0.000000     0.000000    -0.000000    -0.000000    -0.000000    -0.000000
    0.000000    -0.000000     0.000000    -0.000000     1.000000    -0.000000    -0.000000   -30.400000    -0.000000     0.000000    -0.000000    60.890000     0.000000     0.000000     0.000000     0.000000
   -0.000000     1.000000    -0.000000   -60.890000     0.000000     0.000000     0.000000     0.000000     0.000000    -0.000000     0.000000     0.000000    -0.000000    -0.000000    -0.000000    -0.000000
   -0.000000    -0.000000     0.000000     0.000000     0.000000    -0.000000     1.000000     0.000000    -0.000000     0.000000    -0.000000     0.000000     0.000000     0.000000     0.000000     0.000000

   -0.005113     0.179000   -23.660000    -9.810000    -0.000000     0.000000    -0.000000     0.000000     0.000000    -0.000000     0.000000     0.000000    -0.000921     0.038740     0.000000     0.020600
   -0.073820    -0.471600    93.360000    -0.000000     0.000000     0.000000     0.000000    -0.000000     0.000000    -0.000000     0.000000     0.000000     0.005390    -0.231700    -0.000000    -0.082230
    0.016390    -0.071000    -1.394000     0.000000    -0.001187    -0.040190     0.025700     0.000000    -0.000000     0.000000    -0.000000     0.000000     0.000054    -0.027230     0.000953    -0.055180
   -0.000000    -0.000000     1.000000    -0.000000     0.000000    -0.000000    -0.000000    -0.000000    -0.000000     0.000000    -0.000000    -0.000000     0.000000     0.000000     0.000000     0.000000
   -0.000000    -0.000000    -0.000000    -0.000000    -0.050700    23.730000   -95.940000     9.810000    -0.000000     0.000000    -0.000000    -0.000000     0.000000     0.000000     0.000490    -0.000000
    0.000772    -0.003346    -0.065680    -0.000000    -1.075000   -39.220000    21.390000    -0.000000     0.000000    -0.000000     0.000000    -0.000000     0.000003    -0.001283     0.907200    -0.002600
   -0.000049     0.000213     0.004184    -0.000000     0.001041    -0.881300    -0.632500    -0.000000     0.000000    -0.000000     0.000000    -0.000000    -0.000000     0.000082     0.013600     0.000166
   -0.000000    -0.000000     0.000000     0.000000     0.000000     1.000000     0.000000    -0.000000    -0.000000     0.000000    -0.000000    -0.000000     0.000000     0.000000     0.000000     0.000000
    1.000000     0.000000    -0.000000    23.360000    -0.000000     0.000000     0.000000     0.000000     0.000000    -0.000000     0.000000     0.000000    -0.000000    -0.000000    -0.000000    -0.000000
    0.000000    -0.000000     0.000000    -0.000000     1.000000    -0.000000    -0.000000   -23.360000    -0.000000     0.000000    -0.000000   101.200000     0.000000     0.000000     0.000000     0.000000
   -0.000000     1.000000    -0.000000  -101.200000     0.000000     0.000000     0.000000     0.000000     0.000000    -0.000000     0.000000     0.000000    -0.000000    -0.000000    -0.000000    -0.000000
   -0.000000    -0.000000     0.000000     0.000000     0.000000    -0.000000     1.000000    -0.000000    -0.000000     0.000000    -0.000000    -0.000000     0.000000     0.000000     0.000000     0.000000

   -0.001029     0.082870   -22.720000    -9.810000     0.000000     0.000000     0.000000     0.000000     0.000000    -0.000000     0.000000     0.000000    -0.000735     0.033220    -0.000000     0.020270
   -0.042490    -0.461200   199.200000    -0.000000    -0.000000    -0.000000    -0.000000    -0.000000     0.000000    -0.000000     0.000000     0.000000     0.010540    -0.478500    -0.000000    -0.157100
    0.010780    -0.098380    -1.892000     0.000000    -0.002245    -0.095810     0.044590     0.000000    -0.000000     0.000000    -0.000000     0.000000     0.000004    -0.082990     0.004621    -0.153700
   -0.000000    -0.000000     1.000000     0.000000     0.000000    -0.000000    -0.000000     0.000000    -0.000000     0.000000    -0.000000     0.000000     0.000000     0.000000     0.000000     0.000000
    0.000000    -0.000000    -0.000000    -0.000000    -0.047810    22.660000  -201.800000     9.810000    -0.000000     0.000000    -0.000000    -0.000000    -0.000000    -0.000000     0.004649    -0.000000
    0.000831    -0.007581    -0.145800    -0.000000    -1.335000   -60.870000    24.270000    -0.000000     0.000000    -0.000000     0.000000    -0.000000     0.000000    -0.006395     2.905000    -0.011840
   -0.000047     0.000432     0.008303    -0.000000     0.007578    -0.935400    -0.878800    -0.000000     0.000000    -0.000000     0.000000    -0.000000    -0.000000     0.000364     0.035260     0.000675
   -0.000000    -0.000000     0.000000    -0.000000     0.000000     1.000000     0.000000     0.000000    -0.000000     0.000000    -0.000000     0.000000     0.000000     0.000000     0.000000     0.000000
    1.000000     0.000000    -0.000000    22.620000    -0.000000     0.000000     0.000000     0.000000     0.000000    -0.000000     0.000000     0.000000    -0.000000    -0.000000    -0.000000    -0.000000
    0.000000    -0.000000     0.000000    -0.000000     1.000000    -0.000000    -0.000000   -22.620000    -0.000000     0.000000    -0.000000   206.400000     0.000000     0.000000     0.000000     0.000000
   -0.000000     1.000000    -0.000000  -206.400000     0.000000     0.000000     0.000000     0.000000     0.000000    -0.000000     0.000000     0.000000    -0.000000    -0.000000    -0.000000    -0.000000
   -0.000000    -0.000000     0.000000    -0.000000     0.000000    -0.000000     1.000000    -0.000000    -0.000000     0.000000    -0.000000     0.000000     0.000000     0.000000     0.000000     0.000000

   -0.000620     0.079810   -15.980000    -9.810000     0.000000     0.000000     0.000000     0.000000     0.000000    -0.000000     0.000000     0.000000    -0.000660     0.030050    -0.000000     0.019600
   -0.045300    -0.613200   197.400000    -0.000000    -0.000000     0.000000    -0.000000    -0.000000     0.000000    -0.000000     0.000000     0.000000     0.014030    -0.640100    -0.000000    -0.208100
    0.007501    -0.097730    -1.879000     0.000000    -0.002115    -0.096680     0.040750     0.000000    -0.000000     0.000000    -0.000000     0.000000     0.000004    -0.083430     0.004670    -0.152700
   -0.000000    -0.000000     1.000000     0.000000     0.000000    -0.000000    -0.000000     0.000000    -0.000000     0.000000    -0.000000     0.000000     0.000000     0.000000     0.000000     0.000000
    0.000000    -0.000000    -0.000000    -0.000000    -0.064610    15.820000  -201.000000     9.810000    -0.000000     0.000000    -0.000000    -0.000000     0.000000    -0.000000     0.007352    -0.000000
    0.000578    -0.007531    -0.144800    -0.000000    -1.249000   -61.100000    21.860000    -0.000000     0.000000    -0.000000     0.000000    -0.000000     0.000000    -0.006429     2.931000    -0.011770
   -0.000033     0.000429     0.008249    -0.000000     0.010070    -0.839300    -0.907700    -0.000000     0.000000    -0.000000     0.000000    -0.000000    -0.000000     0.000366     0.034090     0.000670
   -0.000000    -0.000000     0.000000    -0.000000     0.000000     1.000000     0.000000     0.000000    -0.000000     0.000000    -0.000000     0.000000     0.000000     0.000000     0.000000     0.000000
    1.000000     0.000000    -0.000000    15.890000    -0.000000     0.000000     0.000000     0.000000     0.000000    -0.000000     0.000000     0.000000    -0.000000    -0.000000    -0.000000    -0.000000
    0.000000    -0.000000     0.000000    -0.000000     1.000000    -0.000000    -0.000000   -15.890000    -0.000000     0.000000    -0.000000   207.000000     0.000000     0.000000     0.000000     0.000000
   -0.000000     1.000000    -0.000000  -207.000000     0.000000     0.000000     0.000000     0.000000     0.000000    -0.000000     0.000000     0.000000    -0.000000    -0.000000    -0.000000    -0.000000
   -0.000000    -0.000000     0.000000     0.000000     0.000000    -0.000000     1.000000    -0.000000    -0.000000     0.000000    -0.000000     0.000000     0.000000     0.000000     0.000000     0.000000

   -0.003325     0.175100   -17.200000    -9.810000    -0.000000    -0.000000    -0.000000     0.000000     0.000000    -0.000000     0.000000     0.000000    -0.000884     0.037550     0.000000     0.020400
   -0.075980    -0.627100    92.030000    -0.000000    -0.000000     0.000000     0.000000    -0.000000     0.000000    -0.000000     0.000000     0.000000     0.007239    -0.313900    -0.000000    -0.109400
    0.011630    -0.070530    -1.386000     0.000000    -0.001090    -0.041250     0.022730     0.000000    -0.000000     0.000000    -0.000000     0.000000     0.000053    -0.027870     0.000986    -0.055310
   -0.000000    -0.000000     1.000000     0.000000     0.000000    -0.000000    -0.000000    -0.000000    -0.000000     0.000000    -0.000000     0.000000     0.000000     0.000000     0.000000     0.000000
   -0.000000    -0.000000     0.000000    -0.000000    -0.069670    17.150000   -95.530000     9.810000    -0.000000     0.000000    -0.000000    -0.000000     0.000000    -0.000000     0.001921    -0.000000
    0.000548    -0.003324    -0.065300    -0.000000    -0.976100   -39.790000    18.570000    -0.000000     0.000000    -0.000000     0.000000    -0.000000     0.000003    -0.001313     0.935600    -0.002607
   -0.000035     0.000212     0.004161    -0.000000     0.004420    -0.750800    -0.673400    -0.000000     0.000000    -0.000000     0.000000    -0.000000    -0.000000     0.000084     0.012890     0.000166
   -0.000000    -0.000000     0.000000     0.000000     0.000000     1.000000     0.000000     0.000000    -0.000000     0.000000    -0.000000     0.000000     0.000000     0.000000     0.000000     0.000000
    1.000000     0.000000    -0.000000    16.900000    -0.000000     0.000000     0.000000     0.000000     0.000000    -0.000000     0.000000     0.000000    -0.000000    -0.000000    -0.000000    -0.000000
    0.000000    -0.000000     0.000000    -0.000000     1.000000    -0.000000    -0.000000   -16.900000    -0.000000     0.000000    -0.000000   102.500000     0.000000     0.000000     0.000000     0.000000
   -0.000000     1.000000    -0.000000  -102.500000     0.000000     0.000000     0.000000     0.000000     0.000000    -0.000000     0.000000     0.000000    -0.000000    -0.000000    -0.000000    -0.000000
   -0.000000    -0.000000     0.000000     0.000000     0.000000    -0.000000     1.000000     0.000000    -0.000000     0.000000    -0.000000     0.000000     0.000000     0.000000     0.000000     0.000000

   -0.012310     0.283000   -22.660000    -9.810000    -0.000000     0.000000     0.000000     0.000000     0.000000    -0.000000     0.000000     0.000000    -0.000991     0.039970    -0.000000     0.020350
   -0.104500    -0.487800    55.930000    -0.000000     0.000000    -0.000000    -0.000000    -0.000000     0.000000    -0.000000     0.000000     0.000000     0.003587    -0.148800     0.000000    -0.055890
    0.016660    -0.048600    -0.966100     0.000000    -0.000741    -0.021130     0.016810     0.000000    -0.000000     0.000000    -0.000000     0.000000     0.000038    -0.011230     0.000320    -0.024240
   -0.000000    -0.000000     1.000000     0.000000     0.000000    -0.000000    -0.000000     0.000000    -0.000000     0.000000    -0.000000     0.000000     0.000000     0.000000     0.000000     0.000000
   -0.000000    -0.000000     0.000000    -0.000000    -0.053120    22.780000   -58.470000     9.810000    -0.000000     0.000000    -0.000000    -0.000000     0.000000    -0.000000    -0.000870    -0.000000
    0.000634    -0.001851    -0.036790    -0.000000    -0.817300   -25.380000    17.090000    -0.000000     0.000000    -0.000000     0.000000    -0.000000     0.000001    -0.000428     0.370000    -0.000923
   -0.000042     0.000122     0.002430    -0.000000    -0.002289    -0.736600    -0.419200    -0.000000     0.000000    -0.000000     0.000000    -0.000000    -0.000000     0.000028     0.006544     0.000061
   -0.000000    -0.000000     0.000000     0.000000     0.000000     1.000000     0.000000     0.000000    -0.000000     0.000000    -0.000000     0.000000     0.000000     0.000000     0.000000     0.000000
    1.000000     0.000000    -0.000000    22.060000    -0.000000     0.000000     0.000000     0.000000     0.000000    -0.000000     0.000000     0.000000    -0.000000    -0.000000    -0.000000    -0.000000
    0.000000    -0.000000     0.000000    -0.000000     1.000000    -0.000000    -0.000000   -22.060000    -0.000000     0.000000    -0.000000    64.380000     0.000000     0.000000     0.000000     0.000000
   -0.000000     1.000000    -0.000000   -64.380000     0.000000     0.000000     0.000000     0.000000     0.000000    -0.000000     0.000000     0.000000    -0.000000    -0.000000    -0.000000    -0.000000
   -0.000000    -0.000000     0.000000     0.000000     0.000000    -0.000000     1.000000    -0.000000    -0.000000     0.000000    -0.000000     0.000000     0.000000     0.000000     0.000000     0.000000
