u  w  q  the  v  p  r  phi  x  y  z  psi  |  slat  flap  aileron  elevator
   -0.015860     0.284400   -30.400000    -9.810000    -0.000000     0.000000     0.000000     0.000000     0.000000    -0.000000     0.000000     0.000000    -0.000964     0.038150    -0.000000     0.018460
   -0.107300    -0.356500    55.230000    -0.000000     0.000000    -0.000000    -0.000000    -0.000000     0.000000    -0.000000     0.000000     0.000000     0.002505    -0.101900     0.000000    -0.039670
    0.021900    -0.045130    -0.919500     0.000000    -0.002096    -0.053250     0.045940     0.000000    -0.000000     0.000000    -0.000000     0.000000     0.000009    -0.009188     0.000739    -0.022780
   -0.000000    -0.000000     1.000000     0.000000     0.000000    -0.000000    -0.000000     0.000000    -0.000000     0.000000    -0.000000     0.000000     0.000000     0.000000     0.000000     0.000000
    0.000000    -0.000000     0.000000    -0.000000    -0.036230    30.540000   -56.860000     9.810000    -0.000000     0.000000    -0.000000    -0.000000     0.000000    -0.000000    -0.001542    -0.000000
    0.002091    -0.004308    -0.087770    -0.000000    -0.861700   -22.290000    18.610000    -0.000000     0.000000    -0.000000     0.000000    -0.000000     0.000001    -0.000877     0.306200    -0.002175
   -0.000006     0.000013     0.000269    -0.000000    -0.006296    -0.879600    -0.369100    -0.000000     0.000000    -0.000000     0.000000    -0.000000    -0.000000     0.000003     0.006610     0.000007
   -0.000000    -0.000000     0.000000     0.000000     0.000000     1.000000     0.000000     0.000000    -0.000000     0.000000    -0.000000     0.000000     0.000000     0.000000     0.000000     0.000000
    1.000000     0.000000    -0.000000    29.720000    -0.000000     0.000000     0.000000     0.000000     0.000000    -0.000000     0.000000     0.000000    -0.000000    -0.000000    -0.000000    -0.000000
    0.000000    -0.000000     0.000000    -0.000000     1.000000    -0.000000    -0.000000   -29.720000    -0.000000     0.000000    -0.000000    61.230000     0.000000     0.000000     0.000000     0.000000
   -0.000000     1.000000    -0.000000   -61.230000     0.000000     0.000000     0.000000     0.000000     0.000000    -0.000000     0.000000     0.000000    -0.000000    -0.000000    -0.000000    -0.000000
   -0.000000    -0.000000     0.000000     0.000000     0.000000    -0.000000     1.000000     0.000000    -0.000000     0.000000    -0.000000     0.000000     0.000000     0.000000     0.000000     0.000000

   -0.004092     0.175600   -23.190000    -9.810000    -0.000000    -0.000000     0.000000     0.000000     0.000000    -0.000000     0.000000     0.000000    -0.000899     0.037840     0.000000     0.019050
   -0.076120    -0.472300    93.660000    -0.000000     0.000000     0.000000     0.000000    -0.000000     0.000000    -0.000000     0.000000     0.000000     0.005402    -0.232300    -0.000000    -0.082270
    0.014930    -0.066260    -1.346000     0.000000    -0.002893    -0.104300     0.057400     0.000000    -0.000000     0.000000    -0.000000     0.000000    -0.000018    -0.024670     0.002426    -0.055160
   -0.000000    -0.000000     1.000000     0.000000     0.000000    -0.000000    -0.000000     0.000000    -0.000000     0.000000    -0.000000     0.000000     0.000000     0.000000     0.000000     0.000000
   -0.000000    -0.000000    -0.000000    -0.000000    -0.051020    23.180000   -96.070000     9.810000    -0.000000     0.000000    -0.000000    -0.000000    -0.000000    -0.000000     0.000558    -0.000000
    0.001733    -0.007690    -0.156300    -0.000000    -0.979400   -35.810000    19.090000    -0.000000     0.000000    -0.000000     0.000000    -0.000000    -0.000002    -0.002863     0.829200    -0.006402
   -0.000005     0.000023     0.000465    -0.000000     0.001720    -0.844500    -0.649000    -0.000000     0.000000    -0.000000     0.000000    -0.000000     0.000000     0.000009     0.012890     0.000019
   -0.000000    -0.000000     0.000000     0.000000     0.000000     1.000000     0.000000     0.000000    -0.000000     0.000000    -0.000000     0.000000     0.000000     0.000000     0.000000     0.000000
    1.000000     0.000000    -0.000000    22.830000    -0.000000     0.000000     0.000000     0.000000     0.000000    -0.000000     0.000000     0.000000    -0.000000    -0.000000    -0.000000    -0.000000
    0.000000    -0.000000     0.000000    -0.000000     1.000000    -0.000000    -0.000000   -22.830000    -0.000000     0.000000    -0.000000   101.300000     0.000000     0.000000     0.000000     0.000000
   -0.000000     1.000000    -0.000000  -101.300000     0.000000     0.000000     0.000000     0.000000     0.000000    -0.000000     0.000000     0.000000    -0.000000    -0.000000    -0.000000    -0.000000
   -0.000000    -0.000000     0.000000     0.000000     0.000000    -0.000000     1.000000    -0.000000    -0.000000     0.000000    -0.000000     0.000000     0.000000     0.000000     0.000000     0.000000

   -0.000766     0.081190   -22.200000    -9.810000     0.000000     0.000000    -0.000000     0.000000     0.000000    -0.000000     0.000000     0.000000    -0.000714     0.032300    -0.000000     0.018510
   -0.043680    -0.461500   199.400000    -0.000000    -0.000000     0.000000     0.000000    -0.000000     0.000000    -0.000000     0.000000     0.000000     0.010540    -0.478800    -0.000000    -0.157000
    0.009879    -0.092380    -1.846000     0.000000    -0.005180    -0.233300     0.093990     0.000000    -0.000000     0.000000    -0.000000     0.000000    -0.000210    -0.076000     0.011160    -0.155400
   -0.000000    -0.000000     1.000000     0.000000     0.000000    -0.000000    -0.000000    -0.000000    -0.000000     0.000000    -0.000000     0.000000     0.000000     0.000000     0.000000     0.000000
    0.000000    -0.000000    -0.000000    -0.000000    -0.047970    22.100000  -201.900000     9.810000    -0.000000     0.000000    -0.000000    -0.000000     0.000000    -0.000000     0.004709    -0.000000
    0.001773    -0.016580    -0.331400    -0.000000    -1.152000   -52.570000    20.480000    -0.000000     0.000000    -0.000000     0.000000    -0.000000    -0.000038    -0.013640     2.510000    -0.027890
   -0.000005     0.000045     0.000900    -0.000000     0.009140    -0.860100    -0.917600    -0.000000     0.000000    -0.000000     0.000000    -0.000000     0.000000     0.000037     0.031740     0.000076
   -0.000000    -0.000000     0.000000     0.000000     0.000000     1.000000     0.000000     0.000000    -0.000000     0.000000    -0.000000     0.000000     0.000000     0.000000     0.000000     0.000000
    1.000000     0.000000    -0.000000    22.080000    -0.000000     0.000000     0.000000     0.000000     0.000000    -0.000000     0.000000     0.000000    -0.000000    -0.000000    -0.000000    -0.000000
    0.000000    -0.000000     0.000000    -0.000000     1.000000    -0.000000    -0.000000   -22.080000    -0.000000     0.000000    -0.000000   206.400000     0.000000     0.000000     0.000000     0.000000
   -0.000000     1.000000    -0.000000  -206.400000     0.000000     0.000000     0.000000     0.000000     0.000000    -0.000000     0.000000     0.000000    -0.000000    -0.000000    -0.000000    -0.000000
   -0.000000    -0.000000     0.000000     0.000000     0.000000    -0.000000     1.000000     0.000000    -0.000000     0.000000    -0.000000     0.000000     0.000000     0.000000     0.000000     0.000000

   -0.000433     0.078140   -15.600000    -9.810000    -0.000000    -0.000000     0.000000     0.000000     0.000000    -0.000000     0.000000     0.000000    -0.000639     0.029110    -0.000000     0.017820
   -0.046490    -0.613400   197.700000    -0.000000    -0.000000     0.000000    -0.000000    -0.000000     0.000000    -0.000000     0.000000     0.000000     0.014040    -0.640300    -0.000000    -0.207900
    0.006852    -0.091650    -1.834000     0.000000    -0.004853    -0.234300     0.084890     0.000000    -0.000000     0.000000    -0.000000     0.000000    -0.000212    -0.076360     0.011260    -0.154400
   -0.000000    -0.000000     1.000000     0.000000     0.000000    -0.000000    -0.000000    -0.000000    -0.000000     0.000000    -0.000000     0.000000     0.000000     0.000000     0.000000     0.000000
    0.000000    -0.000000    -0.000000    -0.000000    -0.064770    15.410000  -201.000000     9.810000    -0.000000     0.000000    -0.000000    -0.000000     0.000000    -0.000000     0.007411    -0.000000
    0.001230    -0.016450    -0.329300    -0.000000    -1.077000   -52.760000    18.430000    -0.000000     0.000000    -0.000000     0.000000    -0.000000    -0.000038    -0.013710     2.532000    -0.027720
   -0.000003     0.000045     0.000895    -0.000000     0.011500    -0.764000    -0.942800    -0.000000     0.000000    -0.000000     0.000000    -0.000000     0.000000     0.000037     0.030520     0.000075
   -0.000000    -0.000000     0.000000     0.000000     0.000000     1.000000     0.000000     0.000000    -0.000000     0.000000    -0.000000     0.000000     0.000000     0.000000     0.000000     0.000000
    1.000000     0.000000    -0.000000    15.480000    -0.000000     0.000000     0.000000     0.000000     0.000000    -0.000000     0.000000     0.000000    -0.000000    -0.000000    -0.000000    -0.000000
    0.000000    -0.000000     0.000000    -0.000000     1.000000    -0.000000    -0.000000   -15.480000    -0.000000     0.000000    -0.000000   207.000000     0.000000     0.000000     0.000000     0.000000
   -0.000000     1.000000    -0.000000  -207.000000     0.000000     0.000000     0.000000     0.000000     0.000000    -0.000000     0.000000     0.000000    -0.000000    -0.000000    -0.000000    -0.000000
   -0.000000    -0.000000     0.000000     0.000000     0.000000    -0.000000     1.000000     0.000000    -0.000000     0.000000    -0.000000     0.000000     0.000000     0.000000     0.000000     0.000000

   -0.002589     0.171700   -16.850000    -9.810000    -0.000000    -0.000000    -0.000000     0.000000     0.000000    -0.000000     0.000000     0.000000    -0.000861     0.036610     0.000000     0.018800
   -0.078280    -0.627700    92.330000    -0.000000     0.000000     0.000000    -0.000000    -0.000000     0.000000    -0.000000     0.000000     0.000000     0.007247    -0.314300    -0.000000    -0.109400
    0.010570    -0.065650    -1.338000     0.000000    -0.002632    -0.105900     0.050000     0.000000    -0.000000     0.000000    -0.000000     0.000000    -0.000021    -0.025210     0.002501    -0.055280
   -0.000000    -0.000000     1.000000     0.000000     0.000000    -0.000000    -0.000000     0.000000    -0.000000     0.000000    -0.000000     0.000000     0.000000     0.000000     0.000000     0.000000
   -0.000000    -0.000000    -0.000000    -0.000000    -0.069980    16.740000   -95.620000     9.810000    -0.000000     0.000000    -0.000000    -0.000000    -0.000000    -0.000000     0.001988    -0.000000
    0.001227    -0.007619    -0.155300    -0.000000    -0.889200   -36.300000    16.560000    -0.000000     0.000000    -0.000000     0.000000    -0.000000    -0.000002    -0.002925     0.854100    -0.006416
   -0.000004     0.000023     0.000462    -0.000000     0.004978    -0.715400    -0.686800    -0.000000     0.000000    -0.000000     0.000000    -0.000000     0.000000     0.000009     0.012150     0.000019
   -0.000000    -0.000000     0.000000    -0.000000     0.000000     1.000000     0.000000     0.000000    -0.000000     0.000000    -0.000000     0.000000     0.000000     0.000000     0.000000     0.000000
    1.000000     0.000000    -0.000000    16.500000    -0.000000     0.000000     0.000000     0.000000     0.000000    -0.000000     0.000000     0.000000    -0.000000    -0.000000    -0.000000    -0.000000
    0.000000    -0.000000     0.000000    -0.000000     1.000000    -0.000000    -0.000000   -16.500000    -0.000000     0.000000    -0.000000   102.500000     0.000000     0.000000     0.000000     0.000000
   -0.000000     1.000000    -0.000000  -102.500000     0.000000     0.000000     0.000000     0.000000     0.000000    -0.000000     0.000000     0.000000    -0.000000    -0.000000    -0.000000    -0.000000
   -0.000000    -0.000000     0.000000     0.000000     0.000000    -0.000000     1.000000    -0.000000    -0.000000     0.000000    -0.000000     0.000000     0.000000     0.000000     0.000000     0.000000

   -0.010090     0.277700   -22.240000    -9.810000    -0.000000     0.000000     0.000000     0.000000     0.000000    -0.000000     0.000000     0.000000    -0.000969     0.039140    -0.000000     0.018950
   -0.107900    -0.489400    56.260000    -0.000000     0.000000     0.000000    -0.000000    -0.000000     0.000000    -0.000000     0.000000     0.000000     0.003604    -0.149600     0.000000    -0.056030
    0.015170    -0.045400    -0.931000     0.000000    -0.001847    -0.056680     0.038520     0.000000    -0.000000     0.000000    -0.000000     0.000000     0.000007    -0.010160     0.000834    -0.024180
   -0.000000    -0.000000     1.000000    -0.000000     0.000000    -0.000000    -0.000000    -0.000000    -0.000000     0.000000    -0.000000    -0.000000     0.000000     0.000000     0.000000     0.000000
   -0.000000    -0.000000     0.000000    -0.000000    -0.053620    22.270000   -58.650000     9.810000    -0.000000     0.000000    -0.000000    -0.000000     0.000000    -0.000000    -0.000802    -0.000000
    0.001448    -0.004334    -0.088870    -0.000000    -0.757400   -23.600000    15.530000    -0.000000     0.000000    -0.000000     0.000000    -0.000000     0.000001    -0.000970     0.345000    -0.002308
   -0.000004     0.000013     0.000272    -0.000000    -0.001886    -0.712600    -0.428300    -0.000000     0.000000    -0.000000     0.000000    -0.000000    -0.000000     0.000003     0.006304     0.000007
   -0.000000    -0.000000     0.000000     0.000000     0.000000     1.000000     0.000000    -0.000000    -0.000000     0.000000    -0.000000    -0.000000     0.000000     0.000000     0.000000     0.000000
    1.000000     0.000000    -0.000000    21.570000    -0.000000     0.000000     0.000000     0.000000     0.000000    -0.000000     0.000000     0.000000    -0.000000    -0.000000    -0.000000    -0.000000
    0.000000    -0.000000     0.000000    -0.000000     1.000000    -0.000000    -0.000000   -21.570000    -0.000000     0.000000    -0.000000    64.550000     0.000000     0.000000     0.000000     0.000000
   -0.000000     1.000000    -0.000000   -64.550000     0.000000     0.000000     0.000000     0.000000     0.000000    -0.000000     0.000000     0.000000    -0.000000    -0.000000    -0.000000    -0.000000
   -0.000000    -0.000000     0.000000     0.000000     0.000000    -0.000000     1.000000    -0.000000    -0.000000     0.000000    -0.000000    -0.000000     0.000000     0.000000     0.000000     0.000000
