u  w  q  the  v  p  r  phi  x  y  z  psi  |  slat  flap  aileron  elevator
   -0.014010     0.281000   -30.030000    -9.810000    -0.000000     0.000000     0.000000     0.000000     0.000000    -0.000000     0.000000     0.000000    -0.000953     0.037720    -0.000000     0.017680
   -0.109400    -0.357800    55.500000    -0.000000    -0.000000    -0.000000    -0.000000    -0.000000     0.000000    -0.000000     0.000000     0.000000     0.002520    -0.102600     0.000000    -0.039830
    0.020880    -0.043770    -0.909900     0.000000    -0.001176    -0.028680     0.026420     0.000000    -0.000000     0.000000    -0.000000     0.000000    -0.000009    -0.008700     0.000410    -0.023050
   -0.000000    -0.000000     1.000000     0.000000     0.000000    -0.000000    -0.000000     0.000000    -0.000000     0.000000    -0.000000     0.000000     0.000000     0.000000     0.000000     0.000000
   -0.000000    -0.000000     0.000000    -0.000000    -0.036570    30.110000   -57.060000     9.810000    -0.000000     0.000000    -0.000000    -0.000000     0.000000    -0.000000    -0.001503    -0.000000
    0.001087    -0.002279    -0.047380    -0.000000    -0.927200   -24.090000    19.780000    -0.000000     0.000000    -0.000000     0.000000    -0.000000    -0.000000    -0.000453     0.332000    -0.001200
   -0.000044     0.000092     0.001910    -0.000000    -0.007364    -0.910400    -0.354500    -0.000000     0.000000    -0.000000     0.000000    -0.000000     0.000000     0.000018     0.007052     0.000048
   -0.000000    -0.000000     0.000000     0.000000     0.000000     1.000000     0.000000     0.000000    -0.000000     0.000000    -0.000000     0.000000     0.000000     0.000000     0.000000     0.000000
    1.000000     0.000000    -0.000000    29.300000    -0.000000     0.000000     0.000000     0.000000     0.000000    -0.000000     0.000000     0.000000    -0.000000    -0.000000    -0.000000    -0.000000
    0.000000    -0.000000     0.000000    -0.000000     1.000000    -0.000000    -0.000000   -29.300000    -0.000000     0.000000    -0.000000    61.430000     0.000000     0.000000     0.000000     0.000000
   -0.000000     1.000000    -0.000000   -61.430000     0.000000     0.000000     0.000000     0.000000     0.000000    -0.000000     0.000000     0.000000    -0.000000    -0.000000    -0.000000    -0.000000
   -0.000000    -0.000000     0.000000     0.000000     0.000000    -0.000000     1.000000    -0.000000    -0.000000     0.000000    -0.000000     0.000000     0.000000     0.000000     0.000000     0.000000

   -0.003510     0.173500   -22.890000    -9.810000    -0.000000    -0.000000     0.000000     0.000000     0.000000    -0.000000     0.000000     0.000000    -0.000885     0.037290     0.000000     0.018090
   -0.077550    -0.472800    93.840000    -0.000000    -0.000000     0.000000     0.000000    -0.000000     0.000000    -0.000000     0.000000     0.000000     0.005409    -0.232700    -0.000000    -0.082280
    0.014220    -0.064080    -1.336000     0.000000    -0.001677    -0.058530     0.034260     0.000000    -0.000000     0.000000    -0.000000     0.000000    -0.000066    -0.023330     0.001377    -0.055890
   -0.000000    -0.000000     1.000000     0.000000     0.000000    -0.000000    -0.000000     0.000000    -0.000000     0.000000    -0.000000     0.000000     0.000000     0.000000     0.000000     0.000000
   -0.000000    -0.000000    -0.000000    -0.000000    -0.051220    22.850000   -96.150000     9.810000    -0.000000     0.000000    -0.000000    -0.000000     0.000000    -0.000000     0.000599    -0.000000
    0.000916    -0.004125    -0.086030    -0.000000    -1.071000   -39.220000    20.600000    -0.000000     0.000000    -0.000000     0.000000    -0.000000    -0.000004    -0.001502     0.908800    -0.003598
   -0.000036     0.000161     0.003368    -0.000000     0.000355    -0.903500    -0.636100    -0.000000     0.000000    -0.000000     0.000000    -0.000000     0.000000     0.000059     0.014220     0.000141
   -0.000000    -0.000000     0.000000    -0.000000     0.000000     1.000000     0.000000     0.000000    -0.000000     0.000000    -0.000000     0.000000     0.000000     0.000000     0.000000     0.000000
    1.000000     0.000000    -0.000000    22.500000    -0.000000     0.000000     0.000000     0.000000     0.000000    -0.000000     0.000000     0.000000    -0.000000    -0.000000    -0.000000    -0.000000
    0.000000    -0.000000     0.000000    -0.000000     1.000000    -0.000000    -0.000000   -22.500000    -0.000000     0.000000    -0.000000   101.400000     0.000000     0.000000     0.000000     0.000000
   -0.000000     1.000000    -0.000000  -101.400000     0.000000     0.000000     0.000000     0.000000     0.000000    -0.000000     0.000000     0.000000    -0.000000    -0.000000    -0.000000    -0.000000
   -0.000000    -0.000000     0.000000     0.000000     0.000000    -0.000000     1.000000    -0.000000    -0.000000     0.000000    -0.000000     0.000000     0.000000     0.000000     0.000000     0.000000

   -0.000617     0.080170   -21.880000    -9.810000    -0.000000     0.000000     0.000000     0.000000     0.000000    -0.000000     0.000000     0.000000    -0.000701     0.031730    -0.000000     0.017430
   -0.044410    -0.461700   199.600000    -0.000000     0.000000     0.000000    -0.000000    -0.000000     0.000000    -0.000000     0.000000     0.000000     0.010550    -0.479100    -0.000000    -0.156900
    0.009506    -0.090280    -1.857000     0.000000    -0.003232    -0.141300     0.060460     0.000000    -0.000000     0.000000    -0.000000     0.000000    -0.000356    -0.072900     0.006793    -0.159600
   -0.000000    -0.000000     1.000000     0.000000     0.000000    -0.000000    -0.000000     0.000000    -0.000000     0.000000    -0.000000     0.000000     0.000000     0.000000     0.000000     0.000000
    0.000000    -0.000000    -0.000000    -0.000000    -0.048060    21.760000  -202.000000     9.810000    -0.000000     0.000000    -0.000000    -0.000000     0.000000    -0.000000     0.004746    -0.000000
    0.000998    -0.009478    -0.195000    -0.000000    -1.327000   -60.660000    23.260000    -0.000000     0.000000    -0.000000     0.000000    -0.000000    -0.000037    -0.007653     2.896000    -0.016760
   -0.000036     0.000338     0.006959    -0.000000     0.006930    -0.994200    -0.907200    -0.000000     0.000000    -0.000000     0.000000    -0.000000     0.000001     0.000273     0.037920     0.000598
   -0.000000    -0.000000     0.000000     0.000000     0.000000     1.000000     0.000000     0.000000    -0.000000     0.000000    -0.000000     0.000000     0.000000     0.000000     0.000000     0.000000
    1.000000     0.000000    -0.000000    21.740000    -0.000000     0.000000     0.000000     0.000000     0.000000    -0.000000     0.000000     0.000000    -0.000000    -0.000000    -0.000000    -0.000000
    0.000000    -0.000000     0.000000    -0.000000     1.000000    -0.000000    -0.000000   -21.740000    -0.000000     0.000000    -0.000000   206.500000     0.000000     0.000000     0.000000     0.000000
   -0.000000     1.000000    -0.000000  -206.500000     0.000000     0.000000     0.000000     0.000000     0.000000    -0.000000     0.000000     0.000000    -0.000000    -0.000000    -0.000000    -0.000000
   -0.000000    -0.000000     0.000000     0.000000     0.000000    -0.000000     1.000000    -0.000000    -0.000000     0.000000    -0.000000     0.000000     0.000000     0.000000     0.000000     0.000000

   -0.000328     0.077120   -15.360000    -9.810000     0.000000     0.000000     0.000000     0.000000     0.000000    -0.000000     0.000000     0.000000    -0.000626     0.028540    -0.000000     0.016730
   -0.047230    -0.613600   197.900000    -0.000000    -0.000000     0.000000     0.000000    -0.000000     0.000000    -0.000000     0.000000     0.000000     0.014040    -0.640500    -0.000000    -0.207900
    0.006581    -0.089490    -1.845000     0.000000    -0.003038    -0.142300     0.054980     0.000000    -0.000000     0.000000    -0.000000     0.000000    -0.000359    -0.073220     0.006858    -0.158700
   -0.000000    -0.000000     1.000000     0.000000     0.000000    -0.000000    -0.000000     0.000000    -0.000000     0.000000    -0.000000     0.000000     0.000000     0.000000     0.000000     0.000000
    0.000000    -0.000000    -0.000000    -0.000000    -0.064860    15.150000  -201.100000     9.810000    -0.000000     0.000000    -0.000000    -0.000000     0.000000    -0.000000     0.007447    -0.000000
    0.000691    -0.009394    -0.193700    -0.000000    -1.242000   -60.860000    20.930000    -0.000000     0.000000    -0.000000     0.000000    -0.000000    -0.000038    -0.007686     2.921000    -0.016660
   -0.000025     0.000335     0.006914    -0.000000     0.009500    -0.896000    -0.936900    -0.000000     0.000000    -0.000000     0.000000    -0.000000     0.000001     0.000274     0.036710     0.000594
   -0.000000    -0.000000     0.000000    -0.000000     0.000000     1.000000     0.000000     0.000000    -0.000000     0.000000    -0.000000     0.000000     0.000000     0.000000     0.000000     0.000000
    1.000000     0.000000    -0.000000    15.230000    -0.000000     0.000000     0.000000     0.000000     0.000000    -0.000000     0.000000     0.000000    -0.000000    -0.000000    -0.000000    -0.000000
    0.000000    -0.000000     0.000000    -0.000000     1.000000    -0.000000    -0.000000   -15.230000    -0.000000     0.000000    -0.000000   207.100000     0.000000     0.000000     0.000000     0.000000
   -0.000000     1.000000    -0.000000  -207.100000     0.000000     0.000000     0.000000     0.000000     0.000000    -0.000000     0.000000     0.000000    -0.000000    -0.000000    -0.000000    -0.000000
   -0.000000    -0.000000     0.000000     0.000000     0.000000    -0.000000     1.000000     0.000000    -0.000000     0.000000    -0.000000     0.000000     0.000000     0.000000     0.000000     0.000000

   -0.002170     0.169700   -16.640000    -9.810000     0.000000    -0.000000    -0.000000     0.000000     0.000000    -0.000000     0.000000     0.000000    -0.000847     0.036040     0.000000     0.017810
   -0.079700    -0.628100    92.520000    -0.000000     0.000000     0.000000     0.000000    -0.000000     0.000000    -0.000000     0.000000     0.000000     0.007252    -0.314600    -0.000000    -0.109400
    0.010050    -0.063370    -1.328000     0.000000    -0.001534    -0.059750     0.030100     0.000000    -0.000000     0.000000    -0.000000     0.000000    -0.000069    -0.023820     0.001421    -0.056000
   -0.000000    -0.000000     1.000000     0.000000     0.000000    -0.000000    -0.000000     0.000000    -0.000000     0.000000    -0.000000     0.000000     0.000000     0.000000     0.000000     0.000000
   -0.000000    -0.000000    -0.000000    -0.000000    -0.070170    16.490000   -95.670000     9.810000    -0.000000     0.000000    -0.000000    -0.000000    -0.000000    -0.000000     0.002029    -0.000000
    0.000647    -0.004079    -0.085510    -0.000000    -0.972400   -39.740000    17.870000    -0.000000     0.000000    -0.000000     0.000000    -0.000000    -0.000004    -0.001533     0.935500    -0.003605
   -0.000025     0.000160     0.003348    -0.000000     0.003763    -0.773800    -0.677300    -0.000000     0.000000    -0.000000     0.000000    -0.000000     0.000000     0.000060     0.013490     0.000141
   -0.000000    -0.000000     0.000000    -0.000000     0.000000     1.000000     0.000000     0.000000    -0.000000     0.000000    -0.000000     0.000000     0.000000     0.000000     0.000000     0.000000
    1.000000     0.000000    -0.000000    16.260000    -0.000000     0.000000     0.000000     0.000000     0.000000    -0.000000     0.000000     0.000000    -0.000000    -0.000000    -0.000000    -0.000000
    0.000000    -0.000000     0.000000    -0.000000     1.000000    -0.000000    -0.000000   -16.260000    -0.000000     0.000000    -0.000000   102.600000     0.000000     0.000000     0.000000     0.000000
   -0.000000     1.000000    -0.000000  -102.600000     0.000000     0.000000     0.000000     0.000000     0.000000    -0.000000     0.000000     0.000000    -0.000000    -0.000000    -0.000000    -0.000000
   -0.000000    -0.000000     0.000000     0.000000     0.000000    -0.000000     1.000000     0.000000    -0.000000     0.000000    -0.000000     0.000000     0.000000     0.000000     0.000000     0.000000

   -0.008816     0.274400   -21.990000    -9.810000    -0.000000    -0.000000     0.000000     0.000000     0.000000    -0.000000     0.000000     0.000000    -0.000955     0.038620    -0.000000     0.018090
   -0.109900    -0.490300    56.470000    -0.000000     0.000000    -0.000000    -0.000000    -0.000000     0.000000    -0.000000     0.000000     0.000000     0.003615    -0.150100     0.000000    -0.056110
    0.014420    -0.043840    -0.920500     0.000000    -0.001043    -0.030880     0.022360     0.000000    -0.000000     0.000000    -0.000000     0.000000    -0.000013    -0.009577     0.000463    -0.024410
   -0.000000    -0.000000     1.000000     0.000000     0.000000    -0.000000    -0.000000     0.000000    -0.000000     0.000000    -0.000000     0.000000     0.000000     0.000000     0.000000     0.000000
   -0.000000    -0.000000     0.000000    -0.000000    -0.053930    21.950000   -58.750000     9.810000    -0.000000     0.000000    -0.000000    -0.000000    -0.000000    -0.000000    -0.000760    -0.000000
    0.000751    -0.002283    -0.047930    -0.000000    -0.814900   -25.450000    16.500000    -0.000000     0.000000    -0.000000     0.000000    -0.000000    -0.000001    -0.000499     0.372600    -0.001271
   -0.000030     0.000092     0.001932    -0.000000    -0.002806    -0.744200    -0.417400    -0.000000     0.000000    -0.000000     0.000000    -0.000000     0.000000     0.000020     0.006770     0.000051
   -0.000000    -0.000000     0.000000    -0.000000     0.000000     1.000000     0.000000     0.000000    -0.000000     0.000000    -0.000000     0.000000     0.000000     0.000000     0.000000     0.000000
    1.000000     0.000000    -0.000000    21.270000    -0.000000     0.000000     0.000000     0.000000     0.000000    -0.000000     0.000000     0.000000    -0.000000    -0.000000    -0.000000    -0.000000
    0.000000    -0.000000     0.000000    -0.000000     1.000000    -0.000000    -0.000000   -21.270000    -0.000000     0.000000    -0.000000    64.650000     0.000000     0.000000     0.000000     0.000000
   -0.000000     1.000000    -0.000000   -64.650000     0.000000     0.000000     0.000000     0.000000     0.000000    -0.000000     0.000000     0.000000    -0.000000    -0.000000    -0.000000    -0.000000
   -0.000000    -0.000000     0.000000     0.000000     0.000000    -0.000000     1.000000     0.000000    -0.000000     0.000000    -0.000000     0.000000     0.000000     0.000000     0.000000     0.000000
