u  w  q  the  v  p  r  phi  x  y  z  psi  |  slat  flap  aileron  elevator
   -0.012360     0.277800   -29.680000    -9.810000    -0.000000    -0.000000     0.000000     0.000000     0.000000    -0.000000     0.000000     0.000000    -0.000941     0.037320    -0.000000     0.016940
   -0.111400    -0.359000    55.750000    -0.000000     0.000000    -0.000000    -0.000000    -0.000000     0.000000    -0.000000     0.000000     0.000000     0.002535    -0.103300     0.000000    -0.039980
    0.019270    -0.041060    -0.872800     0.000000    -0.001565    -0.039380     0.034030     0.000000    -0.000000     0.000000    -0.000000     0.000000    -0.000026    -0.007949     0.000555    -0.022560
   -0.000000    -0.000000     1.000000     0.000000     0.000000    -0.000000    -0.000000     0.000000    -0.000000     0.000000    -0.000000     0.000000     0.000000     0.000000     0.000000     0.000000
   -0.000000    -0.000000     0.000000    -0.000000    -0.036900    29.710000   -57.240000     9.810000    -0.000000     0.000000    -0.000000    -0.000000     0.000000    -0.000000    -0.001466    -0.000000
    0.001355    -0.002888    -0.061380    -0.000000    -0.865300   -22.550000    18.250000    -0.000000     0.000000    -0.000000     0.000000    -0.000000    -0.000002    -0.000559     0.311900    -0.001587
   -0.000025     0.000052     0.001113    -0.000000    -0.006618    -0.867300    -0.359300    -0.000000     0.000000    -0.000000     0.000000    -0.000000     0.000000     0.000010     0.006676     0.000029
   -0.000000    -0.000000     0.000000     0.000000     0.000000     1.000000     0.000000     0.000000    -0.000000     0.000000    -0.000000     0.000000     0.000000     0.000000     0.000000     0.000000
    1.000000     0.000000    -0.000000    28.910000    -0.000000     0.000000     0.000000     0.000000     0.000000    -0.000000     0.000000     0.000000    -0.000000    -0.000000    -0.000000    -0.000000
    0.000000    -0.000000     0.000000    -0.000000     1.000000    -0.000000    -0.000000   -28.910000    -0.000000     0.000000    -0.000000    61.610000     0.000000     0.000000     0.000000     0.000000
   -0.000000     1.000000    -0.000000   -61.610000     0.000000     0.000000     0.000000     0.000000     0.000000    -0.000000     0.000000     0.000000    -0.000000    -0.000000    -0.000000    -0.000000
   -0.000000    -0.000000     0.000000     0.000000     0.000000    -0.000000     1.000000    -0.000000    -0.000000     0.000000    -0.000000     0.000000     0.000000     0.000000     0.000000     0.000000

   -0.002996     0.171500   -22.610000    -9.810000     0.000000     0.000000     0.000000     0.000000     0.000000    -0.000000     0.000000     0.000000    -0.000872     0.036770     0.000000     0.017190
   -0.078890    -0.473300    94.010000    -0.000000     0.000000     0.000000     0.000000    -0.000000     0.000000    -0.000000     0.000000     0.000000     0.005416    -0.233000    -0.000000    -0.082300
    0.013030    -0.059520    -1.277000     0.000000    -0.002177    -0.077610     0.042890     0.000000    -0.000000     0.000000    -0.000000     0.000000    -0.000108    -0.021160     0.001816    -0.054430
   -0.000000    -0.000000     1.000000     0.000000     0.000000    -0.000000    -0.000000     0.000000    -0.000000     0.000000    -0.000000     0.000000     0.000000     0.000000     0.000000     0.000000
    0.000000    -0.000000     0.000000    -0.000000    -0.051410    22.540000   -96.230000     9.810000    -0.000000     0.000000    -0.000000    -0.000000    -0.000000    -0.000000     0.000638    -0.000000
    0.001115    -0.005095    -0.109300    -0.000000    -0.983900   -36.060000    18.710000    -0.000000     0.000000    -0.000000     0.000000    -0.000000    -0.000009    -0.001811     0.836300    -0.004659
   -0.000020     0.000091     0.001956    -0.000000     0.001114    -0.843100    -0.635300    -0.000000     0.000000    -0.000000     0.000000    -0.000000     0.000000     0.000032     0.013080     0.000083
   -0.000000    -0.000000     0.000000     0.000000     0.000000     1.000000     0.000000     0.000000    -0.000000     0.000000    -0.000000     0.000000     0.000000     0.000000     0.000000     0.000000
    1.000000     0.000000    -0.000000    22.200000    -0.000000     0.000000     0.000000     0.000000     0.000000    -0.000000     0.000000     0.000000    -0.000000    -0.000000    -0.000000    -0.000000
    0.000000    -0.000000     0.000000    -0.000000     1.000000    -0.000000    -0.000000   -22.200000    -0.000000     0.000000    -0.000000   101.400000     0.000000     0.000000     0.000000     0.000000
   -0.000000     1.000000    -0.000000  -101.400000     0.000000     0.000000     0.000000     0.000000     0.000000    -0.000000     0.000000     0.000000    -0.000000    -0.000000    -0.000000    -0.000000
   -0.000000    -0.000000     0.000000     0.000000     0.000000    -0.000000     1.000000     0.000000    -0.000000     0.000000    -0.000000     0.000000     0.000000     0.000000     0.000000     0.000000

   -0.000487     0.079200   -21.570000    -9.810000    -0.000000     0.000000    -0.000000     0.000000     0.000000    -0.000000     0.000000     0.000000    -0.000689     0.031200    -0.000000     0.016410
   -0.045100    -0.461800   199.700000    -0.000000    -0.000000    -0.000000     0.000000    -0.000000     0.000000    -0.000000     0.000000     0.000000     0.010550    -0.479200    -0.000000    -0.156800
    0.008606    -0.082960    -1.761000     0.000000    -0.003949    -0.175800     0.071210     0.000000    -0.000000     0.000000    -0.000000     0.000000    -0.000475    -0.065650     0.008430    -0.154300
   -0.000000    -0.000000     1.000000     0.000000     0.000000    -0.000000    -0.000000    -0.000000    -0.000000     0.000000    -0.000000     0.000000     0.000000     0.000000     0.000000     0.000000
    0.000000    -0.000000    -0.000000    -0.000000    -0.048160    21.440000  -202.000000     9.810000    -0.000000     0.000000    -0.000000    -0.000000     0.000000    -0.000000     0.004780    -0.000000
    0.001143    -0.011020    -0.233900    -0.000000    -1.160000   -53.030000    20.080000    -0.000000     0.000000    -0.000000     0.000000    -0.000000    -0.000063    -0.008718     2.533000    -0.020500
   -0.000020     0.000189     0.004017    -0.000000     0.008268    -0.875600    -0.904700    -0.000000     0.000000    -0.000000     0.000000    -0.000000     0.000001     0.000150     0.032700     0.000352
   -0.000000    -0.000000     0.000000     0.000000     0.000000     1.000000     0.000000     0.000000    -0.000000     0.000000    -0.000000     0.000000     0.000000     0.000000     0.000000     0.000000
    1.000000     0.000000    -0.000000    21.420000    -0.000000     0.000000     0.000000     0.000000     0.000000    -0.000000     0.000000     0.000000    -0.000000    -0.000000    -0.000000    -0.000000
    0.000000    -0.000000     0.000000    -0.000000     1.000000    -0.000000    -0.000000   -21.420000    -0.000000     0.000000    -0.000000   206.500000     0.000000     0.000000     0.000000     0.000000
   -0.000000     1.000000    -0.000000  -206.500000     0.000000     0.000000     0.000000     0.000000     0.000000    -0.000000     0.000000     0.000000    -0.000000    -0.000000    -0.000000    -0.000000
   -0.000000    -0.000000     0.000000     0.000000     0.000000    -0.000000     1.000000     0.000000    -0.000000     0.000000    -0.000000     0.000000     0.000000     0.000000     0.000000     0.000000

   -0.000236     0.076150   -15.130000    -9.810000     0.000000     0.000000    -0.000000     0.000000     0.000000    -0.000000     0.000000     0.000000    -0.000614     0.028000    -0.000000     0.015700
   -0.047920    -0.613700   198.000000    -0.000000    -0.000000     0.000000     0.000000    -0.000000     0.000000    -0.000000     0.000000     0.000000     0.014040    -0.640600    -0.000000    -0.207800
    0.005948    -0.082150    -1.750000     0.000000    -0.003706    -0.176800     0.064480     0.000000    -0.000000     0.000000    -0.000000     0.000000    -0.000478    -0.065910     0.008505    -0.153400
   -0.000000    -0.000000     1.000000     0.000000     0.000000    -0.000000    -0.000000     0.000000    -0.000000     0.000000    -0.000000     0.000000     0.000000     0.000000     0.000000     0.000000
    0.000000    -0.000000    -0.000000    -0.000000    -0.064950    14.910000  -201.100000     9.810000    -0.000000     0.000000    -0.000000    -0.000000     0.000000    -0.000000     0.007481    -0.000000
    0.000790    -0.010910    -0.232400    -0.000000    -1.086000   -53.210000    18.060000    -0.000000     0.000000    -0.000000     0.000000    -0.000000    -0.000064    -0.008753     2.554000    -0.020380
   -0.000014     0.000187     0.003991    -0.000000     0.010610    -0.781500    -0.929700    -0.000000     0.000000    -0.000000     0.000000    -0.000000     0.000001     0.000150     0.031500     0.000350
   -0.000000    -0.000000     0.000000     0.000000     0.000000     1.000000     0.000000     0.000000    -0.000000     0.000000    -0.000000     0.000000     0.000000     0.000000     0.000000     0.000000
    1.000000     0.000000    -0.000000    14.990000    -0.000000     0.000000     0.000000     0.000000     0.000000    -0.000000     0.000000     0.000000    -0.000000    -0.000000    -0.000000    -0.000000
    0.000000    -0.000000     0.000000    -0.000000     1.000000    -0.000000    -0.000000   -14.990000    -0.000000     0.000000    -0.000000   207.100000     0.000000     0.000000     0.000000     0.000000
   -0.000000     1.000000    -0.000000  -207.100000     0.000000     0.000000     0.000000     0.000000     0.000000    -0.000000     0.000000     0.000000    -0.000000    -0.000000    -0.000000    -0.000000
   -0.000000    -0.000000     0.000000     0.000000     0.000000    -0.000000     1.000000     0.000000    -0.000000     0.000000    -0.000000     0.000000     0.000000     0.000000     0.000000     0.000000

   -0.001800     0.167700   -16.440000    -9.810000     0.000000    -0.000000    -0.000000     0.000000     0.000000    -0.000000     0.000000     0.000000    -0.000834     0.035490    -0.000000     0.016880
   -0.081030    -0.628400    92.690000    -0.000000     0.000000     0.000000    -0.000000    -0.000000     0.000000    -0.000000     0.000000     0.000000     0.007256    -0.314800    -0.000000    -0.109300
    0.009185    -0.058760    -1.269000     0.000000    -0.001985    -0.078950     0.037480     0.000000    -0.000000     0.000000    -0.000000     0.000000    -0.000113    -0.021580     0.001870    -0.054530
   -0.000000    -0.000000     1.000000     0.000000     0.000000    -0.000000    -0.000000     0.000000    -0.000000     0.000000    -0.000000     0.000000     0.000000     0.000000     0.000000     0.000000
   -0.000000    -0.000000     0.000000    -0.000000    -0.070350    16.260000   -95.720000     9.810000    -0.000000     0.000000    -0.000000    -0.000000    -0.000000     0.000000     0.002067     0.000000
    0.000786    -0.005030    -0.108700    -0.000000    -0.893400   -36.530000    16.220000    -0.000000     0.000000    -0.000000     0.000000    -0.000000    -0.000010    -0.001847     0.860300    -0.004667
   -0.000014     0.000090     0.001944    -0.000000     0.004320    -0.717600    -0.672600    -0.000000     0.000000    -0.000000     0.000000    -0.000000     0.000000     0.000033     0.012350     0.000083
   -0.000000    -0.000000     0.000000    -0.000000     0.000000     1.000000     0.000000     0.000000    -0.000000     0.000000    -0.000000     0.000000     0.000000     0.000000     0.000000     0.000000
    1.000000     0.000000    -0.000000    16.040000    -0.000000     0.000000     0.000000     0.000000     0.000000    -0.000000     0.000000     0.000000    -0.000000    -0.000000    -0.000000    -0.000000
    0.000000    -0.000000     0.000000    -0.000000     1.000000    -0.000000    -0.000000   -16.040000    -0.000000     0.000000    -0.000000   102.600000     0.000000     0.000000     0.000000     0.000000
   -0.000000     1.000000    -0.000000  -102.600000     0.000000     0.000000     0.000000     0.000000     0.000000    -0.000000     0.000000     0.000000    -0.000000    -0.000000    -0.000000    -0.000000
   -0.000000    -0.000000     0.000000     0.000000     0.000000    -0.000000     1.000000     0.000000    -0.000000     0.000000    -0.000000     0.000000     0.000000     0.000000     0.000000     0.000000

   -0.007687     0.271400   -21.740000    -9.810000     0.000000     0.000000     0.000000     0.000000     0.000000    -0.000000     0.000000     0.000000    -0.000943     0.038130    -0.000000     0.017270
   -0.111900    -0.491200    56.660000    -0.000000     0.000000     0.000000     0.000000    -0.000000     0.000000    -0.000000     0.000000     0.000000     0.003624    -0.150600     0.000000    -0.056180
    0.013270    -0.040960    -0.882300     0.000000    -0.001383    -0.041980     0.028630     0.000000    -0.000000     0.000000    -0.000000     0.000000    -0.000031    -0.008714     0.000624    -0.023840
   -0.000000    -0.000000     1.000000     0.000000     0.000000    -0.000000    -0.000000     0.000000    -0.000000     0.000000    -0.000000     0.000000     0.000000     0.000000     0.000000     0.000000
   -0.000000    -0.000000    -0.000000    -0.000000    -0.054220    21.650000   -58.850000     9.810000    -0.000000     0.000000    -0.000000    -0.000000     0.000000    -0.000000    -0.000720    -0.000000
    0.000934    -0.002881    -0.062050    -0.000000    -0.760400   -23.790000    15.230000    -0.000000     0.000000    -0.000000     0.000000    -0.000000    -0.000002    -0.000613     0.348900    -0.001677
   -0.000017     0.000052     0.001125    -0.000000    -0.002271    -0.705600    -0.418000    -0.000000     0.000000    -0.000000     0.000000    -0.000000     0.000000     0.000011     0.006363     0.000030
   -0.000000    -0.000000     0.000000     0.000000     0.000000     1.000000     0.000000     0.000000    -0.000000     0.000000    -0.000000     0.000000     0.000000     0.000000     0.000000     0.000000
    1.000000     0.000000    -0.000000    20.980000    -0.000000     0.000000     0.000000     0.000000     0.000000    -0.000000     0.000000     0.000000    -0.000000    -0.000000    -0.000000    -0.000000
    0.000000    -0.000000     0.000000    -0.000000     1.000000    -0.000000    -0.000000   -20.980000    -0.000000     0.000000    -0.000000    64.740000     0.000000     0.000000     0.000000     0.000000
   -0.000000     1.000000    -0.000000   -64.740000     0.000000     0.000000     0.000000     0.000000     0.000000    -0.000000     0.000000     0.000000    -0.000000    -0.000000    -0.000000    -0.000000
   -0.000000    -0.000000     0.000000     0.000000     0.000000    -0.000000     1.000000     0.000000    -0.000000     0.000000    -0.000000     0.000000     0.000000     0.000000     0.000000     0.000000
