u  w  q  the  v  p  r  phi  x  y  z  psi  |  slat  flap  aileron  elevator
   -0.011890     0.276900   -29.580000    -9.810000     0.000000     0.000000     0.000000     0.000000     0.000000    -0.000000     0.000000     0.000000    -0.000938     0.037190    -0.000000     0.016720
   -0.112000    -0.359400    55.820000    -0.000000     0.000000    -0.000000    -0.000000    -0.000000     0.000000    -0.000000     0.000000     0.000000     0.002539    -0.103500     0.000000    -0.040020
    0.018900    -0.040480    -0.866500     0.000000    -0.004160    -0.113500     0.083840     0.000000    -0.000000     0.000000    -0.000000     0.000000    -0.000031    -0.007768     0.001533    -0.022530
   -0.000000    -0.000000     1.000000     0.000000     0.000000    -0.000000    -0.000000     0.000000    -0.000000     0.000000    -0.000000     0.000000     0.000000     0.000000     0.000000     0.000000
   -0.000000    -0.000000    -0.000000    -0.000000    -0.036990    29.590000   -57.300000     9.810000    -0.000000     0.000000    -0.000000    -0.000000     0.000000    -0.000000    -0.001455    -0.000000
    0.003567    -0.007639    -0.163500    -0.000000    -0.362900    -9.463000     7.633000    -0.000000     0.000000    -0.000000     0.000000    -0.000000    -0.000006    -0.001466     0.131000    -0.004253
    0.000187    -0.000400    -0.008553    -0.000000    -0.000612    -0.681500    -0.466300    -0.000000     0.000000    -0.000000     0.000000    -0.000000    -0.000000    -0.000077     0.004338    -0.000222
   -0.000000    -0.000000     0.000000     0.000000     0.000000     1.000000     0.000000     0.000000    -0.000000     0.000000    -0.000000     0.000000     0.000000     0.000000     0.000000     0.000000
    1.000000     0.000000    -0.000000    28.790000    -0.000000     0.000000     0.000000     0.000000     0.000000    -0.000000     0.000000     0.000000    -0.000000    -0.000000    -0.000000    -0.000000
    0.000000    -0.000000     0.000000    -0.000000     1.000000    -0.000000    -0.000000   -28.790000    -0.000000     0.000000    -0.000000    61.670000     0.000000     0.000000     0.000000     0.000000
   -0.000000     1.000000    -0.000000   -61.670000     0.000000     0.000000     0.000000     0.000000     0.000000    -0.000000     0.000000     0.000000    -0.000000    -0.000000    -0.000000    -0.000000
   -0.000000    -0.000000     0.000000     0.000000     0.000000    -0.000000     1.000000    -0.000000    -0.000000     0.000000    -0.000000     0.000000     0.000000     0.000000     0.000000     0.000000

   -0.002849     0.170900   -22.530000    -9.810000     0.000000     0.000000    -0.000000     0.000000     0.000000    -0.000000     0.000000     0.000000    -0.000868     0.036610     0.000000     0.016920
   -0.079280    -0.473400    94.060000    -0.000000     0.000000     0.000000     0.000000    -0.000000     0.000000    -0.000000     0.000000     0.000000     0.005418    -0.233100    -0.000000    -0.082300
    0.012760    -0.058570    -1.268000     0.000000    -0.005011    -0.191400     0.089580     0.000000    -0.000000     0.000000    -0.000000     0.000000    -0.000122    -0.020660     0.004383    -0.054340
   -0.000000    -0.000000     1.000000     0.000000     0.000000    -0.000000    -0.000000     0.000000    -0.000000     0.000000    -0.000000     0.000000     0.000000     0.000000     0.000000     0.000000
   -0.000000    -0.000000    -0.000000    -0.000000    -0.051460    22.450000   -96.250000     9.810000    -0.000000     0.000000    -0.000000    -0.000000    -0.000000     0.000000     0.000650    -0.000000
    0.002603    -0.011940    -0.258600    -0.000000    -0.366700   -13.440000     6.950000    -0.000000     0.000000    -0.000000     0.000000    -0.000000    -0.000025    -0.004213     0.311800    -0.011080
    0.000147    -0.000675    -0.014620    -0.000000     0.008016    -0.546800    -0.738000    -0.000000     0.000000    -0.000000     0.000000    -0.000000    -0.000001    -0.000238     0.006533    -0.000626
   -0.000000    -0.000000     0.000000    -0.000000     0.000000     1.000000     0.000000     0.000000    -0.000000     0.000000    -0.000000     0.000000     0.000000     0.000000     0.000000     0.000000
    1.000000     0.000000    -0.000000    22.110000    -0.000000     0.000000     0.000000     0.000000     0.000000    -0.000000     0.000000     0.000000    -0.000000    -0.000000    -0.000000    -0.000000
    0.000000    -0.000000     0.000000    -0.000000     1.000000    -0.000000    -0.000000   -22.110000    -0.000000     0.000000    -0.000000   101.500000     0.000000     0.000000     0.000000     0.000000
   -0.000000     1.000000    -0.000000  -101.500000     0.000000     0.000000     0.000000     0.000000     0.000000    -0.000000     0.000000     0.000000    -0.000000    -0.000000    -0.000000    -0.000000
   -0.000000    -0.000000     0.000000     0.000000     0.000000    -0.000000     1.000000    -0.000000    -0.000000     0.000000    -0.000000     0.000000     0.000000     0.000000     0.000000     0.000000

   -0.000450     0.078920   -21.480000    -9.810000     0.000000     0.000000     0.000000     0.000000     0.000000    -0.000000     0.000000     0.000000    -0.000685     0.031040    -0.000000     0.016110
   -0.045300    -0.461800   199.700000    -0.000000    -0.000000    -0.000000    -0.000000    -0.000000     0.000000    -0.000000     0.000000     0.000000     0.010550    -0.479300    -0.000000    -0.156800
    0.008437    -0.081690    -1.752000     0.000000    -0.006583    -0.317200     0.103600     0.000000    -0.000000     0.000000    -0.000000     0.000000    -0.000515    -0.064210     0.015030    -0.154400
   -0.000000    -0.000000     1.000000    -0.000000     0.000000    -0.000000    -0.000000    -0.000000    -0.000000     0.000000    -0.000000    -0.000000     0.000000     0.000000     0.000000     0.000000
   -0.000000    -0.000000    -0.000000    -0.000000    -0.048180    21.350000  -202.000000     9.810000    -0.000000     0.000000    -0.000000    -0.000000     0.000000    -0.000000     0.004790    -0.000000
    0.001982    -0.019190    -0.411500    -0.000000    -0.321800   -14.710000     5.552000    -0.000000     0.000000    -0.000000     0.000000    -0.000000    -0.000121    -0.015080     0.702400    -0.036270
    0.000136    -0.001319    -0.028300    -0.000000     0.016800    -0.398600    -1.001000    -0.000000     0.000000    -0.000000     0.000000    -0.000000    -0.000008    -0.001037     0.010550    -0.002494
   -0.000000    -0.000000     0.000000     0.000000     0.000000     1.000000     0.000000    -0.000000    -0.000000     0.000000    -0.000000    -0.000000     0.000000     0.000000     0.000000     0.000000
    1.000000     0.000000    -0.000000    21.330000    -0.000000     0.000000     0.000000     0.000000     0.000000    -0.000000     0.000000     0.000000    -0.000000    -0.000000    -0.000000    -0.000000
    0.000000    -0.000000     0.000000    -0.000000     1.000000    -0.000000    -0.000000   -21.330000    -0.000000     0.000000    -0.000000   206.500000     0.000000     0.000000     0.000000     0.000000
   -0.000000     1.000000    -0.000000  -206.500000     0.000000     0.000000     0.000000     0.000000     0.000000    -0.000000     0.000000     0.000000    -0.000000    -0.000000    -0.000000    -0.000000
   -0.000000    -0.000000     0.000000     0.000000     0.000000    -0.000000     1.000000    -0.000000    -0.000000     0.000000    -0.000000    -0.000000     0.000000     0.000000     0.000000     0.000000

   -0.000211     0.075870   -15.070000    -9.810000    -0.000000    -0.000000     0.000000     0.000000     0.000000    -0.000000     0.000000     0.000000    -0.000610     0.027840    -0.000000     0.015400
   -0.048120    -0.613700   198.100000    -0.000000    -0.000000    -0.000000    -0.000000    -0.000000     0.000000    -0.000000     0.000000     0.000000     0.014040    -0.640700    -0.000000    -0.207800
    0.005827    -0.080860    -1.741000     0.000000    -0.006122    -0.317000     0.091640     0.000000    -0.000000     0.000000    -0.000000     0.000000    -0.000518    -0.064460     0.015140    -0.153500
   -0.000000    -0.000000     1.000000     0.000000     0.000000    -0.000000    -0.000000     0.000000    -0.000000     0.000000    -0.000000     0.000000     0.000000     0.000000     0.000000     0.000000
    0.000000    -0.000000    -0.000000    -0.000000    -0.064980    14.840000  -201.100000     9.810000    -0.000000     0.000000    -0.000000    -0.000000     0.000000    -0.000000     0.007491    -0.000000
    0.001369    -0.018990    -0.408900    -0.000000    -0.301100   -14.750000     4.994000    -0.000000     0.000000    -0.000000     0.000000    -0.000000    -0.000122    -0.015140     0.708200    -0.036060
    0.000094    -0.001306    -0.028120    -0.000000     0.018390    -0.309600    -1.009000    -0.000000     0.000000    -0.000000     0.000000    -0.000000    -0.000008    -0.001041     0.009275    -0.002479
   -0.000000    -0.000000     0.000000    -0.000000     0.000000     1.000000     0.000000     0.000000    -0.000000     0.000000    -0.000000     0.000000     0.000000     0.000000     0.000000     0.000000
    1.000000     0.000000    -0.000000    14.920000    -0.000000     0.000000     0.000000     0.000000     0.000000    -0.000000     0.000000     0.000000    -0.000000    -0.000000    -0.000000    -0.000000
    0.000000    -0.000000     0.000000    -0.000000     1.000000    -0.000000    -0.000000   -14.920000    -0.000000     0.000000    -0.000000   207.100000     0.000000     0.000000     0.000000     0.000000
   -0.000000     1.000000    -0.000000  -207.100000     0.000000     0.000000     0.000000     0.000000     0.000000    -0.000000     0.000000     0.000000    -0.000000    -0.000000    -0.000000    -0.000000
   -0.000000    -0.000000     0.000000     0.000000     0.000000    -0.000000     1.000000     0.000000    -0.000000     0.000000    -0.000000     0.000000     0.000000     0.000000     0.000000     0.000000

   -0.001695     0.167100   -16.380000    -9.810000     0.000000    -0.000000    -0.000000     0.000000     0.000000    -0.000000     0.000000     0.000000    -0.000830     0.035330     0.000000     0.016610
   -0.081430    -0.628500    92.740000    -0.000000     0.000000     0.000000     0.000000    -0.000000     0.000000    -0.000000     0.000000     0.000000     0.007258    -0.314900    -0.000000    -0.109300
    0.008994    -0.057780    -1.260000     0.000000    -0.004521    -0.192600     0.076590     0.000000    -0.000000     0.000000    -0.000000     0.000000    -0.000126    -0.021060     0.004498    -0.054440
   -0.000000    -0.000000     1.000000     0.000000     0.000000    -0.000000    -0.000000     0.000000    -0.000000     0.000000    -0.000000     0.000000     0.000000     0.000000     0.000000     0.000000
   -0.000000    -0.000000    -0.000000    -0.000000    -0.070410    16.190000   -95.740000     9.810000    -0.000000     0.000000    -0.000000    -0.000000    -0.000000     0.000000     0.002079    -0.000000
    0.001834    -0.011780    -0.257100    -0.000000    -0.333000   -13.610000     6.025000    -0.000000     0.000000    -0.000000     0.000000    -0.000000    -0.000026    -0.004294     0.320600    -0.011100
    0.000104    -0.000666    -0.014530    -0.000000     0.010420    -0.424200    -0.755800    -0.000000     0.000000    -0.000000     0.000000    -0.000000    -0.000001    -0.000243     0.005669    -0.000628
   -0.000000    -0.000000     0.000000    -0.000000     0.000000     1.000000     0.000000     0.000000    -0.000000     0.000000    -0.000000     0.000000     0.000000     0.000000     0.000000     0.000000
    1.000000     0.000000    -0.000000    15.970000    -0.000000     0.000000     0.000000     0.000000     0.000000    -0.000000     0.000000     0.000000    -0.000000    -0.000000    -0.000000    -0.000000
    0.000000    -0.000000     0.000000    -0.000000     1.000000    -0.000000    -0.000000   -15.970000    -0.000000     0.000000    -0.000000   102.600000     0.000000     0.000000     0.000000     0.000000
   -0.000000     1.000000    -0.000000  -102.600000     0.000000     0.000000     0.000000     0.000000     0.000000    -0.000000     0.000000     0.000000    -0.000000    -0.000000    -0.000000    -0.000000
   -0.000000    -0.000000     0.000000     0.000000     0.000000    -0.000000     1.000000     0.000000    -0.000000     0.000000    -0.000000     0.000000     0.000000     0.000000     0.000000     0.000000

   -0.007365     0.270500   -21.670000    -9.810000    -0.000000     0.000000     0.000000     0.000000     0.000000    -0.000000     0.000000     0.000000    -0.000939     0.037990    -0.000000     0.017030
   -0.112500    -0.491500    56.720000    -0.000000     0.000000    -0.000000    -0.000000    -0.000000     0.000000    -0.000000     0.000000     0.000000     0.003627    -0.150700     0.000000    -0.056200
    0.013010    -0.040320    -0.875800     0.000000    -0.003630    -0.118200     0.069080     0.000000    -0.000000     0.000000    -0.000000     0.000000    -0.000037    -0.008505     0.001706    -0.023800
   -0.000000    -0.000000     1.000000     0.000000     0.000000    -0.000000    -0.000000     0.000000    -0.000000     0.000000    -0.000000     0.000000     0.000000     0.000000     0.000000     0.000000
   -0.000000    -0.000000    -0.000000    -0.000000    -0.054310    21.570000   -58.880000     9.810000    -0.000000     0.000000    -0.000000    -0.000000    -0.000000    -0.000000    -0.000709    -0.000000
    0.002455    -0.007609    -0.165300    -0.000000    -0.318900    -9.980000     6.367000    -0.000000     0.000000    -0.000000     0.000000    -0.000000    -0.000007    -0.001605     0.146400    -0.004491
    0.000128    -0.000398    -0.008644    -0.000000     0.002858    -0.518400    -0.502500    -0.000000     0.000000    -0.000000     0.000000    -0.000000    -0.000000    -0.000084     0.003790    -0.000235
   -0.000000    -0.000000     0.000000     0.000000     0.000000     1.000000     0.000000     0.000000    -0.000000     0.000000    -0.000000     0.000000     0.000000     0.000000     0.000000     0.000000
    1.000000     0.000000    -0.000000    20.900000    -0.000000     0.000000     0.000000     0.000000     0.000000    -0.000000     0.000000     0.000000    -0.000000    -0.000000    -0.000000    -0.000000
    0.000000    -0.000000     0.000000    -0.000000     1.000000    -0.000000    -0.000000   -20.900000    -0.000000     0.000000    -0.000000    64.770000     0.000000     0.000000     0.000000     0.000000
   -0.000000     1.000000    -0.000000   -64.770000     0.000000     0.000000     0.000000     0.000000     0.000000    -0.000000     0.000000     0.000000    -0.000000    -0.000000    -0.000000    -0.000000
   -0.000000    -0.000000     0.000000     0.000000     0.000000    -0.000000     1.000000    -0.000000    -0.000000     0.000000    -0.000000     0.000000     0.000000     0.000000     0.000000     0.000000
