u  w  q  the  v  p  r  phi  x  y  z  psi  |  slat  flap  aileron  elevator
   -0.012690     0.278500   -29.750000    -9.810000    -0.000000     0.000000     0.000000     0.000000     0.000000    -0.000000     0.000000     0.000000    -0.000944     0.037400    -0.000000     0.017090
   -0.111000    -0.358800    55.700000    -0.000000     0.000000    -0.000000    -0.000000    -0.000000     0.000000    -0.000000     0.000000     0.000000     0.002532    -0.103200     0.000000    -0.039950
    0.019600    -0.041640    -0.880700     0.000000    -0.004513    -0.119600     0.093890     0.000000    -0.000000     0.000000    -0.000000     0.000000    -0.000023    -0.008106     0.001637    -0.022680
   -0.000000    -0.000000     1.000000     0.000000     0.000000    -0.000000    -0.000000    -0.000000    -0.000000     0.000000    -0.000000     0.000000     0.000000     0.000000     0.000000     0.000000
   -0.000000    -0.000000    -0.000000    -0.000000    -0.036830    29.790000   -57.210000     9.810000    -0.000000     0.000000    -0.000000    -0.000000     0.000000    -0.000000    -0.001474    -0.000000
    0.003993    -0.008482    -0.179400    -0.000000    -0.649700   -16.920000    13.740000    -0.000000     0.000000    -0.000000     0.000000    -0.000000    -0.000005    -0.001651     0.233800    -0.004619
    0.000110    -0.000234    -0.004955    -0.000000    -0.003991    -0.796600    -0.412000    -0.000000     0.000000    -0.000000     0.000000    -0.000000    -0.000000    -0.000046     0.005709    -0.000128
   -0.000000    -0.000000     0.000000     0.000000     0.000000     1.000000     0.000000     0.000000    -0.000000     0.000000    -0.000000     0.000000     0.000000     0.000000     0.000000     0.000000
    1.000000     0.000000    -0.000000    28.990000    -0.000000     0.000000     0.000000     0.000000     0.000000    -0.000000     0.000000     0.000000    -0.000000    -0.000000    -0.000000    -0.000000
    0.000000    -0.000000     0.000000    -0.000000     1.000000    -0.000000    -0.000000   -28.990000    -0.000000     0.000000    -0.000000    61.580000     0.000000     0.000000     0.000000     0.000000
   -0.000000     1.000000    -0.000000   -61.580000     0.000000     0.000000     0.000000     0.000000     0.000000    -0.000000     0.000000     0.000000    -0.000000    -0.000000    -0.000000    -0.000000
   -0.000000    -0.000000     0.000000     0.000000     0.000000    -0.000000     1.000000     0.000000    -0.000000     0.000000    -0.000000     0.000000     0.000000     0.000000     0.000000     0.000000

   -0.003098     0.171900   -22.670000    -9.810000     0.000000    -0.000000     0.000000     0.000000     0.000000    -0.000000     0.000000     0.000000    -0.000875     0.036870     0.000000     0.017370
   -0.078620    -0.473200    93.970000    -0.000000     0.000000     0.000000    -0.000000    -0.000000     0.000000    -0.000000     0.000000     0.000000     0.005414    -0.232900    -0.000000    -0.082290
    0.013280    -0.060500    -1.290000     0.000000    -0.005867    -0.218200     0.109600     0.000000    -0.000000     0.000000    -0.000000     0.000000    -0.000100    -0.021620     0.005037    -0.054780
   -0.000000    -0.000000     1.000000     0.000000     0.000000    -0.000000    -0.000000     0.000000    -0.000000     0.000000    -0.000000     0.000000     0.000000     0.000000     0.000000     0.000000
    0.000000    -0.000000    -0.000000    -0.000000    -0.051370    22.600000   -96.210000     9.810000    -0.000000     0.000000    -0.000000    -0.000000    -0.000000    -0.000000     0.000630    -0.000000
    0.003122    -0.014230    -0.303400    -0.000000    -0.701100   -25.690000    13.360000    -0.000000     0.000000    -0.000000     0.000000    -0.000000    -0.000024    -0.005084     0.595700    -0.012880
    0.000088    -0.000402    -0.008561    -0.000000     0.004494    -0.715100    -0.695400    -0.000000     0.000000    -0.000000     0.000000    -0.000000    -0.000001    -0.000143     0.010140    -0.000363
   -0.000000    -0.000000     0.000000     0.000000     0.000000     1.000000     0.000000     0.000000    -0.000000     0.000000    -0.000000     0.000000     0.000000     0.000000     0.000000     0.000000
    1.000000     0.000000    -0.000000    22.260000    -0.000000     0.000000     0.000000     0.000000     0.000000    -0.000000     0.000000     0.000000    -0.000000    -0.000000    -0.000000    -0.000000
    0.000000    -0.000000     0.000000    -0.000000     1.000000    -0.000000    -0.000000   -22.260000    -0.000000     0.000000    -0.000000   101.400000     0.000000     0.000000     0.000000     0.000000
   -0.000000     1.000000    -0.000000  -101.400000     0.000000     0.000000     0.000000     0.000000     0.000000    -0.000000     0.000000     0.000000    -0.000000    -0.000000    -0.000000    -0.000000
   -0.000000    -0.000000     0.000000     0.000000     0.000000    -0.000000     1.000000     0.000000    -0.000000     0.000000    -0.000000     0.000000     0.000000     0.000000     0.000000     0.000000

   -0.000512     0.079400   -21.640000    -9.810000     0.000000    -0.000000     0.000000     0.000000     0.000000    -0.000000     0.000000     0.000000    -0.000691     0.031310    -0.000000     0.016620
   -0.044960    -0.461800   199.700000    -0.000000    -0.000000    -0.000000     0.000000    -0.000000     0.000000    -0.000000     0.000000     0.000000     0.010550    -0.479200    -0.000000    -0.156900
    0.008806    -0.084630    -1.785000     0.000000    -0.009098    -0.422900     0.153600     0.000000    -0.000000     0.000000    -0.000000     0.000000    -0.000453    -0.067260     0.020140    -0.155800
   -0.000000    -0.000000     1.000000     0.000000     0.000000    -0.000000    -0.000000     0.000000    -0.000000     0.000000    -0.000000     0.000000     0.000000     0.000000     0.000000     0.000000
   -0.000000    -0.000000    -0.000000    -0.000000    -0.048140    21.510000  -202.000000     9.810000    -0.000000     0.000000    -0.000000    -0.000000     0.000000    -0.000000     0.004773    -0.000000
    0.002771    -0.026630    -0.561500    -0.000000    -0.714500   -32.650000    12.400000    -0.000000     0.000000    -0.000000     0.000000    -0.000000    -0.000142    -0.021160     1.559000    -0.049010
    0.000083    -0.000799    -0.016840    -0.000000     0.013400    -0.629900    -0.985100    -0.000000     0.000000    -0.000000     0.000000    -0.000000    -0.000004    -0.000635     0.021040    -0.001470
   -0.000000    -0.000000     0.000000     0.000000     0.000000     1.000000     0.000000     0.000000    -0.000000     0.000000    -0.000000     0.000000     0.000000     0.000000     0.000000     0.000000
    1.000000     0.000000    -0.000000    21.490000    -0.000000     0.000000     0.000000     0.000000     0.000000    -0.000000     0.000000     0.000000    -0.000000    -0.000000    -0.000000    -0.000000
    0.000000    -0.000000     0.000000    -0.000000     1.000000    -0.000000    -0.000000   -21.490000    -0.000000     0.000000    -0.000000   206.500000     0.000000     0.000000     0.000000     0.000000
   -0.000000     1.000000    -0.000000  -206.500000     0.000000     0.000000     0.000000     0.000000     0.000000    -0.000000     0.000000     0.000000    -0.000000    -0.000000    -0.000000    -0.000000
   -0.000000    -0.000000     0.000000     0.000000     0.000000    -0.000000     1.000000     0.000000    -0.000000     0.000000    -0.000000     0.000000     0.000000     0.000000     0.000000     0.000000

   -0.000254     0.076350   -15.180000    -9.810000    -0.000000     0.000000     0.000000     0.000000     0.000000    -0.000000     0.000000     0.000000    -0.000616     0.028110    -0.000000     0.015910
   -0.047780    -0.613700   198.000000    -0.000000    -0.000000     0.000000    -0.000000    -0.000000     0.000000    -0.000000     0.000000     0.000000     0.014040    -0.640600    -0.000000    -0.207800
    0.006088    -0.083820    -1.773000     0.000000    -0.008496    -0.423700     0.137500     0.000000    -0.000000     0.000000    -0.000000     0.000000    -0.000456    -0.067540     0.020300    -0.154900
   -0.000000    -0.000000     1.000000     0.000000     0.000000    -0.000000    -0.000000     0.000000    -0.000000     0.000000    -0.000000     0.000000     0.000000     0.000000     0.000000     0.000000
   -0.000000    -0.000000    -0.000000    -0.000000    -0.064940    14.960000  -201.100000     9.810000    -0.000000     0.000000    -0.000000    -0.000000     0.000000    -0.000000     0.007474    -0.000000
    0.001916    -0.026370    -0.557900    -0.000000    -0.668500   -32.760000    11.160000    -0.000000     0.000000    -0.000000     0.000000    -0.000000    -0.000143    -0.021250     1.572000    -0.048720
    0.000057    -0.000791    -0.016740    -0.000000     0.015380    -0.535800    -1.001000    -0.000000     0.000000    -0.000000     0.000000    -0.000000    -0.000004    -0.000638     0.019770    -0.001462
   -0.000000    -0.000000     0.000000    -0.000000     0.000000     1.000000     0.000000     0.000000    -0.000000     0.000000    -0.000000     0.000000     0.000000     0.000000     0.000000     0.000000
    1.000000     0.000000    -0.000000    15.040000    -0.000000     0.000000     0.000000     0.000000     0.000000    -0.000000     0.000000     0.000000    -0.000000    -0.000000    -0.000000    -0.000000
    0.000000    -0.000000     0.000000    -0.000000     1.000000    -0.000000    -0.000000   -15.040000    -0.000000     0.000000    -0.000000   207.100000     0.000000     0.000000     0.000000     0.000000
   -0.000000     1.000000    -0.000000  -207.100000     0.000000     0.000000     0.000000     0.000000     0.000000    -0.000000     0.000000     0.000000    -0.000000    -0.000000    -0.000000    -0.000000
   -0.000000    -0.000000     0.000000    -0.000000     0.000000    -0.000000     1.000000    -0.000000    -0.000000     0.000000    -0.000000     0.000000     0.000000     0.000000     0.000000     0.000000

   -0.001873     0.168100   -16.480000    -9.810000    -0.000000    -0.000000     0.000000     0.000000     0.000000    -0.000000     0.000000     0.000000    -0.000837     0.035600     0.000000     0.017070
   -0.080760    -0.628400    92.660000    -0.000000     0.000000     0.000000     0.000000    -0.000000     0.000000    -0.000000     0.000000     0.000000     0.007255    -0.314800    -0.000000    -0.109300
    0.009367    -0.059750    -1.282000     0.000000    -0.005315    -0.220600     0.094540     0.000000    -0.000000     0.000000    -0.000000     0.000000    -0.000104    -0.022050     0.005178    -0.054880
   -0.000000    -0.000000     1.000000     0.000000     0.000000    -0.000000    -0.000000    -0.000000    -0.000000     0.000000    -0.000000     0.000000     0.000000     0.000000     0.000000     0.000000
   -0.000000    -0.000000    -0.000000    -0.000000    -0.070320    16.300000   -95.710000     9.810000    -0.000000     0.000000    -0.000000    -0.000000     0.000000    -0.000000     0.002060    -0.000000
    0.002203    -0.014050    -0.301500    -0.000000    -0.636600   -26.020000    11.590000    -0.000000     0.000000    -0.000000     0.000000    -0.000000    -0.000024    -0.005185     0.612800    -0.012900
    0.000062    -0.000396    -0.008510    -0.000000     0.007376    -0.588600    -0.724000    -0.000000     0.000000    -0.000000     0.000000    -0.000000    -0.000001    -0.000146     0.009334    -0.000364
   -0.000000    -0.000000     0.000000     0.000000     0.000000     1.000000     0.000000     0.000000    -0.000000     0.000000    -0.000000     0.000000     0.000000     0.000000     0.000000     0.000000
    1.000000     0.000000    -0.000000    16.080000    -0.000000     0.000000     0.000000     0.000000     0.000000    -0.000000     0.000000     0.000000    -0.000000    -0.000000    -0.000000    -0.000000
    0.000000    -0.000000     0.000000    -0.000000     1.000000    -0.000000    -0.000000   -16.080000    -0.000000     0.000000    -0.000000   102.600000     0.000000     0.000000     0.000000     0.000000
   -0.000000     1.000000    -0.000000  -102.600000     0.000000     0.000000     0.000000     0.000000     0.000000    -0.000000     0.000000     0.000000    -0.000000    -0.000000    -0.000000    -0.000000
   -0.000000    -0.000000     0.000000     0.000000     0.000000    -0.000000     1.000000     0.000000    -0.000000     0.000000    -0.000000     0.000000     0.000000     0.000000     0.000000     0.000000

   -0.007911     0.272000   -21.790000    -9.810000    -0.000000    -0.000000     0.000000     0.000000     0.000000    -0.000000     0.000000     0.000000    -0.000945     0.038230    -0.000000     0.017430
   -0.111500    -0.491000    56.620000    -0.000000     0.000000    -0.000000    -0.000000    -0.000000     0.000000    -0.000000     0.000000     0.000000     0.003622    -0.150500     0.000000    -0.056170
    0.013510    -0.041560    -0.890500     0.000000    -0.003955    -0.125600     0.077970     0.000000    -0.000000     0.000000    -0.000000     0.000000    -0.000028    -0.008894     0.001830    -0.023970
   -0.000000    -0.000000     1.000000     0.000000     0.000000    -0.000000    -0.000000     0.000000    -0.000000     0.000000    -0.000000     0.000000     0.000000     0.000000     0.000000     0.000000
   -0.000000    -0.000000     0.000000    -0.000000    -0.054160    21.710000   -58.830000     9.810000    -0.000000     0.000000    -0.000000    -0.000000     0.000000    -0.000000    -0.000728    -0.000000
    0.002753    -0.008467    -0.181400    -0.000000    -0.570900   -17.860000    11.460000    -0.000000     0.000000    -0.000000     0.000000    -0.000000    -0.000006    -0.001812     0.261800    -0.004883
    0.000076    -0.000234    -0.005010    -0.000000     0.000026    -0.631800    -0.461500    -0.000000     0.000000    -0.000000     0.000000    -0.000000    -0.000000    -0.000050     0.005289    -0.000135
   -0.000000    -0.000000     0.000000    -0.000000     0.000000     1.000000     0.000000     0.000000    -0.000000     0.000000    -0.000000     0.000000     0.000000     0.000000     0.000000     0.000000
    1.000000     0.000000    -0.000000    21.040000    -0.000000     0.000000     0.000000     0.000000     0.000000    -0.000000     0.000000     0.000000    -0.000000    -0.000000    -0.000000    -0.000000
    0.000000    -0.000000     0.000000    -0.000000     1.000000    -0.000000    -0.000000   -21.040000    -0.000000     0.000000    -0.000000    64.720000     0.000000     0.000000     0.000000     0.000000
   -0.000000     1.000000    -0.000000   -64.720000     0.000000     0.000000     0.000000     0.000000     0.000000    -0.000000     0.000000     0.000000    -0.000000    -0.000000    -0.000000    -0.000000
   -0.000000    -0.000000     0.000000    -0.000000     0.000000    -0.000000     1.000000    -0.000000    -0.000000     0.000000    -0.000000     0.000000     0.000000     0.000000     0.000000     0.000000
