u  w  q  the  v  p  r  phi  x  y  z  psi  |  slat  flap  aileron  elevator
   -0.014310     0.281600   -30.090000    -9.810000    -0.000000     0.000000     0.000000     0.000000     0.000000    -0.000000     0.000000     0.000000    -0.000955     0.037790    -0.000000     0.017810
   -0.109100    -0.357600    55.450000    -0.000000     0.000000    -0.000000    -0.000000    -0.000000     0.000000    -0.000000     0.000000     0.000000     0.002518    -0.102500     0.000000    -0.039800
    0.021060    -0.044040    -0.912200     0.000000    -0.003833    -0.100900     0.080920     0.000000    -0.000000     0.000000    -0.000000     0.000000    -0.000006    -0.008791     0.001379    -0.023020
   -0.000000    -0.000000     1.000000     0.000000     0.000000    -0.000000    -0.000000    -0.000000    -0.000000     0.000000    -0.000000     0.000000     0.000000     0.000000     0.000000     0.000000
   -0.000000     0.000000     0.000000    -0.000000    -0.036520    30.180000   -57.030000     9.810000    -0.000000     0.000000    -0.000000    -0.000000     0.000000    -0.000000    -0.001509    -0.000000
    0.003624    -0.007576    -0.156900    -0.000000    -0.649400   -16.850000    13.880000    -0.000000     0.000000    -0.000000     0.000000    -0.000000    -0.000001    -0.001512     0.232200    -0.003961
    0.000088    -0.000183    -0.003795    -0.000000    -0.003909    -0.812600    -0.421500    -0.000000     0.000000    -0.000000     0.000000    -0.000000    -0.000000    -0.000037     0.005759    -0.000096
   -0.000000    -0.000000     0.000000     0.000000     0.000000     1.000000     0.000000     0.000000    -0.000000     0.000000    -0.000000     0.000000     0.000000     0.000000     0.000000     0.000000
    1.000000     0.000000    -0.000000    29.370000    -0.000000     0.000000     0.000000     0.000000     0.000000    -0.000000     0.000000     0.000000    -0.000000    -0.000000    -0.000000    -0.000000
    0.000000    -0.000000     0.000000    -0.000000     1.000000    -0.000000    -0.000000   -29.370000    -0.000000     0.000000    -0.000000    61.400000     0.000000     0.000000     0.000000     0.000000
   -0.000000     1.000000    -0.000000   -61.400000     0.000000     0.000000     0.000000     0.000000     0.000000    -0.000000     0.000000     0.000000    -0.000000    -0.000000    -0.000000    -0.000000
   -0.000000    -0.000000     0.000000     0.000000     0.000000    -0.000000     1.000000     0.000000    -0.000000     0.000000    -0.000000     0.000000     0.000000     0.000000     0.000000     0.000000

   -0.003605     0.173800   -22.940000    -9.810000    -0.000000    -0.000000    -0.000000     0.000000     0.000000    -0.000000     0.000000     0.000000    -0.000887     0.037380     0.000000     0.018250
   -0.077310    -0.472700    93.810000    -0.000000     0.000000     0.000000     0.000000    -0.000000     0.000000    -0.000000     0.000000     0.000000     0.005408    -0.232600    -0.000000    -0.082280
    0.014360    -0.064520    -1.339000     0.000000    -0.004995    -0.185000     0.094810     0.000000    -0.000000     0.000000    -0.000000     0.000000    -0.000058    -0.023590     0.004272    -0.055830
   -0.000000    -0.000000     1.000000    -0.000000     0.000000    -0.000000    -0.000000    -0.000000    -0.000000     0.000000    -0.000000    -0.000000     0.000000     0.000000     0.000000     0.000000
   -0.000000    -0.000000    -0.000000    -0.000000    -0.051190    22.910000   -96.140000     9.810000    -0.000000     0.000000    -0.000000    -0.000000     0.000000    -0.000000     0.000592    -0.000000
    0.002851    -0.012810    -0.266000    -0.000000    -0.700800   -25.650000    13.510000    -0.000000     0.000000    -0.000000     0.000000    -0.000000    -0.000011    -0.004684     0.594300    -0.011090
    0.000070    -0.000316    -0.006561    -0.000000     0.004812    -0.727100    -0.711700    -0.000000     0.000000    -0.000000     0.000000    -0.000000    -0.000000    -0.000116     0.010220    -0.000273
   -0.000000    -0.000000     0.000000     0.000000     0.000000     1.000000     0.000000    -0.000000    -0.000000     0.000000    -0.000000    -0.000000     0.000000     0.000000     0.000000     0.000000
    1.000000     0.000000    -0.000000    22.560000    -0.000000     0.000000     0.000000     0.000000     0.000000    -0.000000     0.000000     0.000000    -0.000000    -0.000000    -0.000000    -0.000000
    0.000000    -0.000000     0.000000    -0.000000     1.000000    -0.000000    -0.000000   -22.560000    -0.000000     0.000000    -0.000000   101.400000     0.000000     0.000000     0.000000     0.000000
   -0.000000     1.000000    -0.000000  -101.400000     0.000000     0.000000     0.000000     0.000000     0.000000    -0.000000     0.000000     0.000000    -0.000000    -0.000000    -0.000000    -0.000000
   -0.000000    -0.000000     0.000000     0.000000     0.000000    -0.000000     1.000000    -0.000000    -0.000000     0.000000    -0.000000    -0.000000     0.000000     0.000000     0.000000     0.000000

   -0.000641     0.080340   -21.930000    -9.810000     0.000000    -0.000000     0.000000     0.000000     0.000000    -0.000000     0.000000     0.000000    -0.000703     0.031830    -0.000000     0.017610
   -0.044290    -0.461600   199.500000    -0.000000    -0.000000     0.000000    -0.000000    -0.000000     0.000000    -0.000000     0.000000     0.000000     0.010550    -0.479000    -0.000000    -0.156900
    0.009591    -0.090850    -1.859000     0.000000    -0.007777    -0.360100     0.133800     0.000000    -0.000000     0.000000    -0.000000     0.000000    -0.000331    -0.073600     0.017160    -0.159300
   -0.000000    -0.000000     1.000000     0.000000     0.000000    -0.000000    -0.000000     0.000000    -0.000000     0.000000    -0.000000     0.000000     0.000000     0.000000     0.000000     0.000000
    0.000000    -0.000000    -0.000000    -0.000000    -0.048050    21.820000  -201.900000     9.810000    -0.000000     0.000000    -0.000000    -0.000000    -0.000000    -0.000000     0.004740    -0.000000
    0.002548    -0.024140    -0.494100    -0.000000    -0.713700   -32.600000    12.540000    -0.000000     0.000000    -0.000000     0.000000    -0.000000    -0.000088    -0.019560     1.557000    -0.042320
    0.000067    -0.000630    -0.012890    -0.000000     0.014030    -0.638900    -1.012000    -0.000000     0.000000    -0.000000     0.000000    -0.000000    -0.000002    -0.000510     0.021180    -0.001104
   -0.000000    -0.000000     0.000000     0.000000     0.000000     1.000000     0.000000     0.000000    -0.000000     0.000000    -0.000000     0.000000     0.000000     0.000000     0.000000     0.000000
    1.000000     0.000000    -0.000000    21.800000    -0.000000     0.000000     0.000000     0.000000     0.000000    -0.000000     0.000000     0.000000    -0.000000    -0.000000    -0.000000    -0.000000
    0.000000    -0.000000     0.000000    -0.000000     1.000000    -0.000000    -0.000000   -21.800000    -0.000000     0.000000    -0.000000   206.500000     0.000000     0.000000     0.000000     0.000000
   -0.000000     1.000000    -0.000000  -206.500000     0.000000     0.000000     0.000000     0.000000     0.000000    -0.000000     0.000000     0.000000    -0.000000    -0.000000    -0.000000    -0.000000
   -0.000000    -0.000000     0.000000     0.000000     0.000000    -0.000000     1.000000     0.000000    -0.000000     0.000000    -0.000000     0.000000     0.000000     0.000000     0.000000     0.000000

   -0.000345     0.077290   -15.400000    -9.810000     0.000000     0.000000     0.000000     0.000000     0.000000    -0.000000     0.000000     0.000000    -0.000628     0.028640    -0.000000     0.016910
   -0.047100    -0.613600   197.800000    -0.000000    -0.000000    -0.000000     0.000000    -0.000000     0.000000    -0.000000     0.000000     0.000000     0.014040    -0.640500    -0.000000    -0.207900
    0.006642    -0.090070    -1.847000     0.000000    -0.007265    -0.360900     0.120000     0.000000    -0.000000     0.000000    -0.000000     0.000000    -0.000334    -0.073930     0.017300    -0.158300
   -0.000000    -0.000000     1.000000     0.000000     0.000000    -0.000000    -0.000000     0.000000    -0.000000     0.000000    -0.000000     0.000000     0.000000     0.000000     0.000000     0.000000
   -0.000000    -0.000000    -0.000000    -0.000000    -0.064850    15.190000  -201.100000     9.810000    -0.000000     0.000000    -0.000000    -0.000000    -0.000000    -0.000000     0.007441    -0.000000
    0.001765    -0.023930    -0.490800    -0.000000    -0.667700   -32.710000    11.290000    -0.000000     0.000000    -0.000000     0.000000    -0.000000    -0.000089    -0.019640     1.570000    -0.042060
    0.000046    -0.000624    -0.012810    -0.000000     0.016070    -0.541900    -1.028000    -0.000000     0.000000    -0.000000     0.000000    -0.000000    -0.000002    -0.000513     0.019870    -0.001098
   -0.000000    -0.000000     0.000000     0.000000     0.000000     1.000000     0.000000     0.000000    -0.000000     0.000000    -0.000000     0.000000     0.000000     0.000000     0.000000     0.000000
    1.000000     0.000000    -0.000000    15.270000    -0.000000     0.000000     0.000000     0.000000     0.000000    -0.000000     0.000000     0.000000    -0.000000    -0.000000    -0.000000    -0.000000
    0.000000    -0.000000     0.000000    -0.000000     1.000000    -0.000000    -0.000000   -15.270000    -0.000000     0.000000    -0.000000   207.100000     0.000000     0.000000     0.000000     0.000000
   -0.000000     1.000000    -0.000000  -207.100000     0.000000     0.000000     0.000000     0.000000     0.000000    -0.000000     0.000000     0.000000    -0.000000    -0.000000    -0.000000    -0.000000
   -0.000000    -0.000000     0.000000     0.000000     0.000000    -0.000000     1.000000    -0.000000    -0.000000     0.000000    -0.000000     0.000000     0.000000     0.000000     0.000000     0.000000

   -0.002238     0.170000   -16.680000    -9.810000    -0.000000    -0.000000     0.000000     0.000000     0.000000    -0.000000     0.000000     0.000000    -0.000850     0.036130     0.000000     0.017980
   -0.079460    -0.628000    92.490000    -0.000000     0.000000     0.000000    -0.000000    -0.000000     0.000000    -0.000000     0.000000     0.000000     0.007251    -0.314600    -0.000000    -0.109400
    0.010150    -0.063830    -1.331000     0.000000    -0.004527    -0.187200     0.081920     0.000000    -0.000000     0.000000    -0.000000     0.000000    -0.000061    -0.024080     0.004395    -0.055940
   -0.000000    -0.000000     1.000000     0.000000     0.000000    -0.000000    -0.000000    -0.000000    -0.000000     0.000000    -0.000000     0.000000     0.000000     0.000000     0.000000     0.000000
   -0.000000    -0.000000     0.000000    -0.000000    -0.070140    16.530000   -95.660000     9.810000    -0.000000     0.000000    -0.000000    -0.000000    -0.000000    -0.000000     0.002022     0.000000
    0.002015    -0.012680    -0.264400    -0.000000    -0.636200   -25.990000    11.720000    -0.000000     0.000000    -0.000000     0.000000    -0.000000    -0.000012    -0.004782     0.611800    -0.011110
    0.000050    -0.000313    -0.006522    -0.000000     0.007761    -0.597100    -0.740900    -0.000000     0.000000    -0.000000     0.000000    -0.000000    -0.000000    -0.000118     0.009399    -0.000274
   -0.000000    -0.000000     0.000000     0.000000     0.000000     1.000000     0.000000     0.000000    -0.000000     0.000000    -0.000000     0.000000     0.000000     0.000000     0.000000     0.000000
    1.000000     0.000000    -0.000000    16.300000    -0.000000     0.000000     0.000000     0.000000     0.000000    -0.000000     0.000000     0.000000    -0.000000    -0.000000    -0.000000    -0.000000
    0.000000    -0.000000     0.000000    -0.000000     1.000000    -0.000000    -0.000000   -16.300000    -0.000000     0.000000    -0.000000   102.600000     0.000000     0.000000     0.000000     0.000000
   -0.000000     1.000000    -0.000000  -102.600000     0.000000     0.000000     0.000000     0.000000     0.000000    -0.000000     0.000000     0.000000    -0.000000    -0.000000    -0.000000    -0.000000
   -0.000000    -0.000000     0.000000     0.000000     0.000000    -0.000000     1.000000     0.000000    -0.000000     0.000000    -0.000000     0.000000     0.000000     0.000000     0.000000     0.000000

   -0.009024     0.275000   -22.030000    -9.810000    -0.000000     0.000000     0.000000     0.000000     0.000000    -0.000000     0.000000     0.000000    -0.000958     0.038710    -0.000000     0.018230
   -0.109600    -0.490200    56.440000    -0.000000     0.000000     0.000000     0.000000    -0.000000     0.000000    -0.000000     0.000000     0.000000     0.003613    -0.150000     0.000000    -0.056090
    0.014560    -0.044140    -0.923000     0.000000    -0.003361    -0.106300     0.067290     0.000000    -0.000000     0.000000    -0.000000     0.000000    -0.000010    -0.009683     0.001547    -0.024390
   -0.000000    -0.000000     1.000000     0.000000     0.000000    -0.000000    -0.000000     0.000000    -0.000000     0.000000    -0.000000     0.000000     0.000000     0.000000     0.000000     0.000000
   -0.000000    -0.000000    -0.000000    -0.000000    -0.053880    22.000000   -58.740000     9.810000    -0.000000     0.000000    -0.000000    -0.000000     0.000000    -0.000000    -0.000767    -0.000000
    0.002505    -0.007594    -0.158800    -0.000000    -0.570700   -17.820000    11.580000    -0.000000     0.000000    -0.000000     0.000000    -0.000000    -0.000002    -0.001666     0.260800    -0.004195
    0.000061    -0.000184    -0.003840    -0.000000     0.000189    -0.643200    -0.471800    -0.000000     0.000000    -0.000000     0.000000    -0.000000    -0.000000    -0.000040     0.005335    -0.000102
   -0.000000    -0.000000     0.000000     0.000000     0.000000     1.000000     0.000000     0.000000    -0.000000     0.000000    -0.000000     0.000000     0.000000     0.000000     0.000000     0.000000
    1.000000     0.000000    -0.000000    21.320000    -0.000000     0.000000     0.000000     0.000000     0.000000    -0.000000     0.000000     0.000000    -0.000000    -0.000000    -0.000000    -0.000000
    0.000000    -0.000000     0.000000    -0.000000     1.000000    -0.000000    -0.000000   -21.320000    -0.000000     0.000000    -0.000000    64.630000     0.000000     0.000000     0.000000     0.000000
   -0.000000     1.000000    -0.000000   -64.630000     0.000000     0.000000     0.000000     0.000000     0.000000    -0.000000     0.000000     0.000000    -0.000000    -0.000000    -0.000000    -0.000000
   -0.000000    -0.000000     0.000000     0.000000     0.000000    -0.000000     1.000000     0.000000    -0.000000     0.000000    -0.000000     0.000000     0.000000     0.000000     0.000000     0.000000
