u  w  q  the  v  p  r  phi  x  y  z  psi  |  slat  flap  aileron  elevator
   -0.011070     0.275200   -29.400000    -9.810000    -0.000000     0.000000     0.000000     0.000000     0.000000    -0.000000     0.000000     0.000000    -0.000932     0.036980    -0.000000     0.016330
   -0.113000    -0.360000    55.950000    -0.000000     0.000000    -0.000000    -0.000000    -0.000000     0.000000    -0.000000     0.000000     0.000000     0.002546    -0.103800     0.000000    -0.040100
    0.018200    -0.039330    -0.853500     0.000000    -0.002504    -0.071060     0.048260     0.000000    -0.000000     0.000000    -0.000000     0.000000    -0.000040    -0.007423     0.000942    -0.022430
   -0.000000    -0.000000     1.000000     0.000000     0.000000    -0.000000    -0.000000    -0.000000    -0.000000     0.000000    -0.000000     0.000000     0.000000     0.000000     0.000000     0.000000
   -0.000000    -0.000000     0.000000    -0.000000    -0.037160    29.380000   -57.390000     9.810000    -0.000000     0.000000    -0.000000    -0.000000     0.000000    -0.000000    -0.001436    -0.000000
    0.002078    -0.004489    -0.097410    -0.000000    -0.194200    -5.070000     4.063000    -0.000000     0.000000    -0.000000     0.000000    -0.000000    -0.000005    -0.000847     0.070340    -0.002560
    0.000182    -0.000393    -0.008520    -0.000000     0.001241    -0.593200    -0.478700    -0.000000     0.000000    -0.000000     0.000000    -0.000000    -0.000000    -0.000074     0.003432    -0.000224
   -0.000000    -0.000000     0.000000     0.000000     0.000000     1.000000     0.000000     0.000000    -0.000000     0.000000    -0.000000     0.000000     0.000000     0.000000     0.000000     0.000000
    1.000000     0.000000    -0.000000    28.590000    -0.000000     0.000000     0.000000     0.000000     0.000000    -0.000000     0.000000     0.000000    -0.000000    -0.000000    -0.000000    -0.000000
    0.000000    -0.000000     0.000000    -0.000000     1.000000    -0.000000    -0.000000   -28.590000    -0.000000     0.000000    -0.000000    61.760000     0.000000     0.000000     0.000000     0.000000
   -0.000000     1.000000    -0.000000   -61.760000     0.000000     0.000000     0.000000     0.000000     0.000000    -0.000000     0.000000     0.000000    -0.000000    -0.000000    -0.000000    -0.000000
   -0.000000    -0.000000     0.000000     0.000000     0.000000    -0.000000     1.000000     0.000000    -0.000000     0.000000    -0.000000     0.000000     0.000000     0.000000     0.000000     0.000000

   -0.002595     0.169900   -22.390000    -9.810000    -0.000000    -0.000000     0.000000     0.000000     0.000000    -0.000000     0.000000     0.000000    -0.000862     0.036340    -0.000000     0.016440
   -0.079990    -0.473600    94.140000    -0.000000     0.000000     0.000000    -0.000000    -0.000000     0.000000    -0.000000     0.000000     0.000000     0.005421    -0.233300    -0.000000    -0.082310
    0.012250    -0.056670    -1.248000     0.000000    -0.002864    -0.113600     0.047930     0.000000    -0.000000     0.000000    -0.000000     0.000000    -0.000145    -0.019690     0.002574    -0.054020
   -0.000000    -0.000000     1.000000     0.000000     0.000000    -0.000000    -0.000000     0.000000    -0.000000     0.000000    -0.000000     0.000000     0.000000     0.000000     0.000000     0.000000
   -0.000000    -0.000000    -0.000000    -0.000000    -0.051560    22.280000   -96.290000     9.810000    -0.000000     0.000000    -0.000000    -0.000000    -0.000000    -0.000000     0.000670    -0.000000
    0.001457    -0.006736    -0.148400    -0.000000    -0.189100    -6.931000     3.565000    -0.000000     0.000000    -0.000000     0.000000    -0.000000    -0.000017    -0.002340     0.160900    -0.006421
    0.000142    -0.000659    -0.014510    -0.000000     0.009346    -0.440300    -0.725500    -0.000000     0.000000    -0.000000     0.000000    -0.000000    -0.000002    -0.000229     0.004492    -0.000628
   -0.000000    -0.000000     0.000000     0.000000     0.000000     1.000000     0.000000     0.000000    -0.000000     0.000000    -0.000000     0.000000     0.000000     0.000000     0.000000     0.000000
    1.000000     0.000000    -0.000000    21.950000    -0.000000     0.000000     0.000000     0.000000     0.000000    -0.000000     0.000000     0.000000    -0.000000    -0.000000    -0.000000    -0.000000
    0.000000    -0.000000     0.000000    -0.000000     1.000000    -0.000000    -0.000000   -21.950000    -0.000000     0.000000    -0.000000   101.500000     0.000000     0.000000     0.000000     0.000000
   -0.000000     1.000000    -0.000000  -101.500000     0.000000     0.000000     0.000000     0.000000     0.000000    -0.000000     0.000000     0.000000    -0.000000    -0.000000    -0.000000    -0.000000
   -0.000000    -0.000000     0.000000     0.000000     0.000000    -0.000000     1.000000     0.000000    -0.000000     0.000000    -0.000000     0.000000     0.000000     0.000000     0.000000     0.000000

   -0.000386     0.078410   -21.320000    -9.810000     0.000000    -0.000000     0.000000     0.000000     0.000000    -0.000000     0.000000     0.000000    -0.000679     0.030760    -0.000000     0.015580
   -0.045670    -0.461900   199.800000    -0.000000    -0.000000    -0.000000    -0.000000    -0.000000     0.000000    -0.000000     0.000000     0.000000     0.010550    -0.479400    -0.000000    -0.156800
    0.008081    -0.078870    -1.724000     0.000000    -0.003423    -0.174200     0.047780     0.000000    -0.000000     0.000000    -0.000000     0.000000    -0.000583    -0.061220     0.008190    -0.153500
   -0.000000    -0.000000     1.000000    -0.000000     0.000000    -0.000000    -0.000000    -0.000000    -0.000000     0.000000    -0.000000    -0.000000     0.000000     0.000000     0.000000     0.000000
    0.000000    -0.000000    -0.000000    -0.000000    -0.048230    21.180000  -202.000000     9.810000    -0.000000     0.000000    -0.000000    -0.000000     0.000000    -0.000000     0.004809    -0.000000
    0.001030    -0.010060    -0.219900    -0.000000    -0.154500    -7.056000     2.651000    -0.000000     0.000000    -0.000000     0.000000    -0.000000    -0.000074    -0.007806     0.337100    -0.019570
    0.000130    -0.001272    -0.027800    -0.000000     0.016910    -0.284300    -0.939400    -0.000000     0.000000    -0.000000     0.000000    -0.000000    -0.000009    -0.000987     0.005892    -0.002475
   -0.000000    -0.000000     0.000000     0.000000     0.000000     1.000000     0.000000    -0.000000    -0.000000     0.000000    -0.000000    -0.000000     0.000000     0.000000     0.000000     0.000000
    1.000000     0.000000    -0.000000    21.160000    -0.000000     0.000000     0.000000     0.000000     0.000000    -0.000000     0.000000     0.000000    -0.000000    -0.000000    -0.000000    -0.000000
    0.000000    -0.000000     0.000000    -0.000000     1.000000    -0.000000    -0.000000   -21.160000    -0.000000     0.000000    -0.000000   206.500000     0.000000     0.000000     0.000000     0.000000
   -0.000000     1.000000    -0.000000  -206.500000     0.000000     0.000000     0.000000     0.000000     0.000000    -0.000000     0.000000     0.000000    -0.000000    -0.000000    -0.000000    -0.000000
   -0.000000    -0.000000     0.000000     0.000000     0.000000    -0.000000     1.000000    -0.000000    -0.000000     0.000000    -0.000000    -0.000000     0.000000     0.000000     0.000000     0.000000

   -0.000166     0.075360   -14.950000    -9.810000    -0.000000     0.000000     0.000000     0.000000     0.000000    -0.000000     0.000000     0.000000    -0.000603     0.027560    -0.000000     0.014850
   -0.048490    -0.613800   198.100000    -0.000000    -0.000000    -0.000000    -0.000000    -0.000000     0.000000    -0.000000     0.000000     0.000000     0.014040    -0.640700    -0.000000    -0.207700
    0.005575    -0.078030    -1.713000     0.000000    -0.003163    -0.173400     0.041330     0.000000    -0.000000     0.000000    -0.000000     0.000000    -0.000586    -0.061450     0.008236    -0.152600
   -0.000000    -0.000000     1.000000     0.000000     0.000000    -0.000000    -0.000000     0.000000    -0.000000     0.000000    -0.000000     0.000000     0.000000     0.000000     0.000000     0.000000
    0.000000    -0.000000    -0.000000    -0.000000    -0.065030    14.710000  -201.100000     9.810000    -0.000000     0.000000    -0.000000    -0.000000     0.000000    -0.000000     0.007509    -0.000000
    0.000711    -0.009949    -0.218500    -0.000000    -0.144600    -7.080000     2.384000    -0.000000     0.000000    -0.000000     0.000000    -0.000000    -0.000075    -0.007835     0.339800    -0.019460
    0.000090    -0.001258    -0.027630    -0.000000     0.018240    -0.203300    -0.943000    -0.000000     0.000000    -0.000000     0.000000    -0.000000    -0.000009    -0.000991     0.004701    -0.002460
   -0.000000    -0.000000     0.000000     0.000000     0.000000     1.000000     0.000000     0.000000    -0.000000     0.000000    -0.000000     0.000000     0.000000     0.000000     0.000000     0.000000
    1.000000     0.000000    -0.000000    14.800000    -0.000000     0.000000     0.000000     0.000000     0.000000    -0.000000     0.000000     0.000000    -0.000000    -0.000000    -0.000000    -0.000000
    0.000000    -0.000000     0.000000    -0.000000     1.000000    -0.000000    -0.000000   -14.800000    -0.000000     0.000000    -0.000000   207.100000     0.000000     0.000000     0.000000     0.000000
   -0.000000     1.000000    -0.000000  -207.100000     0.000000     0.000000     0.000000     0.000000     0.000000    -0.000000     0.000000     0.000000    -0.000000    -0.000000    -0.000000    -0.000000
   -0.000000    -0.000000     0.000000     0.000000     0.000000    -0.000000     1.000000     0.000000    -0.000000     0.000000    -0.000000     0.000000     0.000000     0.000000     0.000000     0.000000

   -0.001513     0.166100   -16.280000    -9.810000     0.000000    -0.000000     0.000000     0.000000     0.000000    -0.000000     0.000000     0.000000    -0.000824     0.035050    -0.000000     0.016110
   -0.082130    -0.628700    92.830000    -0.000000     0.000000     0.000000    -0.000000    -0.000000     0.000000    -0.000000     0.000000     0.000000     0.007260    -0.315000    -0.000000    -0.109300
    0.008626    -0.055840    -1.241000     0.000000    -0.002569    -0.113700     0.040360     0.000000    -0.000000     0.000000    -0.000000     0.000000    -0.000150    -0.020060     0.002635    -0.054110
   -0.000000    -0.000000     1.000000     0.000000     0.000000    -0.000000    -0.000000     0.000000    -0.000000     0.000000    -0.000000     0.000000     0.000000     0.000000     0.000000     0.000000
    0.000000    -0.000000    -0.000000    -0.000000    -0.070500    16.070000   -95.760000     9.810000    -0.000000     0.000000    -0.000000    -0.000000     0.000000     0.000000     0.002099    -0.000000
    0.001025    -0.006638    -0.147500    -0.000000    -0.171700    -7.019000     3.090000    -0.000000     0.000000    -0.000000     0.000000    -0.000000    -0.000018    -0.002384     0.165400    -0.006432
    0.000100    -0.000649    -0.014420    -0.000000     0.011410    -0.325200    -0.737200    -0.000000     0.000000    -0.000000     0.000000    -0.000000    -0.000002    -0.000233     0.003640    -0.000629
   -0.000000    -0.000000     0.000000     0.000000     0.000000     1.000000     0.000000     0.000000    -0.000000     0.000000    -0.000000     0.000000     0.000000     0.000000     0.000000     0.000000
    1.000000     0.000000    -0.000000    15.850000    -0.000000     0.000000     0.000000     0.000000     0.000000    -0.000000     0.000000     0.000000    -0.000000    -0.000000    -0.000000    -0.000000
    0.000000    -0.000000     0.000000    -0.000000     1.000000    -0.000000    -0.000000   -15.850000    -0.000000     0.000000    -0.000000   102.600000     0.000000     0.000000     0.000000     0.000000
   -0.000000     1.000000    -0.000000  -102.600000     0.000000     0.000000     0.000000     0.000000     0.000000    -0.000000     0.000000     0.000000    -0.000000    -0.000000    -0.000000    -0.000000
   -0.000000    -0.000000     0.000000     0.000000     0.000000    -0.000000     1.000000    -0.000000    -0.000000     0.000000    -0.000000     0.000000     0.000000     0.000000     0.000000     0.000000

   -0.006805     0.268900   -21.540000    -9.810000     0.000000     0.000000     0.000000     0.000000     0.000000    -0.000000     0.000000     0.000000    -0.000932     0.037730    -0.000000     0.016590
   -0.113500    -0.491900    56.820000    -0.000000     0.000000    -0.000000    -0.000000    -0.000000     0.000000    -0.000000     0.000000     0.000000     0.003632    -0.150900     0.000000    -0.056240
    0.012510    -0.039080    -0.862300     0.000000    -0.002172    -0.073180     0.039280     0.000000    -0.000000     0.000000    -0.000000     0.000000    -0.000047    -0.008110     0.001042    -0.023660
   -0.000000    -0.000000     1.000000    -0.000000     0.000000    -0.000000    -0.000000    -0.000000    -0.000000     0.000000    -0.000000    -0.000000     0.000000     0.000000     0.000000     0.000000
   -0.000000    -0.000000     0.000000    -0.000000    -0.054460    21.410000   -58.930000     9.810000    -0.000000     0.000000    -0.000000    -0.000000     0.000000    -0.000000    -0.000688    -0.000000
    0.001428    -0.004460    -0.098420    -0.000000    -0.170700    -5.344000     3.389000    -0.000000     0.000000    -0.000000     0.000000    -0.000000    -0.000005    -0.000926     0.078490    -0.002701
    0.000125    -0.000390    -0.008608    -0.000000     0.004284    -0.437400    -0.506400    -0.000000     0.000000    -0.000000     0.000000    -0.000000    -0.000000    -0.000081     0.002835    -0.000236
   -0.000000    -0.000000     0.000000     0.000000     0.000000     1.000000     0.000000    -0.000000    -0.000000     0.000000    -0.000000    -0.000000     0.000000     0.000000     0.000000     0.000000
    1.000000     0.000000    -0.000000    20.750000    -0.000000     0.000000     0.000000     0.000000     0.000000    -0.000000     0.000000     0.000000    -0.000000    -0.000000    -0.000000    -0.000000
    0.000000    -0.000000     0.000000    -0.000000     1.000000    -0.000000    -0.000000   -20.750000    -0.000000     0.000000    -0.000000    64.820000     0.000000     0.000000     0.000000     0.000000
   -0.000000     1.000000    -0.000000   -64.820000     0.000000     0.000000     0.000000     0.000000     0.000000    -0.000000     0.000000     0.000000    -0.000000    -0.000000    -0.000000    -0.000000
   -0.000000    -0.000000     0.000000     0.000000     0.000000    -0.000000     1.000000    -0.000000    -0.000000     0.000000    -0.000000    -0.000000     0.000000     0.000000     0.000000     0.000000
