u  w  q  the  v  p  r  phi  x  y  z  psi  |  slat  flap  aileron  elevator
   -0.005189     0.261400   -27.860000    -9.810000    -0.000000     0.000000     0.000000     0.000000     0.000000    -0.000000     0.000000     0.000000    -0.000881     0.035120    -0.000000     0.012920
   -0.122000    -0.365200    57.020000    -0.000000     0.000000    -0.000000    -0.000000    -0.000000     0.000000    -0.000000     0.000000     0.000000     0.002605    -0.106500     0.000000    -0.040690
    0.011720    -0.027250    -0.698800     0.000000    -0.001468    -0.037740     0.029980     0.000000    -0.000000     0.000000    -0.000000     0.000000    -0.000111    -0.004073     0.000539    -0.019920
   -0.000000    -0.000000     1.000000     0.000000     0.000000    -0.000000    -0.000000    -0.000000    -0.000000     0.000000    -0.000000     0.000000     0.000000     0.000000     0.000000     0.000000
   -0.000000    -0.000000    -0.000000    -0.000000    -0.038640    27.610000   -58.150000     9.810000    -0.000000     0.000000    -0.000000    -0.000000     0.000000    -0.000000    -0.001271    -0.000000
    0.000824    -0.001918    -0.049180    -0.000000    -0.865100   -22.900000    17.180000    -0.000000     0.000000    -0.000000     0.000000    -0.000000    -0.000008    -0.000287     0.321900    -0.001402
   -0.000014     0.000032     0.000833    -0.000000    -0.006651    -0.756100    -0.307400    -0.000000     0.000000    -0.000000     0.000000    -0.000000     0.000000     0.000005     0.006165     0.000024
   -0.000000    -0.000000     0.000000     0.000000     0.000000     1.000000     0.000000     0.000000    -0.000000     0.000000    -0.000000     0.000000     0.000000     0.000000     0.000000     0.000000
    1.000000     0.000000    -0.000000    26.880000    -0.000000     0.000000     0.000000     0.000000     0.000000    -0.000000     0.000000     0.000000    -0.000000    -0.000000    -0.000000    -0.000000
    0.000000    -0.000000     0.000000    -0.000000     1.000000    -0.000000    -0.000000   -26.880000    -0.000000     0.000000    -0.000000    62.530000     0.000000     0.000000     0.000000     0.000000
   -0.000000     1.000000    -0.000000   -62.530000     0.000000     0.000000     0.000000     0.000000     0.000000    -0.000000     0.000000     0.000000    -0.000000    -0.000000    -0.000000    -0.000000
   -0.000000    -0.000000     0.000000     0.000000     0.000000    -0.000000     1.000000     0.000000    -0.000000     0.000000    -0.000000     0.000000     0.000000     0.000000     0.000000     0.000000

   -0.000792     0.161200   -21.140000    -9.810000    -0.000000    -0.000000     0.000000     0.000000     0.000000    -0.000000     0.000000     0.000000    -0.000804     0.034010    -0.000000     0.012370
   -0.086010    -0.475500    94.880000    -0.000000     0.000000     0.000000    -0.000000    -0.000000     0.000000    -0.000000     0.000000     0.000000     0.005449    -0.234700    -0.000000    -0.082340
    0.007476    -0.036930    -1.004000     0.000000    -0.002009    -0.072320     0.037060     0.000000    -0.000000     0.000000    -0.000000     0.000000    -0.000314    -0.010410     0.001696    -0.046830
   -0.000000    -0.000000     1.000000     0.000000     0.000000    -0.000000    -0.000000     0.000000    -0.000000     0.000000    -0.000000     0.000000     0.000000     0.000000     0.000000     0.000000
    0.000000    -0.000000    -0.000000    -0.000000    -0.052420    20.900000   -96.620000     9.810000    -0.000000     0.000000    -0.000000    -0.000000    -0.000000    -0.000000     0.000843    -0.000000
    0.000640    -0.003164    -0.086010    -0.000000    -0.982500   -36.180000    17.520000    -0.000000     0.000000    -0.000000     0.000000    -0.000000    -0.000027    -0.000892     0.842400    -0.004011
   -0.000011     0.000052     0.001418    -0.000000    -0.000325    -0.741900    -0.537600    -0.000000     0.000000    -0.000000     0.000000    -0.000000     0.000000     0.000015     0.011960     0.000066
   -0.000000    -0.000000     0.000000    -0.000000     0.000000     1.000000     0.000000     0.000000    -0.000000     0.000000    -0.000000     0.000000     0.000000     0.000000     0.000000     0.000000
    1.000000     0.000000    -0.000000    20.600000    -0.000000     0.000000     0.000000     0.000000     0.000000    -0.000000     0.000000     0.000000    -0.000000    -0.000000    -0.000000    -0.000000
    0.000000    -0.000000     0.000000    -0.000000     1.000000    -0.000000    -0.000000   -20.600000    -0.000000     0.000000    -0.000000   101.800000     0.000000     0.000000     0.000000     0.000000
   -0.000000     1.000000    -0.000000  -101.800000     0.000000     0.000000     0.000000     0.000000     0.000000    -0.000000     0.000000     0.000000    -0.000000    -0.000000    -0.000000    -0.000000
   -0.000000    -0.000000     0.000000    -0.000000     0.000000    -0.000000     1.000000    -0.000000    -0.000000     0.000000    -0.000000     0.000000     0.000000     0.000000     0.000000     0.000000

    0.000051     0.074130   -19.970000    -9.810000    -0.000000     0.000000     0.000000     0.000000     0.000000    -0.000000     0.000000     0.000000    -0.000625     0.028380    -0.000000     0.011030
   -0.048750    -0.462600   200.400000    -0.000000    -0.000000     0.000000     0.000000    -0.000000     0.000000    -0.000000     0.000000     0.000000     0.010570    -0.480200    -0.000000    -0.156500
    0.004596    -0.048080    -1.330000     0.000000    -0.003503    -0.157100     0.058780     0.000000    -0.000000     0.000000    -0.000000     0.000000    -0.001018    -0.031290     0.007533    -0.127800
   -0.000000    -0.000000     1.000000    -0.000000     0.000000    -0.000000    -0.000000    -0.000000    -0.000000     0.000000    -0.000000    -0.000000     0.000000     0.000000     0.000000     0.000000
   -0.000000    -0.000000    -0.000000    -0.000000    -0.048650    19.760000  -202.200000     9.810000    -0.000000     0.000000    -0.000000    -0.000000     0.000000    -0.000000     0.004961    -0.000000
    0.000611    -0.006391    -0.176800    -0.000000    -1.159000   -53.050000    18.720000    -0.000000     0.000000    -0.000000     0.000000    -0.000000    -0.000135    -0.004160     2.536000    -0.016990
   -0.000009     0.000097     0.002693    -0.000000     0.005134    -0.759300    -0.736400    -0.000000     0.000000    -0.000000     0.000000    -0.000000     0.000002     0.000063     0.029080     0.000259
   -0.000000    -0.000000     0.000000     0.000000     0.000000     1.000000     0.000000    -0.000000    -0.000000     0.000000    -0.000000    -0.000000     0.000000     0.000000     0.000000     0.000000
    1.000000     0.000000    -0.000000    19.760000    -0.000000     0.000000     0.000000     0.000000     0.000000    -0.000000     0.000000     0.000000    -0.000000    -0.000000    -0.000000    -0.000000
    0.000000    -0.000000     0.000000    -0.000000     1.000000    -0.000000    -0.000000   -19.760000    -0.000000     0.000000    -0.000000   206.700000     0.000000     0.000000     0.000000     0.000000
   -0.000000     1.000000    -0.000000  -206.700000     0.000000     0.000000     0.000000     0.000000     0.000000    -0.000000     0.000000     0.000000    -0.000000    -0.000000    -0.000000    -0.000000
   -0.000000    -0.000000     0.000000     0.000000     0.000000    -0.000000     1.000000    -0.000000    -0.000000     0.000000    -0.000000    -0.000000     0.000000     0.000000     0.000000     0.000000

    0.000133     0.071080   -13.950000    -9.810000    -0.000000    -0.000000     0.000000     0.000000     0.000000    -0.000000     0.000000     0.000000    -0.000549     0.025150    -0.000000     0.010260
   -0.051560    -0.614400   198.800000    -0.000000    -0.000000     0.000000     0.000000    -0.000000     0.000000    -0.000000     0.000000     0.000000     0.014050    -0.641300     0.000000    -0.207400
    0.003134    -0.047230    -1.323000     0.000000    -0.003288    -0.157800     0.053110     0.000000    -0.000000     0.000000    -0.000000     0.000000    -0.001023    -0.031330     0.007593    -0.127200
   -0.000000    -0.000000     1.000000     0.000000     0.000000    -0.000000    -0.000000     0.000000    -0.000000     0.000000    -0.000000     0.000000     0.000000     0.000000     0.000000     0.000000
    0.000000    -0.000000    -0.000000    -0.000000    -0.065440    13.650000  -201.300000     9.810000    -0.000000     0.000000    -0.000000    -0.000000     0.000000    -0.000000     0.007660    -0.000000
    0.000417    -0.006278    -0.175800    -0.000000    -1.085000   -53.210000    16.810000    -0.000000     0.000000    -0.000000     0.000000    -0.000000    -0.000136    -0.004164     2.555000    -0.016900
   -0.000006     0.000096     0.002678    -0.000000     0.007024    -0.684600    -0.756400    -0.000000     0.000000    -0.000000     0.000000    -0.000000     0.000002     0.000063     0.028110     0.000257
   -0.000000    -0.000000     0.000000     0.000000     0.000000     1.000000     0.000000     0.000000    -0.000000     0.000000    -0.000000     0.000000     0.000000     0.000000     0.000000     0.000000
    1.000000     0.000000    -0.000000    13.750000    -0.000000     0.000000     0.000000     0.000000     0.000000    -0.000000     0.000000     0.000000    -0.000000    -0.000000    -0.000000    -0.000000
    0.000000    -0.000000     0.000000    -0.000000     1.000000    -0.000000    -0.000000   -13.750000    -0.000000     0.000000    -0.000000   207.200000     0.000000     0.000000     0.000000     0.000000
   -0.000000     1.000000    -0.000000  -207.200000     0.000000     0.000000     0.000000     0.000000     0.000000    -0.000000     0.000000     0.000000    -0.000000    -0.000000    -0.000000    -0.000000
   -0.000000    -0.000000     0.000000     0.000000     0.000000    -0.000000     1.000000     0.000000    -0.000000     0.000000    -0.000000     0.000000     0.000000     0.000000     0.000000     0.000000

   -0.000237     0.157500   -15.370000    -9.810000     0.000000    -0.000000     0.000000     0.000000     0.000000    -0.000000     0.000000     0.000000    -0.000766     0.032630    -0.000000     0.011940
   -0.088110    -0.630300    93.600000    -0.000000     0.000000     0.000000    -0.000000    -0.000000     0.000000    -0.000000     0.000000     0.000000     0.007279    -0.316100    -0.000000    -0.109200
    0.005190    -0.035920    -0.998600     0.000000    -0.001831    -0.073390     0.032300     0.000000    -0.000000     0.000000    -0.000000     0.000000    -0.000321    -0.010530     0.001741    -0.046900
   -0.000000    -0.000000     1.000000     0.000000     0.000000    -0.000000    -0.000000     0.000000    -0.000000     0.000000    -0.000000     0.000000     0.000000     0.000000     0.000000     0.000000
    0.000000    -0.000000    -0.000000    -0.000000    -0.071330    15.030000   -95.980000     9.810000    -0.000000     0.000000    -0.000000    -0.000000    -0.000000    -0.000000     0.002270    -0.000000
    0.000445    -0.003077    -0.085530    -0.000000    -0.892600   -36.590000    15.160000    -0.000000     0.000000    -0.000000     0.000000    -0.000000    -0.000028    -0.000902     0.863600    -0.004017
   -0.000007     0.000051     0.001411    -0.000000     0.002382    -0.638500    -0.569100    -0.000000     0.000000    -0.000000     0.000000    -0.000000     0.000000     0.000015     0.011340     0.000066
   -0.000000    -0.000000     0.000000     0.000000     0.000000     1.000000     0.000000     0.000000    -0.000000     0.000000    -0.000000     0.000000     0.000000     0.000000     0.000000     0.000000
    1.000000     0.000000    -0.000000    14.850000    -0.000000     0.000000     0.000000     0.000000     0.000000    -0.000000     0.000000     0.000000    -0.000000    -0.000000    -0.000000    -0.000000
    0.000000    -0.000000     0.000000    -0.000000     1.000000    -0.000000    -0.000000   -14.850000    -0.000000     0.000000    -0.000000   102.800000     0.000000     0.000000     0.000000     0.000000
   -0.000000     1.000000    -0.000000  -102.800000     0.000000     0.000000     0.000000     0.000000     0.000000    -0.000000     0.000000     0.000000    -0.000000    -0.000000    -0.000000    -0.000000
   -0.000000    -0.000000     0.000000     0.000000     0.000000    -0.000000     1.000000     0.000000    -0.000000     0.000000    -0.000000     0.000000     0.000000     0.000000     0.000000     0.000000

   -0.002784     0.255400   -20.460000    -9.810000    -0.000000    -0.000000     0.000000     0.000000     0.000000    -0.000000     0.000000     0.000000    -0.000876     0.035540    -0.000000     0.012890
   -0.122400    -0.495700    57.670000    -0.000000     0.000000    -0.000000    -0.000000    -0.000000     0.000000    -0.000000     0.000000     0.000000     0.003672    -0.152900     0.000000    -0.056530
    0.007889    -0.026380    -0.704600     0.000000    -0.001295    -0.039830     0.025160     0.000000    -0.000000     0.000000    -0.000000     0.000000    -0.000123    -0.004354     0.000595    -0.020860
   -0.000000    -0.000000     1.000000     0.000000     0.000000    -0.000000    -0.000000     0.000000    -0.000000     0.000000    -0.000000     0.000000     0.000000     0.000000     0.000000     0.000000
   -0.000000    -0.000000    -0.000000    -0.000000    -0.055800    20.110000   -59.350000     9.810000    -0.000000     0.000000    -0.000000    -0.000000     0.000000    -0.000000    -0.000512    -0.000000
    0.000555    -0.001856    -0.049590    -0.000000    -0.759900   -23.970000    14.300000    -0.000000     0.000000    -0.000000     0.000000    -0.000000    -0.000009    -0.000306     0.354400    -0.001468
   -0.000009     0.000031     0.000840    -0.000000    -0.002896    -0.621500    -0.358400    -0.000000     0.000000    -0.000000     0.000000    -0.000000     0.000000     0.000005     0.005868     0.000025
   -0.000000    -0.000000     0.000000    -0.000000     0.000000     1.000000     0.000000     0.000000    -0.000000     0.000000    -0.000000     0.000000     0.000000     0.000000     0.000000     0.000000
    1.000000     0.000000    -0.000000    19.500000    -0.000000     0.000000     0.000000     0.000000     0.000000    -0.000000     0.000000     0.000000    -0.000000    -0.000000    -0.000000    -0.000000
    0.000000    -0.000000     0.000000    -0.000000     1.000000    -0.000000    -0.000000   -19.500000    -0.000000     0.000000    -0.000000    65.210000     0.000000     0.000000     0.000000     0.000000
   -0.000000     1.000000    -0.000000   -65.210000     0.000000     0.000000     0.000000     0.000000     0.000000    -0.000000     0.000000     0.000000    -0.000000    -0.000000    -0.000000    -0.000000
   -0.000000    -0.000000     0.000000    -0.000000     0.000000    -0.000000     1.000000    -0.000000    -0.000000     0.000000    -0.000000     0.000000     0.000000     0.000000     0.000000     0.000000
