u  w  q  the  v  p  r  phi  x  y  z  psi  |  slat  flap  aileron  elevator
   -0.017590     0.287400   -30.730000    -9.810000    -0.000000     0.000000     0.000000     0.000000     0.000000    -0.000000     0.000000     0.000000    -0.000975     0.038520    -0.000000     0.019140
   -0.105500    -0.355300    54.980000    -0.000000     0.000000    -0.000000     0.000000    -0.000000     0.000000    -0.000000     0.000000     0.000000     0.002491    -0.101300     0.000000    -0.039520
    0.023230    -0.047140    -0.945800     0.000000    -0.000915    -0.021550     0.021390     0.000000    -0.000000     0.000000    -0.000000     0.000000     0.000024    -0.009772     0.000311    -0.022980
   -0.000000    -0.000000     1.000000     0.000000     0.000000    -0.000000    -0.000000    -0.000000    -0.000000     0.000000    -0.000000     0.000000     0.000000     0.000000     0.000000     0.000000
   -0.000000    -0.000000     0.000000    -0.000000    -0.035930    30.930000   -56.680000     9.810000    -0.000000     0.000000    -0.000000    -0.000000     0.000000    -0.000000    -0.001577    -0.000000
    0.000959    -0.001946    -0.039050    -0.000000    -0.923300   -23.800000    20.140000    -0.000000     0.000000    -0.000000     0.000000    -0.000000     0.000001    -0.000403     0.325900    -0.000949
   -0.000057     0.000115     0.002305    -0.000000    -0.006943    -0.910700    -0.360000    -0.000000     0.000000    -0.000000     0.000000    -0.000000    -0.000000     0.000024     0.006891     0.000056
   -0.000000    -0.000000     0.000000     0.000000     0.000000     1.000000     0.000000     0.000000    -0.000000     0.000000    -0.000000     0.000000     0.000000     0.000000     0.000000     0.000000
    1.000000     0.000000    -0.000000    30.090000    -0.000000     0.000000     0.000000     0.000000     0.000000    -0.000000     0.000000     0.000000    -0.000000    -0.000000    -0.000000    -0.000000
    0.000000    -0.000000     0.000000    -0.000000     1.000000    -0.000000    -0.000000   -30.090000    -0.000000     0.000000    -0.000000    61.050000     0.000000     0.000000     0.000000     0.000000
   -0.000000     1.000000    -0.000000   -61.050000     0.000000     0.000000     0.000000     0.000000     0.000000    -0.000000     0.000000     0.000000    -0.000000    -0.000000    -0.000000    -0.000000
   -0.000000    -0.000000     0.000000     0.000000     0.000000    -0.000000     1.000000     0.000000    -0.000000     0.000000    -0.000000     0.000000     0.000000     0.000000     0.000000     0.000000

   -0.004636     0.177400   -23.450000    -9.810000     0.000000    -0.000000    -0.000000     0.000000     0.000000    -0.000000     0.000000     0.000000    -0.000911     0.038330     0.000000     0.019900
   -0.074870    -0.471900    93.500000    -0.000000    -0.000000     0.000000     0.000000    -0.000000     0.000000    -0.000000     0.000000     0.000000     0.005396    -0.232000    -0.000000    -0.082250
    0.015900    -0.069620    -1.387000     0.000000    -0.001306    -0.044590     0.027840     0.000000    -0.000000     0.000000    -0.000000     0.000000     0.000022    -0.026360     0.001055    -0.055780
   -0.000000    -0.000000     1.000000     0.000000     0.000000    -0.000000    -0.000000    -0.000000    -0.000000     0.000000    -0.000000     0.000000     0.000000     0.000000     0.000000     0.000000
   -0.000000     0.000000     0.000000    -0.000000    -0.050850    23.480000   -96.000000     9.810000    -0.000000     0.000000    -0.000000    -0.000000     0.000000    -0.000000     0.000521    -0.000000
    0.000811    -0.003550    -0.070720    -0.000000    -1.066000   -38.930000    21.000000    -0.000000     0.000000    -0.000000     0.000000    -0.000000     0.000001    -0.001344     0.900800    -0.002844
   -0.000046     0.000203     0.004048    -0.000000     0.000958    -0.890400    -0.640000    -0.000000     0.000000    -0.000000     0.000000    -0.000000    -0.000000     0.000077     0.013790     0.000163
   -0.000000    -0.000000     0.000000     0.000000     0.000000     1.000000     0.000000     0.000000    -0.000000     0.000000    -0.000000     0.000000     0.000000     0.000000     0.000000     0.000000
    1.000000     0.000000    -0.000000    23.110000    -0.000000     0.000000     0.000000     0.000000     0.000000    -0.000000     0.000000     0.000000    -0.000000    -0.000000    -0.000000    -0.000000
    0.000000    -0.000000     0.000000    -0.000000     1.000000    -0.000000    -0.000000   -23.110000    -0.000000     0.000000    -0.000000   101.200000     0.000000     0.000000     0.000000     0.000000
   -0.000000     1.000000    -0.000000  -101.200000     0.000000     0.000000     0.000000     0.000000     0.000000    -0.000000     0.000000     0.000000    -0.000000    -0.000000    -0.000000    -0.000000
   -0.000000    -0.000000     0.000000     0.000000     0.000000    -0.000000     1.000000     0.000000    -0.000000     0.000000    -0.000000     0.000000     0.000000     0.000000     0.000000     0.000000

   -0.000906     0.082100   -22.480000    -9.810000     0.000000    -0.000000     0.000000     0.000000     0.000000    -0.000000     0.000000     0.000000    -0.000725     0.032800    -0.000000     0.019470
   -0.043030    -0.461400   199.300000    -0.000000    -0.000000    -0.000000    -0.000000    -0.000000     0.000000    -0.000000     0.000000     0.000000     0.010540    -0.478700    -0.000000    -0.157000
    0.010550    -0.097290    -1.902000     0.000000    -0.002481    -0.106500     0.048530     0.000000    -0.000000     0.000000    -0.000000     0.000000    -0.000093    -0.081190     0.005133    -0.157000
   -0.000000    -0.000000     1.000000     0.000000     0.000000    -0.000000    -0.000000    -0.000000    -0.000000     0.000000    -0.000000     0.000000     0.000000     0.000000     0.000000     0.000000
    0.000000    -0.000000    -0.000000    -0.000000    -0.047880    22.410000  -201.900000     9.810000    -0.000000     0.000000    -0.000000    -0.000000     0.000000    -0.000000     0.004677    -0.000000
    0.000874    -0.008066    -0.157700    -0.000000    -1.316000   -60.060000    23.680000    -0.000000     0.000000    -0.000000     0.000000    -0.000000    -0.000008    -0.006731     2.867000    -0.013020
   -0.000045     0.000419     0.008196    -0.000000     0.007682    -0.953000    -0.899600    -0.000000     0.000000    -0.000000     0.000000    -0.000000     0.000000     0.000350     0.035960     0.000677
   -0.000000    -0.000000     0.000000     0.000000     0.000000     1.000000     0.000000     0.000000    -0.000000     0.000000    -0.000000     0.000000     0.000000     0.000000     0.000000     0.000000
    1.000000     0.000000    -0.000000    22.370000    -0.000000     0.000000     0.000000     0.000000     0.000000    -0.000000     0.000000     0.000000    -0.000000    -0.000000    -0.000000    -0.000000
    0.000000    -0.000000     0.000000    -0.000000     1.000000    -0.000000    -0.000000   -22.370000    -0.000000     0.000000    -0.000000   206.400000     0.000000     0.000000     0.000000     0.000000
   -0.000000     1.000000    -0.000000  -206.400000     0.000000     0.000000     0.000000     0.000000     0.000000    -0.000000     0.000000     0.000000    -0.000000    -0.000000    -0.000000    -0.000000
   -0.000000    -0.000000     0.000000     0.000000     0.000000    -0.000000     1.000000     0.000000    -0.000000     0.000000    -0.000000     0.000000     0.000000     0.000000     0.000000     0.000000

   -0.000532     0.079050   -15.810000    -9.810000     0.000000    -0.000000    -0.000000     0.000000     0.000000    -0.000000     0.000000     0.000000    -0.000650     0.029620    -0.000000     0.018790
   -0.045840    -0.613300   197.600000    -0.000000    -0.000000     0.000000    -0.000000    -0.000000     0.000000    -0.000000     0.000000     0.000000     0.014030    -0.640200    -0.000000    -0.208000
    0.007326    -0.096590    -1.889000     0.000000    -0.002336    -0.107400     0.044300     0.000000    -0.000000     0.000000    -0.000000     0.000000    -0.000094    -0.081600     0.005186    -0.156000
   -0.000000    -0.000000     1.000000     0.000000     0.000000    -0.000000    -0.000000     0.000000    -0.000000     0.000000    -0.000000     0.000000     0.000000     0.000000     0.000000     0.000000
    0.000000    -0.000000    -0.000000    -0.000000    -0.064680    15.630000  -201.000000     9.810000    -0.000000     0.000000    -0.000000    -0.000000     0.000000    -0.000000     0.007379    -0.000000
    0.000607    -0.008008    -0.156600    -0.000000    -1.231000   -60.280000    21.320000    -0.000000     0.000000    -0.000000     0.000000    -0.000000    -0.000008    -0.006765     2.892000    -0.012940
   -0.000032     0.000416     0.008142    -0.000000     0.010210    -0.855200    -0.928700    -0.000000     0.000000    -0.000000     0.000000    -0.000000     0.000000     0.000352     0.034760     0.000673
   -0.000000    -0.000000     0.000000     0.000000     0.000000     1.000000     0.000000     0.000000    -0.000000     0.000000    -0.000000     0.000000     0.000000     0.000000     0.000000     0.000000
    1.000000     0.000000    -0.000000    15.700000    -0.000000     0.000000     0.000000     0.000000     0.000000    -0.000000     0.000000     0.000000    -0.000000    -0.000000    -0.000000    -0.000000
    0.000000    -0.000000     0.000000    -0.000000     1.000000    -0.000000    -0.000000   -15.700000    -0.000000     0.000000    -0.000000   207.000000     0.000000     0.000000     0.000000     0.000000
   -0.000000     1.000000    -0.000000  -207.000000     0.000000     0.000000     0.000000     0.000000     0.000000    -0.000000     0.000000     0.000000    -0.000000    -0.000000    -0.000000    -0.000000
   -0.000000    -0.000000     0.000000     0.000000     0.000000    -0.000000     1.000000     0.000000    -0.000000     0.000000    -0.000000     0.000000     0.000000     0.000000     0.000000     0.000000

   -0.002981     0.173600   -17.040000    -9.810000     0.000000    -0.000000    -0.000000     0.000000     0.000000    -0.000000     0.000000     0.000000    -0.000874     0.037120     0.000000     0.019670
   -0.077030    -0.627400    92.170000    -0.000000     0.000000     0.000000     0.000000    -0.000000     0.000000    -0.000000     0.000000     0.000000     0.007243    -0.314100    -0.000000    -0.109400
    0.011270    -0.069090    -1.379000     0.000000    -0.001198    -0.045700     0.024580     0.000000    -0.000000     0.000000    -0.000000     0.000000     0.000020    -0.026970     0.001091    -0.055910
   -0.000000    -0.000000     1.000000     0.000000     0.000000    -0.000000    -0.000000     0.000000    -0.000000     0.000000    -0.000000     0.000000     0.000000     0.000000     0.000000     0.000000
   -0.000000    -0.000000     0.000000    -0.000000    -0.069810    16.960000   -95.570000     9.810000    -0.000000     0.000000    -0.000000    -0.000000    -0.000000     0.000000     0.001952    -0.000000
    0.000575    -0.003523    -0.070310    -0.000000    -0.967600   -39.470000    18.230000    -0.000000     0.000000    -0.000000     0.000000    -0.000000     0.000001    -0.001375     0.928500    -0.002851
   -0.000033     0.000202     0.004025    -0.000000     0.004362    -0.759100    -0.681100    -0.000000     0.000000    -0.000000     0.000000    -0.000000    -0.000000     0.000079     0.013060     0.000163
   -0.000000    -0.000000     0.000000    -0.000000     0.000000     1.000000     0.000000     0.000000    -0.000000     0.000000    -0.000000     0.000000     0.000000     0.000000     0.000000     0.000000
    1.000000     0.000000    -0.000000    16.720000    -0.000000     0.000000     0.000000     0.000000     0.000000    -0.000000     0.000000     0.000000    -0.000000    -0.000000    -0.000000    -0.000000
    0.000000    -0.000000     0.000000    -0.000000     1.000000    -0.000000    -0.000000   -16.720000    -0.000000     0.000000    -0.000000   102.500000     0.000000     0.000000     0.000000     0.000000
   -0.000000     1.000000    -0.000000  -102.500000     0.000000     0.000000     0.000000     0.000000     0.000000    -0.000000     0.000000     0.000000    -0.000000    -0.000000    -0.000000    -0.000000
   -0.000000    -0.000000     0.000000    -0.000000     0.000000    -0.000000     1.000000    -0.000000    -0.000000     0.000000    -0.000000     0.000000     0.000000     0.000000     0.000000     0.000000

   -0.011270     0.280600   -22.470000    -9.810000    -0.000000     0.000000     0.000000     0.000000     0.000000    -0.000000     0.000000     0.000000    -0.000981     0.039590    -0.000000     0.019710
   -0.106000    -0.488500    56.080000    -0.000000     0.000000    -0.000000    -0.000000    -0.000000     0.000000    -0.000000     0.000000     0.000000     0.003595    -0.149200     0.000000    -0.055950
    0.016120    -0.047590    -0.958600     0.000000    -0.000815    -0.023480     0.018200     0.000000    -0.000000     0.000000    -0.000000     0.000000     0.000024    -0.010850     0.000354    -0.024430
   -0.000000    -0.000000     1.000000     0.000000     0.000000    -0.000000    -0.000000     0.000000    -0.000000     0.000000    -0.000000     0.000000     0.000000     0.000000     0.000000     0.000000
   -0.000000    -0.000000    -0.000000    -0.000000    -0.053350    22.550000   -58.550000     9.810000    -0.000000     0.000000    -0.000000    -0.000000    -0.000000    -0.000000    -0.000839    -0.000000
    0.000666    -0.001965    -0.039570    -0.000000    -0.811500   -25.250000    16.820000    -0.000000     0.000000    -0.000000     0.000000    -0.000000     0.000001    -0.000448     0.368500    -0.001009
   -0.000039     0.000116     0.002336    -0.000000    -0.002385    -0.741300    -0.422400    -0.000000     0.000000    -0.000000     0.000000    -0.000000    -0.000000     0.000026     0.006619     0.000060
   -0.000000    -0.000000     0.000000     0.000000     0.000000     1.000000     0.000000     0.000000    -0.000000     0.000000    -0.000000     0.000000     0.000000     0.000000     0.000000     0.000000
    1.000000     0.000000    -0.000000    21.840000    -0.000000     0.000000     0.000000     0.000000     0.000000    -0.000000     0.000000     0.000000    -0.000000    -0.000000    -0.000000    -0.000000
    0.000000    -0.000000     0.000000    -0.000000     1.000000    -0.000000    -0.000000   -21.840000    -0.000000     0.000000    -0.000000    64.460000     0.000000     0.000000     0.000000     0.000000
   -0.000000     1.000000    -0.000000   -64.460000     0.000000     0.000000     0.000000     0.000000     0.000000    -0.000000     0.000000     0.000000    -0.000000    -0.000000    -0.000000    -0.000000
   -0.000000    -0.000000     0.000000     0.000000     0.000000    -0.000000     1.000000    -0.000000    -0.000000     0.000000    -0.000000     0.000000     0.000000     0.000000     0.000000     0.000000
