u  w  q  the  v  p  r  phi  x  y  z  psi  |  slat  flap  aileron  elevator
   -0.012790     0.278700   -29.780000    -9.810000    -0.000000     0.000000     0.000000     0.000000     0.000000    -0.000000     0.000000     0.000000    -0.000944     0.037420    -0.000000     0.017140
   -0.110900    -0.358700    55.680000    -0.000000     0.000000    -0.000000    -0.000000    -0.000000     0.000000    -0.000000     0.000000     0.000000     0.002531    -0.103100     0.000000    -0.039940
    0.019590    -0.041560    -0.877800     0.000000    -0.004917    -0.130800     0.102000     0.000000    -0.000000     0.000000    -0.000000     0.000000    -0.000021    -0.008106     0.001786    -0.022570
   -0.000000    -0.000000     1.000000     0.000000     0.000000    -0.000000    -0.000000     0.000000    -0.000000     0.000000    -0.000000     0.000000     0.000000     0.000000     0.000000     0.000000
    0.000000    -0.000000     0.000000    -0.000000    -0.036810    29.810000   -57.190000     9.810000    -0.000000     0.000000    -0.000000    -0.000000     0.000000    -0.000000    -0.001476    -0.000000
    0.004373    -0.009280    -0.196000    -0.000000    -0.615600   -16.020000    13.030000    -0.000000     0.000000    -0.000000     0.000000    -0.000000    -0.000005    -0.001810     0.221400    -0.005040
    0.000136    -0.000288    -0.006083    -0.000000    -0.003556    -0.780800    -0.417700    -0.000000     0.000000    -0.000000     0.000000    -0.000000    -0.000000    -0.000056     0.005523    -0.000156
   -0.000000    -0.000000     0.000000    -0.000000     0.000000     1.000000     0.000000     0.000000    -0.000000     0.000000    -0.000000     0.000000     0.000000     0.000000     0.000000     0.000000
    1.000000     0.000000    -0.000000    29.010000    -0.000000     0.000000     0.000000     0.000000     0.000000    -0.000000     0.000000     0.000000    -0.000000    -0.000000    -0.000000    -0.000000
    0.000000    -0.000000     0.000000    -0.000000     1.000000    -0.000000    -0.000000   -29.010000    -0.000000     0.000000    -0.000000    61.570000     0.000000     0.000000     0.000000     0.000000
   -0.000000     1.000000    -0.000000   -61.570000     0.000000     0.000000     0.000000     0.000000     0.000000    -0.000000     0.000000     0.000000    -0.000000    -0.000000    -0.000000    -0.000000
   -0.000000    -0.000000     0.000000     0.000000     0.000000    -0.000000     1.000000     0.000000    -0.000000     0.000000    -0.000000     0.000000     0.000000     0.000000     0.000000     0.000000

   -0.003131     0.172000   -22.690000    -9.810000     0.000000     0.000000    -0.000000     0.000000     0.000000    -0.000000     0.000000     0.000000    -0.000876     0.036910     0.000000     0.017430
   -0.078530    -0.473200    93.960000    -0.000000     0.000000     0.000000     0.000000    -0.000000     0.000000    -0.000000     0.000000     0.000000     0.005414    -0.232900    -0.000000    -0.082290
    0.013260    -0.060360    -1.285000     0.000000    -0.006326    -0.236100     0.117700     0.000000    -0.000000     0.000000    -0.000000     0.000000    -0.000096    -0.021600     0.005443    -0.054480
   -0.000000    -0.000000     1.000000     0.000000     0.000000    -0.000000    -0.000000     0.000000    -0.000000     0.000000    -0.000000     0.000000     0.000000     0.000000     0.000000     0.000000
   -0.000000     0.000000    -0.000000    -0.000000    -0.051360    22.620000   -96.210000     9.810000    -0.000000     0.000000    -0.000000    -0.000000    -0.000000     0.000000     0.000628    -0.000000
    0.003390    -0.015430    -0.328400    -0.000000    -0.659000   -24.140000    12.570000    -0.000000     0.000000    -0.000000     0.000000    -0.000000    -0.000025    -0.005523     0.559800    -0.013930
    0.000108    -0.000492    -0.010480    -0.000000     0.004955    -0.691000    -0.698800    -0.000000     0.000000    -0.000000     0.000000    -0.000000    -0.000001    -0.000176     0.009634    -0.000444
   -0.000000    -0.000000     0.000000    -0.000000     0.000000     1.000000     0.000000     0.000000    -0.000000     0.000000    -0.000000     0.000000     0.000000     0.000000     0.000000     0.000000
    1.000000     0.000000    -0.000000    22.280000    -0.000000     0.000000     0.000000     0.000000     0.000000    -0.000000     0.000000     0.000000    -0.000000    -0.000000    -0.000000    -0.000000
    0.000000    -0.000000     0.000000    -0.000000     1.000000    -0.000000    -0.000000   -22.280000    -0.000000     0.000000    -0.000000   101.400000     0.000000     0.000000     0.000000     0.000000
   -0.000000     1.000000    -0.000000  -101.400000     0.000000     0.000000     0.000000     0.000000     0.000000    -0.000000     0.000000     0.000000    -0.000000    -0.000000    -0.000000    -0.000000
   -0.000000    -0.000000     0.000000    -0.000000     0.000000    -0.000000     1.000000    -0.000000    -0.000000     0.000000    -0.000000     0.000000     0.000000     0.000000     0.000000     0.000000

   -0.000521     0.079460   -21.650000    -9.810000     0.000000     0.000000     0.000000     0.000000     0.000000    -0.000000     0.000000     0.000000    -0.000692     0.031340    -0.000000     0.016690
   -0.044920    -0.461800   199.700000    -0.000000    -0.000000     0.000000    -0.000000    -0.000000     0.000000    -0.000000     0.000000     0.000000     0.010550    -0.479200    -0.000000    -0.156900
    0.008768    -0.084180    -1.771000     0.000000    -0.009568    -0.446500     0.160600     0.000000    -0.000000     0.000000    -0.000000     0.000000    -0.000440    -0.067000     0.021260    -0.154400
   -0.000000    -0.000000     1.000000     0.000000     0.000000    -0.000000    -0.000000     0.000000    -0.000000     0.000000    -0.000000     0.000000     0.000000     0.000000     0.000000     0.000000
    0.000000    -0.000000    -0.000000    -0.000000    -0.048130    21.530000  -202.000000     9.810000    -0.000000     0.000000    -0.000000    -0.000000    -0.000000    -0.000000     0.004771    -0.000000
    0.002939    -0.028220    -0.593700    -0.000000    -0.658500   -30.090000    11.440000    -0.000000     0.000000    -0.000000     0.000000    -0.000000    -0.000148    -0.022460     1.437000    -0.051760
    0.000101    -0.000972    -0.020450    -0.000000     0.013860    -0.592800    -0.983100    -0.000000     0.000000    -0.000000     0.000000    -0.000000    -0.000005    -0.000773     0.019380    -0.001783
   -0.000000    -0.000000     0.000000     0.000000     0.000000     1.000000     0.000000     0.000000    -0.000000     0.000000    -0.000000     0.000000     0.000000     0.000000     0.000000     0.000000
    1.000000     0.000000    -0.000000    21.510000    -0.000000     0.000000     0.000000     0.000000     0.000000    -0.000000     0.000000     0.000000    -0.000000    -0.000000    -0.000000    -0.000000
    0.000000    -0.000000     0.000000    -0.000000     1.000000    -0.000000    -0.000000   -21.510000    -0.000000     0.000000    -0.000000   206.500000     0.000000     0.000000     0.000000     0.000000
   -0.000000     1.000000    -0.000000  -206.500000     0.000000     0.000000     0.000000     0.000000     0.000000    -0.000000     0.000000     0.000000    -0.000000    -0.000000    -0.000000    -0.000000
   -0.000000    -0.000000     0.000000     0.000000     0.000000    -0.000000     1.000000     0.000000    -0.000000     0.000000    -0.000000     0.000000     0.000000     0.000000     0.000000     0.000000

   -0.000260     0.076410   -15.190000    -9.810000     0.000000     0.000000     0.000000     0.000000     0.000000    -0.000000     0.000000     0.000000    -0.000617     0.028150    -0.000000     0.015980
   -0.047730    -0.613700   198.000000    -0.000000    -0.000000    -0.000000    -0.000000    -0.000000     0.000000    -0.000000     0.000000     0.000000     0.014040    -0.640600    -0.000000    -0.207800
    0.006062    -0.083380    -1.760000     0.000000    -0.008931    -0.447300     0.143600     0.000000    -0.000000     0.000000    -0.000000     0.000000    -0.000443    -0.067270     0.021420    -0.153500
   -0.000000    -0.000000     1.000000     0.000000     0.000000    -0.000000    -0.000000    -0.000000    -0.000000     0.000000    -0.000000     0.000000     0.000000     0.000000     0.000000     0.000000
    0.000000    -0.000000    -0.000000    -0.000000    -0.064930    14.970000  -201.100000     9.810000    -0.000000     0.000000    -0.000000    -0.000000    -0.000000    -0.000000     0.007472    -0.000000
    0.002032    -0.027950    -0.589900    -0.000000    -0.616100   -30.190000    10.290000    -0.000000     0.000000    -0.000000     0.000000    -0.000000    -0.000149    -0.022550     1.449000    -0.051450
    0.000070    -0.000963    -0.020320    -0.000000     0.015780    -0.499800    -0.997600    -0.000000     0.000000    -0.000000     0.000000    -0.000000    -0.000005    -0.000777     0.018110    -0.001772
   -0.000000    -0.000000     0.000000     0.000000     0.000000     1.000000     0.000000     0.000000    -0.000000     0.000000    -0.000000     0.000000     0.000000     0.000000     0.000000     0.000000
    1.000000     0.000000    -0.000000    15.060000    -0.000000     0.000000     0.000000     0.000000     0.000000    -0.000000     0.000000     0.000000    -0.000000    -0.000000    -0.000000    -0.000000
    0.000000    -0.000000     0.000000    -0.000000     1.000000    -0.000000    -0.000000   -15.060000    -0.000000     0.000000    -0.000000   207.100000     0.000000     0.000000     0.000000     0.000000
   -0.000000     1.000000    -0.000000  -207.100000     0.000000     0.000000     0.000000     0.000000     0.000000    -0.000000     0.000000     0.000000    -0.000000    -0.000000    -0.000000    -0.000000
   -0.000000    -0.000000     0.000000     0.000000     0.000000    -0.000000     1.000000     0.000000    -0.000000     0.000000    -0.000000     0.000000     0.000000     0.000000     0.000000     0.000000

   -0.001897     0.168200   -16.500000    -9.810000     0.000000    -0.000000    -0.000000     0.000000     0.000000    -0.000000     0.000000     0.000000    -0.000838     0.035640     0.000000     0.017130
   -0.080680    -0.628300    92.650000    -0.000000     0.000000     0.000000     0.000000    -0.000000     0.000000    -0.000000     0.000000     0.000000     0.007255    -0.314800    -0.000000    -0.109400
    0.009355    -0.059610    -1.277000     0.000000    -0.005728    -0.238500     0.101400     0.000000    -0.000000     0.000000    -0.000000     0.000000    -0.000101    -0.022040     0.005595    -0.054580
   -0.000000    -0.000000     1.000000     0.000000     0.000000    -0.000000    -0.000000     0.000000    -0.000000     0.000000    -0.000000     0.000000     0.000000     0.000000     0.000000     0.000000
   -0.000000    -0.000000    -0.000000    -0.000000    -0.070310    16.320000   -95.710000     9.810000    -0.000000     0.000000    -0.000000    -0.000000    -0.000000    -0.000000     0.002057    -0.000000
    0.002391    -0.015240    -0.326400    -0.000000    -0.598400   -24.460000    10.900000    -0.000000     0.000000    -0.000000     0.000000    -0.000000    -0.000026    -0.005633     0.576000    -0.013950
    0.000076    -0.000486    -0.010410    -0.000000     0.007768    -0.565300    -0.726000    -0.000000     0.000000    -0.000000     0.000000    -0.000000    -0.000001    -0.000180     0.008822    -0.000445
   -0.000000    -0.000000     0.000000     0.000000     0.000000     1.000000     0.000000     0.000000    -0.000000     0.000000    -0.000000     0.000000     0.000000     0.000000     0.000000     0.000000
    1.000000     0.000000    -0.000000    16.100000    -0.000000     0.000000     0.000000     0.000000     0.000000    -0.000000     0.000000     0.000000    -0.000000    -0.000000    -0.000000    -0.000000
    0.000000    -0.000000     0.000000    -0.000000     1.000000    -0.000000    -0.000000   -16.100000    -0.000000     0.000000    -0.000000   102.600000     0.000000     0.000000     0.000000     0.000000
   -0.000000     1.000000    -0.000000  -102.600000     0.000000     0.000000     0.000000     0.000000     0.000000    -0.000000     0.000000     0.000000    -0.000000    -0.000000    -0.000000    -0.000000
   -0.000000    -0.000000     0.000000     0.000000     0.000000    -0.000000     1.000000     0.000000    -0.000000     0.000000    -0.000000     0.000000     0.000000     0.000000     0.000000     0.000000

   -0.007984     0.272200   -21.810000    -9.810000    -0.000000     0.000000     0.000000     0.000000     0.000000    -0.000000     0.000000     0.000000    -0.000946     0.038260    -0.000000     0.017490
   -0.111400    -0.491000    56.610000    -0.000000     0.000000    -0.000000    -0.000000    -0.000000     0.000000    -0.000000     0.000000     0.000000     0.003622    -0.150400     0.000000    -0.056160
    0.013500    -0.041500    -0.887600     0.000000    -0.004307    -0.137300     0.084630     0.000000    -0.000000     0.000000    -0.000000     0.000000    -0.000026    -0.008896     0.001996    -0.023860
   -0.000000    -0.000000     1.000000    -0.000000     0.000000    -0.000000    -0.000000    -0.000000    -0.000000     0.000000    -0.000000    -0.000000     0.000000     0.000000     0.000000     0.000000
   -0.000000    -0.000000     0.000000    -0.000000    -0.054140    21.730000   -58.830000     9.810000    -0.000000     0.000000    -0.000000    -0.000000     0.000000    -0.000000    -0.000731    -0.000000
    0.003015    -0.009266    -0.198200    -0.000000    -0.541000   -16.920000    10.870000    -0.000000     0.000000    -0.000000     0.000000    -0.000000    -0.000006    -0.001986     0.248000    -0.005328
    0.000094    -0.000288    -0.006150    -0.000000     0.000386    -0.616400    -0.465400    -0.000000     0.000000    -0.000000     0.000000    -0.000000    -0.000000    -0.000062     0.005089    -0.000165
   -0.000000    -0.000000     0.000000     0.000000     0.000000     1.000000     0.000000    -0.000000    -0.000000     0.000000    -0.000000    -0.000000     0.000000     0.000000     0.000000     0.000000
    1.000000     0.000000    -0.000000    21.060000    -0.000000     0.000000     0.000000     0.000000     0.000000    -0.000000     0.000000     0.000000    -0.000000    -0.000000    -0.000000    -0.000000
    0.000000    -0.000000     0.000000    -0.000000     1.000000    -0.000000    -0.000000   -21.060000    -0.000000     0.000000    -0.000000    64.720000     0.000000     0.000000     0.000000     0.000000
   -0.000000     1.000000    -0.000000   -64.720000     0.000000     0.000000     0.000000     0.000000     0.000000    -0.000000     0.000000     0.000000    -0.000000    -0.000000    -0.000000    -0.000000
   -0.000000    -0.000000     0.000000     0.000000     0.000000    -0.000000     1.000000    -0.000000    -0.000000     0.000000    -0.000000    -0.000000     0.000000     0.000000     0.000000     0.000000
