u  w  q  the  v  p  r  phi  x  y  z  psi  |  slat  flap  aileron  elevator
   -0.013510     0.280100   -29.930000    -9.810000    -0.000000    -0.000000     0.000000     0.000000     0.000000    -0.000000     0.000000     0.000000    -0.000949     0.037600    -0.000000     0.017460
   -0.110000    -0.358200    55.570000    -0.000000     0.000000    -0.000000    -0.000000    -0.000000     0.000000    -0.000000     0.000000     0.000000     0.002525    -0.102800     0.000000    -0.039870
    0.020390    -0.042950    -0.898400     0.000000    -0.003286    -0.095870     0.062430     0.000000    -0.000000     0.000000    -0.000000     0.000000    -0.000014    -0.008475     0.001243    -0.022900
   -0.000000    -0.000000     1.000000     0.000000     0.000000    -0.000000    -0.000000     0.000000    -0.000000     0.000000    -0.000000     0.000000     0.000000     0.000000     0.000000     0.000000
   -0.000000    -0.000000     0.000000    -0.000000    -0.036670    29.990000   -57.110000     9.810000    -0.000000     0.000000    -0.000000    -0.000000    -0.000000    -0.000000    -0.001492    -0.000000
    0.003055    -0.006437    -0.134700    -0.000000    -0.161900    -4.205000     3.446000    -0.000000     0.000000    -0.000000     0.000000    -0.000000    -0.000002    -0.001270     0.058050    -0.003432
    0.000351    -0.000739    -0.015450    -0.000000     0.001671    -0.590400    -0.487700    -0.000000     0.000000    -0.000000     0.000000    -0.000000    -0.000000    -0.000146     0.003299    -0.000394
   -0.000000    -0.000000     0.000000     0.000000     0.000000     1.000000     0.000000     0.000000    -0.000000     0.000000    -0.000000     0.000000     0.000000     0.000000     0.000000     0.000000
    1.000000     0.000000    -0.000000    29.180000    -0.000000     0.000000     0.000000     0.000000     0.000000    -0.000000     0.000000     0.000000    -0.000000    -0.000000    -0.000000    -0.000000
    0.000000    -0.000000     0.000000    -0.000000     1.000000    -0.000000    -0.000000   -29.180000    -0.000000     0.000000    -0.000000    61.480000     0.000000     0.000000     0.000000     0.000000
   -0.000000     1.000000    -0.000000   -61.480000     0.000000     0.000000     0.000000     0.000000     0.000000    -0.000000     0.000000     0.000000    -0.000000    -0.000000    -0.000000    -0.000000
   -0.000000    -0.000000     0.000000     0.000000     0.000000    -0.000000     1.000000     0.000000    -0.000000     0.000000    -0.000000     0.000000     0.000000     0.000000     0.000000     0.000000

   -0.003356     0.172900   -22.810000    -9.810000     0.000000     0.000000    -0.000000     0.000000     0.000000    -0.000000     0.000000     0.000000    -0.000881     0.037140     0.000000     0.017830
   -0.077940    -0.473000    93.890000    -0.000000     0.000000     0.000000     0.000000    -0.000000     0.000000    -0.000000     0.000000     0.000000     0.005411    -0.232800    -0.000000    -0.082290
    0.013860    -0.062710    -1.318000     0.000000    -0.003690    -0.150900     0.059890     0.000000    -0.000000     0.000000    -0.000000     0.000000    -0.000078    -0.022680     0.003382    -0.055440
   -0.000000    -0.000000     1.000000    -0.000000     0.000000    -0.000000    -0.000000    -0.000000    -0.000000     0.000000    -0.000000    -0.000000     0.000000     0.000000     0.000000     0.000000
   -0.000000    -0.000000    -0.000000    -0.000000    -0.051270    22.760000   -96.180000     9.810000    -0.000000     0.000000    -0.000000    -0.000000    -0.000000     0.000000     0.000611    -0.000000
    0.002148    -0.009719    -0.204300    -0.000000    -0.156700    -5.732000     3.008000    -0.000000     0.000000    -0.000000     0.000000    -0.000000    -0.000012    -0.003516     0.132900    -0.008593
    0.000278    -0.001256    -0.026400    -0.000000     0.009815    -0.430100    -0.732100    -0.000000     0.000000    -0.000000     0.000000    -0.000000    -0.000002    -0.000454     0.004183    -0.001110
   -0.000000    -0.000000     0.000000     0.000000     0.000000     1.000000     0.000000    -0.000000    -0.000000     0.000000    -0.000000    -0.000000     0.000000     0.000000     0.000000     0.000000
    1.000000     0.000000    -0.000000    22.410000    -0.000000     0.000000     0.000000     0.000000     0.000000    -0.000000     0.000000     0.000000    -0.000000    -0.000000    -0.000000    -0.000000
    0.000000    -0.000000     0.000000    -0.000000     1.000000    -0.000000    -0.000000   -22.410000    -0.000000     0.000000    -0.000000   101.400000     0.000000     0.000000     0.000000     0.000000
   -0.000000     1.000000    -0.000000  -101.400000     0.000000     0.000000     0.000000     0.000000     0.000000    -0.000000     0.000000     0.000000    -0.000000    -0.000000    -0.000000    -0.000000
   -0.000000    -0.000000     0.000000     0.000000     0.000000    -0.000000     1.000000    -0.000000    -0.000000     0.000000    -0.000000    -0.000000     0.000000     0.000000     0.000000     0.000000

   -0.000578     0.079880   -21.790000    -9.810000     0.000000     0.000000     0.000000     0.000000     0.000000    -0.000000     0.000000     0.000000    -0.000697     0.031580    -0.000000     0.017130
   -0.044610    -0.461700   199.600000    -0.000000    -0.000000     0.000000    -0.000000    -0.000000     0.000000    -0.000000     0.000000     0.000000     0.010550    -0.479100    -0.000000    -0.156900
    0.009235    -0.088090    -1.828000     0.000000    -0.004281    -0.228000     0.055290     0.000000    -0.000000     0.000000    -0.000000     0.000000    -0.000392    -0.070730     0.010650    -0.158000
   -0.000000    -0.000000     1.000000     0.000000     0.000000    -0.000000    -0.000000    -0.000000    -0.000000     0.000000    -0.000000     0.000000     0.000000     0.000000     0.000000     0.000000
    0.000000    -0.000000    -0.000000    -0.000000    -0.048090    21.670000  -202.000000     9.810000    -0.000000     0.000000    -0.000000    -0.000000     0.000000    -0.000000     0.004756    -0.000000
    0.001516    -0.014460    -0.300100    -0.000000    -0.126500    -5.775000     2.213000    -0.000000     0.000000    -0.000000     0.000000    -0.000000    -0.000064    -0.011610     0.275800    -0.025940
    0.000256    -0.002444    -0.050720    -0.000000     0.017180    -0.271300    -0.935700    -0.000000     0.000000    -0.000000     0.000000    -0.000000    -0.000011    -0.001962     0.005263    -0.004385
   -0.000000    -0.000000     0.000000     0.000000     0.000000     1.000000     0.000000     0.000000    -0.000000     0.000000    -0.000000     0.000000     0.000000     0.000000     0.000000     0.000000
    1.000000     0.000000    -0.000000    21.650000    -0.000000     0.000000     0.000000     0.000000     0.000000    -0.000000     0.000000     0.000000    -0.000000    -0.000000    -0.000000    -0.000000
    0.000000    -0.000000     0.000000    -0.000000     1.000000    -0.000000    -0.000000   -21.650000    -0.000000     0.000000    -0.000000   206.500000     0.000000     0.000000     0.000000     0.000000
   -0.000000     1.000000    -0.000000  -206.500000     0.000000     0.000000     0.000000     0.000000     0.000000    -0.000000     0.000000     0.000000    -0.000000    -0.000000    -0.000000    -0.000000
   -0.000000    -0.000000     0.000000     0.000000     0.000000    -0.000000     1.000000     0.000000    -0.000000     0.000000    -0.000000     0.000000     0.000000     0.000000     0.000000     0.000000

   -0.000300     0.076830   -15.290000    -9.810000     0.000000     0.000000     0.000000     0.000000     0.000000    -0.000000     0.000000     0.000000    -0.000622     0.028380    -0.000000     0.016430
   -0.047430    -0.613600   197.900000    -0.000000    -0.000000     0.000000     0.000000    -0.000000     0.000000    -0.000000     0.000000     0.000000     0.014040    -0.640500    -0.000000    -0.207800
    0.006390    -0.087290    -1.816000     0.000000    -0.003930    -0.226200     0.046760     0.000000    -0.000000     0.000000    -0.000000     0.000000    -0.000394    -0.071040     0.010700    -0.157100
   -0.000000    -0.000000     1.000000     0.000000     0.000000    -0.000000    -0.000000     0.000000    -0.000000     0.000000    -0.000000     0.000000     0.000000     0.000000     0.000000     0.000000
   -0.000000    -0.000000    -0.000000    -0.000000    -0.064890    15.080000  -201.100000     9.810000    -0.000000     0.000000    -0.000000    -0.000000    -0.000000    -0.000000     0.007457    -0.000000
    0.001049    -0.014330    -0.298200    -0.000000    -0.118400    -5.795000     1.991000    -0.000000     0.000000    -0.000000     0.000000    -0.000000    -0.000065    -0.011660     0.278100    -0.025790
    0.000177    -0.002422    -0.050390    -0.000000     0.018500    -0.190400    -0.939100    -0.000000     0.000000    -0.000000     0.000000    -0.000000    -0.000011    -0.001971     0.004074    -0.004359
   -0.000000    -0.000000     0.000000     0.000000     0.000000     1.000000     0.000000     0.000000    -0.000000     0.000000    -0.000000     0.000000     0.000000     0.000000     0.000000     0.000000
    1.000000     0.000000    -0.000000    15.160000    -0.000000     0.000000     0.000000     0.000000     0.000000    -0.000000     0.000000     0.000000    -0.000000    -0.000000    -0.000000    -0.000000
    0.000000    -0.000000     0.000000    -0.000000     1.000000    -0.000000    -0.000000   -15.160000    -0.000000     0.000000    -0.000000   207.100000     0.000000     0.000000     0.000000     0.000000
   -0.000000     1.000000    -0.000000  -207.100000     0.000000     0.000000     0.000000     0.000000     0.000000    -0.000000     0.000000     0.000000    -0.000000    -0.000000    -0.000000    -0.000000
   -0.000000    -0.000000     0.000000     0.000000     0.000000    -0.000000     1.000000     0.000000    -0.000000     0.000000    -0.000000     0.000000     0.000000     0.000000     0.000000     0.000000

   -0.002059     0.169100   -16.580000    -9.810000    -0.000000    -0.000000    -0.000000     0.000000     0.000000    -0.000000     0.000000     0.000000    -0.000844     0.035880     0.000000     0.017540
   -0.080090    -0.628200    92.570000    -0.000000     0.000000     0.000000     0.000000    -0.000000     0.000000    -0.000000     0.000000     0.000000     0.007253    -0.314700    -0.000000    -0.109400
    0.009788    -0.061980    -1.310000     0.000000    -0.003291    -0.150400     0.049770     0.000000    -0.000000     0.000000    -0.000000     0.000000    -0.000082    -0.023150     0.003461    -0.055540
   -0.000000    -0.000000     1.000000     0.000000     0.000000    -0.000000    -0.000000     0.000000    -0.000000     0.000000    -0.000000     0.000000     0.000000     0.000000     0.000000     0.000000
   -0.000000    -0.000000    -0.000000    -0.000000    -0.070230    16.420000   -95.690000     9.810000    -0.000000     0.000000    -0.000000    -0.000000     0.000000    -0.000000     0.002040     0.000000
    0.001517    -0.009607    -0.203100    -0.000000    -0.142300    -5.808000     2.608000    -0.000000     0.000000    -0.000000     0.000000    -0.000000    -0.000013    -0.003588     0.136800    -0.008609
    0.000196    -0.001242    -0.026240    -0.000000     0.011870    -0.313700    -0.743300    -0.000000     0.000000    -0.000000     0.000000    -0.000000    -0.000002    -0.000464     0.003320    -0.001113
   -0.000000    -0.000000     0.000000     0.000000     0.000000     1.000000     0.000000     0.000000    -0.000000     0.000000    -0.000000     0.000000     0.000000     0.000000     0.000000     0.000000
    1.000000     0.000000    -0.000000    16.200000    -0.000000     0.000000     0.000000     0.000000     0.000000    -0.000000     0.000000     0.000000    -0.000000    -0.000000    -0.000000    -0.000000
    0.000000    -0.000000     0.000000    -0.000000     1.000000    -0.000000    -0.000000   -16.200000    -0.000000     0.000000    -0.000000   102.600000     0.000000     0.000000     0.000000     0.000000
   -0.000000     1.000000    -0.000000  -102.600000     0.000000     0.000000     0.000000     0.000000     0.000000    -0.000000     0.000000     0.000000    -0.000000    -0.000000    -0.000000    -0.000000
   -0.000000    -0.000000     0.000000     0.000000     0.000000    -0.000000     1.000000     0.000000    -0.000000     0.000000    -0.000000     0.000000     0.000000     0.000000     0.000000     0.000000

   -0.008477     0.273500   -21.920000    -9.810000    -0.000000    -0.000000     0.000000     0.000000     0.000000    -0.000000     0.000000     0.000000    -0.000952     0.038480    -0.000000     0.017850
   -0.110500    -0.490600    56.530000    -0.000000     0.000000    -0.000000    -0.000000    -0.000000     0.000000    -0.000000     0.000000     0.000000     0.003618    -0.150200     0.000000    -0.056130
    0.014070    -0.042970    -0.908700     0.000000    -0.002835    -0.098120     0.050330     0.000000    -0.000000     0.000000    -0.000000     0.000000    -0.000018    -0.009318     0.001377    -0.024230
   -0.000000    -0.000000     1.000000     0.000000     0.000000    -0.000000    -0.000000    -0.000000    -0.000000     0.000000    -0.000000     0.000000     0.000000     0.000000     0.000000     0.000000
   -0.000000    -0.000000     0.000000    -0.000000    -0.054010    21.860000   -58.780000     9.810000    -0.000000     0.000000    -0.000000    -0.000000     0.000000    -0.000000    -0.000748    -0.000000
    0.002109    -0.006440    -0.136200    -0.000000    -0.142300    -4.443000     2.876000    -0.000000     0.000000    -0.000000     0.000000    -0.000000    -0.000003    -0.001396     0.065100    -0.003631
    0.000242    -0.000739    -0.015630    -0.000000     0.004701    -0.431900    -0.514300    -0.000000     0.000000    -0.000000     0.000000    -0.000000    -0.000000    -0.000160     0.002690    -0.000417
   -0.000000    -0.000000     0.000000     0.000000     0.000000     1.000000     0.000000     0.000000    -0.000000     0.000000    -0.000000     0.000000     0.000000     0.000000     0.000000     0.000000
    1.000000     0.000000    -0.000000    21.180000    -0.000000     0.000000     0.000000     0.000000     0.000000    -0.000000     0.000000     0.000000    -0.000000    -0.000000    -0.000000    -0.000000
    0.000000    -0.000000     0.000000    -0.000000     1.000000    -0.000000    -0.000000   -21.180000    -0.000000     0.000000    -0.000000    64.680000     0.000000     0.000000     0.000000     0.000000
   -0.000000     1.000000    -0.000000   -64.680000     0.000000     0.000000     0.000000     0.000000     0.000000    -0.000000     0.000000     0.000000    -0.000000    -0.000000    -0.000000    -0.000000
   -0.000000    -0.000000     0.000000     0.000000     0.000000    -0.000000     1.000000     0.000000    -0.000000     0.000000    -0.000000     0.000000     0.000000     0.000000     0.000000     0.000000
