u  w  q  the  v  p  r  phi  x  y  z  psi  |  slat  flap  aileron  elevator
   -0.011490     0.276100   -29.490000    -9.810000    -0.000000    -0.000000     0.000000     0.000000     0.000000    -0.000000     0.000000     0.000000    -0.000935     0.037090    -0.000000     0.016530
   -0.112500    -0.359700    55.880000    -0.000000     0.000000     0.000000    -0.000000    -0.000000     0.000000    -0.000000     0.000000     0.000000     0.002542    -0.103600     0.000000    -0.040060
    0.018720    -0.040270    -0.867700     0.000000    -0.002988    -0.081960     0.059800     0.000000    -0.000000     0.000000    -0.000000     0.000000    -0.000036    -0.007667     0.001105    -0.022680
   -0.000000    -0.000000     1.000000     0.000000     0.000000    -0.000000    -0.000000     0.000000    -0.000000     0.000000    -0.000000     0.000000     0.000000     0.000000     0.000000     0.000000
   -0.000000    -0.000000     0.000000    -0.000000    -0.037080    29.480000   -57.340000     9.810000    -0.000000     0.000000    -0.000000    -0.000000     0.000000    -0.000000    -0.001446    -0.000000
    0.002516    -0.005413    -0.116600    -0.000000    -0.301800    -7.875000     6.329000    -0.000000     0.000000    -0.000000     0.000000    -0.000000    -0.000005    -0.001031     0.109100    -0.003049
    0.000141    -0.000304    -0.006560    -0.000000     0.000087    -0.658100    -0.478500    -0.000000     0.000000    -0.000000     0.000000    -0.000000    -0.000000    -0.000058     0.004060    -0.000171
   -0.000000    -0.000000     0.000000     0.000000     0.000000     1.000000     0.000000     0.000000    -0.000000     0.000000    -0.000000     0.000000     0.000000     0.000000     0.000000     0.000000
    1.000000     0.000000    -0.000000    28.690000    -0.000000     0.000000     0.000000     0.000000     0.000000    -0.000000     0.000000     0.000000    -0.000000    -0.000000    -0.000000    -0.000000
    0.000000    -0.000000     0.000000    -0.000000     1.000000    -0.000000    -0.000000   -28.690000    -0.000000     0.000000    -0.000000    61.710000     0.000000     0.000000     0.000000     0.000000
   -0.000000     1.000000    -0.000000   -61.710000     0.000000     0.000000     0.000000     0.000000     0.000000    -0.000000     0.000000     0.000000    -0.000000    -0.000000    -0.000000    -0.000000
   -0.000000    -0.000000     0.000000     0.000000     0.000000    -0.000000     1.000000     0.000000    -0.000000     0.000000    -0.000000     0.000000     0.000000     0.000000     0.000000     0.000000

   -0.002724     0.170400   -22.460000    -9.810000     0.000000    -0.000000    -0.000000     0.000000     0.000000    -0.000000     0.000000     0.000000    -0.000865     0.036480     0.000000     0.016680
   -0.079630    -0.473500    94.100000    -0.000000     0.000000     0.000000     0.000000    -0.000000     0.000000    -0.000000     0.000000     0.000000     0.005419    -0.233200    -0.000000    -0.082300
    0.012650    -0.058260    -1.272000     0.000000    -0.003552    -0.136300     0.062860     0.000000    -0.000000     0.000000    -0.000000     0.000000    -0.000134    -0.020400     0.003118    -0.054760
   -0.000000    -0.000000     1.000000     0.000000     0.000000    -0.000000    -0.000000     0.000000    -0.000000     0.000000    -0.000000     0.000000     0.000000     0.000000     0.000000     0.000000
   -0.000000    -0.000000    -0.000000    -0.000000    -0.051510    22.370000   -96.270000     9.810000    -0.000000     0.000000    -0.000000    -0.000000     0.000000    -0.000000     0.000660    -0.000000
    0.001812    -0.008348    -0.182300    -0.000000    -0.300700   -11.020000     5.683000    -0.000000     0.000000    -0.000000     0.000000    -0.000000    -0.000019    -0.002923     0.255800    -0.007848
    0.000112    -0.000514    -0.011220    -0.000000     0.008700    -0.514900    -0.747600    -0.000000     0.000000    -0.000000     0.000000    -0.000000    -0.000001    -0.000180     0.005849    -0.000483
   -0.000000    -0.000000     0.000000     0.000000     0.000000     1.000000     0.000000     0.000000    -0.000000     0.000000    -0.000000     0.000000     0.000000     0.000000     0.000000     0.000000
    1.000000     0.000000    -0.000000    22.030000    -0.000000     0.000000     0.000000     0.000000     0.000000    -0.000000     0.000000     0.000000    -0.000000    -0.000000    -0.000000    -0.000000
    0.000000    -0.000000     0.000000    -0.000000     1.000000    -0.000000    -0.000000   -22.030000    -0.000000     0.000000    -0.000000   101.500000     0.000000     0.000000     0.000000     0.000000
   -0.000000     1.000000    -0.000000  -101.500000     0.000000     0.000000     0.000000     0.000000     0.000000    -0.000000     0.000000     0.000000    -0.000000    -0.000000    -0.000000    -0.000000
   -0.000000    -0.000000     0.000000     0.000000     0.000000    -0.000000     1.000000     0.000000    -0.000000     0.000000    -0.000000     0.000000     0.000000     0.000000     0.000000     0.000000

   -0.000418     0.078670   -21.410000    -9.810000     0.000000     0.000000     0.000000     0.000000     0.000000    -0.000000     0.000000     0.000000    -0.000682     0.030910    -0.000000     0.015850
   -0.045480    -0.461900   199.800000    -0.000000    -0.000000    -0.000000    -0.000000    -0.000000     0.000000    -0.000000     0.000000     0.000000     0.010550    -0.479300    -0.000000    -0.156800
    0.008397    -0.081620    -1.767000     0.000000    -0.004552    -0.221000     0.070340     0.000000    -0.000000     0.000000    -0.000000     0.000000    -0.000557    -0.063770     0.010460    -0.156400
   -0.000000    -0.000000     1.000000     0.000000     0.000000    -0.000000    -0.000000     0.000000    -0.000000     0.000000    -0.000000     0.000000     0.000000     0.000000     0.000000     0.000000
    0.000000    -0.000000    -0.000000    -0.000000    -0.048210    21.270000  -202.000000     9.810000    -0.000000     0.000000    -0.000000    -0.000000     0.000000    -0.000000     0.004799    -0.000000
    0.001349    -0.013120    -0.283900    -0.000000    -0.256700   -11.730000     4.416000    -0.000000     0.000000    -0.000000     0.000000    -0.000000    -0.000090    -0.010250     0.560400    -0.025140
    0.000104    -0.001008    -0.021820    -0.000000     0.017380    -0.361300    -1.006000    -0.000000     0.000000    -0.000000     0.000000    -0.000000    -0.000007    -0.000788     0.008851    -0.001932
   -0.000000    -0.000000     0.000000     0.000000     0.000000     1.000000     0.000000     0.000000    -0.000000     0.000000    -0.000000     0.000000     0.000000     0.000000     0.000000     0.000000
    1.000000     0.000000    -0.000000    21.250000    -0.000000     0.000000     0.000000     0.000000     0.000000    -0.000000     0.000000     0.000000    -0.000000    -0.000000    -0.000000    -0.000000
    0.000000    -0.000000     0.000000    -0.000000     1.000000    -0.000000    -0.000000   -21.250000    -0.000000     0.000000    -0.000000   206.500000     0.000000     0.000000     0.000000     0.000000
   -0.000000     1.000000    -0.000000  -206.500000     0.000000     0.000000     0.000000     0.000000     0.000000    -0.000000     0.000000     0.000000    -0.000000    -0.000000    -0.000000    -0.000000
   -0.000000    -0.000000     0.000000     0.000000     0.000000    -0.000000     1.000000     0.000000    -0.000000     0.000000    -0.000000     0.000000     0.000000     0.000000     0.000000     0.000000

   -0.000189     0.075620   -15.010000    -9.810000    -0.000000     0.000000     0.000000     0.000000     0.000000    -0.000000     0.000000     0.000000    -0.000607     0.027700    -0.000000     0.015130
   -0.048300    -0.613800   198.100000    -0.000000    -0.000000    -0.000000    -0.000000    -0.000000     0.000000    -0.000000     0.000000     0.000000     0.014040    -0.640700    -0.000000    -0.207800
    0.005797    -0.080780    -1.755000     0.000000    -0.004230    -0.220700     0.062070     0.000000    -0.000000     0.000000    -0.000000     0.000000    -0.000560    -0.064020     0.010530    -0.155500
   -0.000000    -0.000000     1.000000    -0.000000     0.000000    -0.000000    -0.000000    -0.000000    -0.000000     0.000000    -0.000000    -0.000000     0.000000     0.000000     0.000000     0.000000
    0.000000    -0.000000    -0.000000    -0.000000    -0.065000    14.780000  -201.100000     9.810000    -0.000000     0.000000    -0.000000    -0.000000     0.000000    -0.000000     0.007500    -0.000000
    0.000932    -0.012980    -0.282100    -0.000000    -0.240300   -11.770000     3.972000    -0.000000     0.000000    -0.000000     0.000000    -0.000000    -0.000090    -0.010290     0.565000    -0.025000
    0.000072    -0.000997    -0.021680    -0.000000     0.018910    -0.273000    -1.012000    -0.000000     0.000000    -0.000000     0.000000    -0.000000    -0.000007    -0.000790     0.007570    -0.001921
   -0.000000    -0.000000     0.000000     0.000000     0.000000     1.000000     0.000000    -0.000000    -0.000000     0.000000    -0.000000    -0.000000     0.000000     0.000000     0.000000     0.000000
    1.000000     0.000000    -0.000000    14.860000    -0.000000     0.000000     0.000000     0.000000     0.000000    -0.000000     0.000000     0.000000    -0.000000    -0.000000    -0.000000    -0.000000
    0.000000    -0.000000     0.000000    -0.000000     1.000000    -0.000000    -0.000000   -14.860000    -0.000000     0.000000    -0.000000   207.100000     0.000000     0.000000     0.000000     0.000000
   -0.000000     1.000000    -0.000000  -207.100000     0.000000     0.000000     0.000000     0.000000     0.000000    -0.000000     0.000000     0.000000    -0.000000    -0.000000    -0.000000    -0.000000
   -0.000000    -0.000000     0.000000     0.000000     0.000000    -0.000000     1.000000    -0.000000    -0.000000     0.000000    -0.000000    -0.000000     0.000000     0.000000     0.000000     0.000000

   -0.001606     0.166600   -16.330000    -9.810000    -0.000000    -0.000000     0.000000     0.000000     0.000000    -0.000000     0.000000     0.000000    -0.000827     0.035190     0.000000     0.016370
   -0.081770    -0.628600    92.790000    -0.000000     0.000000     0.000000    -0.000000    -0.000000     0.000000    -0.000000     0.000000     0.000000     0.007259    -0.315000    -0.000000    -0.109300
    0.008908    -0.057440    -1.264000     0.000000    -0.003202    -0.137100     0.053640     0.000000    -0.000000     0.000000    -0.000000     0.000000    -0.000139    -0.020790     0.003198    -0.054860
   -0.000000    -0.000000     1.000000     0.000000     0.000000    -0.000000    -0.000000    -0.000000    -0.000000     0.000000    -0.000000     0.000000     0.000000     0.000000     0.000000     0.000000
   -0.000000    -0.000000    -0.000000    -0.000000    -0.070460    16.130000   -95.750000     9.810000    -0.000000     0.000000    -0.000000    -0.000000    -0.000000    -0.000000     0.002089    -0.000000
    0.001276    -0.008231    -0.181200    -0.000000    -0.273100   -11.170000     4.926000    -0.000000     0.000000    -0.000000     0.000000    -0.000000    -0.000020    -0.002979     0.263000    -0.007862
    0.000079    -0.000507    -0.011150    -0.000000     0.011020    -0.393000    -0.763300    -0.000000     0.000000    -0.000000     0.000000    -0.000000    -0.000001    -0.000183     0.004972    -0.000484
   -0.000000    -0.000000     0.000000     0.000000     0.000000     1.000000     0.000000     0.000000    -0.000000     0.000000    -0.000000     0.000000     0.000000     0.000000     0.000000     0.000000
    1.000000     0.000000    -0.000000    15.910000    -0.000000     0.000000     0.000000     0.000000     0.000000    -0.000000     0.000000     0.000000    -0.000000    -0.000000    -0.000000    -0.000000
    0.000000    -0.000000     0.000000    -0.000000     1.000000    -0.000000    -0.000000   -15.910000    -0.000000     0.000000    -0.000000   102.600000     0.000000     0.000000     0.000000     0.000000
   -0.000000     1.000000    -0.000000  -102.600000     0.000000     0.000000     0.000000     0.000000     0.000000    -0.000000     0.000000     0.000000    -0.000000    -0.000000    -0.000000    -0.000000
   -0.000000    -0.000000     0.000000     0.000000     0.000000    -0.000000     1.000000     0.000000    -0.000000     0.000000    -0.000000     0.000000     0.000000     0.000000     0.000000     0.000000

   -0.007089     0.269700   -21.610000    -9.810000    -0.000000     0.000000     0.000000     0.000000     0.000000    -0.000000     0.000000     0.000000    -0.000936     0.037860    -0.000000     0.016810
   -0.113000    -0.491700    56.770000    -0.000000     0.000000    -0.000000     0.000000    -0.000000     0.000000    -0.000000     0.000000     0.000000     0.003630    -0.150800     0.000000    -0.056220
    0.012880    -0.040060    -0.876800     0.000000    -0.002606    -0.085210     0.049200     0.000000    -0.000000     0.000000    -0.000000     0.000000    -0.000042    -0.008385     0.001228    -0.023940
   -0.000000    -0.000000     1.000000     0.000000     0.000000    -0.000000    -0.000000     0.000000    -0.000000     0.000000    -0.000000     0.000000     0.000000     0.000000     0.000000     0.000000
   -0.000000    -0.000000     0.000000    -0.000000    -0.054380    21.490000   -58.910000     9.810000    -0.000000     0.000000    -0.000000    -0.000000    -0.000000    -0.000000    -0.000698    -0.000000
    0.001731    -0.005385    -0.117900    -0.000000    -0.265200    -8.303000     5.279000    -0.000000     0.000000    -0.000000     0.000000    -0.000000    -0.000006    -0.001127     0.121900    -0.003218
    0.000097    -0.000303    -0.006629    -0.000000     0.003447    -0.495300    -0.512000    -0.000000     0.000000    -0.000000     0.000000    -0.000000    -0.000000    -0.000063     0.003484    -0.000181
   -0.000000    -0.000000     0.000000     0.000000     0.000000     1.000000     0.000000     0.000000    -0.000000     0.000000    -0.000000     0.000000     0.000000     0.000000     0.000000     0.000000
    1.000000     0.000000    -0.000000    20.830000    -0.000000     0.000000     0.000000     0.000000     0.000000    -0.000000     0.000000     0.000000    -0.000000    -0.000000    -0.000000    -0.000000
    0.000000    -0.000000     0.000000    -0.000000     1.000000    -0.000000    -0.000000   -20.830000    -0.000000     0.000000    -0.000000    64.790000     0.000000     0.000000     0.000000     0.000000
   -0.000000     1.000000    -0.000000   -64.790000     0.000000     0.000000     0.000000     0.000000     0.000000    -0.000000     0.000000     0.000000    -0.000000    -0.000000    -0.000000    -0.000000
   -0.000000    -0.000000     0.000000     0.000000     0.000000    -0.000000     1.000000    -0.000000    -0.000000     0.000000    -0.000000     0.000000     0.000000     0.000000     0.000000     0.000000
