u  w  q  the  v  p  r  phi  x  y  z  psi  |  slat  flap  aileron  elevator
   -0.010130     0.273200   -29.180000    -9.810000    -0.000000     0.000000     0.000000     0.000000     0.000000    -0.000000     0.000000     0.000000    -0.000925     0.036720    -0.000000     0.015850
   -0.114300    -0.360800    56.100000    -0.000000     0.000000    -0.000000    -0.000000    -0.000000     0.000000    -0.000000     0.000000     0.000000     0.002555    -0.104200     0.000000    -0.040190
    0.016650    -0.036350    -0.803000     0.000000    -0.002653    -0.082270     0.045740     0.000000    -0.000000     0.000000    -0.000000     0.000000    -0.000049    -0.006713     0.001045    -0.021360
   -0.000000    -0.000000     1.000000    -0.000000     0.000000    -0.000000    -0.000000    -0.000000    -0.000000     0.000000    -0.000000    -0.000000     0.000000     0.000000     0.000000     0.000000
   -0.000000    -0.000000     0.000000    -0.000000    -0.037370    29.120000   -57.500000     9.810000    -0.000000     0.000000    -0.000000    -0.000000     0.000000    -0.000000    -0.001412    -0.000000
    0.002129    -0.004648    -0.102700    -0.000000    -0.096850    -2.531000     2.013000    -0.000000     0.000000    -0.000000     0.000000    -0.000000    -0.000006    -0.000858     0.035200    -0.002731
    0.000370    -0.000808    -0.017850    -0.000000     0.001921    -0.484800    -0.429500    -0.000000     0.000000    -0.000000     0.000000    -0.000000    -0.000001    -0.000149     0.002633    -0.000475
   -0.000000    -0.000000     0.000000     0.000000     0.000000     1.000000     0.000000    -0.000000    -0.000000     0.000000    -0.000000    -0.000000     0.000000     0.000000     0.000000     0.000000
    1.000000     0.000000    -0.000000    28.340000    -0.000000     0.000000     0.000000     0.000000     0.000000    -0.000000     0.000000     0.000000    -0.000000    -0.000000    -0.000000    -0.000000
    0.000000    -0.000000     0.000000    -0.000000     1.000000    -0.000000    -0.000000   -28.340000    -0.000000     0.000000    -0.000000    61.880000     0.000000     0.000000     0.000000     0.000000
   -0.000000     1.000000    -0.000000   -61.880000     0.000000     0.000000     0.000000     0.000000     0.000000    -0.000000     0.000000     0.000000    -0.000000    -0.000000    -0.000000    -0.000000
   -0.000000    -0.000000     0.000000     0.000000     0.000000    -0.000000     1.000000    -0.000000    -0.000000     0.000000    -0.000000    -0.000000     0.000000     0.000000     0.000000     0.000000

   -0.002302     0.168700   -22.210000    -9.810000    -0.000000     0.000000     0.000000     0.000000     0.000000    -0.000000     0.000000     0.000000    -0.000854     0.036010     0.000000     0.015870
   -0.080840    -0.473900    94.250000    -0.000000    -0.000000     0.000000     0.000000    -0.000000     0.000000    -0.000000     0.000000     0.000000     0.005425    -0.233500    -0.000000    -0.082320
    0.011070    -0.051650    -1.164000     0.000000    -0.002843    -0.123200     0.039830     0.000000    -0.000000     0.000000    -0.000000     0.000000    -0.000164    -0.017600     0.002722    -0.050930
   -0.000000    -0.000000     1.000000    -0.000000     0.000000    -0.000000    -0.000000    -0.000000    -0.000000     0.000000    -0.000000    -0.000000     0.000000     0.000000     0.000000     0.000000
    0.000000    -0.000000    -0.000000    -0.000000    -0.051680    22.090000   -96.340000     9.810000    -0.000000     0.000000    -0.000000    -0.000000    -0.000000     0.000000     0.000695    -0.000000
    0.001443    -0.006735    -0.151700    -0.000000    -0.092430    -3.387000     1.731000    -0.000000     0.000000    -0.000000     0.000000    -0.000000    -0.000021    -0.002295     0.078670    -0.006641
    0.000282    -0.001316    -0.029660    -0.000000     0.008607    -0.338100    -0.623400    -0.000000     0.000000    -0.000000     0.000000    -0.000000    -0.000004    -0.000449     0.003074    -0.001298
   -0.000000    -0.000000     0.000000     0.000000     0.000000     1.000000     0.000000    -0.000000    -0.000000     0.000000    -0.000000    -0.000000     0.000000     0.000000     0.000000     0.000000
    1.000000     0.000000    -0.000000    21.760000    -0.000000     0.000000     0.000000     0.000000     0.000000    -0.000000     0.000000     0.000000    -0.000000    -0.000000    -0.000000    -0.000000
    0.000000    -0.000000     0.000000    -0.000000     1.000000    -0.000000    -0.000000   -21.760000    -0.000000     0.000000    -0.000000   101.500000     0.000000     0.000000     0.000000     0.000000
   -0.000000     1.000000    -0.000000  -101.500000     0.000000     0.000000     0.000000     0.000000     0.000000    -0.000000     0.000000     0.000000    -0.000000    -0.000000    -0.000000    -0.000000
   -0.000000    -0.000000     0.000000     0.000000     0.000000    -0.000000     1.000000    -0.000000    -0.000000     0.000000    -0.000000    -0.000000     0.000000     0.000000     0.000000     0.000000

   -0.000313     0.077800   -21.130000    -9.810000    -0.000000     0.000000     0.000000     0.000000     0.000000    -0.000000     0.000000     0.000000    -0.000671     0.030430    -0.000000     0.014930
   -0.046100    -0.462000   199.900000    -0.000000     0.000000     0.000000    -0.000000    -0.000000     0.000000    -0.000000     0.000000     0.000000     0.010550    -0.479500    -0.000000    -0.156800
    0.007093    -0.069890    -1.567000     0.000000    -0.003034    -0.174300     0.029530     0.000000    -0.000000     0.000000    -0.000000     0.000000    -0.000615    -0.053360     0.008068    -0.141100
   -0.000000    -0.000000     1.000000     0.000000     0.000000    -0.000000    -0.000000     0.000000    -0.000000     0.000000    -0.000000     0.000000     0.000000     0.000000     0.000000     0.000000
    0.000000    -0.000000    -0.000000    -0.000000    -0.048290    20.980000  -202.100000     9.810000    -0.000000     0.000000    -0.000000    -0.000000    -0.000000    -0.000000     0.004830    -0.000000
    0.000956    -0.009417    -0.211100    -0.000000    -0.072870    -3.327000     1.241000    -0.000000     0.000000    -0.000000     0.000000    -0.000000    -0.000083    -0.007190     0.159000    -0.019010
    0.000239    -0.002358    -0.052860    -0.000000     0.013790    -0.197100    -0.747700    -0.000000     0.000000    -0.000000     0.000000    -0.000000    -0.000021    -0.001801     0.003402    -0.004761
   -0.000000    -0.000000     0.000000     0.000000     0.000000     1.000000     0.000000     0.000000    -0.000000     0.000000    -0.000000     0.000000     0.000000     0.000000     0.000000     0.000000
    1.000000     0.000000    -0.000000    20.960000    -0.000000     0.000000     0.000000     0.000000     0.000000    -0.000000     0.000000     0.000000    -0.000000    -0.000000    -0.000000    -0.000000
    0.000000    -0.000000     0.000000    -0.000000     1.000000    -0.000000    -0.000000   -20.960000    -0.000000     0.000000    -0.000000   206.600000     0.000000     0.000000     0.000000     0.000000
   -0.000000     1.000000    -0.000000  -206.600000     0.000000     0.000000     0.000000     0.000000     0.000000    -0.000000     0.000000     0.000000    -0.000000    -0.000000    -0.000000    -0.000000
   -0.000000    -0.000000     0.000000     0.000000     0.000000    -0.000000     1.000000    -0.000000    -0.000000     0.000000    -0.000000     0.000000     0.000000     0.000000     0.000000     0.000000

   -0.000115     0.074760   -14.810000    -9.810000     0.000000     0.000000     0.000000     0.000000     0.000000    -0.000000     0.000000     0.000000    -0.000596     0.027220    -0.000000     0.014200
   -0.048920    -0.613900   198.200000    -0.000000    -0.000000    -0.000000     0.000000    -0.000000     0.000000    -0.000000     0.000000     0.000000     0.014040    -0.640800    -0.000000    -0.207700
    0.004887    -0.069090    -1.557000     0.000000    -0.002759    -0.172100     0.023240     0.000000    -0.000000     0.000000    -0.000000     0.000000    -0.000618    -0.053540     0.008091    -0.140300
   -0.000000    -0.000000     1.000000     0.000000     0.000000    -0.000000    -0.000000     0.000000    -0.000000     0.000000    -0.000000     0.000000     0.000000     0.000000     0.000000     0.000000
    0.000000    -0.000000    -0.000000    -0.000000    -0.065090    14.560000  -201.200000     9.810000    -0.000000     0.000000    -0.000000    -0.000000    -0.000000    -0.000000     0.007531    -0.000000
    0.000659    -0.009310    -0.209800    -0.000000    -0.068210    -3.338000     1.117000    -0.000000     0.000000    -0.000000     0.000000    -0.000000    -0.000083    -0.007215     0.160300    -0.018900
    0.000165    -0.002332    -0.052530    -0.000000     0.014790    -0.133700    -0.749500    -0.000000     0.000000    -0.000000     0.000000    -0.000000    -0.000021    -0.001807     0.002457    -0.004734
   -0.000000    -0.000000     0.000000    -0.000000     0.000000     1.000000     0.000000     0.000000    -0.000000     0.000000    -0.000000     0.000000     0.000000     0.000000     0.000000     0.000000
    1.000000     0.000000    -0.000000    14.650000    -0.000000     0.000000     0.000000     0.000000     0.000000    -0.000000     0.000000     0.000000    -0.000000    -0.000000    -0.000000    -0.000000
    0.000000    -0.000000     0.000000    -0.000000     1.000000    -0.000000    -0.000000   -14.650000    -0.000000     0.000000    -0.000000   207.100000     0.000000     0.000000     0.000000     0.000000
   -0.000000     1.000000    -0.000000  -207.100000     0.000000     0.000000     0.000000     0.000000     0.000000    -0.000000     0.000000     0.000000    -0.000000    -0.000000    -0.000000    -0.000000
   -0.000000    -0.000000     0.000000     0.000000     0.000000    -0.000000     1.000000    -0.000000    -0.000000     0.000000    -0.000000     0.000000     0.000000     0.000000     0.000000     0.000000

   -0.001304     0.164900   -16.150000    -9.810000     0.000000    -0.000000    -0.000000     0.000000     0.000000    -0.000000     0.000000     0.000000    -0.000815     0.034710     0.000000     0.015530
   -0.082980    -0.628900    92.940000    -0.000000     0.000000     0.000000     0.000000    -0.000000     0.000000    -0.000000     0.000000     0.000000     0.007263    -0.315200    -0.000000    -0.109300
    0.007779    -0.050830    -1.157000     0.000000    -0.002512    -0.121800     0.031900     0.000000    -0.000000     0.000000    -0.000000     0.000000    -0.000169    -0.017910     0.002774    -0.051020
   -0.000000    -0.000000     1.000000     0.000000     0.000000    -0.000000    -0.000000     0.000000    -0.000000     0.000000    -0.000000     0.000000     0.000000     0.000000     0.000000     0.000000
   -0.000000    -0.000000    -0.000000    -0.000000    -0.070620    15.920000   -95.790000     9.810000    -0.000000     0.000000    -0.000000    -0.000000     0.000000     0.000000     0.002123    -0.000000
    0.001014    -0.006628    -0.150800    -0.000000    -0.083960    -3.430000     1.501000    -0.000000     0.000000    -0.000000     0.000000    -0.000000    -0.000022    -0.002336     0.080850    -0.006652
    0.000198    -0.001295    -0.029480    -0.000000     0.010250    -0.241700    -0.631000    -0.000000     0.000000    -0.000000     0.000000    -0.000000    -0.000004    -0.000457     0.002341    -0.001300
   -0.000000    -0.000000     0.000000     0.000000     0.000000     1.000000     0.000000     0.000000    -0.000000     0.000000    -0.000000     0.000000     0.000000     0.000000     0.000000     0.000000
    1.000000     0.000000    -0.000000    15.710000    -0.000000     0.000000     0.000000     0.000000     0.000000    -0.000000     0.000000     0.000000    -0.000000    -0.000000    -0.000000    -0.000000
    0.000000    -0.000000     0.000000    -0.000000     1.000000    -0.000000    -0.000000   -15.710000    -0.000000     0.000000    -0.000000   102.700000     0.000000     0.000000     0.000000     0.000000
   -0.000000     1.000000    -0.000000  -102.700000     0.000000     0.000000     0.000000     0.000000     0.000000    -0.000000     0.000000     0.000000    -0.000000    -0.000000    -0.000000    -0.000000
   -0.000000    -0.000000     0.000000     0.000000     0.000000    -0.000000     1.000000    -0.000000    -0.000000     0.000000    -0.000000     0.000000     0.000000     0.000000     0.000000     0.000000

   -0.006159     0.266900   -21.390000    -9.810000    -0.000000     0.000000     0.000000     0.000000     0.000000    -0.000000     0.000000     0.000000    -0.000924     0.037420    -0.000000     0.016070
   -0.114800    -0.492500    56.940000    -0.000000     0.000000    -0.000000    -0.000000    -0.000000     0.000000    -0.000000     0.000000     0.000000     0.003638    -0.151200     0.000000    -0.056280
    0.011420    -0.036010    -0.811000     0.000000    -0.002266    -0.082780     0.035930     0.000000    -0.000000     0.000000    -0.000000     0.000000    -0.000056    -0.007314     0.001143    -0.022510
   -0.000000    -0.000000     1.000000     0.000000     0.000000    -0.000000    -0.000000     0.000000    -0.000000     0.000000    -0.000000     0.000000     0.000000     0.000000     0.000000     0.000000
   -0.000000    -0.000000     0.000000    -0.000000    -0.054650    21.230000   -58.990000     9.810000    -0.000000     0.000000    -0.000000    -0.000000    -0.000000    -0.000000    -0.000663    -0.000000
    0.001460    -0.004604    -0.103700    -0.000000    -0.085130    -2.665000     1.680000    -0.000000     0.000000    -0.000000     0.000000    -0.000000    -0.000007    -0.000935     0.039200    -0.002878
    0.000254    -0.000801    -0.018030    -0.000000     0.004419    -0.350400    -0.450100    -0.000000     0.000000    -0.000000     0.000000    -0.000000    -0.000001    -0.000163     0.002082    -0.000500
   -0.000000    -0.000000     0.000000    -0.000000     0.000000     1.000000     0.000000     0.000000    -0.000000     0.000000    -0.000000     0.000000     0.000000     0.000000     0.000000     0.000000
    1.000000     0.000000    -0.000000    20.570000    -0.000000     0.000000     0.000000     0.000000     0.000000    -0.000000     0.000000     0.000000    -0.000000    -0.000000    -0.000000    -0.000000
    0.000000    -0.000000     0.000000    -0.000000     1.000000    -0.000000    -0.000000   -20.570000    -0.000000     0.000000    -0.000000    64.870000     0.000000     0.000000     0.000000     0.000000
   -0.000000     1.000000    -0.000000   -64.870000     0.000000     0.000000     0.000000     0.000000     0.000000    -0.000000     0.000000     0.000000    -0.000000    -0.000000    -0.000000    -0.000000
   -0.000000    -0.000000     0.000000    -0.000000     0.000000    -0.000000     1.000000    -0.000000    -0.000000     0.000000    -0.000000     0.000000     0.000000     0.000000     0.000000     0.000000
