u  w  q  the  v  p  r  phi  x  y  z  psi  |  slat  flap  aileron  elevator
   -0.021550     0.294000   -31.420000    -9.810000    -0.000000     0.000000     0.000000     0.000000     0.000000    -0.000000     0.000000     0.000000    -0.000997     0.039310    -0.000000     0.020570
   -0.101600    -0.352700    54.460000    -0.000000     0.000000    -0.000000    -0.000000    -0.000000     0.000000    -0.000000     0.000000     0.000000     0.002461    -0.099900     0.000000    -0.039190
    0.025080    -0.049250    -0.963300     0.000000    -0.001051    -0.025070     0.024680     0.000000    -0.000000     0.000000    -0.000000     0.000000     0.000054    -0.010540     0.000355    -0.022420
   -0.000000    -0.000000     1.000000     0.000000     0.000000    -0.000000    -0.000000     0.000000    -0.000000     0.000000    -0.000000     0.000000     0.000000     0.000000     0.000000     0.000000
    0.000000    -0.000000     0.000000    -0.000000    -0.035310    31.750000   -56.280000     9.810000    -0.000000     0.000000    -0.000000    -0.000000     0.000000    -0.000000    -0.001650    -0.000000
    0.001244    -0.002444    -0.047800    -0.000000    -0.907000   -23.190000    20.240000    -0.000000     0.000000    -0.000000     0.000000    -0.000000     0.000003    -0.000523     0.315400    -0.001112
   -0.000051     0.000099     0.001943    -0.000000    -0.006255    -0.888100    -0.361100    -0.000000     0.000000    -0.000000     0.000000    -0.000000    -0.000000     0.000021     0.006540     0.000045
   -0.000000    -0.000000     0.000000    -0.000000     0.000000     1.000000     0.000000     0.000000    -0.000000     0.000000    -0.000000     0.000000     0.000000     0.000000     0.000000     0.000000
    1.000000     0.000000    -0.000000    30.880000    -0.000000     0.000000     0.000000     0.000000     0.000000    -0.000000     0.000000     0.000000    -0.000000    -0.000000    -0.000000    -0.000000
    0.000000    -0.000000     0.000000    -0.000000     1.000000    -0.000000    -0.000000   -30.880000    -0.000000     0.000000    -0.000000    60.650000     0.000000     0.000000     0.000000     0.000000
   -0.000000     1.000000    -0.000000   -60.650000     0.000000     0.000000     0.000000     0.000000     0.000000    -0.000000     0.000000     0.000000    -0.000000    -0.000000    -0.000000    -0.000000
   -0.000000    -0.000000     0.000000     0.000000     0.000000    -0.000000     1.000000     0.000000    -0.000000     0.000000    -0.000000     0.000000     0.000000     0.000000     0.000000     0.000000

   -0.005884     0.181400   -24.000000    -9.810000    -0.000000    -0.000000    -0.000000     0.000000     0.000000    -0.000000     0.000000     0.000000    -0.000936     0.039370     0.000000     0.021690
   -0.072200    -0.471000    93.150000    -0.000000    -0.000000     0.000000     0.000000    -0.000000     0.000000    -0.000000     0.000000     0.000000     0.005382    -0.231300    -0.000000    -0.082210
    0.017130    -0.073000    -1.406000     0.000000    -0.001473    -0.050970     0.031500     0.000000    -0.000000     0.000000    -0.000000     0.000000     0.000102    -0.028490     0.001198    -0.054300
   -0.000000    -0.000000     1.000000     0.000000     0.000000    -0.000000    -0.000000     0.000000    -0.000000     0.000000    -0.000000     0.000000     0.000000     0.000000     0.000000     0.000000
   -0.000000    -0.000000     0.000000    -0.000000    -0.050480    24.110000   -95.840000     9.810000    -0.000000     0.000000    -0.000000    -0.000000     0.000000    -0.000000     0.000442    -0.000000
    0.001046    -0.004456    -0.085800    -0.000000    -1.043000   -37.990000    21.050000    -0.000000     0.000000    -0.000000     0.000000    -0.000000     0.000006    -0.001739     0.877800    -0.003315
   -0.000041     0.000175     0.003364    -0.000000     0.001682    -0.848300    -0.631700    -0.000000     0.000000    -0.000000     0.000000    -0.000000    -0.000000     0.000068     0.012870     0.000130
   -0.000000    -0.000000     0.000000     0.000000     0.000000     1.000000     0.000000     0.000000    -0.000000     0.000000    -0.000000     0.000000     0.000000     0.000000     0.000000     0.000000
    1.000000     0.000000    -0.000000    23.730000    -0.000000     0.000000     0.000000     0.000000     0.000000    -0.000000     0.000000     0.000000    -0.000000    -0.000000    -0.000000    -0.000000
    0.000000    -0.000000     0.000000    -0.000000     1.000000    -0.000000    -0.000000   -23.730000    -0.000000     0.000000    -0.000000   101.100000     0.000000     0.000000     0.000000     0.000000
   -0.000000     1.000000    -0.000000  -101.100000     0.000000     0.000000     0.000000     0.000000     0.000000    -0.000000     0.000000     0.000000    -0.000000    -0.000000    -0.000000    -0.000000
   -0.000000    -0.000000     0.000000     0.000000     0.000000    -0.000000     1.000000     0.000000    -0.000000     0.000000    -0.000000     0.000000     0.000000     0.000000     0.000000     0.000000

   -0.001230     0.084040   -23.090000    -9.810000     0.000000    -0.000000     0.000000     0.000000     0.000000    -0.000000     0.000000     0.000000    -0.000749     0.033870    -0.000000     0.021490
   -0.041650    -0.461100   199.000000    -0.000000    -0.000000    -0.000000    -0.000000    -0.000000     0.000000    -0.000000     0.000000     0.000000     0.010530    -0.478300    -0.000000    -0.157100
    0.011140    -0.099950    -1.881000     0.000000    -0.002682    -0.116700     0.052630     0.000000    -0.000000     0.000000    -0.000000     0.000000     0.000143    -0.085570     0.005607    -0.149000
   -0.000000    -0.000000     1.000000     0.000000     0.000000    -0.000000    -0.000000     0.000000    -0.000000     0.000000    -0.000000     0.000000     0.000000     0.000000     0.000000     0.000000
    0.000000    -0.000000    -0.000000    -0.000000    -0.047700    23.050000  -201.800000     9.810000    -0.000000     0.000000    -0.000000    -0.000000     0.000000    -0.000000     0.004607    -0.000000
    0.001091    -0.009788    -0.184200    -0.000000    -1.271000   -57.890000    23.480000    -0.000000     0.000000    -0.000000     0.000000    -0.000000     0.000014    -0.008379     2.762000    -0.014590
   -0.000038     0.000344     0.006468    -0.000000     0.008416    -0.863800    -0.866400    -0.000000     0.000000    -0.000000     0.000000    -0.000000    -0.000000     0.000294     0.032050     0.000512
   -0.000000    -0.000000     0.000000    -0.000000     0.000000     1.000000     0.000000     0.000000    -0.000000     0.000000    -0.000000     0.000000     0.000000     0.000000     0.000000     0.000000
    1.000000     0.000000    -0.000000    23.010000    -0.000000     0.000000     0.000000     0.000000     0.000000    -0.000000     0.000000     0.000000    -0.000000    -0.000000    -0.000000    -0.000000
    0.000000    -0.000000     0.000000    -0.000000     1.000000    -0.000000    -0.000000   -23.010000    -0.000000     0.000000    -0.000000   206.300000     0.000000     0.000000     0.000000     0.000000
   -0.000000     1.000000    -0.000000  -206.300000     0.000000     0.000000     0.000000     0.000000     0.000000    -0.000000     0.000000     0.000000    -0.000000    -0.000000    -0.000000    -0.000000
   -0.000000    -0.000000     0.000000     0.000000     0.000000    -0.000000     1.000000    -0.000000    -0.000000     0.000000    -0.000000     0.000000     0.000000     0.000000     0.000000     0.000000

   -0.000764     0.080980   -16.250000    -9.810000     0.000000    -0.000000     0.000000     0.000000     0.000000    -0.000000     0.000000     0.000000    -0.000674     0.030700    -0.000000     0.020850
   -0.044470    -0.613100   197.300000    -0.000000    -0.000000     0.000000    -0.000000    -0.000000     0.000000    -0.000000     0.000000     0.000000     0.014030    -0.639900    -0.000000    -0.208100
    0.007765    -0.099370    -1.869000     0.000000    -0.002521    -0.117600     0.047910     0.000000    -0.000000     0.000000    -0.000000     0.000000     0.000143    -0.086050     0.005665    -0.148000
   -0.000000    -0.000000     1.000000     0.000000     0.000000    -0.000000    -0.000000    -0.000000    -0.000000     0.000000    -0.000000     0.000000     0.000000     0.000000     0.000000     0.000000
    0.000000    -0.000000    -0.000000    -0.000000    -0.064500    16.110000  -200.900000     9.810000    -0.000000     0.000000    -0.000000    -0.000000     0.000000    -0.000000     0.007311    -0.000000
    0.000760    -0.009731    -0.183000    -0.000000    -1.189000   -58.110000    21.150000    -0.000000     0.000000    -0.000000     0.000000    -0.000000     0.000014    -0.008427     2.788000    -0.014500
   -0.000027     0.000342     0.006425    -0.000000     0.010790    -0.769900    -0.893300    -0.000000     0.000000    -0.000000     0.000000    -0.000000    -0.000000     0.000296     0.030900     0.000509
   -0.000000    -0.000000     0.000000     0.000000     0.000000     1.000000     0.000000     0.000000    -0.000000     0.000000    -0.000000     0.000000     0.000000     0.000000     0.000000     0.000000
    1.000000     0.000000    -0.000000    16.180000    -0.000000     0.000000     0.000000     0.000000     0.000000    -0.000000     0.000000     0.000000    -0.000000    -0.000000    -0.000000    -0.000000
    0.000000    -0.000000     0.000000    -0.000000     1.000000    -0.000000    -0.000000   -16.180000    -0.000000     0.000000    -0.000000   207.000000     0.000000     0.000000     0.000000     0.000000
   -0.000000     1.000000    -0.000000  -207.000000     0.000000     0.000000     0.000000     0.000000     0.000000    -0.000000     0.000000     0.000000    -0.000000    -0.000000    -0.000000    -0.000000
   -0.000000    -0.000000     0.000000     0.000000     0.000000    -0.000000     1.000000     0.000000    -0.000000     0.000000    -0.000000     0.000000     0.000000     0.000000     0.000000     0.000000

   -0.003884     0.177500   -17.440000    -9.810000    -0.000000     0.000000     0.000000     0.000000     0.000000    -0.000000     0.000000     0.000000    -0.000900     0.038200     0.000000     0.021530
   -0.074370    -0.626600    91.820000    -0.000000    -0.000000     0.000000     0.000000    -0.000000     0.000000    -0.000000     0.000000     0.000000     0.007233    -0.313600    -0.000000    -0.109400
    0.012180    -0.072640    -1.398000     0.000000    -0.001348    -0.052140     0.027720     0.000000    -0.000000     0.000000    -0.000000     0.000000     0.000102    -0.029190     0.001240    -0.054450
   -0.000000    -0.000000     1.000000     0.000000     0.000000    -0.000000    -0.000000     0.000000    -0.000000     0.000000    -0.000000     0.000000     0.000000     0.000000     0.000000     0.000000
   -0.000000    -0.000000     0.000000    -0.000000    -0.069460    17.430000   -95.470000     9.810000    -0.000000     0.000000    -0.000000    -0.000000    -0.000000     0.000000     0.001874    -0.000000
    0.000743    -0.004434    -0.085320    -0.000000    -0.947000   -38.550000    18.280000    -0.000000     0.000000    -0.000000     0.000000    -0.000000     0.000006    -0.001782     0.906200    -0.003323
   -0.000029     0.000174     0.003346    -0.000000     0.004974    -0.718800    -0.670900    -0.000000     0.000000    -0.000000     0.000000    -0.000000    -0.000000     0.000070     0.012160     0.000130
   -0.000000    -0.000000     0.000000    -0.000000     0.000000     1.000000     0.000000     0.000000    -0.000000     0.000000    -0.000000     0.000000     0.000000     0.000000     0.000000     0.000000
    1.000000     0.000000    -0.000000    17.170000    -0.000000     0.000000     0.000000     0.000000     0.000000    -0.000000     0.000000     0.000000    -0.000000    -0.000000    -0.000000    -0.000000
    0.000000    -0.000000     0.000000    -0.000000     1.000000    -0.000000    -0.000000   -17.170000    -0.000000     0.000000    -0.000000   102.400000     0.000000     0.000000     0.000000     0.000000
   -0.000000     1.000000    -0.000000  -102.400000     0.000000     0.000000     0.000000     0.000000     0.000000    -0.000000     0.000000     0.000000    -0.000000    -0.000000    -0.000000    -0.000000
   -0.000000    -0.000000     0.000000    -0.000000     0.000000    -0.000000     1.000000    -0.000000    -0.000000     0.000000    -0.000000     0.000000     0.000000     0.000000     0.000000     0.000000

   -0.013990     0.286800   -22.950000    -9.810000    -0.000000    -0.000000     0.000000     0.000000     0.000000    -0.000000     0.000000     0.000000    -0.001006     0.040560    -0.000000     0.021320
   -0.102100    -0.486700    55.690000    -0.000000     0.000000    -0.000000    -0.000000    -0.000000     0.000000    -0.000000     0.000000     0.000000     0.003575    -0.148200     0.000000    -0.055780
    0.017470    -0.050090    -0.978300     0.000000    -0.000933    -0.027250     0.020910     0.000000    -0.000000     0.000000    -0.000000     0.000000     0.000058    -0.011790     0.000407    -0.023950
   -0.000000    -0.000000     1.000000     0.000000     0.000000    -0.000000    -0.000000     0.000000    -0.000000     0.000000    -0.000000     0.000000     0.000000     0.000000     0.000000     0.000000
   -0.000000    -0.000000     0.000000    -0.000000    -0.052780    23.150000   -58.340000     9.810000    -0.000000     0.000000    -0.000000    -0.000000    -0.000000    -0.000000    -0.000919    -0.000000
    0.000867    -0.002485    -0.048540    -0.000000    -0.797400   -24.690000    16.910000    -0.000000     0.000000    -0.000000     0.000000    -0.000000     0.000003    -0.000585     0.359300    -0.001188
   -0.000035     0.000101     0.001974    -0.000000    -0.001817    -0.719000    -0.421100    -0.000000     0.000000    -0.000000     0.000000    -0.000000    -0.000000     0.000024     0.006279     0.000048
   -0.000000    -0.000000     0.000000     0.000000     0.000000     1.000000     0.000000     0.000000    -0.000000     0.000000    -0.000000     0.000000     0.000000     0.000000     0.000000     0.000000
    1.000000     0.000000    -0.000000    22.410000    -0.000000     0.000000     0.000000     0.000000     0.000000    -0.000000     0.000000     0.000000    -0.000000    -0.000000    -0.000000    -0.000000
    0.000000    -0.000000     0.000000    -0.000000     1.000000    -0.000000    -0.000000   -22.410000    -0.000000     0.000000    -0.000000    64.260000     0.000000     0.000000     0.000000     0.000000
   -0.000000     1.000000    -0.000000   -64.260000     0.000000     0.000000     0.000000     0.000000     0.000000    -0.000000     0.000000     0.000000    -0.000000    -0.000000    -0.000000    -0.000000
   -0.000000    -0.000000     0.000000     0.000000     0.000000    -0.000000     1.000000     0.000000    -0.000000     0.000000    -0.000000     0.000000     0.000000     0.000000     0.000000     0.000000
