u  w  q  the  v  p  r  phi  x  y  z  psi  |  slat  flap  aileron  elevator
   -0.008871     0.270500   -28.870000    -9.810000    -0.000000     0.000000     0.000000     0.000000     0.000000    -0.000000     0.000000     0.000000    -0.000915     0.036350    -0.000000     0.015180
   -0.116000    -0.361800    56.320000    -0.000000     0.000000    -0.000000    -0.000000    -0.000000     0.000000    -0.000000     0.000000     0.000000     0.002567    -0.104800     0.000000    -0.040310
    0.014960    -0.033140    -0.752700     0.000000    -0.002084    -0.070460     0.031230     0.000000    -0.000000     0.000000    -0.000000     0.000000    -0.000062    -0.005908     0.000861    -0.020370
   -0.000000    -0.000000     1.000000     0.000000     0.000000    -0.000000    -0.000000     0.000000    -0.000000     0.000000    -0.000000     0.000000     0.000000     0.000000     0.000000     0.000000
   -0.000000    -0.000000     0.000000    -0.000000    -0.037660    28.770000   -57.660000     9.810000    -0.000000     0.000000    -0.000000    -0.000000     0.000000    -0.000000    -0.001380    -0.000000
    0.001582    -0.003505    -0.079610    -0.000000    -0.054640    -1.430000     1.126000    -0.000000     0.000000    -0.000000     0.000000    -0.000000    -0.000007    -0.000625     0.019960    -0.002154
    0.000422    -0.000935    -0.021240    -0.000000     0.001900    -0.394500    -0.365400    -0.000000     0.000000    -0.000000     0.000000    -0.000000    -0.000002    -0.000167     0.002086    -0.000575
   -0.000000    -0.000000     0.000000     0.000000     0.000000     1.000000     0.000000     0.000000    -0.000000     0.000000    -0.000000     0.000000     0.000000     0.000000     0.000000     0.000000
    1.000000     0.000000    -0.000000    28.000000    -0.000000     0.000000     0.000000     0.000000     0.000000    -0.000000     0.000000     0.000000    -0.000000    -0.000000    -0.000000    -0.000000
    0.000000    -0.000000     0.000000    -0.000000     1.000000    -0.000000    -0.000000   -28.000000    -0.000000     0.000000    -0.000000    62.030000     0.000000     0.000000     0.000000     0.000000
   -0.000000     1.000000    -0.000000   -62.030000     0.000000     0.000000     0.000000     0.000000     0.000000    -0.000000     0.000000     0.000000    -0.000000    -0.000000    -0.000000    -0.000000
   -0.000000    -0.000000     0.000000     0.000000     0.000000    -0.000000     1.000000     0.000000    -0.000000     0.000000    -0.000000     0.000000     0.000000     0.000000     0.000000     0.000000

   -0.001912     0.166900   -21.960000    -9.810000     0.000000    -0.000000    -0.000000     0.000000     0.000000    -0.000000     0.000000     0.000000    -0.000842     0.035550     0.000000     0.015060
   -0.082030    -0.474300    94.400000    -0.000000     0.000000     0.000000     0.000000    -0.000000     0.000000    -0.000000     0.000000     0.000000     0.005431    -0.233800    -0.000000    -0.082320
    0.009806    -0.046360    -1.082000     0.000000    -0.002116    -0.100200     0.023060     0.000000    -0.000000     0.000000    -0.000000     0.000000    -0.000192    -0.015300     0.002163    -0.048080
   -0.000000    -0.000000     1.000000     0.000000     0.000000    -0.000000    -0.000000     0.000000    -0.000000     0.000000    -0.000000     0.000000     0.000000     0.000000     0.000000     0.000000
   -0.000000    -0.000000     0.000000    -0.000000    -0.051850    21.810000   -96.400000     9.810000    -0.000000     0.000000    -0.000000    -0.000000    -0.000000     0.000000     0.000729    -0.000000
    0.001048    -0.004957    -0.115600    -0.000000    -0.051700    -1.894000     0.958900    -0.000000     0.000000    -0.000000     0.000000    -0.000000    -0.000021    -0.001636     0.044050    -0.005141
    0.000311    -0.001470    -0.034300    -0.000000     0.007251    -0.264300    -0.513600    -0.000000     0.000000    -0.000000     0.000000    -0.000000    -0.000006    -0.000485     0.002269    -0.001525
   -0.000000    -0.000000     0.000000     0.000000     0.000000     1.000000     0.000000     0.000000    -0.000000     0.000000    -0.000000     0.000000     0.000000     0.000000     0.000000     0.000000
    1.000000     0.000000    -0.000000    21.490000    -0.000000     0.000000     0.000000     0.000000     0.000000    -0.000000     0.000000     0.000000    -0.000000    -0.000000    -0.000000    -0.000000
    0.000000    -0.000000     0.000000    -0.000000     1.000000    -0.000000    -0.000000   -21.490000    -0.000000     0.000000    -0.000000   101.600000     0.000000     0.000000     0.000000     0.000000
   -0.000000     1.000000    -0.000000  -101.600000     0.000000     0.000000     0.000000     0.000000     0.000000    -0.000000     0.000000     0.000000    -0.000000    -0.000000    -0.000000    -0.000000
   -0.000000    -0.000000     0.000000     0.000000     0.000000    -0.000000     1.000000    -0.000000    -0.000000     0.000000    -0.000000     0.000000     0.000000     0.000000     0.000000     0.000000

   -0.000217     0.076950   -20.860000    -9.810000     0.000000    -0.000000     0.000000     0.000000     0.000000    -0.000000     0.000000     0.000000    -0.000660     0.029950    -0.000000     0.014030
   -0.046720    -0.462100   200.000000    -0.000000    -0.000000     0.000000     0.000000    -0.000000     0.000000    -0.000000     0.000000     0.000000     0.010560    -0.479700    -0.000000    -0.156700
    0.006120    -0.061120    -1.424000     0.000000    -0.002077    -0.134100     0.010290     0.000000    -0.000000     0.000000    -0.000000     0.000000    -0.000672    -0.045440     0.006125    -0.130300
   -0.000000    -0.000000     1.000000     0.000000     0.000000    -0.000000    -0.000000     0.000000    -0.000000     0.000000    -0.000000     0.000000     0.000000     0.000000     0.000000     0.000000
   -0.000000    -0.000000    -0.000000    -0.000000    -0.048380    20.700000  -202.100000     9.810000    -0.000000     0.000000    -0.000000    -0.000000    -0.000000    -0.000000     0.004861    -0.000000
    0.000666    -0.006651    -0.155000    -0.000000    -0.040160    -1.833000     0.676800    -0.000000     0.000000    -0.000000     0.000000    -0.000000    -0.000073    -0.004945     0.087620    -0.014180
    0.000244    -0.002438    -0.056810    -0.000000     0.010730    -0.143200    -0.578300    -0.000000     0.000000    -0.000000     0.000000    -0.000000    -0.000027    -0.001812     0.002238    -0.005198
   -0.000000    -0.000000     0.000000    -0.000000     0.000000     1.000000     0.000000     0.000000    -0.000000     0.000000    -0.000000     0.000000     0.000000     0.000000     0.000000     0.000000
    1.000000     0.000000    -0.000000    20.680000    -0.000000     0.000000     0.000000     0.000000     0.000000    -0.000000     0.000000     0.000000    -0.000000    -0.000000    -0.000000    -0.000000
    0.000000    -0.000000     0.000000    -0.000000     1.000000    -0.000000    -0.000000   -20.680000    -0.000000     0.000000    -0.000000   206.600000     0.000000     0.000000     0.000000     0.000000
   -0.000000     1.000000    -0.000000  -206.600000     0.000000     0.000000     0.000000     0.000000     0.000000    -0.000000     0.000000     0.000000    -0.000000    -0.000000    -0.000000    -0.000000
   -0.000000    -0.000000     0.000000     0.000000     0.000000    -0.000000     1.000000    -0.000000    -0.000000     0.000000    -0.000000     0.000000     0.000000     0.000000     0.000000     0.000000

   -0.000049     0.073900   -14.610000    -9.810000     0.000000     0.000000     0.000000     0.000000     0.000000    -0.000000     0.000000     0.000000    -0.000585     0.026740    -0.000000     0.013290
   -0.049530    -0.614000   198.400000    -0.000000    -0.000000    -0.000000    -0.000000    -0.000000     0.000000    -0.000000     0.000000     0.000000     0.014050    -0.640900    -0.000000    -0.207600
    0.004208    -0.060360    -1.416000     0.000000    -0.001855    -0.131500     0.005581     0.000000    -0.000000     0.000000    -0.000000     0.000000    -0.000676    -0.045580     0.006127    -0.129600
   -0.000000    -0.000000     1.000000    -0.000000     0.000000    -0.000000    -0.000000    -0.000000    -0.000000     0.000000    -0.000000    -0.000000     0.000000     0.000000     0.000000     0.000000
    0.000000    -0.000000    -0.000000    -0.000000    -0.065170    14.350000  -201.200000     9.810000    -0.000000     0.000000    -0.000000    -0.000000     0.000000    -0.000000     0.007560    -0.000000
    0.000458    -0.006568    -0.154000    -0.000000    -0.037590    -1.839000     0.608700    -0.000000     0.000000    -0.000000     0.000000    -0.000000    -0.000074    -0.004959     0.088310    -0.014110
    0.000168    -0.002407    -0.056460    -0.000000     0.011480    -0.094580    -0.579200    -0.000000     0.000000    -0.000000     0.000000    -0.000000    -0.000027    -0.001818     0.001510    -0.005170
   -0.000000    -0.000000     0.000000     0.000000     0.000000     1.000000     0.000000    -0.000000    -0.000000     0.000000    -0.000000    -0.000000     0.000000     0.000000     0.000000     0.000000
    1.000000     0.000000    -0.000000    14.440000    -0.000000     0.000000     0.000000     0.000000     0.000000    -0.000000     0.000000     0.000000    -0.000000    -0.000000    -0.000000    -0.000000
    0.000000    -0.000000     0.000000    -0.000000     1.000000    -0.000000    -0.000000   -14.440000    -0.000000     0.000000    -0.000000   207.100000     0.000000     0.000000     0.000000     0.000000
   -0.000000     1.000000    -0.000000  -207.100000     0.000000     0.000000     0.000000     0.000000     0.000000    -0.000000     0.000000     0.000000    -0.000000    -0.000000    -0.000000    -0.000000
   -0.000000    -0.000000     0.000000     0.000000     0.000000    -0.000000     1.000000    -0.000000    -0.000000     0.000000    -0.000000    -0.000000     0.000000     0.000000     0.000000     0.000000

   -0.001027     0.163200   -15.970000    -9.810000    -0.000000    -0.000000     0.000000     0.000000     0.000000    -0.000000     0.000000     0.000000    -0.000804     0.034230    -0.000000     0.014700
   -0.084160    -0.629300    93.090000    -0.000000     0.000000     0.000000    -0.000000    -0.000000     0.000000    -0.000000     0.000000     0.000000     0.007267    -0.315400    -0.000000    -0.109300
    0.006876    -0.045520    -1.075000     0.000000    -0.001838    -0.097930     0.016840     0.000000    -0.000000     0.000000    -0.000000     0.000000    -0.000197    -0.015560     0.002194    -0.048160
   -0.000000    -0.000000     1.000000     0.000000     0.000000    -0.000000    -0.000000     0.000000    -0.000000     0.000000    -0.000000     0.000000     0.000000     0.000000     0.000000     0.000000
    0.000000    -0.000000    -0.000000    -0.000000    -0.070780    15.710000   -95.840000     9.810000    -0.000000     0.000000    -0.000000    -0.000000    -0.000000    -0.000000     0.002157    -0.000000
    0.000735    -0.004867    -0.115000    -0.000000    -0.046970    -1.918000     0.831200    -0.000000     0.000000    -0.000000     0.000000    -0.000000    -0.000021    -0.001664     0.045240    -0.005149
    0.000218    -0.001444    -0.034090    -0.000000     0.008555    -0.186000    -0.519000    -0.000000     0.000000    -0.000000     0.000000    -0.000000    -0.000006    -0.000493     0.001666    -0.001527
   -0.000000    -0.000000     0.000000    -0.000000     0.000000     1.000000     0.000000     0.000000    -0.000000     0.000000    -0.000000     0.000000     0.000000     0.000000     0.000000     0.000000
    1.000000     0.000000    -0.000000    15.510000    -0.000000     0.000000     0.000000     0.000000     0.000000    -0.000000     0.000000     0.000000    -0.000000    -0.000000    -0.000000    -0.000000
    0.000000    -0.000000     0.000000    -0.000000     1.000000    -0.000000    -0.000000   -15.510000    -0.000000     0.000000    -0.000000   102.700000     0.000000     0.000000     0.000000     0.000000
   -0.000000     1.000000    -0.000000  -102.700000     0.000000     0.000000     0.000000     0.000000     0.000000    -0.000000     0.000000     0.000000    -0.000000    -0.000000    -0.000000    -0.000000
   -0.000000    -0.000000     0.000000     0.000000     0.000000    -0.000000     1.000000    -0.000000    -0.000000     0.000000    -0.000000     0.000000     0.000000     0.000000     0.000000     0.000000

   -0.005294     0.264300   -21.180000    -9.810000    -0.000000    -0.000000     0.000000     0.000000     0.000000    -0.000000     0.000000     0.000000    -0.000913     0.036990    -0.000000     0.015340
   -0.116600    -0.493200    57.110000    -0.000000     0.000000    -0.000000    -0.000000    -0.000000     0.000000    -0.000000     0.000000     0.000000     0.003646    -0.151600     0.000000    -0.056340
    0.010230    -0.032680    -0.759800     0.000000    -0.001750    -0.069380     0.023300     0.000000    -0.000000     0.000000    -0.000000     0.000000    -0.000070    -0.006412     0.000931    -0.021430
   -0.000000    -0.000000     1.000000     0.000000     0.000000    -0.000000    -0.000000     0.000000    -0.000000     0.000000    -0.000000     0.000000     0.000000     0.000000     0.000000     0.000000
   -0.000000    -0.000000     0.000000    -0.000000    -0.054910    20.970000   -59.080000     9.810000    -0.000000     0.000000    -0.000000    -0.000000     0.000000    -0.000000    -0.000628    -0.000000
    0.001082    -0.003457    -0.080370    -0.000000    -0.048030    -1.505000     0.938900    -0.000000     0.000000    -0.000000     0.000000    -0.000000    -0.000007    -0.000678     0.022170    -0.002266
    0.000289    -0.000922    -0.021450    -0.000000     0.003936    -0.282500    -0.381500    -0.000000     0.000000    -0.000000     0.000000    -0.000000    -0.000002    -0.000181     0.001611    -0.000605
   -0.000000    -0.000000     0.000000     0.000000     0.000000     1.000000     0.000000     0.000000    -0.000000     0.000000    -0.000000     0.000000     0.000000     0.000000     0.000000     0.000000
    1.000000     0.000000    -0.000000    20.320000    -0.000000     0.000000     0.000000     0.000000     0.000000    -0.000000     0.000000     0.000000    -0.000000    -0.000000    -0.000000    -0.000000
    0.000000    -0.000000     0.000000    -0.000000     1.000000    -0.000000    -0.000000   -20.320000    -0.000000     0.000000    -0.000000    64.950000     0.000000     0.000000     0.000000     0.000000
   -0.000000     1.000000    -0.000000   -64.950000     0.000000     0.000000     0.000000     0.000000     0.000000    -0.000000     0.000000     0.000000    -0.000000    -0.000000    -0.000000    -0.000000
   -0.000000    -0.000000     0.000000     0.000000     0.000000    -0.000000     1.000000    -0.000000    -0.000000     0.000000    -0.000000     0.000000     0.000000     0.000000     0.000000     0.000000
