u  w  q  the  v  p  r  phi  x  y  z  psi  |  slat  flap  aileron  elevator
   -0.010590     0.274200   -29.290000    -9.810000    -0.000000    -0.000000     0.000000     0.000000     0.000000    -0.000000     0.000000     0.000000    -0.000928     0.036850    -0.000000     0.016090
   -0.113700    -0.360400    56.030000    -0.000000     0.000000    -0.000000    -0.000000    -0.000000     0.000000    -0.000000     0.000000     0.000000     0.002550    -0.104000     0.000000    -0.040140
    0.018020    -0.039140    -0.856800     0.000000    -0.000939    -0.022590     0.021000     0.000000    -0.000000     0.000000    -0.000000     0.000000    -0.000047    -0.007308     0.000329    -0.022660
   -0.000000    -0.000000     1.000000     0.000000     0.000000    -0.000000    -0.000000     0.000000    -0.000000     0.000000    -0.000000     0.000000     0.000000     0.000000     0.000000     0.000000
   -0.000000    -0.000000     0.000000    -0.000000    -0.037270    29.250000   -57.450000     9.810000    -0.000000     0.000000    -0.000000    -0.000000     0.000000    -0.000000    -0.001424    -0.000000
    0.000743    -0.001614    -0.035340    -0.000000    -0.923000   -24.150000    19.210000    -0.000000     0.000000    -0.000000     0.000000    -0.000000    -0.000002    -0.000302     0.335100    -0.000935
   -0.000045     0.000098     0.002152    -0.000000    -0.007566    -0.889300    -0.344300    -0.000000     0.000000    -0.000000     0.000000    -0.000000     0.000000     0.000018     0.007044     0.000057
   -0.000000    -0.000000     0.000000     0.000000     0.000000     1.000000     0.000000     0.000000    -0.000000     0.000000    -0.000000     0.000000     0.000000     0.000000     0.000000     0.000000
    1.000000     0.000000    -0.000000    28.460000    -0.000000     0.000000     0.000000     0.000000     0.000000    -0.000000     0.000000     0.000000    -0.000000    -0.000000    -0.000000    -0.000000
    0.000000    -0.000000     0.000000    -0.000000     1.000000    -0.000000    -0.000000   -28.460000    -0.000000     0.000000    -0.000000    61.820000     0.000000     0.000000     0.000000     0.000000
   -0.000000     1.000000    -0.000000   -61.820000     0.000000     0.000000     0.000000     0.000000     0.000000    -0.000000     0.000000     0.000000    -0.000000    -0.000000    -0.000000    -0.000000
   -0.000000    -0.000000     0.000000     0.000000     0.000000    -0.000000     1.000000    -0.000000    -0.000000     0.000000    -0.000000     0.000000     0.000000     0.000000     0.000000     0.000000

   -0.002445     0.169300   -22.300000    -9.810000    -0.000000    -0.000000     0.000000     0.000000     0.000000    -0.000000     0.000000     0.000000    -0.000858     0.036170     0.000000     0.016150
   -0.080420    -0.473800    94.200000    -0.000000     0.000000     0.000000     0.000000    -0.000000     0.000000    -0.000000     0.000000     0.000000     0.005423    -0.233400    -0.000000    -0.082310
    0.012140    -0.056400    -1.256000     0.000000    -0.001347    -0.046340     0.027420     0.000000    -0.000000     0.000000    -0.000000     0.000000    -0.000161    -0.019410     0.001098    -0.054680
   -0.000000    -0.000000     1.000000     0.000000     0.000000    -0.000000    -0.000000     0.000000    -0.000000     0.000000    -0.000000     0.000000     0.000000     0.000000     0.000000     0.000000
   -0.000000    -0.000000    -0.000000    -0.000000    -0.051620    22.180000   -96.320000     9.810000    -0.000000     0.000000    -0.000000    -0.000000     0.000000    -0.000000     0.000683    -0.000000
    0.000618    -0.002873    -0.063990    -0.000000    -1.065000   -39.070000    19.960000    -0.000000     0.000000    -0.000000     0.000000    -0.000000    -0.000008    -0.000989     0.906900    -0.002785
   -0.000037     0.000171     0.003802    -0.000000    -0.000177    -0.890400    -0.619400    -0.000000     0.000000    -0.000000     0.000000    -0.000000     0.000000     0.000059     0.014210     0.000166
   -0.000000    -0.000000     0.000000     0.000000     0.000000     1.000000     0.000000     0.000000    -0.000000     0.000000    -0.000000     0.000000     0.000000     0.000000     0.000000     0.000000
    1.000000     0.000000    -0.000000    21.850000    -0.000000     0.000000     0.000000     0.000000     0.000000    -0.000000     0.000000     0.000000    -0.000000    -0.000000    -0.000000    -0.000000
    0.000000    -0.000000     0.000000    -0.000000     1.000000    -0.000000    -0.000000   -21.850000    -0.000000     0.000000    -0.000000   101.500000     0.000000     0.000000     0.000000     0.000000
   -0.000000     1.000000    -0.000000  -101.500000     0.000000     0.000000     0.000000     0.000000     0.000000    -0.000000     0.000000     0.000000    -0.000000    -0.000000    -0.000000    -0.000000
   -0.000000    -0.000000     0.000000     0.000000     0.000000    -0.000000     1.000000    -0.000000    -0.000000     0.000000    -0.000000     0.000000     0.000000     0.000000     0.000000     0.000000

   -0.000349     0.078100   -21.230000    -9.810000     0.000000     0.000000     0.000000     0.000000     0.000000    -0.000000     0.000000     0.000000    -0.000675     0.030590    -0.000000     0.015250
   -0.045890    -0.462000   199.900000    -0.000000    -0.000000    -0.000000     0.000000    -0.000000     0.000000    -0.000000     0.000000     0.000000     0.010550    -0.479400    -0.000000    -0.156800
    0.008062    -0.079060    -1.750000     0.000000    -0.002603    -0.112300     0.048590     0.000000    -0.000000     0.000000    -0.000000     0.000000    -0.000639    -0.060870     0.005412    -0.156700
   -0.000000    -0.000000     1.000000     0.000000     0.000000    -0.000000    -0.000000     0.000000    -0.000000     0.000000    -0.000000     0.000000     0.000000     0.000000     0.000000     0.000000
   -0.000000    -0.000000    -0.000000    -0.000000    -0.048260    21.080000  -202.000000     9.810000    -0.000000     0.000000    -0.000000    -0.000000     0.000000    -0.000000     0.004820    -0.000000
    0.000667    -0.006545    -0.144900    -0.000000    -1.315000   -60.150000    22.400000    -0.000000     0.000000    -0.000000     0.000000    -0.000000    -0.000053    -0.005039     2.873000    -0.012970
   -0.000037     0.000360     0.007967    -0.000000     0.006108    -0.989100    -0.887200    -0.000000     0.000000    -0.000000     0.000000    -0.000000     0.000003     0.000277     0.038030     0.000713
   -0.000000    -0.000000     0.000000     0.000000     0.000000     1.000000     0.000000     0.000000    -0.000000     0.000000    -0.000000     0.000000     0.000000     0.000000     0.000000     0.000000
    1.000000     0.000000    -0.000000    21.060000    -0.000000     0.000000     0.000000     0.000000     0.000000    -0.000000     0.000000     0.000000    -0.000000    -0.000000    -0.000000    -0.000000
    0.000000    -0.000000     0.000000    -0.000000     1.000000    -0.000000    -0.000000   -21.060000    -0.000000     0.000000    -0.000000   206.500000     0.000000     0.000000     0.000000     0.000000
   -0.000000     1.000000    -0.000000  -206.500000     0.000000     0.000000     0.000000     0.000000     0.000000    -0.000000     0.000000     0.000000    -0.000000    -0.000000    -0.000000    -0.000000
   -0.000000    -0.000000     0.000000     0.000000     0.000000    -0.000000     1.000000     0.000000    -0.000000     0.000000    -0.000000     0.000000     0.000000     0.000000     0.000000     0.000000

   -0.000140     0.075050   -14.880000    -9.810000     0.000000     0.000000     0.000000     0.000000     0.000000    -0.000000     0.000000     0.000000    -0.000600     0.027380    -0.000000     0.014520
   -0.048710    -0.613800   198.200000    -0.000000    -0.000000    -0.000000     0.000000    -0.000000     0.000000    -0.000000     0.000000     0.000000     0.014040    -0.640800    -0.000000    -0.207700
    0.005559    -0.078190    -1.739000     0.000000    -0.002452    -0.113200     0.044320     0.000000    -0.000000     0.000000    -0.000000     0.000000    -0.000643    -0.061090     0.005464    -0.155800
   -0.000000    -0.000000     1.000000     0.000000     0.000000    -0.000000    -0.000000     0.000000    -0.000000     0.000000    -0.000000     0.000000     0.000000     0.000000     0.000000     0.000000
    0.000000    -0.000000    -0.000000    -0.000000    -0.065060    14.640000  -201.100000     9.810000    -0.000000     0.000000    -0.000000    -0.000000     0.000000    -0.000000     0.007520    -0.000000
    0.000460    -0.006473    -0.144000    -0.000000    -1.230000   -60.340000    20.140000    -0.000000     0.000000    -0.000000     0.000000    -0.000000    -0.000053    -0.005057     2.896000    -0.012900
   -0.000025     0.000356     0.007916    -0.000000     0.008606    -0.894200    -0.915800    -0.000000     0.000000    -0.000000     0.000000    -0.000000     0.000003     0.000278     0.036850     0.000709
   -0.000000    -0.000000     0.000000     0.000000     0.000000     1.000000     0.000000     0.000000    -0.000000     0.000000    -0.000000     0.000000     0.000000     0.000000     0.000000     0.000000
    1.000000     0.000000    -0.000000    14.720000    -0.000000     0.000000     0.000000     0.000000     0.000000    -0.000000     0.000000     0.000000    -0.000000    -0.000000    -0.000000    -0.000000
    0.000000    -0.000000     0.000000    -0.000000     1.000000    -0.000000    -0.000000   -14.720000    -0.000000     0.000000    -0.000000   207.100000     0.000000     0.000000     0.000000     0.000000
   -0.000000     1.000000    -0.000000  -207.100000     0.000000     0.000000     0.000000     0.000000     0.000000    -0.000000     0.000000     0.000000    -0.000000    -0.000000    -0.000000    -0.000000
   -0.000000    -0.000000     0.000000     0.000000     0.000000    -0.000000     1.000000     0.000000    -0.000000     0.000000    -0.000000     0.000000     0.000000     0.000000     0.000000     0.000000

   -0.001406     0.165500   -16.210000    -9.810000     0.000000    -0.000000    -0.000000     0.000000     0.000000    -0.000000     0.000000     0.000000    -0.000820     0.034880     0.000000     0.015820
   -0.082560    -0.628800    92.890000    -0.000000     0.000000     0.000000     0.000000    -0.000000     0.000000    -0.000000     0.000000     0.000000     0.007261    -0.315100    -0.000000    -0.109300
    0.008539    -0.055540    -1.249000     0.000000    -0.001234    -0.047390     0.024180     0.000000    -0.000000     0.000000    -0.000000     0.000000    -0.000167    -0.019760     0.001132    -0.054770
   -0.000000    -0.000000     1.000000     0.000000     0.000000    -0.000000    -0.000000     0.000000    -0.000000     0.000000    -0.000000     0.000000     0.000000     0.000000     0.000000     0.000000
   -0.000000    -0.000000    -0.000000    -0.000000    -0.070560    15.990000   -95.780000     9.810000    -0.000000     0.000000    -0.000000    -0.000000    -0.000000    -0.000000     0.002111    -0.000000
    0.000435    -0.002829    -0.063610    -0.000000    -0.966600   -39.560000    17.290000    -0.000000     0.000000    -0.000000     0.000000    -0.000000    -0.000008    -0.001007     0.932100    -0.002790
   -0.000026     0.000168     0.003779    -0.000000     0.003136    -0.765500    -0.659400    -0.000000     0.000000    -0.000000     0.000000    -0.000000     0.000001     0.000060     0.013500     0.000166
   -0.000000    -0.000000     0.000000     0.000000     0.000000     1.000000     0.000000     0.000000    -0.000000     0.000000    -0.000000     0.000000     0.000000     0.000000     0.000000     0.000000
    1.000000     0.000000    -0.000000    15.780000    -0.000000     0.000000     0.000000     0.000000     0.000000    -0.000000     0.000000     0.000000    -0.000000    -0.000000    -0.000000    -0.000000
    0.000000    -0.000000     0.000000    -0.000000     1.000000    -0.000000    -0.000000   -15.780000    -0.000000     0.000000    -0.000000   102.600000     0.000000     0.000000     0.000000     0.000000
   -0.000000     1.000000    -0.000000  -102.600000     0.000000     0.000000     0.000000     0.000000     0.000000    -0.000000     0.000000     0.000000    -0.000000    -0.000000    -0.000000    -0.000000
   -0.000000    -0.000000     0.000000     0.000000     0.000000    -0.000000     1.000000    -0.000000    -0.000000     0.000000    -0.000000     0.000000     0.000000     0.000000     0.000000     0.000000

   -0.006475     0.267900   -21.470000    -9.810000    -0.000000     0.000000     0.000000     0.000000     0.000000    -0.000000     0.000000     0.000000    -0.000928     0.037570    -0.000000     0.016330
   -0.114200    -0.492200    56.880000    -0.000000     0.000000    -0.000000    -0.000000    -0.000000     0.000000    -0.000000     0.000000     0.000000     0.003635    -0.151100     0.000000    -0.056260
    0.012370    -0.038830    -0.865500     0.000000    -0.000835    -0.024380     0.017850     0.000000    -0.000000     0.000000    -0.000000     0.000000    -0.000054    -0.007973     0.000370    -0.023890
   -0.000000    -0.000000     1.000000     0.000000     0.000000    -0.000000    -0.000000     0.000000    -0.000000     0.000000    -0.000000     0.000000     0.000000     0.000000     0.000000     0.000000
   -0.000000     0.000000     0.000000    -0.000000    -0.054560    21.320000   -58.960000     9.810000    -0.000000     0.000000    -0.000000    -0.000000    -0.000000    -0.000000    -0.000675    -0.000000
    0.000510    -0.001602    -0.035700    -0.000000    -0.811000   -25.430000    16.020000    -0.000000     0.000000    -0.000000     0.000000    -0.000000    -0.000002    -0.000329     0.373500    -0.000985
   -0.000031     0.000098     0.002174    -0.000000    -0.003120    -0.729500    -0.405800    -0.000000     0.000000    -0.000000     0.000000    -0.000000     0.000000     0.000020     0.006753     0.000060
   -0.000000    -0.000000     0.000000     0.000000     0.000000     1.000000     0.000000     0.000000    -0.000000     0.000000    -0.000000     0.000000     0.000000     0.000000     0.000000     0.000000
    1.000000     0.000000    -0.000000    20.660000    -0.000000     0.000000     0.000000     0.000000     0.000000    -0.000000     0.000000     0.000000    -0.000000    -0.000000    -0.000000    -0.000000
    0.000000    -0.000000     0.000000    -0.000000     1.000000    -0.000000    -0.000000   -20.660000    -0.000000     0.000000    -0.000000    64.850000     0.000000     0.000000     0.000000     0.000000
   -0.000000     1.000000    -0.000000   -64.850000     0.000000     0.000000     0.000000     0.000000     0.000000    -0.000000     0.000000     0.000000    -0.000000    -0.000000    -0.000000    -0.000000
   -0.000000    -0.000000     0.000000     0.000000     0.000000    -0.000000     1.000000     0.000000    -0.000000     0.000000    -0.000000     0.000000     0.000000     0.000000     0.000000     0.000000
