u  w  q  the  v  p  r  phi  x  y  z  psi  |  slat  flap  aileron  elevator
   -0.010670     0.274400   -29.310000    -9.810000     0.000000    -0.000000     0.000000     0.000000     0.000000    -0.000000     0.000000     0.000000    -0.000929     0.036870    -0.000000     0.016120
   -0.113600    -0.360400    56.020000    -0.000000     0.000000    -0.000000    -0.000000    -0.000000     0.000000    -0.000000     0.000000     0.000000     0.002550    -0.104000     0.000000    -0.040130
    0.017650    -0.038310    -0.837500     0.000000    -0.002092    -0.061710     0.038500     0.000000    -0.000000     0.000000    -0.000000     0.000000    -0.000045    -0.007165     0.000803    -0.022120
   -0.000000    -0.000000     1.000000     0.000000     0.000000    -0.000000    -0.000000     0.000000    -0.000000     0.000000    -0.000000     0.000000     0.000000     0.000000     0.000000     0.000000
   -0.000000    -0.000000     0.000000    -0.000000    -0.037250    29.270000   -57.440000     9.810000    -0.000000     0.000000    -0.000000    -0.000000     0.000000    -0.000000    -0.001426    -0.000000
    0.001711    -0.003713    -0.081190    -0.000000    -0.132800    -3.469000     2.772000    -0.000000     0.000000    -0.000000     0.000000    -0.000000    -0.000004    -0.000695     0.048180    -0.002145
    0.000213    -0.000462    -0.010100    -0.000000     0.001783    -0.539600    -0.462500    -0.000000     0.000000    -0.000000     0.000000    -0.000000    -0.000001    -0.000086     0.002996    -0.000267
   -0.000000    -0.000000     0.000000     0.000000     0.000000     1.000000     0.000000     0.000000    -0.000000     0.000000    -0.000000     0.000000     0.000000     0.000000     0.000000     0.000000
    1.000000     0.000000    -0.000000    28.480000    -0.000000     0.000000     0.000000     0.000000     0.000000    -0.000000     0.000000     0.000000    -0.000000    -0.000000    -0.000000    -0.000000
    0.000000    -0.000000     0.000000    -0.000000     1.000000    -0.000000    -0.000000   -28.480000    -0.000000     0.000000    -0.000000    61.810000     0.000000     0.000000     0.000000     0.000000
   -0.000000     1.000000    -0.000000   -61.810000     0.000000     0.000000     0.000000     0.000000     0.000000    -0.000000     0.000000     0.000000    -0.000000    -0.000000    -0.000000    -0.000000
   -0.000000    -0.000000     0.000000     0.000000     0.000000    -0.000000     1.000000     0.000000    -0.000000     0.000000    -0.000000     0.000000     0.000000     0.000000     0.000000     0.000000

   -0.002468     0.169400   -22.310000    -9.810000    -0.000000    -0.000000    -0.000000     0.000000     0.000000    -0.000000     0.000000     0.000000    -0.000858     0.036200     0.000000     0.016190
   -0.080360    -0.473700    94.190000    -0.000000     0.000000     0.000000     0.000000    -0.000000     0.000000    -0.000000     0.000000     0.000000     0.005423    -0.233400    -0.000000    -0.082310
    0.011840    -0.054940    -1.222000     0.000000    -0.002320    -0.095610     0.036150     0.000000    -0.000000     0.000000    -0.000000     0.000000    -0.000155    -0.018930     0.002143    -0.053130
   -0.000000    -0.000000     1.000000     0.000000     0.000000    -0.000000    -0.000000    -0.000000    -0.000000     0.000000    -0.000000     0.000000     0.000000     0.000000     0.000000     0.000000
   -0.000000    -0.000000    -0.000000    -0.000000    -0.051610    22.200000   -96.310000     9.810000    -0.000000     0.000000    -0.000000    -0.000000     0.000000    -0.000000     0.000681    -0.000000
    0.001179    -0.005475    -0.121700    -0.000000    -0.127700    -4.678000     2.401000    -0.000000     0.000000    -0.000000     0.000000    -0.000000    -0.000015    -0.001887     0.108600    -0.005294
    0.000165    -0.000767    -0.017050    -0.000000     0.009267    -0.386200    -0.685200    -0.000000     0.000000    -0.000000     0.000000    -0.000000    -0.000002    -0.000264     0.003658    -0.000742
   -0.000000    -0.000000     0.000000     0.000000     0.000000     1.000000     0.000000     0.000000    -0.000000     0.000000    -0.000000     0.000000     0.000000     0.000000     0.000000     0.000000
    1.000000     0.000000    -0.000000    21.870000    -0.000000     0.000000     0.000000     0.000000     0.000000    -0.000000     0.000000     0.000000    -0.000000    -0.000000    -0.000000    -0.000000
    0.000000    -0.000000     0.000000    -0.000000     1.000000    -0.000000    -0.000000   -21.870000    -0.000000     0.000000    -0.000000   101.500000     0.000000     0.000000     0.000000     0.000000
   -0.000000     1.000000    -0.000000  -101.500000     0.000000     0.000000     0.000000     0.000000     0.000000    -0.000000     0.000000     0.000000    -0.000000    -0.000000    -0.000000    -0.000000
   -0.000000    -0.000000     0.000000     0.000000     0.000000    -0.000000     1.000000     0.000000    -0.000000     0.000000    -0.000000     0.000000     0.000000     0.000000     0.000000     0.000000

   -0.000354     0.078150   -21.240000    -9.810000     0.000000     0.000000    -0.000000     0.000000     0.000000    -0.000000     0.000000     0.000000    -0.000675     0.030620    -0.000000     0.015300
   -0.045860    -0.462000   199.900000    -0.000000    -0.000000    -0.000000    -0.000000    -0.000000     0.000000    -0.000000     0.000000     0.000000     0.010550    -0.479400    -0.000000    -0.156800
    0.007741    -0.075860    -1.676000     0.000000    -0.002629    -0.141100     0.031950     0.000000    -0.000000     0.000000    -0.000000     0.000000    -0.000605    -0.058480     0.006589    -0.149900
   -0.000000    -0.000000     1.000000     0.000000     0.000000    -0.000000    -0.000000     0.000000    -0.000000     0.000000    -0.000000     0.000000     0.000000     0.000000     0.000000     0.000000
    0.000000    -0.000000    -0.000000    -0.000000    -0.048260    21.100000  -202.000000     9.810000    -0.000000     0.000000    -0.000000    -0.000000     0.000000    -0.000000     0.004818    -0.000000
    0.000808    -0.007918    -0.174900    -0.000000    -0.101900    -4.652000     1.744000    -0.000000     0.000000    -0.000000     0.000000    -0.000000    -0.000063    -0.006104     0.222300    -0.015650
    0.000147    -0.001443    -0.031870    -0.000000     0.015700    -0.234700    -0.855700    -0.000000     0.000000    -0.000000     0.000000    -0.000000    -0.000012    -0.001112     0.004290    -0.002851
   -0.000000    -0.000000     0.000000     0.000000     0.000000     1.000000     0.000000     0.000000    -0.000000     0.000000    -0.000000     0.000000     0.000000     0.000000     0.000000     0.000000
    1.000000     0.000000    -0.000000    21.080000    -0.000000     0.000000     0.000000     0.000000     0.000000    -0.000000     0.000000     0.000000    -0.000000    -0.000000    -0.000000    -0.000000
    0.000000    -0.000000     0.000000    -0.000000     1.000000    -0.000000    -0.000000   -21.080000    -0.000000     0.000000    -0.000000   206.500000     0.000000     0.000000     0.000000     0.000000
   -0.000000     1.000000    -0.000000  -206.500000     0.000000     0.000000     0.000000     0.000000     0.000000    -0.000000     0.000000     0.000000    -0.000000    -0.000000    -0.000000    -0.000000
   -0.000000    -0.000000     0.000000     0.000000     0.000000    -0.000000     1.000000     0.000000    -0.000000     0.000000    -0.000000     0.000000     0.000000     0.000000     0.000000     0.000000

   -0.000144     0.075100   -14.890000    -9.810000     0.000000     0.000000    -0.000000     0.000000     0.000000    -0.000000     0.000000     0.000000    -0.000600     0.027410     0.000000     0.014580
   -0.048670    -0.613800   198.200000    -0.000000    -0.000000     0.000000     0.000000    -0.000000     0.000000    -0.000000     0.000000     0.000000     0.014040    -0.640800    -0.000000    -0.207700
    0.005338    -0.075020    -1.665000     0.000000    -0.002412    -0.140000     0.026790     0.000000    -0.000000     0.000000    -0.000000     0.000000    -0.000608    -0.058690     0.006618    -0.149100
   -0.000000    -0.000000     1.000000     0.000000     0.000000    -0.000000    -0.000000     0.000000    -0.000000     0.000000    -0.000000     0.000000     0.000000     0.000000     0.000000     0.000000
    0.000000    -0.000000    -0.000000    -0.000000    -0.065050    14.650000  -201.100000     9.810000    -0.000000     0.000000    -0.000000    -0.000000     0.000000    -0.000000     0.007518    -0.000000
    0.000557    -0.007831    -0.173800    -0.000000    -0.095390    -4.668000     1.569000    -0.000000     0.000000    -0.000000     0.000000    -0.000000    -0.000064    -0.006126     0.224100    -0.015560
    0.000102    -0.001427    -0.031670    -0.000000     0.016860    -0.161800    -0.858000    -0.000000     0.000000    -0.000000     0.000000    -0.000000    -0.000012    -0.001116     0.003207    -0.002835
   -0.000000    -0.000000     0.000000     0.000000     0.000000     1.000000     0.000000     0.000000    -0.000000     0.000000    -0.000000     0.000000     0.000000     0.000000     0.000000     0.000000
    1.000000     0.000000    -0.000000    14.730000    -0.000000     0.000000     0.000000     0.000000     0.000000    -0.000000     0.000000     0.000000    -0.000000    -0.000000    -0.000000    -0.000000
    0.000000    -0.000000     0.000000    -0.000000     1.000000    -0.000000    -0.000000   -14.730000    -0.000000     0.000000    -0.000000   207.100000     0.000000     0.000000     0.000000     0.000000
   -0.000000     1.000000    -0.000000  -207.100000     0.000000     0.000000     0.000000     0.000000     0.000000    -0.000000     0.000000     0.000000    -0.000000    -0.000000    -0.000000    -0.000000
   -0.000000    -0.000000     0.000000     0.000000     0.000000    -0.000000     1.000000    -0.000000    -0.000000     0.000000    -0.000000     0.000000     0.000000     0.000000     0.000000     0.000000

   -0.001423     0.165600   -16.220000    -9.810000    -0.000000    -0.000000    -0.000000     0.000000     0.000000    -0.000000     0.000000     0.000000    -0.000820     0.034900     0.000000     0.015860
   -0.082500    -0.628800    92.880000    -0.000000     0.000000     0.000000     0.000000    -0.000000     0.000000    -0.000000     0.000000     0.000000     0.007261    -0.315100    -0.000000    -0.109300
    0.008325    -0.054110    -1.214000     0.000000    -0.002068    -0.095190     0.029870     0.000000    -0.000000     0.000000    -0.000000     0.000000    -0.000160    -0.019280     0.002189    -0.053220
   -0.000000    -0.000000     1.000000     0.000000     0.000000    -0.000000    -0.000000     0.000000    -0.000000     0.000000    -0.000000     0.000000     0.000000     0.000000     0.000000     0.000000
   -0.000000    -0.000000    -0.000000    -0.000000    -0.070550    16.000000   -95.780000     9.810000    -0.000000     0.000000    -0.000000    -0.000000     0.000000    -0.000000     0.002109    -0.000000
    0.000830    -0.005392    -0.121000    -0.000000    -0.116000    -4.738000     2.081000    -0.000000     0.000000    -0.000000     0.000000    -0.000000    -0.000016    -0.001922     0.111700    -0.005303
    0.000116    -0.000755    -0.016950    -0.000000     0.011120    -0.279200    -0.694500    -0.000000     0.000000    -0.000000     0.000000    -0.000000    -0.000002    -0.000269     0.002852    -0.000743
   -0.000000    -0.000000     0.000000     0.000000     0.000000     1.000000     0.000000     0.000000    -0.000000     0.000000    -0.000000     0.000000     0.000000     0.000000     0.000000     0.000000
    1.000000     0.000000    -0.000000    15.790000    -0.000000     0.000000     0.000000     0.000000     0.000000    -0.000000     0.000000     0.000000    -0.000000    -0.000000    -0.000000    -0.000000
    0.000000    -0.000000     0.000000    -0.000000     1.000000    -0.000000    -0.000000   -15.790000    -0.000000     0.000000    -0.000000   102.600000     0.000000     0.000000     0.000000     0.000000
   -0.000000     1.000000    -0.000000  -102.600000     0.000000     0.000000     0.000000     0.000000     0.000000    -0.000000     0.000000     0.000000    -0.000000    -0.000000    -0.000000    -0.000000
   -0.000000    -0.000000     0.000000     0.000000     0.000000    -0.000000     1.000000    -0.000000    -0.000000     0.000000    -0.000000     0.000000     0.000000     0.000000     0.000000     0.000000

   -0.006525     0.268000   -21.480000    -9.810000    -0.000000     0.000000     0.000000     0.000000     0.000000    -0.000000     0.000000     0.000000    -0.000929     0.037600    -0.000000     0.016370
   -0.114100    -0.492200    56.870000    -0.000000     0.000000    -0.000000     0.000000    -0.000000     0.000000    -0.000000     0.000000     0.000000     0.003635    -0.151100     0.000000    -0.056260
    0.012120    -0.038010    -0.846000     0.000000    -0.001802    -0.062900     0.030900     0.000000    -0.000000     0.000000    -0.000000     0.000000    -0.000051    -0.007818     0.000884    -0.023330
   -0.000000    -0.000000     1.000000     0.000000     0.000000    -0.000000    -0.000000     0.000000    -0.000000     0.000000    -0.000000     0.000000     0.000000     0.000000     0.000000     0.000000
   -0.000000    -0.000000     0.000000    -0.000000    -0.054540    21.330000   -58.960000     9.810000    -0.000000     0.000000    -0.000000    -0.000000     0.000000    -0.000000    -0.000677    -0.000000
    0.001175    -0.003685    -0.082010    -0.000000    -0.116800    -3.655000     2.312000    -0.000000     0.000000    -0.000000     0.000000    -0.000000    -0.000005    -0.000758     0.053720    -0.002262
    0.000146    -0.000458    -0.010200    -0.000000     0.004559    -0.392800    -0.486300    -0.000000     0.000000    -0.000000     0.000000    -0.000000    -0.000001    -0.000094     0.002409    -0.000281
   -0.000000    -0.000000     0.000000     0.000000     0.000000     1.000000     0.000000     0.000000    -0.000000     0.000000    -0.000000     0.000000     0.000000     0.000000     0.000000     0.000000
    1.000000     0.000000    -0.000000    20.680000    -0.000000     0.000000     0.000000     0.000000     0.000000    -0.000000     0.000000     0.000000    -0.000000    -0.000000    -0.000000    -0.000000
    0.000000    -0.000000     0.000000    -0.000000     1.000000    -0.000000    -0.000000   -20.680000    -0.000000     0.000000    -0.000000    64.840000     0.000000     0.000000     0.000000     0.000000
   -0.000000     1.000000    -0.000000   -64.840000     0.000000     0.000000     0.000000     0.000000     0.000000    -0.000000     0.000000     0.000000    -0.000000    -0.000000    -0.000000    -0.000000
   -0.000000    -0.000000     0.000000     0.000000     0.000000    -0.000000     1.000000     0.000000    -0.000000     0.000000    -0.000000     0.000000     0.000000     0.000000     0.000000     0.000000
