u  w  q  the  v  p  r  phi  x  y  z  psi  |  slat  flap  aileron  elevator
   -0.008508     0.269600   -28.780000    -9.810000    -0.000000     0.000000     0.000000     0.000000     0.000000    -0.000000     0.000000     0.000000    -0.000912     0.036240    -0.000000     0.014980
   -0.116600    -0.362100    56.380000    -0.000000     0.000000     0.000000    -0.000000    -0.000000     0.000000    -0.000000     0.000000     0.000000     0.002570    -0.104900     0.000000    -0.040340
    0.014500    -0.032260    -0.739200     0.000000    -0.001706    -0.059510     0.024140     0.000000    -0.000000     0.000000    -0.000000     0.000000    -0.000065    -0.005683     0.000717    -0.020100
   -0.000000    -0.000000     1.000000     0.000000     0.000000    -0.000000    -0.000000     0.000000    -0.000000     0.000000    -0.000000     0.000000     0.000000     0.000000     0.000000     0.000000
   -0.000000    -0.000000     0.000000    -0.000000    -0.037750    28.670000   -57.700000     9.810000    -0.000000     0.000000    -0.000000    -0.000000     0.000000    -0.000000    -0.001370    -0.000000
    0.001275    -0.002838    -0.065030    -0.000000    -0.044990    -1.178000     0.924500    -0.000000     0.000000    -0.000000     0.000000    -0.000000    -0.000006    -0.000500     0.016460    -0.001768
    0.000385    -0.000857    -0.019630    -0.000000     0.001845    -0.365000    -0.342300    -0.000000     0.000000    -0.000000     0.000000    -0.000000    -0.000002    -0.000151     0.001916    -0.000534
   -0.000000    -0.000000     0.000000     0.000000     0.000000     1.000000     0.000000     0.000000    -0.000000     0.000000    -0.000000     0.000000     0.000000     0.000000     0.000000     0.000000
    1.000000     0.000000    -0.000000    27.900000    -0.000000     0.000000     0.000000     0.000000     0.000000    -0.000000     0.000000     0.000000    -0.000000    -0.000000    -0.000000    -0.000000
    0.000000    -0.000000     0.000000    -0.000000     1.000000    -0.000000    -0.000000   -27.900000    -0.000000     0.000000    -0.000000    62.080000     0.000000     0.000000     0.000000     0.000000
   -0.000000     1.000000    -0.000000   -62.080000     0.000000     0.000000     0.000000     0.000000     0.000000    -0.000000     0.000000     0.000000    -0.000000    -0.000000    -0.000000    -0.000000
   -0.000000    -0.000000     0.000000     0.000000     0.000000    -0.000000     1.000000     0.000000    -0.000000     0.000000    -0.000000     0.000000     0.000000     0.000000     0.000000     0.000000

   -0.001800     0.166400   -21.890000    -9.810000     0.000000    -0.000000    -0.000000     0.000000     0.000000    -0.000000     0.000000     0.000000    -0.000839     0.035410     0.000000     0.014820
   -0.082390    -0.474400    94.440000    -0.000000     0.000000     0.000000    -0.000000    -0.000000     0.000000    -0.000000     0.000000     0.000000     0.005432    -0.233900    -0.000000    -0.082330
    0.009464    -0.044920    -1.060000     0.000000    -0.001702    -0.083210     0.016500     0.000000    -0.000000     0.000000    -0.000000     0.000000    -0.000200    -0.014670     0.001783    -0.047330
   -0.000000    -0.000000     1.000000     0.000000     0.000000    -0.000000    -0.000000     0.000000    -0.000000     0.000000    -0.000000     0.000000     0.000000     0.000000     0.000000     0.000000
    0.000000    -0.000000    -0.000000    -0.000000    -0.051900    21.730000   -96.420000     9.810000    -0.000000     0.000000    -0.000000    -0.000000     0.000000     0.000000     0.000739    -0.000000
    0.000840    -0.003986    -0.094050    -0.000000    -0.042480    -1.556000     0.786000    -0.000000     0.000000    -0.000000     0.000000    -0.000000    -0.000018    -0.001302     0.036200    -0.004200
    0.000280    -0.001331    -0.031390    -0.000000     0.006763    -0.241300    -0.476200    -0.000000     0.000000    -0.000000     0.000000    -0.000000    -0.000006    -0.000435     0.002036    -0.001402
   -0.000000    -0.000000     0.000000     0.000000     0.000000     1.000000     0.000000     0.000000    -0.000000     0.000000    -0.000000     0.000000     0.000000     0.000000     0.000000     0.000000
    1.000000     0.000000    -0.000000    21.410000    -0.000000     0.000000     0.000000     0.000000     0.000000    -0.000000     0.000000     0.000000    -0.000000    -0.000000    -0.000000    -0.000000
    0.000000    -0.000000     0.000000    -0.000000     1.000000    -0.000000    -0.000000   -21.410000    -0.000000     0.000000    -0.000000   101.600000     0.000000     0.000000     0.000000     0.000000
   -0.000000     1.000000    -0.000000  -101.600000     0.000000     0.000000     0.000000     0.000000     0.000000    -0.000000     0.000000     0.000000    -0.000000    -0.000000    -0.000000    -0.000000
   -0.000000    -0.000000     0.000000     0.000000     0.000000    -0.000000     1.000000     0.000000    -0.000000     0.000000    -0.000000     0.000000     0.000000     0.000000     0.000000     0.000000

   -0.000190     0.076700   -20.780000    -9.810000     0.000000     0.000000     0.000000     0.000000     0.000000    -0.000000     0.000000     0.000000    -0.000657     0.029810    -0.000000     0.013760
   -0.046900    -0.462200   200.100000    -0.000000    -0.000000    -0.000000    -0.000000    -0.000000     0.000000    -0.000000     0.000000     0.000000     0.010560    -0.479700    -0.000000    -0.156700
    0.005863    -0.058800    -1.388000     0.000000    -0.001628    -0.109700     0.005048     0.000000    -0.000000     0.000000    -0.000000     0.000000    -0.000689    -0.043330     0.004986    -0.127600
   -0.000000    -0.000000     1.000000     0.000000     0.000000    -0.000000    -0.000000     0.000000    -0.000000     0.000000    -0.000000     0.000000     0.000000     0.000000     0.000000     0.000000
   -0.000000    -0.000000    -0.000000    -0.000000    -0.048400    20.610000  -202.100000     9.810000    -0.000000     0.000000    -0.000000    -0.000000    -0.000000    -0.000000     0.004870    -0.000000
    0.000528    -0.005293    -0.124900    -0.000000    -0.032880    -1.500000     0.552800    -0.000000     0.000000    -0.000000     0.000000    -0.000000    -0.000062    -0.003900     0.071710    -0.011480
    0.000215    -0.002152    -0.050790    -0.000000     0.009766    -0.127200    -0.525300    -0.000000     0.000000    -0.000000     0.000000    -0.000000    -0.000025    -0.001586     0.001909    -0.004670
   -0.000000    -0.000000     0.000000     0.000000     0.000000     1.000000     0.000000     0.000000    -0.000000     0.000000    -0.000000     0.000000     0.000000     0.000000     0.000000     0.000000
    1.000000     0.000000    -0.000000    20.600000    -0.000000     0.000000     0.000000     0.000000     0.000000    -0.000000     0.000000     0.000000    -0.000000    -0.000000    -0.000000    -0.000000
    0.000000    -0.000000     0.000000    -0.000000     1.000000    -0.000000    -0.000000   -20.600000    -0.000000     0.000000    -0.000000   206.600000     0.000000     0.000000     0.000000     0.000000
   -0.000000     1.000000    -0.000000  -206.600000     0.000000     0.000000     0.000000     0.000000     0.000000    -0.000000     0.000000     0.000000    -0.000000    -0.000000    -0.000000    -0.000000
   -0.000000    -0.000000     0.000000     0.000000     0.000000    -0.000000     1.000000    -0.000000    -0.000000     0.000000    -0.000000     0.000000     0.000000     0.000000     0.000000     0.000000

   -0.000030     0.073650   -14.550000    -9.810000     0.000000     0.000000     0.000000     0.000000     0.000000    -0.000000     0.000000     0.000000    -0.000582     0.026600    -0.000000     0.013020
   -0.049710    -0.614000   198.400000    -0.000000    -0.000000     0.000000     0.000000    -0.000000     0.000000    -0.000000     0.000000     0.000000     0.014050    -0.641000    -0.000000    -0.207600
    0.004029    -0.058040    -1.379000     0.000000    -0.001444    -0.107300     0.001232     0.000000    -0.000000     0.000000    -0.000000     0.000000    -0.000693    -0.043450     0.004983    -0.126900
   -0.000000    -0.000000     1.000000     0.000000     0.000000    -0.000000    -0.000000     0.000000    -0.000000     0.000000    -0.000000     0.000000     0.000000     0.000000     0.000000     0.000000
    0.000000    -0.000000    -0.000000    -0.000000    -0.065190    14.290000  -201.200000     9.810000    -0.000000     0.000000    -0.000000    -0.000000     0.000000    -0.000000     0.007569    -0.000000
    0.000363    -0.005225    -0.124200    -0.000000    -0.030780    -1.505000     0.497300    -0.000000     0.000000    -0.000000     0.000000    -0.000000    -0.000062    -0.003912     0.072270    -0.011420
    0.000148    -0.002125    -0.050480    -0.000000     0.010440    -0.083150    -0.526000    -0.000000     0.000000    -0.000000     0.000000    -0.000000    -0.000025    -0.001591     0.001248    -0.004644
   -0.000000    -0.000000     0.000000     0.000000     0.000000     1.000000     0.000000     0.000000    -0.000000     0.000000    -0.000000     0.000000     0.000000     0.000000     0.000000     0.000000
    1.000000     0.000000    -0.000000    14.380000    -0.000000     0.000000     0.000000     0.000000     0.000000    -0.000000     0.000000     0.000000    -0.000000    -0.000000    -0.000000    -0.000000
    0.000000    -0.000000     0.000000    -0.000000     1.000000    -0.000000    -0.000000   -14.380000    -0.000000     0.000000    -0.000000   207.100000     0.000000     0.000000     0.000000     0.000000
   -0.000000     1.000000    -0.000000  -207.100000     0.000000     0.000000     0.000000     0.000000     0.000000    -0.000000     0.000000     0.000000    -0.000000    -0.000000    -0.000000    -0.000000
   -0.000000    -0.000000     0.000000     0.000000     0.000000    -0.000000     1.000000    -0.000000    -0.000000     0.000000    -0.000000     0.000000     0.000000     0.000000     0.000000     0.000000

   -0.000947     0.162700   -15.920000    -9.810000    -0.000000    -0.000000     0.000000     0.000000     0.000000    -0.000000     0.000000     0.000000    -0.000800     0.034080     0.000000     0.014450
   -0.084520    -0.629300    93.140000    -0.000000     0.000000     0.000000    -0.000000    -0.000000     0.000000    -0.000000     0.000000     0.000000     0.007268    -0.315500    -0.000000    -0.109300
    0.006631    -0.044070    -1.053000     0.000000    -0.001469    -0.081040     0.011400     0.000000    -0.000000     0.000000    -0.000000     0.000000    -0.000206    -0.014910     0.001805    -0.047400
   -0.000000    -0.000000     1.000000     0.000000     0.000000    -0.000000    -0.000000     0.000000    -0.000000     0.000000    -0.000000     0.000000     0.000000     0.000000     0.000000     0.000000
   -0.000000    -0.000000    -0.000000    -0.000000    -0.070830    15.650000   -95.850000     9.810000    -0.000000     0.000000    -0.000000    -0.000000     0.000000    -0.000000     0.002167    -0.000000
    0.000589    -0.003911    -0.093490    -0.000000    -0.038600    -1.576000     0.681400    -0.000000     0.000000    -0.000000     0.000000    -0.000000    -0.000018    -0.001323     0.037170    -0.004207
    0.000196    -0.001306    -0.031210    -0.000000     0.007959    -0.169000    -0.481000    -0.000000     0.000000    -0.000000     0.000000    -0.000000    -0.000006    -0.000442     0.001476    -0.001404
   -0.000000    -0.000000     0.000000    -0.000000     0.000000     1.000000     0.000000     0.000000    -0.000000     0.000000    -0.000000     0.000000     0.000000     0.000000     0.000000     0.000000
    1.000000     0.000000    -0.000000    15.450000    -0.000000     0.000000     0.000000     0.000000     0.000000    -0.000000     0.000000     0.000000    -0.000000    -0.000000    -0.000000    -0.000000
    0.000000    -0.000000     0.000000    -0.000000     1.000000    -0.000000    -0.000000   -15.450000    -0.000000     0.000000    -0.000000   102.700000     0.000000     0.000000     0.000000     0.000000
   -0.000000     1.000000    -0.000000  -102.700000     0.000000     0.000000     0.000000     0.000000     0.000000    -0.000000     0.000000     0.000000    -0.000000    -0.000000    -0.000000    -0.000000
   -0.000000    -0.000000     0.000000     0.000000     0.000000    -0.000000     1.000000     0.000000    -0.000000     0.000000    -0.000000     0.000000     0.000000     0.000000     0.000000     0.000000

   -0.005046     0.263500   -21.110000    -9.810000    -0.000000    -0.000000     0.000000     0.000000     0.000000    -0.000000     0.000000     0.000000    -0.000910     0.036860    -0.000000     0.015120
   -0.117100    -0.493400    57.160000    -0.000000     0.000000    -0.000000    -0.000000    -0.000000     0.000000    -0.000000     0.000000     0.000000     0.003649    -0.151700     0.000000    -0.056360
    0.009899    -0.031760    -0.746100     0.000000    -0.001424    -0.058170     0.017570     0.000000    -0.000000     0.000000    -0.000000     0.000000    -0.000074    -0.006160     0.000772    -0.021140
   -0.000000    -0.000000     1.000000     0.000000     0.000000    -0.000000    -0.000000     0.000000    -0.000000     0.000000    -0.000000     0.000000     0.000000     0.000000     0.000000     0.000000
   -0.000000    -0.000000     0.000000    -0.000000    -0.054990    20.890000   -59.100000     9.810000    -0.000000     0.000000    -0.000000    -0.000000     0.000000    -0.000000    -0.000618    -0.000000
    0.000871    -0.002794    -0.065630    -0.000000    -0.039550    -1.239000     0.771200    -0.000000     0.000000    -0.000000     0.000000    -0.000000    -0.000006    -0.000542     0.018270    -0.001859
    0.000263    -0.000844    -0.019820    -0.000000     0.003730    -0.260700    -0.357000    -0.000000     0.000000    -0.000000     0.000000    -0.000000    -0.000002    -0.000164     0.001470    -0.000561
   -0.000000    -0.000000     0.000000    -0.000000     0.000000     1.000000     0.000000     0.000000    -0.000000     0.000000    -0.000000     0.000000     0.000000     0.000000     0.000000     0.000000
    1.000000     0.000000    -0.000000    20.250000    -0.000000     0.000000     0.000000     0.000000     0.000000    -0.000000     0.000000     0.000000    -0.000000    -0.000000    -0.000000    -0.000000
    0.000000    -0.000000     0.000000    -0.000000     1.000000    -0.000000    -0.000000   -20.250000    -0.000000     0.000000    -0.000000    64.980000     0.000000     0.000000     0.000000     0.000000
   -0.000000     1.000000    -0.000000   -64.980000     0.000000     0.000000     0.000000     0.000000     0.000000    -0.000000     0.000000     0.000000    -0.000000    -0.000000    -0.000000    -0.000000
   -0.000000    -0.000000     0.000000    -0.000000     0.000000    -0.000000     1.000000    -0.000000    -0.000000     0.000000    -0.000000     0.000000     0.000000     0.000000     0.000000     0.000000
