u  w  q  the  v  p  r  phi  x  y  z  psi  |  slat  flap  aileron  elevator
   -0.017120     0.286600   -30.640000    -9.810000    -0.000000     0.000000     0.000000     0.000000     0.000000    -0.000000     0.000000     0.000000    -0.000972     0.038420    -0.000000     0.018960
   -0.106000    -0.355600    55.050000    -0.000000     0.000000    -0.000000    -0.000000    -0.000000     0.000000    -0.000000     0.000000     0.000000     0.002495    -0.101500     0.000000    -0.039560
    0.021750    -0.044310    -0.892600     0.000000    -0.003316    -0.086320     0.071630     0.000000    -0.000000     0.000000    -0.000000     0.000000     0.000019    -0.009145     0.001177    -0.021800
   -0.000000    -0.000000     1.000000     0.000000     0.000000    -0.000000    -0.000000     0.000000    -0.000000     0.000000    -0.000000     0.000000     0.000000     0.000000     0.000000     0.000000
   -0.000000    -0.000000     0.000000    -0.000000    -0.036010    30.820000   -56.730000     9.810000    -0.000000     0.000000    -0.000000    -0.000000    -0.000000    -0.000000    -0.001567    -0.000000
    0.003469    -0.007068    -0.142400    -0.000000    -0.688600   -17.760000    14.990000    -0.000000     0.000000    -0.000000     0.000000    -0.000000     0.000003    -0.001459     0.243400    -0.003477
    0.000066    -0.000134    -0.002701    -0.000000    -0.003932    -0.785800    -0.393900    -0.000000     0.000000    -0.000000     0.000000    -0.000000     0.000000    -0.000028     0.005549    -0.000066
   -0.000000    -0.000000     0.000000     0.000000     0.000000     1.000000     0.000000     0.000000    -0.000000     0.000000    -0.000000     0.000000     0.000000     0.000000     0.000000     0.000000
    1.000000     0.000000    -0.000000    29.990000    -0.000000     0.000000     0.000000     0.000000     0.000000    -0.000000     0.000000     0.000000    -0.000000    -0.000000    -0.000000    -0.000000
    0.000000    -0.000000     0.000000    -0.000000     1.000000    -0.000000    -0.000000   -29.990000    -0.000000     0.000000    -0.000000    61.100000     0.000000     0.000000     0.000000     0.000000
   -0.000000     1.000000    -0.000000   -61.100000     0.000000     0.000000     0.000000     0.000000     0.000000    -0.000000     0.000000     0.000000    -0.000000    -0.000000    -0.000000    -0.000000
   -0.000000    -0.000000     0.000000     0.000000     0.000000    -0.000000     1.000000     0.000000    -0.000000     0.000000    -0.000000     0.000000     0.000000     0.000000     0.000000     0.000000

   -0.004489     0.176900   -23.380000    -9.810000     0.000000    -0.000000     0.000000     0.000000     0.000000    -0.000000     0.000000     0.000000    -0.000907     0.038200     0.000000     0.019670
   -0.075200    -0.472000    93.540000    -0.000000     0.000000     0.000000    -0.000000    -0.000000     0.000000    -0.000000     0.000000     0.000000     0.005397    -0.232100    -0.000000    -0.082250
    0.014720    -0.064700    -1.295000     0.000000    -0.004309    -0.158500     0.083930     0.000000    -0.000000     0.000000    -0.000000     0.000000     0.000010    -0.024390     0.003661    -0.052350
   -0.000000    -0.000000     1.000000     0.000000     0.000000    -0.000000    -0.000000    -0.000000    -0.000000     0.000000    -0.000000     0.000000     0.000000     0.000000     0.000000     0.000000
   -0.000000    -0.000000    -0.000000    -0.000000    -0.050890    23.400000   -96.020000     9.810000    -0.000000     0.000000    -0.000000    -0.000000    -0.000000    -0.000000     0.000531    -0.000000
    0.002735    -0.012020    -0.240700    -0.000000    -0.750500   -27.400000    14.760000    -0.000000     0.000000    -0.000000     0.000000    -0.000000     0.000002    -0.004533     0.634200    -0.009729
    0.000052    -0.000228    -0.004556    -0.000000     0.004283    -0.699000    -0.660000    -0.000000     0.000000    -0.000000     0.000000    -0.000000     0.000000    -0.000086     0.009884    -0.000184
   -0.000000    -0.000000     0.000000     0.000000     0.000000     1.000000     0.000000     0.000000    -0.000000     0.000000    -0.000000     0.000000     0.000000     0.000000     0.000000     0.000000
    1.000000     0.000000    -0.000000    23.040000    -0.000000     0.000000     0.000000     0.000000     0.000000    -0.000000     0.000000     0.000000    -0.000000    -0.000000    -0.000000    -0.000000
    0.000000    -0.000000     0.000000    -0.000000     1.000000    -0.000000    -0.000000   -23.040000    -0.000000     0.000000    -0.000000   101.300000     0.000000     0.000000     0.000000     0.000000
   -0.000000     1.000000    -0.000000  -101.300000     0.000000     0.000000     0.000000     0.000000     0.000000    -0.000000     0.000000     0.000000    -0.000000    -0.000000    -0.000000    -0.000000
   -0.000000    -0.000000     0.000000     0.000000     0.000000    -0.000000     1.000000     0.000000    -0.000000     0.000000    -0.000000     0.000000     0.000000     0.000000     0.000000     0.000000

   -0.000867     0.081860   -22.410000    -9.810000     0.000000    -0.000000     0.000000     0.000000     0.000000    -0.000000     0.000000     0.000000    -0.000722     0.032670    -0.000000     0.019210
   -0.043200    -0.461400   199.300000    -0.000000    -0.000000     0.000000    -0.000000    -0.000000     0.000000    -0.000000     0.000000     0.000000     0.010540    -0.478700    -0.000000    -0.157000
    0.009475    -0.087730    -1.724000     0.000000    -0.006601    -0.303300     0.117200     0.000000    -0.000000     0.000000    -0.000000     0.000000    -0.000113    -0.072940     0.014460    -0.143100
   -0.000000    -0.000000     1.000000     0.000000     0.000000    -0.000000    -0.000000     0.000000    -0.000000     0.000000    -0.000000     0.000000     0.000000     0.000000     0.000000     0.000000
    0.000000    -0.000000    -0.000000    -0.000000    -0.047900    22.330000  -201.900000     9.810000    -0.000000     0.000000    -0.000000    -0.000000     0.000000    -0.000000     0.004685    -0.000000
    0.002413    -0.022340    -0.439200    -0.000000    -0.783000   -35.690000    14.070000    -0.000000     0.000000    -0.000000     0.000000    -0.000000    -0.000029    -0.018580     1.704000    -0.036450
    0.000045    -0.000420    -0.008253    -0.000000     0.012320    -0.601600    -0.903200    -0.000000     0.000000    -0.000000     0.000000    -0.000000    -0.000001    -0.000349     0.020210    -0.000685
   -0.000000    -0.000000     0.000000     0.000000     0.000000     1.000000     0.000000     0.000000    -0.000000     0.000000    -0.000000     0.000000     0.000000     0.000000     0.000000     0.000000
    1.000000     0.000000    -0.000000    22.290000    -0.000000     0.000000     0.000000     0.000000     0.000000    -0.000000     0.000000     0.000000    -0.000000    -0.000000    -0.000000    -0.000000
    0.000000    -0.000000     0.000000    -0.000000     1.000000    -0.000000    -0.000000   -22.290000    -0.000000     0.000000    -0.000000   206.400000     0.000000     0.000000     0.000000     0.000000
   -0.000000     1.000000    -0.000000  -206.400000     0.000000     0.000000     0.000000     0.000000     0.000000    -0.000000     0.000000     0.000000    -0.000000    -0.000000    -0.000000    -0.000000
   -0.000000    -0.000000     0.000000     0.000000     0.000000    -0.000000     1.000000     0.000000    -0.000000     0.000000    -0.000000     0.000000     0.000000     0.000000     0.000000     0.000000

   -0.000505     0.078810   -15.750000    -9.810000     0.000000     0.000000     0.000000     0.000000     0.000000    -0.000000     0.000000     0.000000    -0.000647     0.029490    -0.000000     0.018530
   -0.046020    -0.613400   197.600000    -0.000000    -0.000000    -0.000000    -0.000000    -0.000000     0.000000    -0.000000     0.000000     0.000000     0.014030    -0.640200    -0.000000    -0.208000
    0.006580    -0.087080    -1.713000     0.000000    -0.006169    -0.304200     0.105300     0.000000    -0.000000     0.000000    -0.000000     0.000000    -0.000115    -0.073300     0.014590    -0.142200
   -0.000000    -0.000000     1.000000     0.000000     0.000000    -0.000000    -0.000000     0.000000    -0.000000     0.000000    -0.000000     0.000000     0.000000     0.000000     0.000000     0.000000
    0.000000    -0.000000    -0.000000    -0.000000    -0.064700    15.570000  -201.000000     9.810000    -0.000000     0.000000    -0.000000    -0.000000    -0.000000    -0.000000     0.007388    -0.000000
    0.001676    -0.022180    -0.436300    -0.000000    -0.732600   -35.830000    12.670000    -0.000000     0.000000    -0.000000     0.000000    -0.000000    -0.000029    -0.018670     1.719000    -0.036220
    0.000031    -0.000417    -0.008199    -0.000000     0.014230    -0.513400    -0.919300    -0.000000     0.000000    -0.000000     0.000000    -0.000000    -0.000001    -0.000351     0.019030    -0.000681
   -0.000000    -0.000000     0.000000    -0.000000     0.000000     1.000000     0.000000     0.000000    -0.000000     0.000000    -0.000000     0.000000     0.000000     0.000000     0.000000     0.000000
    1.000000     0.000000    -0.000000    15.640000    -0.000000     0.000000     0.000000     0.000000     0.000000    -0.000000     0.000000     0.000000    -0.000000    -0.000000    -0.000000    -0.000000
    0.000000    -0.000000     0.000000    -0.000000     1.000000    -0.000000    -0.000000   -15.640000    -0.000000     0.000000    -0.000000   207.000000     0.000000     0.000000     0.000000     0.000000
   -0.000000     1.000000    -0.000000  -207.000000     0.000000     0.000000     0.000000     0.000000     0.000000    -0.000000     0.000000     0.000000    -0.000000    -0.000000    -0.000000    -0.000000
   -0.000000    -0.000000     0.000000     0.000000     0.000000    -0.000000     1.000000     0.000000    -0.000000     0.000000    -0.000000     0.000000     0.000000     0.000000     0.000000     0.000000

   -0.002874     0.173100   -16.990000    -9.810000    -0.000000    -0.000000     0.000000     0.000000     0.000000    -0.000000     0.000000     0.000000    -0.000870     0.036980    -0.000000     0.019440
   -0.077360    -0.627500    92.210000    -0.000000     0.000000     0.000000    -0.000000    -0.000000     0.000000    -0.000000     0.000000     0.000000     0.007244    -0.314200    -0.000000    -0.109400
    0.010430    -0.064170    -1.288000     0.000000    -0.003908    -0.160600     0.072680     0.000000    -0.000000     0.000000    -0.000000     0.000000     0.000009    -0.024940     0.003772    -0.052470
   -0.000000    -0.000000     1.000000    -0.000000     0.000000    -0.000000    -0.000000    -0.000000    -0.000000     0.000000    -0.000000    -0.000000     0.000000     0.000000     0.000000     0.000000
   -0.000000    -0.000000    -0.000000    -0.000000    -0.069860    16.900000   -95.580000     9.810000    -0.000000     0.000000    -0.000000    -0.000000    -0.000000    -0.000000     0.001961    -0.000000
    0.001938    -0.011930    -0.239300    -0.000000    -0.681400   -27.780000    12.810000    -0.000000     0.000000    -0.000000     0.000000    -0.000000     0.000002    -0.004635     0.653700    -0.009751
    0.000037    -0.000226    -0.004529    -0.000000     0.007115    -0.575900    -0.689000    -0.000000     0.000000    -0.000000     0.000000    -0.000000     0.000000    -0.000088     0.009121    -0.000185
   -0.000000    -0.000000     0.000000     0.000000     0.000000     1.000000     0.000000    -0.000000    -0.000000     0.000000    -0.000000    -0.000000     0.000000     0.000000     0.000000     0.000000
    1.000000     0.000000    -0.000000    16.660000    -0.000000     0.000000     0.000000     0.000000     0.000000    -0.000000     0.000000     0.000000    -0.000000    -0.000000    -0.000000    -0.000000
    0.000000    -0.000000     0.000000    -0.000000     1.000000    -0.000000    -0.000000   -16.660000    -0.000000     0.000000    -0.000000   102.500000     0.000000     0.000000     0.000000     0.000000
   -0.000000     1.000000    -0.000000  -102.500000     0.000000     0.000000     0.000000     0.000000     0.000000    -0.000000     0.000000     0.000000    -0.000000    -0.000000    -0.000000    -0.000000
   -0.000000    -0.000000     0.000000     0.000000     0.000000    -0.000000     1.000000    -0.000000    -0.000000     0.000000    -0.000000    -0.000000     0.000000     0.000000     0.000000     0.000000

   -0.010950     0.279800   -22.410000    -9.810000    -0.000000    -0.000000     0.000000     0.000000     0.000000    -0.000000     0.000000     0.000000    -0.000978     0.039470    -0.000000     0.019510
   -0.106500    -0.488800    56.130000    -0.000000     0.000000    -0.000000    -0.000000    -0.000000     0.000000    -0.000000     0.000000     0.000000     0.003598    -0.149300     0.000000    -0.055970
    0.015090    -0.044700    -0.904400     0.000000    -0.002911    -0.091280     0.059680     0.000000    -0.000000     0.000000    -0.000000     0.000000     0.000018    -0.010140     0.001328    -0.023170
   -0.000000    -0.000000     1.000000     0.000000     0.000000    -0.000000    -0.000000     0.000000    -0.000000     0.000000    -0.000000     0.000000     0.000000     0.000000     0.000000     0.000000
    0.000000    -0.000000    -0.000000    -0.000000    -0.053420    22.470000   -58.580000     9.810000    -0.000000     0.000000    -0.000000    -0.000000     0.000000    -0.000000    -0.000829    -0.000000
    0.002407    -0.007130    -0.144300    -0.000000    -0.605300   -18.830000    12.520000    -0.000000     0.000000    -0.000000     0.000000    -0.000000     0.000003    -0.001617     0.275000    -0.003696
    0.000046    -0.000135    -0.002737    -0.000000     0.000023    -0.623300    -0.443000    -0.000000     0.000000    -0.000000     0.000000    -0.000000     0.000000    -0.000031     0.005173    -0.000070
   -0.000000    -0.000000     0.000000     0.000000     0.000000     1.000000     0.000000     0.000000    -0.000000     0.000000    -0.000000     0.000000     0.000000     0.000000     0.000000     0.000000
    1.000000     0.000000    -0.000000    21.770000    -0.000000     0.000000     0.000000     0.000000     0.000000    -0.000000     0.000000     0.000000    -0.000000    -0.000000    -0.000000    -0.000000
    0.000000    -0.000000     0.000000    -0.000000     1.000000    -0.000000    -0.000000   -21.770000    -0.000000     0.000000    -0.000000    64.480000     0.000000     0.000000     0.000000     0.000000
   -0.000000     1.000000    -0.000000   -64.480000     0.000000     0.000000     0.000000     0.000000     0.000000    -0.000000     0.000000     0.000000    -0.000000    -0.000000    -0.000000    -0.000000
   -0.000000    -0.000000     0.000000     0.000000     0.000000    -0.000000     1.000000     0.000000    -0.000000     0.000000    -0.000000     0.000000     0.000000     0.000000     0.000000     0.000000
