u  w  q  the  v  p  r  phi  x  y  z  psi  |  slat  flap  aileron  elevator
   -0.013690     0.280400   -29.960000    -9.810000    -0.000000     0.000000     0.000000     0.000000     0.000000    -0.000000     0.000000     0.000000    -0.000950     0.037640    -0.000000     0.017540
   -0.109800    -0.358000    55.540000    -0.000000     0.000000    -0.000000    -0.000000    -0.000000     0.000000    -0.000000     0.000000     0.000000     0.002523    -0.102800     0.000000    -0.039860
    0.020670    -0.043470    -0.907200     0.000000    -0.003768    -0.102300     0.077080     0.000000    -0.000000     0.000000    -0.000000     0.000000    -0.000012    -0.008600     0.001378    -0.023070
   -0.000000    -0.000000     1.000000     0.000000     0.000000    -0.000000    -0.000000     0.000000    -0.000000     0.000000    -0.000000     0.000000     0.000000     0.000000     0.000000     0.000000
   -0.000000    -0.000000     0.000000    -0.000000    -0.036630    30.030000   -57.090000     9.810000    -0.000000     0.000000    -0.000000    -0.000000     0.000000    -0.000000    -0.001496    -0.000000
    0.003490    -0.007341    -0.153200    -0.000000    -0.365400    -9.494000     7.781000    -0.000000     0.000000    -0.000000     0.000000    -0.000000    -0.000002    -0.001452     0.131000    -0.003896
    0.000175    -0.000368    -0.007676    -0.000000    -0.000536    -0.704000    -0.480400    -0.000000     0.000000    -0.000000     0.000000    -0.000000    -0.000000    -0.000073     0.004434    -0.000195
   -0.000000    -0.000000     0.000000     0.000000     0.000000     1.000000     0.000000     0.000000    -0.000000     0.000000    -0.000000     0.000000     0.000000     0.000000     0.000000     0.000000
    1.000000     0.000000    -0.000000    29.220000    -0.000000     0.000000     0.000000     0.000000     0.000000    -0.000000     0.000000     0.000000    -0.000000    -0.000000    -0.000000    -0.000000
    0.000000    -0.000000     0.000000    -0.000000     1.000000    -0.000000    -0.000000   -29.220000    -0.000000     0.000000    -0.000000    61.470000     0.000000     0.000000     0.000000     0.000000
   -0.000000     1.000000    -0.000000   -61.470000     0.000000     0.000000     0.000000     0.000000     0.000000    -0.000000     0.000000     0.000000    -0.000000    -0.000000    -0.000000    -0.000000
   -0.000000    -0.000000     0.000000     0.000000     0.000000    -0.000000     1.000000     0.000000    -0.000000     0.000000    -0.000000     0.000000     0.000000     0.000000     0.000000     0.000000

   -0.003411     0.173100   -22.840000    -9.810000     0.000000    -0.000000    -0.000000     0.000000     0.000000    -0.000000     0.000000     0.000000    -0.000883     0.037190     0.000000     0.017920
   -0.077800    -0.472900    93.870000    -0.000000     0.000000     0.000000     0.000000    -0.000000     0.000000    -0.000000     0.000000     0.000000     0.005410    -0.232700    -0.000000    -0.082290
    0.014080    -0.063600    -1.333000     0.000000    -0.004556    -0.173600     0.082830     0.000000    -0.000000     0.000000    -0.000000     0.000000    -0.000074    -0.023060     0.003974    -0.055950
   -0.000000    -0.000000     1.000000     0.000000     0.000000    -0.000000    -0.000000    -0.000000    -0.000000     0.000000    -0.000000     0.000000     0.000000     0.000000     0.000000     0.000000
   -0.000000    -0.000000    -0.000000    -0.000000    -0.051250    22.790000   -96.170000     9.810000    -0.000000     0.000000    -0.000000    -0.000000     0.000000    -0.000000     0.000607    -0.000000
    0.002571    -0.011610    -0.243400    -0.000000    -0.369500   -13.530000     7.095000    -0.000000     0.000000    -0.000000     0.000000    -0.000000    -0.000014    -0.004210     0.313500    -0.010220
    0.000139    -0.000629    -0.013190    -0.000000     0.008422    -0.564600    -0.762400    -0.000000     0.000000    -0.000000     0.000000    -0.000000    -0.000001    -0.000228     0.006687    -0.000554
   -0.000000    -0.000000     0.000000     0.000000     0.000000     1.000000     0.000000     0.000000    -0.000000     0.000000    -0.000000     0.000000     0.000000     0.000000     0.000000     0.000000
    1.000000     0.000000    -0.000000    22.450000    -0.000000     0.000000     0.000000     0.000000     0.000000    -0.000000     0.000000     0.000000    -0.000000    -0.000000    -0.000000    -0.000000
    0.000000    -0.000000     0.000000    -0.000000     1.000000    -0.000000    -0.000000   -22.450000    -0.000000     0.000000    -0.000000   101.400000     0.000000     0.000000     0.000000     0.000000
   -0.000000     1.000000    -0.000000  -101.400000     0.000000     0.000000     0.000000     0.000000     0.000000    -0.000000     0.000000     0.000000    -0.000000    -0.000000    -0.000000    -0.000000
   -0.000000    -0.000000     0.000000     0.000000     0.000000    -0.000000     1.000000     0.000000    -0.000000     0.000000    -0.000000     0.000000     0.000000     0.000000     0.000000     0.000000

   -0.000592     0.079980   -21.820000    -9.810000     0.000000     0.000000     0.000000     0.000000     0.000000    -0.000000     0.000000     0.000000    -0.000699     0.031630    -0.000000     0.017240
   -0.044540    -0.461700   199.600000    -0.000000    -0.000000    -0.000000     0.000000    -0.000000     0.000000    -0.000000     0.000000     0.000000     0.010550    -0.479100    -0.000000    -0.156900
    0.009424    -0.089760    -1.857000     0.000000    -0.006041    -0.290600     0.096920     0.000000    -0.000000     0.000000    -0.000000     0.000000    -0.000383    -0.072220     0.013770    -0.160200
   -0.000000    -0.000000     1.000000    -0.000000     0.000000    -0.000000    -0.000000    -0.000000    -0.000000     0.000000    -0.000000    -0.000000     0.000000     0.000000     0.000000     0.000000
   -0.000000     0.000000    -0.000000    -0.000000    -0.048080    21.700000  -202.000000     9.810000    -0.000000     0.000000    -0.000000    -0.000000    -0.000000    -0.000000     0.004752    -0.000000
    0.001985    -0.018900    -0.391000    -0.000000    -0.324500   -14.820000     5.678000    -0.000000     0.000000    -0.000000     0.000000    -0.000000    -0.000081    -0.015210     0.707800    -0.033730
    0.000131    -0.001250    -0.025860    -0.000000     0.017690    -0.412600    -1.043000    -0.000000     0.000000    -0.000000     0.000000    -0.000000    -0.000005    -0.001006     0.010810    -0.002231
   -0.000000    -0.000000     0.000000     0.000000     0.000000     1.000000     0.000000    -0.000000    -0.000000     0.000000    -0.000000    -0.000000     0.000000     0.000000     0.000000     0.000000
    1.000000     0.000000    -0.000000    21.680000    -0.000000     0.000000     0.000000     0.000000     0.000000    -0.000000     0.000000     0.000000    -0.000000    -0.000000    -0.000000    -0.000000
    0.000000    -0.000000     0.000000    -0.000000     1.000000    -0.000000    -0.000000   -21.680000    -0.000000     0.000000    -0.000000   206.500000     0.000000     0.000000     0.000000     0.000000
   -0.000000     1.000000    -0.000000  -206.500000     0.000000     0.000000     0.000000     0.000000     0.000000    -0.000000     0.000000     0.000000    -0.000000    -0.000000    -0.000000    -0.000000
   -0.000000    -0.000000     0.000000     0.000000     0.000000    -0.000000     1.000000    -0.000000    -0.000000     0.000000    -0.000000    -0.000000     0.000000     0.000000     0.000000     0.000000

   -0.000310     0.076930   -15.320000    -9.810000     0.000000     0.000000     0.000000     0.000000     0.000000    -0.000000     0.000000     0.000000    -0.000623     0.028440    -0.000000     0.016530
   -0.047360    -0.613600   197.900000    -0.000000    -0.000000     0.000000    -0.000000    -0.000000     0.000000    -0.000000     0.000000     0.000000     0.014040    -0.640500    -0.000000    -0.207800
    0.006522    -0.088950    -1.845000     0.000000    -0.005618    -0.290400     0.085860     0.000000    -0.000000     0.000000    -0.000000     0.000000    -0.000385    -0.072530     0.013870    -0.159200
   -0.000000    -0.000000     1.000000    -0.000000     0.000000    -0.000000    -0.000000    -0.000000    -0.000000     0.000000    -0.000000    -0.000000     0.000000     0.000000     0.000000     0.000000
    0.000000    -0.000000    -0.000000    -0.000000    -0.064880    15.100000  -201.100000     9.810000    -0.000000     0.000000    -0.000000    -0.000000     0.000000    -0.000000     0.007454    -0.000000
    0.001374    -0.018730    -0.388500    -0.000000    -0.303600   -14.870000     5.109000    -0.000000     0.000000    -0.000000     0.000000    -0.000000    -0.000081    -0.015270     0.713700    -0.033530
    0.000091    -0.001239    -0.025700    -0.000000     0.019350    -0.319400    -1.051000    -0.000000     0.000000    -0.000000     0.000000    -0.000000    -0.000005    -0.001010     0.009479    -0.002218
   -0.000000    -0.000000     0.000000     0.000000     0.000000     1.000000     0.000000    -0.000000    -0.000000     0.000000    -0.000000    -0.000000     0.000000     0.000000     0.000000     0.000000
    1.000000     0.000000    -0.000000    15.180000    -0.000000     0.000000     0.000000     0.000000     0.000000    -0.000000     0.000000     0.000000    -0.000000    -0.000000    -0.000000    -0.000000
    0.000000    -0.000000     0.000000    -0.000000     1.000000    -0.000000    -0.000000   -15.180000    -0.000000     0.000000    -0.000000   207.100000     0.000000     0.000000     0.000000     0.000000
   -0.000000     1.000000    -0.000000  -207.100000     0.000000     0.000000     0.000000     0.000000     0.000000    -0.000000     0.000000     0.000000    -0.000000    -0.000000    -0.000000    -0.000000
   -0.000000    -0.000000     0.000000     0.000000     0.000000    -0.000000     1.000000    -0.000000    -0.000000     0.000000    -0.000000    -0.000000     0.000000     0.000000     0.000000     0.000000

   -0.002098     0.169300   -16.600000    -9.810000    -0.000000    -0.000000    -0.000000     0.000000     0.000000    -0.000000     0.000000     0.000000    -0.000845     0.035930     0.000000     0.017640
   -0.079950    -0.628200    92.550000    -0.000000    -0.000000     0.000000    -0.000000    -0.000000     0.000000    -0.000000     0.000000     0.000000     0.007253    -0.314600    -0.000000    -0.109400
    0.009944    -0.062870    -1.325000     0.000000    -0.004111    -0.174800     0.070890     0.000000    -0.000000     0.000000    -0.000000     0.000000    -0.000078    -0.023530     0.004081    -0.056060
   -0.000000    -0.000000     1.000000    -0.000000     0.000000    -0.000000    -0.000000    -0.000000    -0.000000     0.000000    -0.000000    -0.000000     0.000000     0.000000     0.000000     0.000000
   -0.000000    -0.000000    -0.000000    -0.000000    -0.070210    16.450000   -95.680000     9.810000    -0.000000     0.000000    -0.000000    -0.000000    -0.000000    -0.000000     0.002036    -0.000000
    0.001816    -0.011480    -0.241900    -0.000000    -0.335500   -13.700000     6.153000    -0.000000     0.000000    -0.000000     0.000000    -0.000000    -0.000014    -0.004297     0.322700    -0.010240
    0.000098    -0.000622    -0.013110    -0.000000     0.010920    -0.437100    -0.780900    -0.000000     0.000000    -0.000000     0.000000    -0.000000    -0.000001    -0.000233     0.005794    -0.000555
   -0.000000    -0.000000     0.000000     0.000000     0.000000     1.000000     0.000000    -0.000000    -0.000000     0.000000    -0.000000    -0.000000     0.000000     0.000000     0.000000     0.000000
    1.000000     0.000000    -0.000000    16.220000    -0.000000     0.000000     0.000000     0.000000     0.000000    -0.000000     0.000000     0.000000    -0.000000    -0.000000    -0.000000    -0.000000
    0.000000    -0.000000     0.000000    -0.000000     1.000000    -0.000000    -0.000000   -16.220000    -0.000000     0.000000    -0.000000   102.600000     0.000000     0.000000     0.000000     0.000000
   -0.000000     1.000000    -0.000000  -102.600000     0.000000     0.000000     0.000000     0.000000     0.000000    -0.000000     0.000000     0.000000    -0.000000    -0.000000    -0.000000    -0.000000
   -0.000000    -0.000000     0.000000     0.000000     0.000000    -0.000000     1.000000    -0.000000    -0.000000     0.000000    -0.000000    -0.000000     0.000000     0.000000     0.000000     0.000000

   -0.008598     0.273900   -21.940000    -9.810000     0.000000     0.000000     0.000000     0.000000     0.000000    -0.000000     0.000000     0.000000    -0.000953     0.038530    -0.000000     0.017930
   -0.110300    -0.490500    56.510000    -0.000000     0.000000    -0.000000     0.000000    -0.000000     0.000000    -0.000000     0.000000     0.000000     0.003617    -0.150200     0.000000    -0.056120
    0.014270    -0.043510    -0.917600     0.000000    -0.003289    -0.106800     0.063570     0.000000    -0.000000     0.000000    -0.000000     0.000000    -0.000017    -0.009458     0.001539    -0.024420
   -0.000000    -0.000000     1.000000     0.000000     0.000000    -0.000000    -0.000000     0.000000    -0.000000     0.000000    -0.000000     0.000000     0.000000     0.000000     0.000000     0.000000
   -0.000000    -0.000000     0.000000    -0.000000    -0.053980    21.890000   -58.770000     9.810000    -0.000000     0.000000    -0.000000    -0.000000     0.000000    -0.000000    -0.000752    -0.000000
    0.002410    -0.007347    -0.155000    -0.000000    -0.321200   -10.030000     6.493000    -0.000000     0.000000    -0.000000     0.000000    -0.000000    -0.000003    -0.001597     0.146900    -0.004124
    0.000121    -0.000368    -0.007764    -0.000000     0.003047    -0.534800    -0.517600    -0.000000     0.000000    -0.000000     0.000000    -0.000000    -0.000000    -0.000080     0.003874    -0.000207
   -0.000000    -0.000000     0.000000     0.000000     0.000000     1.000000     0.000000     0.000000    -0.000000     0.000000    -0.000000     0.000000     0.000000     0.000000     0.000000     0.000000
    1.000000     0.000000    -0.000000    21.210000    -0.000000     0.000000     0.000000     0.000000     0.000000    -0.000000     0.000000     0.000000    -0.000000    -0.000000    -0.000000    -0.000000
    0.000000    -0.000000     0.000000    -0.000000     1.000000    -0.000000    -0.000000   -21.210000    -0.000000     0.000000    -0.000000    64.670000     0.000000     0.000000     0.000000     0.000000
   -0.000000     1.000000    -0.000000   -64.670000     0.000000     0.000000     0.000000     0.000000     0.000000    -0.000000     0.000000     0.000000    -0.000000    -0.000000    -0.000000    -0.000000
   -0.000000    -0.000000     0.000000     0.000000     0.000000    -0.000000     1.000000     0.000000    -0.000000     0.000000    -0.000000     0.000000     0.000000     0.000000     0.000000     0.000000
