u  w  q  the  v  p  r  phi  x  y  z  psi  |  slat  flap  aileron  elevator
   -0.015690     0.284100   -30.370000    -9.810000    -0.000000    -0.000000     0.000000     0.000000     0.000000    -0.000000     0.000000     0.000000    -0.000963     0.038110    -0.000000     0.018390
   -0.107500    -0.356600    55.250000    -0.000000     0.000000    -0.000000    -0.000000    -0.000000     0.000000    -0.000000     0.000000     0.000000     0.002506    -0.102000     0.000000    -0.039680
    0.022090    -0.045580    -0.930200     0.000000    -0.000928    -0.021970     0.021470     0.000000    -0.000000     0.000000    -0.000000     0.000000     0.000007    -0.009262     0.000318    -0.023100
   -0.000000    -0.000000     1.000000     0.000000     0.000000    -0.000000    -0.000000     0.000000    -0.000000     0.000000    -0.000000     0.000000     0.000000     0.000000     0.000000     0.000000
   -0.000000    -0.000000     0.000000    -0.000000    -0.036260    30.500000   -56.880000     9.810000    -0.000000     0.000000    -0.000000    -0.000000     0.000000    -0.000000    -0.001539    -0.000000
    0.000911    -0.001881    -0.038390    -0.000000    -0.923200   -23.900000    19.910000    -0.000000     0.000000    -0.000000     0.000000    -0.000000     0.000000    -0.000382     0.328300    -0.000953
   -0.000055     0.000113     0.002304    -0.000000    -0.007159    -0.913100    -0.358900    -0.000000     0.000000    -0.000000     0.000000    -0.000000    -0.000000     0.000023     0.006989     0.000057
   -0.000000    -0.000000     0.000000    -0.000000     0.000000     1.000000     0.000000     0.000000    -0.000000     0.000000    -0.000000     0.000000     0.000000     0.000000     0.000000     0.000000
    1.000000     0.000000    -0.000000    29.680000    -0.000000     0.000000     0.000000     0.000000     0.000000    -0.000000     0.000000     0.000000    -0.000000    -0.000000    -0.000000    -0.000000
    0.000000    -0.000000     0.000000    -0.000000     1.000000    -0.000000    -0.000000   -29.680000    -0.000000     0.000000    -0.000000    61.250000     0.000000     0.000000     0.000000     0.000000
   -0.000000     1.000000    -0.000000   -61.250000     0.000000     0.000000     0.000000     0.000000     0.000000    -0.000000     0.000000     0.000000    -0.000000    -0.000000    -0.000000    -0.000000
   -0.000000    -0.000000     0.000000     0.000000     0.000000    -0.000000     1.000000     0.000000    -0.000000     0.000000    -0.000000     0.000000     0.000000     0.000000     0.000000     0.000000

   -0.004039     0.175400   -23.160000    -9.810000     0.000000    -0.000000     0.000000     0.000000     0.000000    -0.000000     0.000000     0.000000    -0.000897     0.037790    -0.000000     0.018970
   -0.076250    -0.472400    93.670000    -0.000000     0.000000     0.000000    -0.000000    -0.000000     0.000000    -0.000000     0.000000     0.000000     0.005403    -0.232300    -0.000000    -0.082270
    0.015100    -0.067080    -1.366000     0.000000    -0.001329    -0.045440     0.028030     0.000000    -0.000000     0.000000    -0.000000     0.000000    -0.000023    -0.024930     0.001076    -0.056070
   -0.000000    -0.000000     1.000000     0.000000     0.000000    -0.000000    -0.000000     0.000000    -0.000000     0.000000    -0.000000     0.000000     0.000000     0.000000     0.000000     0.000000
    0.000000    -0.000000    -0.000000    -0.000000    -0.051040    23.150000   -96.080000     9.810000    -0.000000     0.000000    -0.000000    -0.000000    -0.000000    -0.000000     0.000561    -0.000000
    0.000769    -0.003419    -0.069620    -0.000000    -1.065000   -38.970000    20.740000    -0.000000     0.000000    -0.000000     0.000000    -0.000000    -0.000001    -0.001270     0.902400    -0.002858
   -0.000045     0.000200     0.004066    -0.000000     0.000691    -0.899600    -0.641400    -0.000000     0.000000    -0.000000     0.000000    -0.000000     0.000000     0.000074     0.014040     0.000167
   -0.000000    -0.000000     0.000000    -0.000000     0.000000     1.000000     0.000000     0.000000    -0.000000     0.000000    -0.000000     0.000000     0.000000     0.000000     0.000000     0.000000
    1.000000     0.000000    -0.000000    22.800000    -0.000000     0.000000     0.000000     0.000000     0.000000    -0.000000     0.000000     0.000000    -0.000000    -0.000000    -0.000000    -0.000000
    0.000000    -0.000000     0.000000    -0.000000     1.000000    -0.000000    -0.000000   -22.800000    -0.000000     0.000000    -0.000000   101.300000     0.000000     0.000000     0.000000     0.000000
   -0.000000     1.000000    -0.000000  -101.300000     0.000000     0.000000     0.000000     0.000000     0.000000    -0.000000     0.000000     0.000000    -0.000000    -0.000000    -0.000000    -0.000000
   -0.000000    -0.000000     0.000000     0.000000     0.000000    -0.000000     1.000000    -0.000000    -0.000000     0.000000    -0.000000     0.000000     0.000000     0.000000     0.000000     0.000000

   -0.000752     0.081100   -22.170000    -9.810000    -0.000000     0.000000     0.000000     0.000000     0.000000    -0.000000     0.000000     0.000000    -0.000713     0.032250    -0.000000     0.018420
   -0.043740    -0.461500   199.400000    -0.000000    -0.000000    -0.000000     0.000000    -0.000000     0.000000    -0.000000     0.000000     0.000000     0.010540    -0.478900    -0.000000    -0.157000
    0.010070    -0.094340    -1.890000     0.000000    -0.002549    -0.109500     0.049350     0.000000    -0.000000     0.000000    -0.000000     0.000000    -0.000228    -0.077490     0.005277    -0.159300
   -0.000000    -0.000000     1.000000     0.000000     0.000000    -0.000000    -0.000000     0.000000    -0.000000     0.000000    -0.000000     0.000000     0.000000     0.000000     0.000000     0.000000
    0.000000    -0.000000    -0.000000    -0.000000    -0.047980    22.070000  -201.900000     9.810000    -0.000000     0.000000    -0.000000    -0.000000     0.000000    -0.000000     0.004712    -0.000000
    0.000835    -0.007816    -0.156600    -0.000000    -1.316000   -60.090000    23.360000    -0.000000     0.000000    -0.000000     0.000000    -0.000000    -0.000019    -0.006420     2.869000    -0.013200
   -0.000045     0.000419     0.008387    -0.000000     0.007423    -0.976900    -0.910600    -0.000000     0.000000    -0.000000     0.000000    -0.000000     0.000001     0.000344     0.037030     0.000707
   -0.000000    -0.000000     0.000000     0.000000     0.000000     1.000000     0.000000     0.000000    -0.000000     0.000000    -0.000000     0.000000     0.000000     0.000000     0.000000     0.000000
    1.000000     0.000000    -0.000000    22.050000    -0.000000     0.000000     0.000000     0.000000     0.000000    -0.000000     0.000000     0.000000    -0.000000    -0.000000    -0.000000    -0.000000
    0.000000    -0.000000     0.000000    -0.000000     1.000000    -0.000000    -0.000000   -22.050000    -0.000000     0.000000    -0.000000   206.400000     0.000000     0.000000     0.000000     0.000000
   -0.000000     1.000000    -0.000000  -206.400000     0.000000     0.000000     0.000000     0.000000     0.000000    -0.000000     0.000000     0.000000    -0.000000    -0.000000    -0.000000    -0.000000
   -0.000000    -0.000000     0.000000     0.000000     0.000000    -0.000000     1.000000    -0.000000    -0.000000     0.000000    -0.000000     0.000000     0.000000     0.000000     0.000000     0.000000

   -0.000423     0.078050   -15.580000    -9.810000     0.000000    -0.000000     0.000000     0.000000     0.000000    -0.000000     0.000000     0.000000    -0.000638     0.029060    -0.000000     0.017730
   -0.046560    -0.613500   197.700000    -0.000000    -0.000000    -0.000000    -0.000000    -0.000000     0.000000    -0.000000     0.000000     0.000000     0.014040    -0.640300    -0.000000    -0.207900
    0.006987    -0.093590    -1.878000     0.000000    -0.002401    -0.110400     0.045050     0.000000    -0.000000     0.000000    -0.000000     0.000000    -0.000229    -0.077850     0.005331    -0.158400
   -0.000000    -0.000000     1.000000     0.000000     0.000000    -0.000000    -0.000000    -0.000000    -0.000000     0.000000    -0.000000     0.000000     0.000000     0.000000     0.000000     0.000000
    0.000000    -0.000000    -0.000000    -0.000000    -0.064770    15.380000  -201.000000     9.810000    -0.000000     0.000000    -0.000000    -0.000000     0.000000    -0.000000     0.007414    -0.000000
    0.000579    -0.007753    -0.155500    -0.000000    -1.231000   -60.300000    21.020000    -0.000000     0.000000    -0.000000     0.000000    -0.000000    -0.000019    -0.006450     2.893000    -0.013120
   -0.000031     0.000415     0.008332    -0.000000     0.009985    -0.878200    -0.940000    -0.000000     0.000000    -0.000000     0.000000    -0.000000     0.000001     0.000345     0.035820     0.000703
   -0.000000    -0.000000     0.000000     0.000000     0.000000     1.000000     0.000000     0.000000    -0.000000     0.000000    -0.000000     0.000000     0.000000     0.000000     0.000000     0.000000
    1.000000     0.000000    -0.000000    15.460000    -0.000000     0.000000     0.000000     0.000000     0.000000    -0.000000     0.000000     0.000000    -0.000000    -0.000000    -0.000000    -0.000000
    0.000000    -0.000000     0.000000    -0.000000     1.000000    -0.000000    -0.000000   -15.460000    -0.000000     0.000000    -0.000000   207.000000     0.000000     0.000000     0.000000     0.000000
   -0.000000     1.000000    -0.000000  -207.000000     0.000000     0.000000     0.000000     0.000000     0.000000    -0.000000     0.000000     0.000000    -0.000000    -0.000000    -0.000000    -0.000000
   -0.000000    -0.000000     0.000000     0.000000     0.000000    -0.000000     1.000000     0.000000    -0.000000     0.000000    -0.000000     0.000000     0.000000     0.000000     0.000000     0.000000

   -0.002550     0.171600   -16.840000    -9.810000     0.000000    -0.000000     0.000000     0.000000     0.000000    -0.000000     0.000000     0.000000    -0.000860     0.036560     0.000000     0.018710
   -0.078410    -0.627700    92.350000    -0.000000    -0.000000     0.000000     0.000000    -0.000000     0.000000    -0.000000     0.000000     0.000000     0.007247    -0.314400    -0.000000    -0.109400
    0.010680    -0.066450    -1.358000     0.000000    -0.001219    -0.046550     0.024750     0.000000    -0.000000     0.000000    -0.000000     0.000000    -0.000025    -0.025470     0.001112    -0.056190
   -0.000000    -0.000000     1.000000    -0.000000     0.000000    -0.000000    -0.000000    -0.000000    -0.000000     0.000000    -0.000000    -0.000000     0.000000     0.000000     0.000000     0.000000
   -0.000000    -0.000000     0.000000    -0.000000    -0.070000    16.720000   -95.620000     9.810000    -0.000000     0.000000    -0.000000    -0.000000    -0.000000    -0.000000     0.001992    -0.000000
    0.000544    -0.003387    -0.069210    -0.000000    -0.967300   -39.500000    17.990000    -0.000000     0.000000    -0.000000     0.000000    -0.000000    -0.000001    -0.001298     0.929500    -0.002864
   -0.000032     0.000198     0.004042    -0.000000     0.004108    -0.768500    -0.682600    -0.000000     0.000000    -0.000000     0.000000    -0.000000     0.000000     0.000076     0.013310     0.000167
   -0.000000    -0.000000     0.000000     0.000000     0.000000     1.000000     0.000000    -0.000000    -0.000000     0.000000    -0.000000    -0.000000     0.000000     0.000000     0.000000     0.000000
    1.000000     0.000000    -0.000000    16.480000    -0.000000     0.000000     0.000000     0.000000     0.000000    -0.000000     0.000000     0.000000    -0.000000    -0.000000    -0.000000    -0.000000
    0.000000    -0.000000     0.000000    -0.000000     1.000000    -0.000000    -0.000000   -16.480000    -0.000000     0.000000    -0.000000   102.500000     0.000000     0.000000     0.000000     0.000000
   -0.000000     1.000000    -0.000000  -102.500000     0.000000     0.000000     0.000000     0.000000     0.000000    -0.000000     0.000000     0.000000    -0.000000    -0.000000    -0.000000    -0.000000
   -0.000000    -0.000000     0.000000     0.000000     0.000000    -0.000000     1.000000    -0.000000    -0.000000     0.000000    -0.000000    -0.000000     0.000000     0.000000     0.000000     0.000000

   -0.009972     0.277400   -22.220000    -9.810000    -0.000000    -0.000000     0.000000     0.000000     0.000000    -0.000000     0.000000     0.000000    -0.000968     0.039090    -0.000000     0.018880
   -0.108000    -0.489500    56.280000    -0.000000     0.000000    -0.000000    -0.000000    -0.000000     0.000000    -0.000000     0.000000     0.000000     0.003605    -0.149700     0.000000    -0.056030
    0.015300    -0.045840    -0.941900     0.000000    -0.000826    -0.023880     0.018270     0.000000    -0.000000     0.000000    -0.000000     0.000000     0.000005    -0.010240     0.000361    -0.024510
   -0.000000    -0.000000     1.000000     0.000000     0.000000    -0.000000    -0.000000     0.000000    -0.000000     0.000000    -0.000000     0.000000     0.000000     0.000000     0.000000     0.000000
   -0.000000    -0.000000     0.000000    -0.000000    -0.053650    22.240000   -58.660000     9.810000    -0.000000     0.000000    -0.000000    -0.000000    -0.000000    -0.000000    -0.000798    -0.000000
    0.000631    -0.001892    -0.038870    -0.000000    -0.811400   -25.300000    16.620000    -0.000000     0.000000    -0.000000     0.000000    -0.000000     0.000000    -0.000422     0.369800    -0.001011
   -0.000038     0.000113     0.002333    -0.000000    -0.002587    -0.744700    -0.421800    -0.000000     0.000000    -0.000000     0.000000    -0.000000    -0.000000     0.000025     0.006710     0.000061
   -0.000000    -0.000000     0.000000     0.000000     0.000000     1.000000     0.000000     0.000000    -0.000000     0.000000    -0.000000     0.000000     0.000000     0.000000     0.000000     0.000000
    1.000000     0.000000    -0.000000    21.540000    -0.000000     0.000000     0.000000     0.000000     0.000000    -0.000000     0.000000     0.000000    -0.000000    -0.000000    -0.000000    -0.000000
    0.000000    -0.000000     0.000000    -0.000000     1.000000    -0.000000    -0.000000   -21.540000    -0.000000     0.000000    -0.000000    64.560000     0.000000     0.000000     0.000000     0.000000
   -0.000000     1.000000    -0.000000   -64.560000     0.000000     0.000000     0.000000     0.000000     0.000000    -0.000000     0.000000     0.000000    -0.000000    -0.000000    -0.000000    -0.000000
   -0.000000    -0.000000     0.000000     0.000000     0.000000    -0.000000     1.000000    -0.000000    -0.000000     0.000000    -0.000000     0.000000     0.000000     0.000000     0.000000     0.000000
