u  w  q  the  v  p  r  phi  x  y  z  psi  |  slat  flap  aileron  elevator
   -0.006476     0.264800   -28.240000    -9.810000     0.000000     0.000000     0.000000     0.000000     0.000000    -0.000000     0.000000     0.000000    -0.000894     0.035580    -0.000000     0.013770
   -0.119800    -0.364000    56.760000    -0.000000     0.000000     0.000000    -0.000000    -0.000000     0.000000    -0.000000     0.000000     0.000000     0.002591    -0.105900     0.000000    -0.040550
    0.013440    -0.030690    -0.747500     0.000000    -0.001192    -0.030000     0.025080     0.000000    -0.000000     0.000000    -0.000000     0.000000    -0.000096    -0.004967     0.000432    -0.020920
   -0.000000    -0.000000     1.000000     0.000000     0.000000    -0.000000    -0.000000     0.000000    -0.000000     0.000000    -0.000000     0.000000     0.000000     0.000000     0.000000     0.000000
   -0.000000    -0.000000     0.000000    -0.000000    -0.038270    28.040000   -57.970000     9.810000    -0.000000     0.000000    -0.000000    -0.000000     0.000000    -0.000000    -0.001312    -0.000000
    0.000740    -0.001689    -0.041150    -0.000000    -0.895500   -23.640000    18.010000    -0.000000     0.000000    -0.000000     0.000000    -0.000000    -0.000005    -0.000273     0.331200    -0.001151
   -0.000025     0.000057     0.001390    -0.000000    -0.007165    -0.806200    -0.317900    -0.000000     0.000000    -0.000000     0.000000    -0.000000     0.000000     0.000009     0.006551     0.000039
   -0.000000    -0.000000     0.000000    -0.000000     0.000000     1.000000     0.000000     0.000000    -0.000000     0.000000    -0.000000     0.000000     0.000000     0.000000     0.000000     0.000000
    1.000000     0.000000    -0.000000    27.300000    -0.000000     0.000000     0.000000     0.000000     0.000000    -0.000000     0.000000     0.000000    -0.000000    -0.000000    -0.000000    -0.000000
    0.000000    -0.000000     0.000000    -0.000000     1.000000    -0.000000    -0.000000   -27.300000    -0.000000     0.000000    -0.000000    62.340000     0.000000     0.000000     0.000000     0.000000
   -0.000000     1.000000    -0.000000   -62.340000     0.000000     0.000000     0.000000     0.000000     0.000000    -0.000000     0.000000     0.000000    -0.000000    -0.000000    -0.000000    -0.000000
   -0.000000    -0.000000     0.000000    -0.000000     0.000000    -0.000000     1.000000    -0.000000    -0.000000     0.000000    -0.000000     0.000000     0.000000     0.000000     0.000000     0.000000

   -0.001179     0.163300   -21.450000    -9.810000     0.000000    -0.000000     0.000000     0.000000     0.000000    -0.000000     0.000000     0.000000    -0.000819     0.034580     0.000000     0.013380
   -0.084520    -0.475100    94.700000    -0.000000    -0.000000     0.000000     0.000000    -0.000000     0.000000    -0.000000     0.000000     0.000000     0.005442    -0.234400    -0.000000    -0.082340
    0.008744    -0.042480    -1.082000     0.000000    -0.001665    -0.059020     0.031740     0.000000    -0.000000     0.000000    -0.000000     0.000000    -0.000281    -0.012860     0.001389    -0.049630
   -0.000000    -0.000000     1.000000     0.000000     0.000000    -0.000000    -0.000000     0.000000    -0.000000     0.000000    -0.000000     0.000000     0.000000     0.000000     0.000000     0.000000
    0.000000    -0.000000    -0.000000    -0.000000    -0.052210    21.240000   -96.540000     9.810000    -0.000000     0.000000    -0.000000    -0.000000    -0.000000     0.000000     0.000800    -0.000000
    0.000590    -0.002869    -0.073090    -0.000000    -1.025000   -37.720000    18.520000    -0.000000     0.000000    -0.000000     0.000000    -0.000000    -0.000019    -0.000869     0.877500    -0.003351
   -0.000019     0.000094     0.002400    -0.000000    -0.000534    -0.801800    -0.563800    -0.000000     0.000000    -0.000000     0.000000    -0.000000     0.000001     0.000029     0.012960     0.000110
   -0.000000    -0.000000     0.000000    -0.000000     0.000000     1.000000     0.000000     0.000000    -0.000000     0.000000    -0.000000     0.000000     0.000000     0.000000     0.000000     0.000000
    1.000000     0.000000    -0.000000    20.930000    -0.000000     0.000000     0.000000     0.000000     0.000000    -0.000000     0.000000     0.000000    -0.000000    -0.000000    -0.000000    -0.000000
    0.000000    -0.000000     0.000000    -0.000000     1.000000    -0.000000    -0.000000   -20.930000    -0.000000     0.000000    -0.000000   101.700000     0.000000     0.000000     0.000000     0.000000
   -0.000000     1.000000    -0.000000  -101.700000     0.000000     0.000000     0.000000     0.000000     0.000000    -0.000000     0.000000     0.000000    -0.000000    -0.000000    -0.000000    -0.000000
   -0.000000    -0.000000     0.000000     0.000000     0.000000    -0.000000     1.000000    -0.000000    -0.000000     0.000000    -0.000000     0.000000     0.000000     0.000000     0.000000     0.000000

   -0.000040     0.075180   -20.300000    -9.810000    -0.000000     0.000000     0.000000     0.000000     0.000000    -0.000000     0.000000     0.000000    -0.000638     0.028970    -0.000000     0.012150
   -0.047990    -0.462400   200.300000    -0.000000    -0.000000    -0.000000    -0.000000    -0.000000     0.000000    -0.000000     0.000000     0.000000     0.010560    -0.480000    -0.000000    -0.156600
    0.005538    -0.056920    -1.464000     0.000000    -0.003044    -0.134700     0.052910     0.000000    -0.000000     0.000000    -0.000000     0.000000    -0.000952    -0.039350     0.006471    -0.138200
   -0.000000    -0.000000     1.000000     0.000000     0.000000    -0.000000    -0.000000     0.000000    -0.000000     0.000000    -0.000000     0.000000     0.000000     0.000000     0.000000     0.000000
    0.000000    -0.000000    -0.000000    -0.000000    -0.048550    20.110000  -202.200000     9.810000    -0.000000     0.000000    -0.000000    -0.000000     0.000000    -0.000000     0.004924    -0.000000
    0.000594    -0.006110    -0.157100    -0.000000    -1.238000   -56.680000    20.290000    -0.000000     0.000000    -0.000000     0.000000    -0.000000    -0.000102    -0.004224     2.709000    -0.014840
   -0.000018     0.000184     0.004735    -0.000000     0.005090    -0.856000    -0.786600    -0.000000     0.000000    -0.000000     0.000000    -0.000000     0.000003     0.000127     0.033010     0.000447
   -0.000000    -0.000000     0.000000     0.000000     0.000000     1.000000     0.000000     0.000000    -0.000000     0.000000    -0.000000     0.000000     0.000000     0.000000     0.000000     0.000000
    1.000000     0.000000    -0.000000    20.100000    -0.000000     0.000000     0.000000     0.000000     0.000000    -0.000000     0.000000     0.000000    -0.000000    -0.000000    -0.000000    -0.000000
    0.000000    -0.000000     0.000000    -0.000000     1.000000    -0.000000    -0.000000   -20.100000    -0.000000     0.000000    -0.000000   206.600000     0.000000     0.000000     0.000000     0.000000
   -0.000000     1.000000    -0.000000  -206.600000     0.000000     0.000000     0.000000     0.000000     0.000000    -0.000000     0.000000     0.000000    -0.000000    -0.000000    -0.000000    -0.000000
   -0.000000    -0.000000     0.000000     0.000000     0.000000    -0.000000     1.000000     0.000000    -0.000000     0.000000    -0.000000     0.000000     0.000000     0.000000     0.000000     0.000000

    0.000072     0.072140   -14.190000    -9.810000     0.000000     0.000000     0.000000     0.000000     0.000000    -0.000000     0.000000     0.000000    -0.000563     0.025750    -0.000000     0.011400
   -0.050800    -0.614200   198.700000    -0.000000    -0.000000    -0.000000     0.000000    -0.000000     0.000000    -0.000000     0.000000     0.000000     0.014050    -0.641200    -0.000000    -0.207500
    0.003789    -0.056040    -1.455000     0.000000    -0.002860    -0.135400     0.047980     0.000000    -0.000000     0.000000    -0.000000     0.000000    -0.000957    -0.039430     0.006525    -0.137500
   -0.000000    -0.000000     1.000000     0.000000     0.000000    -0.000000    -0.000000     0.000000    -0.000000     0.000000    -0.000000     0.000000     0.000000     0.000000     0.000000     0.000000
   -0.000000    -0.000000    -0.000000    -0.000000    -0.065340    13.910000  -201.200000     9.810000    -0.000000     0.000000    -0.000000    -0.000000     0.000000    -0.000000     0.007623    -0.000000
    0.000407    -0.006015    -0.156200    -0.000000    -1.159000   -56.860000    18.220000    -0.000000     0.000000    -0.000000     0.000000    -0.000000    -0.000103    -0.004232     2.730000    -0.014760
   -0.000012     0.000181     0.004707    -0.000000     0.007207    -0.774300    -0.810000    -0.000000     0.000000    -0.000000     0.000000    -0.000000     0.000003     0.000128     0.031970     0.000445
   -0.000000    -0.000000     0.000000    -0.000000     0.000000     1.000000     0.000000     0.000000    -0.000000     0.000000    -0.000000     0.000000     0.000000     0.000000     0.000000     0.000000
    1.000000     0.000000    -0.000000    14.010000    -0.000000     0.000000     0.000000     0.000000     0.000000    -0.000000     0.000000     0.000000    -0.000000    -0.000000    -0.000000    -0.000000
    0.000000    -0.000000     0.000000    -0.000000     1.000000    -0.000000    -0.000000   -14.010000    -0.000000     0.000000    -0.000000   207.100000     0.000000     0.000000     0.000000     0.000000
   -0.000000     1.000000    -0.000000  -207.100000     0.000000     0.000000     0.000000     0.000000     0.000000    -0.000000     0.000000     0.000000    -0.000000    -0.000000    -0.000000    -0.000000
   -0.000000    -0.000000     0.000000     0.000000     0.000000    -0.000000     1.000000     0.000000    -0.000000     0.000000    -0.000000     0.000000     0.000000     0.000000     0.000000     0.000000

   -0.000509     0.159600   -15.600000    -9.810000     0.000000    -0.000000     0.000000     0.000000     0.000000    -0.000000     0.000000     0.000000    -0.000780     0.033230     0.000000     0.012980
   -0.086630    -0.629900    93.410000    -0.000000     0.000000     0.000000    -0.000000    -0.000000     0.000000    -0.000000     0.000000     0.000000     0.007274    -0.315800    -0.000000    -0.109300
    0.006096    -0.041490    -1.076000     0.000000    -0.001521    -0.060050     0.027790     0.000000    -0.000000     0.000000    -0.000000     0.000000    -0.000288    -0.013040     0.001428    -0.049700
   -0.000000    -0.000000     1.000000     0.000000     0.000000    -0.000000    -0.000000     0.000000    -0.000000     0.000000    -0.000000     0.000000     0.000000     0.000000     0.000000     0.000000
    0.000000    -0.000000    -0.000000    -0.000000    -0.071120    15.280000   -95.920000     9.810000    -0.000000     0.000000    -0.000000    -0.000000    -0.000000     0.000000     0.002228    -0.000000
    0.000412    -0.002801    -0.072670    -0.000000    -0.931100   -38.160000    16.030000    -0.000000     0.000000    -0.000000     0.000000    -0.000000    -0.000019    -0.000881     0.900200    -0.003356
   -0.000014     0.000092     0.002386    -0.000000     0.002398    -0.691200    -0.598600    -0.000000     0.000000    -0.000000     0.000000    -0.000000     0.000001     0.000029     0.012310     0.000110
   -0.000000    -0.000000     0.000000    -0.000000     0.000000     1.000000     0.000000     0.000000    -0.000000     0.000000    -0.000000     0.000000     0.000000     0.000000     0.000000     0.000000
    1.000000     0.000000    -0.000000    15.100000    -0.000000     0.000000     0.000000     0.000000     0.000000    -0.000000     0.000000     0.000000    -0.000000    -0.000000    -0.000000    -0.000000
    0.000000    -0.000000     0.000000    -0.000000     1.000000    -0.000000    -0.000000   -15.100000    -0.000000     0.000000    -0.000000   102.700000     0.000000     0.000000     0.000000     0.000000
   -0.000000     1.000000    -0.000000  -102.700000     0.000000     0.000000     0.000000     0.000000     0.000000    -0.000000     0.000000     0.000000    -0.000000    -0.000000    -0.000000    -0.000000
   -0.000000    -0.000000     0.000000     0.000000     0.000000    -0.000000     1.000000     0.000000    -0.000000     0.000000    -0.000000     0.000000     0.000000     0.000000     0.000000     0.000000

   -0.003659     0.258700   -20.730000    -9.810000     0.000000     0.000000     0.000000     0.000000     0.000000    -0.000000     0.000000     0.000000    -0.000890     0.036080    -0.000000     0.013810
   -0.120200    -0.494800    57.460000    -0.000000    -0.000000    -0.000000    -0.000000    -0.000000     0.000000    -0.000000     0.000000     0.000000     0.003663    -0.152400     0.000000    -0.056460
    0.009107    -0.029940    -0.754000     0.000000    -0.001055    -0.031880     0.021150     0.000000    -0.000000     0.000000    -0.000000     0.000000    -0.000107    -0.005343     0.000479    -0.021940
   -0.000000    -0.000000     1.000000     0.000000     0.000000    -0.000000    -0.000000     0.000000    -0.000000     0.000000    -0.000000     0.000000     0.000000     0.000000     0.000000     0.000000
   -0.000000     0.000000     0.000000    -0.000000    -0.055470    20.430000   -59.250000     9.810000    -0.000000     0.000000    -0.000000    -0.000000    -0.000000    -0.000000    -0.000556    -0.000000
    0.000501    -0.001648    -0.041510    -0.000000    -0.786700   -24.780000    15.000000    -0.000000     0.000000    -0.000000     0.000000    -0.000000    -0.000006    -0.000294     0.365700    -0.001208
   -0.000017     0.000056     0.001402    -0.000000    -0.003153    -0.663300    -0.372900    -0.000000     0.000000    -0.000000     0.000000    -0.000000     0.000000     0.000010     0.006257     0.000041
   -0.000000    -0.000000     0.000000    -0.000000     0.000000     1.000000     0.000000     0.000000    -0.000000     0.000000    -0.000000     0.000000     0.000000     0.000000     0.000000     0.000000
    1.000000     0.000000    -0.000000    19.810000    -0.000000     0.000000     0.000000     0.000000     0.000000    -0.000000     0.000000     0.000000    -0.000000    -0.000000    -0.000000    -0.000000
    0.000000    -0.000000     0.000000    -0.000000     1.000000    -0.000000    -0.000000   -19.810000    -0.000000     0.000000    -0.000000    65.110000     0.000000     0.000000     0.000000     0.000000
   -0.000000     1.000000    -0.000000   -65.110000     0.000000     0.000000     0.000000     0.000000     0.000000    -0.000000     0.000000     0.000000    -0.000000    -0.000000    -0.000000    -0.000000
   -0.000000    -0.000000     0.000000     0.000000     0.000000    -0.000000     1.000000    -0.000000    -0.000000     0.000000    -0.000000     0.000000     0.000000     0.000000     0.000000     0.000000
