u  w  q  the  v  p  r  phi  x  y  z  psi  |  slat  flap  aileron  elevator
   -0.012240     0.277600   -29.660000    -9.810000    -0.000000     0.000000     0.000000     0.000000     0.000000    -0.000000     0.000000     0.000000    -0.000940     0.037280    -0.000000     0.016890
   -0.111500    -0.359100    55.770000    -0.000000     0.000000    -0.000000    -0.000000    -0.000000     0.000000    -0.000000     0.000000     0.000000     0.002536    -0.103300     0.000000    -0.039990
    0.019410    -0.041420    -0.882000     0.000000    -0.001122    -0.027380     0.024970     0.000000    -0.000000     0.000000    -0.000000     0.000000    -0.000028    -0.008002     0.000393    -0.022840
   -0.000000    -0.000000     1.000000     0.000000     0.000000    -0.000000    -0.000000     0.000000    -0.000000     0.000000    -0.000000     0.000000     0.000000     0.000000     0.000000     0.000000
   -0.000000    -0.000000    -0.000000    -0.000000    -0.036920    29.680000   -57.260000     9.810000    -0.000000     0.000000    -0.000000    -0.000000     0.000000    -0.000000    -0.001463    -0.000000
    0.000962    -0.002053    -0.043700    -0.000000    -0.906600   -23.640000    19.100000    -0.000000     0.000000    -0.000000     0.000000    -0.000000    -0.000001    -0.000396     0.326900    -0.001132
   -0.000042     0.000090     0.001912    -0.000000    -0.007229    -0.892500    -0.353600    -0.000000     0.000000    -0.000000     0.000000    -0.000000     0.000000     0.000017     0.006957     0.000049
   -0.000000    -0.000000     0.000000    -0.000000     0.000000     1.000000     0.000000     0.000000    -0.000000     0.000000    -0.000000     0.000000     0.000000     0.000000     0.000000     0.000000
    1.000000     0.000000    -0.000000    28.880000    -0.000000     0.000000     0.000000     0.000000     0.000000    -0.000000     0.000000     0.000000    -0.000000    -0.000000    -0.000000    -0.000000
    0.000000    -0.000000     0.000000    -0.000000     1.000000    -0.000000    -0.000000   -28.880000    -0.000000     0.000000    -0.000000    61.630000     0.000000     0.000000     0.000000     0.000000
   -0.000000     1.000000    -0.000000   -61.630000     0.000000     0.000000     0.000000     0.000000     0.000000    -0.000000     0.000000     0.000000    -0.000000    -0.000000    -0.000000    -0.000000
   -0.000000    -0.000000     0.000000     0.000000     0.000000    -0.000000     1.000000     0.000000    -0.000000     0.000000    -0.000000     0.000000     0.000000     0.000000     0.000000     0.000000

   -0.002958     0.171400   -22.590000    -9.810000    -0.000000    -0.000000     0.000000     0.000000     0.000000    -0.000000     0.000000     0.000000    -0.000871     0.036730     0.000000     0.017120
   -0.078990    -0.473300    94.020000    -0.000000     0.000000     0.000000    -0.000000    -0.000000     0.000000    -0.000000     0.000000     0.000000     0.005416    -0.233000    -0.000000    -0.082300
    0.013150    -0.060180    -1.294000     0.000000    -0.001593    -0.055510     0.032250     0.000000    -0.000000     0.000000    -0.000000     0.000000    -0.000113    -0.021350     0.001309    -0.055230
   -0.000000    -0.000000     1.000000     0.000000     0.000000    -0.000000    -0.000000    -0.000000    -0.000000     0.000000    -0.000000     0.000000     0.000000     0.000000     0.000000     0.000000
    0.000000    -0.000000    -0.000000    -0.000000    -0.051420    22.520000   -96.240000     9.810000    -0.000000     0.000000    -0.000000    -0.000000     0.000000    -0.000000     0.000641    -0.000000
    0.000802    -0.003667    -0.078850    -0.000000    -1.041000   -38.180000    19.780000    -0.000000     0.000000    -0.000000     0.000000    -0.000000    -0.000007    -0.001301     0.885500    -0.003365
   -0.000034     0.000157     0.003376    -0.000000     0.000410    -0.883500    -0.632600    -0.000000     0.000000    -0.000000     0.000000    -0.000000     0.000000     0.000056     0.013920     0.000144
   -0.000000    -0.000000     0.000000     0.000000     0.000000     1.000000     0.000000     0.000000    -0.000000     0.000000    -0.000000     0.000000     0.000000     0.000000     0.000000     0.000000
    1.000000     0.000000    -0.000000    22.180000    -0.000000     0.000000     0.000000     0.000000     0.000000    -0.000000     0.000000     0.000000    -0.000000    -0.000000    -0.000000    -0.000000
    0.000000    -0.000000     0.000000    -0.000000     1.000000    -0.000000    -0.000000   -22.180000    -0.000000     0.000000    -0.000000   101.400000     0.000000     0.000000     0.000000     0.000000
   -0.000000     1.000000    -0.000000  -101.400000     0.000000     0.000000     0.000000     0.000000     0.000000    -0.000000     0.000000     0.000000    -0.000000    -0.000000    -0.000000    -0.000000
   -0.000000    -0.000000     0.000000     0.000000     0.000000    -0.000000     1.000000     0.000000    -0.000000     0.000000    -0.000000     0.000000     0.000000     0.000000     0.000000     0.000000

   -0.000477     0.079130   -21.550000    -9.810000    -0.000000    -0.000000     0.000000     0.000000     0.000000    -0.000000     0.000000     0.000000    -0.000688     0.031160    -0.000000     0.016340
   -0.045150    -0.461800   199.700000    -0.000000    -0.000000     0.000000    -0.000000    -0.000000     0.000000    -0.000000     0.000000     0.000000     0.010550    -0.479200    -0.000000    -0.156800
    0.008761    -0.084540    -1.799000     0.000000    -0.003024    -0.131900     0.056130     0.000000    -0.000000     0.000000    -0.000000     0.000000    -0.000497    -0.066790     0.006345    -0.157900
   -0.000000    -0.000000     1.000000     0.000000     0.000000    -0.000000    -0.000000     0.000000    -0.000000     0.000000    -0.000000     0.000000     0.000000     0.000000     0.000000     0.000000
   -0.000000    -0.000000    -0.000000    -0.000000    -0.048160    21.420000  -202.000000     9.810000    -0.000000     0.000000    -0.000000    -0.000000     0.000000    -0.000000     0.004783    -0.000000
    0.000856    -0.008259    -0.175800    -0.000000    -1.269000   -58.020000    21.930000    -0.000000     0.000000    -0.000000     0.000000    -0.000000    -0.000049    -0.006524     2.771000    -0.015430
   -0.000034     0.000331     0.007034    -0.000000     0.007137    -0.960000    -0.905700    -0.000000     0.000000    -0.000000     0.000000    -0.000000     0.000002     0.000261     0.036490     0.000617
   -0.000000    -0.000000     0.000000    -0.000000     0.000000     1.000000     0.000000     0.000000    -0.000000     0.000000    -0.000000     0.000000     0.000000     0.000000     0.000000     0.000000
    1.000000     0.000000    -0.000000    21.400000    -0.000000     0.000000     0.000000     0.000000     0.000000    -0.000000     0.000000     0.000000    -0.000000    -0.000000    -0.000000    -0.000000
    0.000000    -0.000000     0.000000    -0.000000     1.000000    -0.000000    -0.000000   -21.400000    -0.000000     0.000000    -0.000000   206.500000     0.000000     0.000000     0.000000     0.000000
   -0.000000     1.000000    -0.000000  -206.500000     0.000000     0.000000     0.000000     0.000000     0.000000    -0.000000     0.000000     0.000000    -0.000000    -0.000000    -0.000000    -0.000000
   -0.000000    -0.000000     0.000000    -0.000000     0.000000    -0.000000     1.000000    -0.000000    -0.000000     0.000000    -0.000000     0.000000     0.000000     0.000000     0.000000     0.000000

   -0.000230     0.076080   -15.120000    -9.810000     0.000000    -0.000000     0.000000     0.000000     0.000000    -0.000000     0.000000     0.000000    -0.000613     0.027960    -0.000000     0.015620
   -0.047970    -0.613700   198.000000    -0.000000    -0.000000    -0.000000    -0.000000    -0.000000     0.000000    -0.000000     0.000000     0.000000     0.014040    -0.640600    -0.000000    -0.207800
    0.006053    -0.083710    -1.788000     0.000000    -0.002844    -0.132800     0.051070     0.000000    -0.000000     0.000000    -0.000000     0.000000    -0.000500    -0.067050     0.006405    -0.157000
   -0.000000    -0.000000     1.000000     0.000000     0.000000    -0.000000    -0.000000    -0.000000    -0.000000     0.000000    -0.000000     0.000000     0.000000     0.000000     0.000000     0.000000
    0.000000    -0.000000    -0.000000    -0.000000    -0.064960    14.890000  -201.100000     9.810000    -0.000000     0.000000    -0.000000    -0.000000     0.000000    -0.000000     0.007484    -0.000000
    0.000591    -0.008178    -0.174700    -0.000000    -1.187000   -58.210000    19.720000    -0.000000     0.000000    -0.000000     0.000000    -0.000000    -0.000049    -0.006550     2.793000    -0.015340
   -0.000024     0.000327     0.006989    -0.000000     0.009623    -0.863600    -0.933600    -0.000000     0.000000    -0.000000     0.000000    -0.000000     0.000002     0.000262     0.035290     0.000614
   -0.000000    -0.000000     0.000000     0.000000     0.000000     1.000000     0.000000     0.000000    -0.000000     0.000000    -0.000000     0.000000     0.000000     0.000000     0.000000     0.000000
    1.000000     0.000000    -0.000000    14.970000    -0.000000     0.000000     0.000000     0.000000     0.000000    -0.000000     0.000000     0.000000    -0.000000    -0.000000    -0.000000    -0.000000
    0.000000    -0.000000     0.000000    -0.000000     1.000000    -0.000000    -0.000000   -14.970000    -0.000000     0.000000    -0.000000   207.100000     0.000000     0.000000     0.000000     0.000000
   -0.000000     1.000000    -0.000000  -207.100000     0.000000     0.000000     0.000000     0.000000     0.000000    -0.000000     0.000000     0.000000    -0.000000    -0.000000    -0.000000    -0.000000
   -0.000000    -0.000000     0.000000     0.000000     0.000000    -0.000000     1.000000     0.000000    -0.000000     0.000000    -0.000000     0.000000     0.000000     0.000000     0.000000     0.000000

   -0.001773     0.167600   -16.430000    -9.810000    -0.000000    -0.000000    -0.000000     0.000000     0.000000    -0.000000     0.000000     0.000000    -0.000833     0.035450     0.000000     0.016810
   -0.081130    -0.628500    92.700000    -0.000000    -0.000000     0.000000     0.000000    -0.000000     0.000000    -0.000000     0.000000     0.000000     0.007257    -0.314900    -0.000000    -0.109300
    0.009274    -0.059390    -1.286000     0.000000    -0.001457    -0.056670     0.028360     0.000000    -0.000000     0.000000    -0.000000     0.000000    -0.000118    -0.021770     0.001349    -0.055330
   -0.000000    -0.000000     1.000000     0.000000     0.000000    -0.000000    -0.000000     0.000000    -0.000000     0.000000    -0.000000     0.000000     0.000000     0.000000     0.000000     0.000000
   -0.000000    -0.000000    -0.000000    -0.000000    -0.070370    16.240000   -95.730000     9.810000    -0.000000     0.000000    -0.000000    -0.000000    -0.000000    -0.000000     0.002070    -0.000000
    0.000565    -0.003619    -0.078370    -0.000000    -0.945700   -38.670000    17.140000    -0.000000     0.000000    -0.000000     0.000000    -0.000000    -0.000007    -0.001326     0.910800    -0.003371
   -0.000024     0.000155     0.003356    -0.000000     0.003735    -0.756300    -0.672300    -0.000000     0.000000    -0.000000     0.000000    -0.000000     0.000000     0.000057     0.013190     0.000144
   -0.000000    -0.000000     0.000000    -0.000000     0.000000     1.000000     0.000000     0.000000    -0.000000     0.000000    -0.000000     0.000000     0.000000     0.000000     0.000000     0.000000
    1.000000     0.000000    -0.000000    16.020000    -0.000000     0.000000     0.000000     0.000000     0.000000    -0.000000     0.000000     0.000000    -0.000000    -0.000000    -0.000000    -0.000000
    0.000000    -0.000000     0.000000    -0.000000     1.000000    -0.000000    -0.000000   -16.020000    -0.000000     0.000000    -0.000000   102.600000     0.000000     0.000000     0.000000     0.000000
   -0.000000     1.000000    -0.000000  -102.600000     0.000000     0.000000     0.000000     0.000000     0.000000    -0.000000     0.000000     0.000000    -0.000000    -0.000000    -0.000000    -0.000000
   -0.000000    -0.000000     0.000000     0.000000     0.000000    -0.000000     1.000000     0.000000    -0.000000     0.000000    -0.000000     0.000000     0.000000     0.000000     0.000000     0.000000

   -0.007604     0.271100   -21.730000    -9.810000    -0.000000     0.000000     0.000000     0.000000     0.000000    -0.000000     0.000000     0.000000    -0.000942     0.038100    -0.000000     0.017210
   -0.112100    -0.491300    56.680000    -0.000000     0.000000    -0.000000     0.000000    -0.000000     0.000000    -0.000000     0.000000     0.000000     0.003625    -0.150600     0.000000    -0.056190
    0.013370    -0.041300    -0.891600     0.000000    -0.000995    -0.029450     0.021150     0.000000    -0.000000     0.000000    -0.000000     0.000000    -0.000033    -0.008769     0.000443    -0.024130
   -0.000000    -0.000000     1.000000    -0.000000     0.000000    -0.000000    -0.000000    -0.000000    -0.000000     0.000000    -0.000000    -0.000000     0.000000     0.000000     0.000000     0.000000
   -0.000000    -0.000000    -0.000000    -0.000000    -0.054240    21.630000   -58.860000     9.810000    -0.000000     0.000000    -0.000000    -0.000000    -0.000000    -0.000000    -0.000717    -0.000000
    0.000663    -0.002046    -0.044180    -0.000000    -0.796600   -24.930000    15.940000    -0.000000     0.000000    -0.000000     0.000000    -0.000000    -0.000002    -0.000434     0.365600    -0.001195
   -0.000029     0.000090     0.001932    -0.000000    -0.002760    -0.729500    -0.414900    -0.000000     0.000000    -0.000000     0.000000    -0.000000     0.000000     0.000019     0.006661     0.000052
   -0.000000    -0.000000     0.000000     0.000000     0.000000     1.000000     0.000000    -0.000000    -0.000000     0.000000    -0.000000    -0.000000     0.000000     0.000000     0.000000     0.000000
    1.000000     0.000000    -0.000000    20.960000    -0.000000     0.000000     0.000000     0.000000     0.000000    -0.000000     0.000000     0.000000    -0.000000    -0.000000    -0.000000    -0.000000
    0.000000    -0.000000     0.000000    -0.000000     1.000000    -0.000000    -0.000000   -20.960000    -0.000000     0.000000    -0.000000    64.750000     0.000000     0.000000     0.000000     0.000000
   -0.000000     1.000000    -0.000000   -64.750000     0.000000     0.000000     0.000000     0.000000     0.000000    -0.000000     0.000000     0.000000    -0.000000    -0.000000    -0.000000    -0.000000
   -0.000000    -0.000000     0.000000     0.000000     0.000000    -0.000000     1.000000    -0.000000    -0.000000     0.000000    -0.000000    -0.000000     0.000000     0.000000     0.000000     0.000000
