u  w  q  the  v  p  r  phi  x  y  z  psi  |  slat  flap  aileron  elevator
   -0.013410     0.279900   -29.910000    -9.810000    -0.000000     0.000000     0.000000     0.000000     0.000000    -0.000000     0.000000     0.000000    -0.000949     0.037580    -0.000000     0.017420
   -0.110100    -0.358200    55.590000    -0.000000     0.000000    -0.000000    -0.000000    -0.000000     0.000000    -0.000000     0.000000     0.000000     0.002525    -0.102900     0.000000    -0.039880
    0.020510    -0.043260    -0.906000     0.000000    -0.003538    -0.095300     0.072820     0.000000    -0.000000     0.000000    -0.000000     0.000000    -0.000015    -0.008522     0.001290    -0.023120
   -0.000000    -0.000000     1.000000     0.000000     0.000000    -0.000000    -0.000000     0.000000    -0.000000     0.000000    -0.000000     0.000000     0.000000     0.000000     0.000000     0.000000
    0.000000    -0.000000     0.000000    -0.000000    -0.036690    29.970000   -57.120000     9.810000    -0.000000     0.000000    -0.000000    -0.000000     0.000000    -0.000000    -0.001490    -0.000000
    0.003236    -0.006825    -0.142900    -0.000000    -0.407200   -10.590000     8.654000    -0.000000     0.000000    -0.000000     0.000000    -0.000000    -0.000002    -0.001345     0.146100    -0.003647
    0.000138    -0.000291    -0.006090    -0.000000    -0.001047    -0.722200    -0.473800    -0.000000     0.000000    -0.000000     0.000000    -0.000000    -0.000000    -0.000057     0.004652    -0.000155
   -0.000000    -0.000000     0.000000     0.000000     0.000000     1.000000     0.000000     0.000000    -0.000000     0.000000    -0.000000     0.000000     0.000000     0.000000     0.000000     0.000000
    1.000000     0.000000    -0.000000    29.160000    -0.000000     0.000000     0.000000     0.000000     0.000000    -0.000000     0.000000     0.000000    -0.000000    -0.000000    -0.000000    -0.000000
    0.000000    -0.000000     0.000000    -0.000000     1.000000    -0.000000    -0.000000   -29.160000    -0.000000     0.000000    -0.000000    61.500000     0.000000     0.000000     0.000000     0.000000
   -0.000000     1.000000    -0.000000   -61.500000     0.000000     0.000000     0.000000     0.000000     0.000000    -0.000000     0.000000     0.000000    -0.000000    -0.000000    -0.000000    -0.000000
   -0.000000    -0.000000     0.000000     0.000000     0.000000    -0.000000     1.000000    -0.000000    -0.000000     0.000000    -0.000000     0.000000     0.000000     0.000000     0.000000     0.000000

   -0.003325     0.172800   -22.790000    -9.810000     0.000000     0.000000    -0.000000     0.000000     0.000000    -0.000000     0.000000     0.000000    -0.000880     0.037100    -0.000000     0.017770
   -0.078020    -0.473000    93.900000    -0.000000     0.000000     0.000000     0.000000    -0.000000     0.000000    -0.000000     0.000000     0.000000     0.005412    -0.232800    -0.000000    -0.082290
    0.013970    -0.063260    -1.332000     0.000000    -0.004335    -0.163900     0.079560     0.000000    -0.000000     0.000000    -0.000000     0.000000    -0.000082    -0.022850     0.003761    -0.056080
   -0.000000    -0.000000     1.000000    -0.000000     0.000000    -0.000000    -0.000000    -0.000000    -0.000000     0.000000    -0.000000    -0.000000     0.000000     0.000000     0.000000     0.000000
    0.000000    -0.000000    -0.000000    -0.000000    -0.051290    22.740000   -96.180000     9.810000    -0.000000     0.000000    -0.000000    -0.000000    -0.000000    -0.000000     0.000613    -0.000000
    0.002406    -0.010890    -0.229400    -0.000000    -0.415500   -15.220000     7.963000    -0.000000     0.000000    -0.000000     0.000000    -0.000000    -0.000014    -0.003935     0.352700    -0.009658
    0.000110    -0.000497    -0.010470    -0.000000     0.007951    -0.590000    -0.759900    -0.000000     0.000000    -0.000000     0.000000    -0.000000    -0.000001    -0.000180     0.007220    -0.000441
   -0.000000    -0.000000     0.000000     0.000000     0.000000     1.000000     0.000000    -0.000000    -0.000000     0.000000    -0.000000    -0.000000     0.000000     0.000000     0.000000     0.000000
    1.000000     0.000000    -0.000000    22.400000    -0.000000     0.000000     0.000000     0.000000     0.000000    -0.000000     0.000000     0.000000    -0.000000    -0.000000    -0.000000    -0.000000
    0.000000    -0.000000     0.000000    -0.000000     1.000000    -0.000000    -0.000000   -22.400000    -0.000000     0.000000    -0.000000   101.400000     0.000000     0.000000     0.000000     0.000000
   -0.000000     1.000000    -0.000000  -101.400000     0.000000     0.000000     0.000000     0.000000     0.000000    -0.000000     0.000000     0.000000    -0.000000    -0.000000    -0.000000    -0.000000
   -0.000000    -0.000000     0.000000     0.000000     0.000000    -0.000000     1.000000    -0.000000    -0.000000     0.000000    -0.000000    -0.000000     0.000000     0.000000     0.000000     0.000000

   -0.000570     0.079830   -21.770000    -9.810000    -0.000000    -0.000000    -0.000000     0.000000     0.000000    -0.000000     0.000000     0.000000    -0.000697     0.031550    -0.000000     0.017070
   -0.044650    -0.461700   199.600000    -0.000000    -0.000000     0.000000     0.000000    -0.000000     0.000000    -0.000000     0.000000     0.000000     0.010550    -0.479100    -0.000000    -0.156900
    0.009368    -0.089440    -1.860000     0.000000    -0.005903    -0.280800     0.096370     0.000000    -0.000000     0.000000    -0.000000     0.000000    -0.000407    -0.071730     0.013330    -0.160900
   -0.000000    -0.000000     1.000000    -0.000000     0.000000    -0.000000    -0.000000    -0.000000    -0.000000     0.000000    -0.000000    -0.000000     0.000000     0.000000     0.000000     0.000000
   -0.000000    -0.000000    -0.000000    -0.000000    -0.048100    21.650000  -202.000000     9.810000    -0.000000     0.000000    -0.000000    -0.000000     0.000000    -0.000000     0.004758    -0.000000
    0.001897    -0.018110    -0.376600    -0.000000    -0.372000   -16.990000     6.494000    -0.000000     0.000000    -0.000000     0.000000    -0.000000    -0.000082    -0.014530     0.811500    -0.032590
    0.000103    -0.000989    -0.020550    -0.000000     0.017420    -0.444000    -1.051000    -0.000000     0.000000    -0.000000     0.000000    -0.000000    -0.000004    -0.000793     0.012170    -0.001779
   -0.000000    -0.000000     0.000000     0.000000     0.000000     1.000000     0.000000    -0.000000    -0.000000     0.000000    -0.000000    -0.000000     0.000000     0.000000     0.000000     0.000000
    1.000000     0.000000    -0.000000    21.630000    -0.000000     0.000000     0.000000     0.000000     0.000000    -0.000000     0.000000     0.000000    -0.000000    -0.000000    -0.000000    -0.000000
    0.000000    -0.000000     0.000000    -0.000000     1.000000    -0.000000    -0.000000   -21.630000    -0.000000     0.000000    -0.000000   206.500000     0.000000     0.000000     0.000000     0.000000
   -0.000000     1.000000    -0.000000  -206.500000     0.000000     0.000000     0.000000     0.000000     0.000000    -0.000000     0.000000     0.000000    -0.000000    -0.000000    -0.000000    -0.000000
   -0.000000    -0.000000     0.000000     0.000000     0.000000    -0.000000     1.000000    -0.000000    -0.000000     0.000000    -0.000000    -0.000000     0.000000     0.000000     0.000000     0.000000

   -0.000295     0.076780   -15.280000    -9.810000     0.000000     0.000000     0.000000     0.000000     0.000000    -0.000000     0.000000     0.000000    -0.000621     0.028350    -0.000000     0.016370
   -0.047470    -0.613600   197.900000    -0.000000    -0.000000    -0.000000     0.000000    -0.000000     0.000000    -0.000000     0.000000     0.000000     0.014040    -0.640500    -0.000000    -0.207800
    0.006482    -0.088620    -1.848000     0.000000    -0.005497    -0.280900     0.085680     0.000000    -0.000000     0.000000    -0.000000     0.000000    -0.000410    -0.072040     0.013430    -0.160000
   -0.000000    -0.000000     1.000000     0.000000     0.000000    -0.000000    -0.000000     0.000000    -0.000000     0.000000    -0.000000     0.000000     0.000000     0.000000     0.000000     0.000000
   -0.000000    -0.000000    -0.000000    -0.000000    -0.064890    15.070000  -201.100000     9.810000    -0.000000     0.000000    -0.000000    -0.000000     0.000000    -0.000000     0.007459    -0.000000
    0.001313    -0.017950    -0.374200    -0.000000    -0.348000   -17.050000     5.843000    -0.000000     0.000000    -0.000000     0.000000    -0.000000    -0.000083    -0.014590     0.818300    -0.032400
    0.000072    -0.000979    -0.020420    -0.000000     0.019150    -0.349400    -1.060000    -0.000000     0.000000    -0.000000     0.000000    -0.000000    -0.000005    -0.000796     0.010830    -0.001768
   -0.000000    -0.000000     0.000000     0.000000     0.000000     1.000000     0.000000     0.000000    -0.000000     0.000000    -0.000000     0.000000     0.000000     0.000000     0.000000     0.000000
    1.000000     0.000000    -0.000000    15.140000    -0.000000     0.000000     0.000000     0.000000     0.000000    -0.000000     0.000000     0.000000    -0.000000    -0.000000    -0.000000    -0.000000
    0.000000    -0.000000     0.000000    -0.000000     1.000000    -0.000000    -0.000000   -15.140000    -0.000000     0.000000    -0.000000   207.100000     0.000000     0.000000     0.000000     0.000000
   -0.000000     1.000000    -0.000000  -207.100000     0.000000     0.000000     0.000000     0.000000     0.000000    -0.000000     0.000000     0.000000    -0.000000    -0.000000    -0.000000    -0.000000
   -0.000000    -0.000000     0.000000     0.000000     0.000000    -0.000000     1.000000     0.000000    -0.000000     0.000000    -0.000000     0.000000     0.000000     0.000000     0.000000     0.000000

   -0.002036     0.169000   -16.570000    -9.810000     0.000000     0.000000    -0.000000     0.000000     0.000000    -0.000000     0.000000     0.000000    -0.000843     0.035840     0.000000     0.017480
   -0.080170    -0.628200    92.580000    -0.000000     0.000000     0.000000     0.000000    -0.000000     0.000000    -0.000000     0.000000     0.000000     0.007253    -0.314700    -0.000000    -0.109400
    0.009865    -0.062520    -1.324000     0.000000    -0.003917    -0.165200     0.068290     0.000000    -0.000000     0.000000    -0.000000     0.000000    -0.000086    -0.023320     0.003864    -0.056190
   -0.000000    -0.000000     1.000000     0.000000     0.000000    -0.000000    -0.000000     0.000000    -0.000000     0.000000    -0.000000     0.000000     0.000000     0.000000     0.000000     0.000000
    0.000000    -0.000000    -0.000000    -0.000000    -0.070240    16.410000   -95.690000     9.810000    -0.000000     0.000000    -0.000000    -0.000000    -0.000000     0.000000     0.002043    -0.000000
    0.001699    -0.010770    -0.228000    -0.000000    -0.377300   -15.420000     6.905000    -0.000000     0.000000    -0.000000     0.000000    -0.000000    -0.000015    -0.004015     0.363000    -0.009676
    0.000078    -0.000491    -0.010410    -0.000000     0.010520    -0.461600    -0.780000    -0.000000     0.000000    -0.000000     0.000000    -0.000000    -0.000001    -0.000183     0.006331    -0.000442
   -0.000000    -0.000000     0.000000     0.000000     0.000000     1.000000     0.000000     0.000000    -0.000000     0.000000    -0.000000     0.000000     0.000000     0.000000     0.000000     0.000000
    1.000000     0.000000    -0.000000    16.180000    -0.000000     0.000000     0.000000     0.000000     0.000000    -0.000000     0.000000     0.000000    -0.000000    -0.000000    -0.000000    -0.000000
    0.000000    -0.000000     0.000000    -0.000000     1.000000    -0.000000    -0.000000   -16.180000    -0.000000     0.000000    -0.000000   102.600000     0.000000     0.000000     0.000000     0.000000
   -0.000000     1.000000    -0.000000  -102.600000     0.000000     0.000000     0.000000     0.000000     0.000000    -0.000000     0.000000     0.000000    -0.000000    -0.000000    -0.000000    -0.000000
   -0.000000    -0.000000     0.000000     0.000000     0.000000    -0.000000     1.000000     0.000000    -0.000000     0.000000    -0.000000     0.000000     0.000000     0.000000     0.000000     0.000000

   -0.008409     0.273300   -21.900000    -9.810000     0.000000     0.000000     0.000000     0.000000     0.000000    -0.000000     0.000000     0.000000    -0.000951     0.038450    -0.000000     0.017800
   -0.110600    -0.490600    56.540000    -0.000000     0.000000    -0.000000    -0.000000    -0.000000     0.000000    -0.000000     0.000000     0.000000     0.003618    -0.150300     0.000000    -0.056130
    0.014160    -0.043260    -0.916300     0.000000    -0.003092    -0.099660     0.060200     0.000000    -0.000000     0.000000    -0.000000     0.000000    -0.000020    -0.009367     0.001441    -0.024460
   -0.000000    -0.000000     1.000000     0.000000     0.000000    -0.000000    -0.000000     0.000000    -0.000000     0.000000    -0.000000     0.000000     0.000000     0.000000     0.000000     0.000000
   -0.000000    -0.000000     0.000000    -0.000000    -0.054030    21.850000   -58.790000     9.810000    -0.000000     0.000000    -0.000000    -0.000000     0.000000    -0.000000    -0.000746    -0.000000
    0.002234    -0.006826    -0.144600    -0.000000    -0.357900   -11.180000     7.221000    -0.000000     0.000000    -0.000000     0.000000    -0.000000    -0.000003    -0.001478     0.163800    -0.003859
    0.000095    -0.000291    -0.006159    -0.000000     0.002624    -0.552600    -0.513100    -0.000000     0.000000    -0.000000     0.000000    -0.000000    -0.000000    -0.000063     0.004108    -0.000164
   -0.000000    -0.000000     0.000000     0.000000     0.000000     1.000000     0.000000     0.000000    -0.000000     0.000000    -0.000000     0.000000     0.000000     0.000000     0.000000     0.000000
    1.000000     0.000000    -0.000000    21.170000    -0.000000     0.000000     0.000000     0.000000     0.000000    -0.000000     0.000000     0.000000    -0.000000    -0.000000    -0.000000    -0.000000
    0.000000    -0.000000     0.000000    -0.000000     1.000000    -0.000000    -0.000000   -21.170000    -0.000000     0.000000    -0.000000    64.680000     0.000000     0.000000     0.000000     0.000000
   -0.000000     1.000000    -0.000000   -64.680000     0.000000     0.000000     0.000000     0.000000     0.000000    -0.000000     0.000000     0.000000    -0.000000    -0.000000    -0.000000    -0.000000
   -0.000000    -0.000000     0.000000     0.000000     0.000000    -0.000000     1.000000    -0.000000    -0.000000     0.000000    -0.000000     0.000000     0.000000     0.000000     0.000000     0.000000
