u  w  q  the  v  p  r  phi  x  y  z  psi  |  slat  flap  aileron  elevator
   -0.008231     0.269000   -28.710000    -9.810000    -0.000000     0.000000     0.000000     0.000000     0.000000    -0.000000     0.000000     0.000000    -0.000909     0.036160    -0.000000     0.014830
   -0.117000    -0.362400    56.430000    -0.000000     0.000000    -0.000000    -0.000000    -0.000000     0.000000    -0.000000     0.000000     0.000000     0.002573    -0.105100     0.000000    -0.040370
    0.015440    -0.034460    -0.795300     0.000000    -0.001218    -0.030430     0.026050     0.000000    -0.000000     0.000000    -0.000000     0.000000    -0.000074    -0.006013     0.000437    -0.021710
   -0.000000    -0.000000     1.000000     0.000000     0.000000    -0.000000    -0.000000     0.000000    -0.000000     0.000000    -0.000000     0.000000     0.000000     0.000000     0.000000     0.000000
   -0.000000    -0.000000     0.000000    -0.000000    -0.037810    28.580000   -57.740000     9.810000    -0.000000     0.000000    -0.000000    -0.000000     0.000000    -0.000000    -0.001362    -0.000000
    0.000849    -0.001896    -0.043770    -0.000000    -0.895600   -23.550000    18.300000    -0.000000     0.000000    -0.000000     0.000000    -0.000000    -0.000004    -0.000331     0.328500    -0.001195
   -0.000029     0.000066     0.001512    -0.000000    -0.007200    -0.839200    -0.332600    -0.000000     0.000000    -0.000000     0.000000    -0.000000     0.000000     0.000011     0.006719     0.000041
   -0.000000    -0.000000     0.000000     0.000000     0.000000     1.000000     0.000000     0.000000    -0.000000     0.000000    -0.000000     0.000000     0.000000     0.000000     0.000000     0.000000
    1.000000     0.000000    -0.000000    27.820000    -0.000000     0.000000     0.000000     0.000000     0.000000    -0.000000     0.000000     0.000000    -0.000000    -0.000000    -0.000000    -0.000000
    0.000000    -0.000000     0.000000    -0.000000     1.000000    -0.000000    -0.000000   -27.820000    -0.000000     0.000000    -0.000000    62.110000     0.000000     0.000000     0.000000     0.000000
   -0.000000     1.000000    -0.000000   -62.110000     0.000000     0.000000     0.000000     0.000000     0.000000    -0.000000     0.000000     0.000000    -0.000000    -0.000000    -0.000000    -0.000000
   -0.000000    -0.000000     0.000000     0.000000     0.000000    -0.000000     1.000000     0.000000    -0.000000     0.000000    -0.000000     0.000000     0.000000     0.000000     0.000000     0.000000

   -0.001715     0.166000   -21.830000    -9.810000     0.000000     0.000000    -0.000000     0.000000     0.000000    -0.000000     0.000000     0.000000    -0.000836     0.035300     0.000000     0.014630
   -0.082670    -0.474500    94.480000    -0.000000    -0.000000     0.000000     0.000000    -0.000000     0.000000    -0.000000     0.000000     0.000000     0.005434    -0.233900    -0.000000    -0.082330
    0.010220    -0.048640    -1.158000     0.000000    -0.001710    -0.060410     0.033180     0.000000    -0.000000     0.000000    -0.000000     0.000000    -0.000229    -0.015750     0.001422    -0.051900
   -0.000000    -0.000000     1.000000     0.000000     0.000000    -0.000000    -0.000000     0.000000    -0.000000     0.000000    -0.000000     0.000000     0.000000     0.000000     0.000000     0.000000
   -0.000000    -0.000000    -0.000000    -0.000000    -0.051940    21.670000   -96.440000     9.810000    -0.000000     0.000000    -0.000000    -0.000000    -0.000000     0.000000     0.000747    -0.000000
    0.000690    -0.003283    -0.078160    -0.000000    -1.025000   -37.690000    18.840000    -0.000000     0.000000    -0.000000     0.000000    -0.000000    -0.000015    -0.001063     0.876000    -0.003503
   -0.000023     0.000111     0.002638    -0.000000    -0.000170    -0.833500    -0.592300    -0.000000     0.000000    -0.000000     0.000000    -0.000000     0.000001     0.000036     0.013340     0.000118
   -0.000000    -0.000000     0.000000    -0.000000     0.000000     1.000000     0.000000     0.000000    -0.000000     0.000000    -0.000000     0.000000     0.000000     0.000000     0.000000     0.000000
    1.000000     0.000000    -0.000000    21.350000    -0.000000     0.000000     0.000000     0.000000     0.000000    -0.000000     0.000000     0.000000    -0.000000    -0.000000    -0.000000    -0.000000
    0.000000    -0.000000     0.000000    -0.000000     1.000000    -0.000000    -0.000000   -21.350000    -0.000000     0.000000    -0.000000   101.600000     0.000000     0.000000     0.000000     0.000000
   -0.000000     1.000000    -0.000000  -101.600000     0.000000     0.000000     0.000000     0.000000     0.000000    -0.000000     0.000000     0.000000    -0.000000    -0.000000    -0.000000    -0.000000
   -0.000000    -0.000000     0.000000     0.000000     0.000000    -0.000000     1.000000     0.000000    -0.000000     0.000000    -0.000000     0.000000     0.000000     0.000000     0.000000     0.000000

   -0.000169     0.076500   -20.720000    -9.810000    -0.000000    -0.000000     0.000000     0.000000     0.000000    -0.000000     0.000000     0.000000    -0.000655     0.029700    -0.000000     0.013550
   -0.047040    -0.462200   200.100000    -0.000000    -0.000000    -0.000000    -0.000000    -0.000000     0.000000    -0.000000     0.000000     0.000000     0.010560    -0.479700    -0.000000    -0.156700
    0.006618    -0.066580    -1.587000     0.000000    -0.003169    -0.139800     0.056180     0.000000    -0.000000     0.000000    -0.000000     0.000000    -0.000819    -0.048710     0.006718    -0.146400
   -0.000000    -0.000000     1.000000     0.000000     0.000000    -0.000000    -0.000000     0.000000    -0.000000     0.000000    -0.000000     0.000000     0.000000     0.000000     0.000000     0.000000
    0.000000    -0.000000    -0.000000    -0.000000    -0.048420    20.550000  -202.100000     9.810000    -0.000000     0.000000    -0.000000    -0.000000     0.000000    -0.000000     0.004877    -0.000000
    0.000710    -0.007143    -0.170300    -0.000000    -1.239000   -56.680000    20.660000    -0.000000     0.000000    -0.000000     0.000000    -0.000000    -0.000088    -0.005226     2.709000    -0.015710
   -0.000022     0.000224     0.005344    -0.000000     0.005935    -0.896000    -0.837400    -0.000000     0.000000    -0.000000     0.000000    -0.000000     0.000003     0.000164     0.034340     0.000493
   -0.000000    -0.000000     0.000000    -0.000000     0.000000     1.000000     0.000000     0.000000    -0.000000     0.000000    -0.000000     0.000000     0.000000     0.000000     0.000000     0.000000
    1.000000     0.000000    -0.000000    20.540000    -0.000000     0.000000     0.000000     0.000000     0.000000    -0.000000     0.000000     0.000000    -0.000000    -0.000000    -0.000000    -0.000000
    0.000000    -0.000000     0.000000    -0.000000     1.000000    -0.000000    -0.000000   -20.540000    -0.000000     0.000000    -0.000000   206.600000     0.000000     0.000000     0.000000     0.000000
   -0.000000     1.000000    -0.000000  -206.600000     0.000000     0.000000     0.000000     0.000000     0.000000    -0.000000     0.000000     0.000000    -0.000000    -0.000000    -0.000000    -0.000000
   -0.000000    -0.000000     0.000000     0.000000     0.000000    -0.000000     1.000000    -0.000000    -0.000000     0.000000    -0.000000     0.000000     0.000000     0.000000     0.000000     0.000000

   -0.000016     0.073450   -14.500000    -9.810000     0.000000     0.000000     0.000000     0.000000     0.000000    -0.000000     0.000000     0.000000    -0.000579     0.026490    -0.000000     0.012810
   -0.049860    -0.614100   198.400000    -0.000000    -0.000000    -0.000000    -0.000000    -0.000000     0.000000    -0.000000     0.000000     0.000000     0.014050    -0.641000    -0.000000    -0.207600
    0.004545    -0.065700    -1.578000     0.000000    -0.002978    -0.140600     0.050980     0.000000    -0.000000     0.000000    -0.000000     0.000000    -0.000823    -0.048850     0.006776    -0.145700
   -0.000000    -0.000000     1.000000     0.000000     0.000000    -0.000000    -0.000000     0.000000    -0.000000     0.000000    -0.000000     0.000000     0.000000     0.000000     0.000000     0.000000
    0.000000    -0.000000    -0.000000    -0.000000    -0.065210    14.240000  -201.200000     9.810000    -0.000000     0.000000    -0.000000    -0.000000     0.000000    -0.000000     0.007576    -0.000000
    0.000488    -0.007048    -0.169200    -0.000000    -1.159000   -56.860000    18.570000    -0.000000     0.000000    -0.000000     0.000000    -0.000000    -0.000088    -0.005240     2.730000    -0.015630
   -0.000015     0.000221     0.005311    -0.000000     0.008193    -0.808400    -0.862400    -0.000000     0.000000    -0.000000     0.000000    -0.000000     0.000003     0.000164     0.033230     0.000490
   -0.000000    -0.000000     0.000000     0.000000     0.000000     1.000000     0.000000     0.000000    -0.000000     0.000000    -0.000000     0.000000     0.000000     0.000000     0.000000     0.000000
    1.000000     0.000000    -0.000000    14.330000    -0.000000     0.000000     0.000000     0.000000     0.000000    -0.000000     0.000000     0.000000    -0.000000    -0.000000    -0.000000    -0.000000
    0.000000    -0.000000     0.000000    -0.000000     1.000000    -0.000000    -0.000000   -14.330000    -0.000000     0.000000    -0.000000   207.100000     0.000000     0.000000     0.000000     0.000000
   -0.000000     1.000000    -0.000000  -207.100000     0.000000     0.000000     0.000000     0.000000     0.000000    -0.000000     0.000000     0.000000    -0.000000    -0.000000    -0.000000    -0.000000
   -0.000000    -0.000000     0.000000     0.000000     0.000000    -0.000000     1.000000     0.000000    -0.000000     0.000000    -0.000000     0.000000     0.000000     0.000000     0.000000     0.000000

   -0.000887     0.162300   -15.880000    -9.810000     0.000000    -0.000000     0.000000     0.000000     0.000000    -0.000000     0.000000     0.000000    -0.000798     0.033970    -0.000000     0.014260
   -0.084790    -0.629400    93.170000    -0.000000     0.000000     0.000000     0.000000    -0.000000     0.000000    -0.000000     0.000000     0.000000     0.007269    -0.315500    -0.000000    -0.109300
    0.007155    -0.047700    -1.151000     0.000000    -0.001562    -0.061510     0.029070     0.000000    -0.000000     0.000000    -0.000000     0.000000    -0.000235    -0.016010     0.001463    -0.051980
   -0.000000    -0.000000     1.000000     0.000000     0.000000    -0.000000    -0.000000     0.000000    -0.000000     0.000000    -0.000000     0.000000     0.000000     0.000000     0.000000     0.000000
    0.000000    -0.000000     0.000000    -0.000000    -0.070870    15.600000   -95.860000     9.810000    -0.000000     0.000000    -0.000000    -0.000000    -0.000000    -0.000000     0.002175    -0.000000
    0.000483    -0.003219    -0.077700    -0.000000    -0.931300   -38.140000    16.320000    -0.000000     0.000000    -0.000000     0.000000    -0.000000    -0.000016    -0.001080     0.899300    -0.003509
   -0.000016     0.000109     0.002622    -0.000000     0.002912    -0.716500    -0.628800    -0.000000     0.000000    -0.000000     0.000000    -0.000000     0.000001     0.000036     0.012660     0.000118
   -0.000000    -0.000000     0.000000    -0.000000     0.000000     1.000000     0.000000     0.000000    -0.000000     0.000000    -0.000000     0.000000     0.000000     0.000000     0.000000     0.000000
    1.000000     0.000000    -0.000000    15.410000    -0.000000     0.000000     0.000000     0.000000     0.000000    -0.000000     0.000000     0.000000    -0.000000    -0.000000    -0.000000    -0.000000
    0.000000    -0.000000     0.000000    -0.000000     1.000000    -0.000000    -0.000000   -15.410000    -0.000000     0.000000    -0.000000   102.700000     0.000000     0.000000     0.000000     0.000000
   -0.000000     1.000000    -0.000000  -102.700000     0.000000     0.000000     0.000000     0.000000     0.000000    -0.000000     0.000000     0.000000    -0.000000    -0.000000    -0.000000    -0.000000
   -0.000000    -0.000000     0.000000     0.000000     0.000000    -0.000000     1.000000     0.000000    -0.000000     0.000000    -0.000000     0.000000     0.000000     0.000000     0.000000     0.000000

   -0.004857     0.262800   -21.060000    -9.810000    -0.000000    -0.000000     0.000000     0.000000     0.000000    -0.000000     0.000000     0.000000    -0.000907     0.036760    -0.000000     0.014950
   -0.117500    -0.493600    57.200000    -0.000000     0.000000    -0.000000     0.000000    -0.000000     0.000000    -0.000000     0.000000     0.000000     0.003650    -0.151800     0.000000    -0.056370
    0.010530    -0.033890    -0.802700     0.000000    -0.001078    -0.032440     0.021980     0.000000    -0.000000     0.000000    -0.000000     0.000000    -0.000083    -0.006512     0.000487    -0.022820
   -0.000000    -0.000000     1.000000     0.000000     0.000000    -0.000000    -0.000000     0.000000    -0.000000     0.000000    -0.000000     0.000000     0.000000     0.000000     0.000000     0.000000
   -0.000000    -0.000000     0.000000    -0.000000    -0.055050    20.830000   -59.120000     9.810000    -0.000000     0.000000    -0.000000    -0.000000    -0.000000    -0.000000    -0.000610     0.000000
    0.000579    -0.001865    -0.044170    -0.000000    -0.786800   -24.730000    15.250000    -0.000000     0.000000    -0.000000     0.000000    -0.000000    -0.000005    -0.000358     0.364300    -0.001256
   -0.000020     0.000064     0.001526    -0.000000    -0.003011    -0.688700    -0.390000    -0.000000     0.000000    -0.000000     0.000000    -0.000000     0.000000     0.000012     0.006420     0.000043
   -0.000000    -0.000000     0.000000     0.000000     0.000000     1.000000     0.000000     0.000000    -0.000000     0.000000    -0.000000     0.000000     0.000000     0.000000     0.000000     0.000000
    1.000000     0.000000    -0.000000    20.190000    -0.000000     0.000000     0.000000     0.000000     0.000000    -0.000000     0.000000     0.000000    -0.000000    -0.000000    -0.000000    -0.000000
    0.000000    -0.000000     0.000000    -0.000000     1.000000    -0.000000    -0.000000   -20.190000    -0.000000     0.000000    -0.000000    64.990000     0.000000     0.000000     0.000000     0.000000
   -0.000000     1.000000    -0.000000   -64.990000     0.000000     0.000000     0.000000     0.000000     0.000000    -0.000000     0.000000     0.000000    -0.000000    -0.000000    -0.000000    -0.000000
   -0.000000    -0.000000     0.000000     0.000000     0.000000    -0.000000     1.000000     0.000000    -0.000000     0.000000    -0.000000     0.000000     0.000000     0.000000     0.000000     0.000000
