u  w  q  the  v  p  r  phi  x  y  z  psi  |  slat  flap  aileron  elevator
   -0.010350     0.273700   -29.230000    -9.810000    -0.000000    -0.000000     0.000000     0.000000     0.000000    -0.000000     0.000000     0.000000    -0.000927     0.036780    -0.000000     0.015960
   -0.114000    -0.360600    56.070000    -0.000000     0.000000     0.000000    -0.000000    -0.000000     0.000000    -0.000000     0.000000     0.000000     0.002553    -0.104100     0.000000    -0.040160
    0.017010    -0.037040    -0.814600     0.000000    -0.002648    -0.080620     0.046810     0.000000    -0.000000     0.000000    -0.000000     0.000000    -0.000047    -0.006876     0.001033    -0.021610
   -0.000000    -0.000000     1.000000    -0.000000     0.000000    -0.000000    -0.000000    -0.000000    -0.000000     0.000000    -0.000000    -0.000000     0.000000     0.000000     0.000000     0.000000
   -0.000000    -0.000000     0.000000    -0.000000    -0.037320    29.180000   -57.480000     9.810000    -0.000000     0.000000    -0.000000    -0.000000     0.000000    -0.000000    -0.001418    -0.000000
    0.002142    -0.004666    -0.102600    -0.000000    -0.110300    -2.881000     2.296000    -0.000000     0.000000    -0.000000     0.000000    -0.000000    -0.000006    -0.000866     0.040050    -0.002722
    0.000333    -0.000725    -0.015950    -0.000000     0.001874    -0.505700    -0.442200    -0.000000     0.000000    -0.000000     0.000000    -0.000000    -0.000001    -0.000135     0.002770    -0.000423
   -0.000000    -0.000000     0.000000     0.000000     0.000000     1.000000     0.000000    -0.000000    -0.000000     0.000000    -0.000000    -0.000000     0.000000     0.000000     0.000000     0.000000
    1.000000     0.000000    -0.000000    28.400000    -0.000000     0.000000     0.000000     0.000000     0.000000    -0.000000     0.000000     0.000000    -0.000000    -0.000000    -0.000000    -0.000000
    0.000000    -0.000000     0.000000    -0.000000     1.000000    -0.000000    -0.000000   -28.400000    -0.000000     0.000000    -0.000000    61.850000     0.000000     0.000000     0.000000     0.000000
   -0.000000     1.000000    -0.000000   -61.850000     0.000000     0.000000     0.000000     0.000000     0.000000    -0.000000     0.000000     0.000000    -0.000000    -0.000000    -0.000000    -0.000000
   -0.000000    -0.000000     0.000000     0.000000     0.000000    -0.000000     1.000000    -0.000000    -0.000000     0.000000    -0.000000    -0.000000     0.000000     0.000000     0.000000     0.000000

   -0.002369     0.168900   -22.250000    -9.810000    -0.000000    -0.000000     0.000000     0.000000     0.000000    -0.000000     0.000000     0.000000    -0.000856     0.036080     0.000000     0.016000
   -0.080640    -0.473800    94.230000    -0.000000     0.000000     0.000000     0.000000    -0.000000     0.000000    -0.000000     0.000000     0.000000     0.005424    -0.233400    -0.000000    -0.082310
    0.011340    -0.052800    -1.183000     0.000000    -0.002873    -0.122200     0.041960     0.000000    -0.000000     0.000000    -0.000000     0.000000    -0.000160    -0.018070     0.002714    -0.051640
   -0.000000    -0.000000     1.000000     0.000000     0.000000    -0.000000    -0.000000     0.000000    -0.000000     0.000000    -0.000000     0.000000     0.000000     0.000000     0.000000     0.000000
   -0.000000    -0.000000     0.000000    -0.000000    -0.051650    22.130000   -96.330000     9.810000    -0.000000     0.000000    -0.000000    -0.000000     0.000000    -0.000000     0.000689    -0.000000
    0.001461    -0.006803    -0.152400    -0.000000    -0.105500    -3.866000     1.980000    -0.000000     0.000000    -0.000000     0.000000    -0.000000    -0.000021    -0.002329     0.089810    -0.006654
    0.000255    -0.001190    -0.026660    -0.000000     0.008861    -0.356200    -0.646900    -0.000000     0.000000    -0.000000     0.000000    -0.000000    -0.000004    -0.000407     0.003292    -0.001164
   -0.000000    -0.000000     0.000000     0.000000     0.000000     1.000000     0.000000     0.000000    -0.000000     0.000000    -0.000000     0.000000     0.000000     0.000000     0.000000     0.000000
    1.000000     0.000000    -0.000000    21.800000    -0.000000     0.000000     0.000000     0.000000     0.000000    -0.000000     0.000000     0.000000    -0.000000    -0.000000    -0.000000    -0.000000
    0.000000    -0.000000     0.000000    -0.000000     1.000000    -0.000000    -0.000000   -21.800000    -0.000000     0.000000    -0.000000   101.500000     0.000000     0.000000     0.000000     0.000000
   -0.000000     1.000000    -0.000000  -101.500000     0.000000     0.000000     0.000000     0.000000     0.000000    -0.000000     0.000000     0.000000    -0.000000    -0.000000    -0.000000    -0.000000
   -0.000000    -0.000000     0.000000     0.000000     0.000000    -0.000000     1.000000     0.000000    -0.000000     0.000000    -0.000000     0.000000     0.000000     0.000000     0.000000     0.000000

   -0.000330     0.077940   -21.180000    -9.810000     0.000000     0.000000     0.000000     0.000000     0.000000    -0.000000     0.000000     0.000000    -0.000673     0.030500    -0.000000     0.015080
   -0.046000    -0.462000   199.900000    -0.000000    -0.000000    -0.000000    -0.000000    -0.000000     0.000000    -0.000000     0.000000     0.000000     0.010550    -0.479500    -0.000000    -0.156800
    0.007314    -0.071900    -1.602000     0.000000    -0.003131    -0.175400     0.033350     0.000000    -0.000000     0.000000    -0.000000     0.000000    -0.000608    -0.055120     0.008146    -0.143900
   -0.000000    -0.000000     1.000000     0.000000     0.000000    -0.000000    -0.000000     0.000000    -0.000000     0.000000    -0.000000     0.000000     0.000000     0.000000     0.000000     0.000000
    0.000000    -0.000000    -0.000000    -0.000000    -0.048280    21.030000  -202.100000     9.810000    -0.000000     0.000000    -0.000000    -0.000000     0.000000    -0.000000     0.004825    -0.000000
    0.000979    -0.009622    -0.214400    -0.000000    -0.083590    -3.816000     1.427000    -0.000000     0.000000    -0.000000     0.000000    -0.000000    -0.000081    -0.007376     0.182400    -0.019250
    0.000221    -0.002169    -0.048330    -0.000000     0.014500    -0.211300    -0.787700    -0.000000     0.000000    -0.000000     0.000000    -0.000000    -0.000018    -0.001663     0.003740    -0.004341
   -0.000000    -0.000000     0.000000     0.000000     0.000000     1.000000     0.000000     0.000000    -0.000000     0.000000    -0.000000     0.000000     0.000000     0.000000     0.000000     0.000000
    1.000000     0.000000    -0.000000    21.010000    -0.000000     0.000000     0.000000     0.000000     0.000000    -0.000000     0.000000     0.000000    -0.000000    -0.000000    -0.000000    -0.000000
    0.000000    -0.000000     0.000000    -0.000000     1.000000    -0.000000    -0.000000   -21.010000    -0.000000     0.000000    -0.000000   206.600000     0.000000     0.000000     0.000000     0.000000
   -0.000000     1.000000    -0.000000  -206.600000     0.000000     0.000000     0.000000     0.000000     0.000000    -0.000000     0.000000     0.000000    -0.000000    -0.000000    -0.000000    -0.000000
   -0.000000    -0.000000     0.000000     0.000000     0.000000    -0.000000     1.000000    -0.000000    -0.000000     0.000000    -0.000000     0.000000     0.000000     0.000000     0.000000     0.000000

   -0.000127     0.074900   -14.840000    -9.810000     0.000000    -0.000000     0.000000     0.000000     0.000000    -0.000000     0.000000     0.000000    -0.000598     0.027300    -0.000000     0.014360
   -0.048820    -0.613900   198.200000    -0.000000    -0.000000    -0.000000     0.000000    -0.000000     0.000000    -0.000000     0.000000     0.000000     0.014040    -0.640800    -0.000000    -0.207700
    0.005041    -0.071100    -1.592000     0.000000    -0.002857    -0.173500     0.026980     0.000000    -0.000000     0.000000    -0.000000     0.000000    -0.000611    -0.055310     0.008174    -0.143100
   -0.000000    -0.000000     1.000000    -0.000000     0.000000    -0.000000    -0.000000    -0.000000    -0.000000     0.000000    -0.000000    -0.000000     0.000000     0.000000     0.000000     0.000000
    0.000000    -0.000000    -0.000000    -0.000000    -0.065070    14.600000  -201.100000     9.810000    -0.000000     0.000000    -0.000000    -0.000000     0.000000    -0.000000     0.007526    -0.000000
    0.000674    -0.009514    -0.213000    -0.000000    -0.078240    -3.829000     1.283000    -0.000000     0.000000    -0.000000     0.000000    -0.000000    -0.000082    -0.007401     0.183800    -0.019140
    0.000152    -0.002145    -0.048030    -0.000000     0.015560    -0.144300    -0.789700    -0.000000     0.000000    -0.000000     0.000000    -0.000000    -0.000018    -0.001669     0.002744    -0.004316
   -0.000000    -0.000000     0.000000     0.000000     0.000000     1.000000     0.000000    -0.000000    -0.000000     0.000000    -0.000000    -0.000000     0.000000     0.000000     0.000000     0.000000
    1.000000     0.000000    -0.000000    14.680000    -0.000000     0.000000     0.000000     0.000000     0.000000    -0.000000     0.000000     0.000000    -0.000000    -0.000000    -0.000000    -0.000000
    0.000000    -0.000000     0.000000    -0.000000     1.000000    -0.000000    -0.000000   -14.680000    -0.000000     0.000000    -0.000000   207.100000     0.000000     0.000000     0.000000     0.000000
   -0.000000     1.000000    -0.000000  -207.100000     0.000000     0.000000     0.000000     0.000000     0.000000    -0.000000     0.000000     0.000000    -0.000000    -0.000000    -0.000000    -0.000000
   -0.000000    -0.000000     0.000000     0.000000     0.000000    -0.000000     1.000000    -0.000000    -0.000000     0.000000    -0.000000    -0.000000     0.000000     0.000000     0.000000     0.000000

   -0.001352     0.165200   -16.180000    -9.810000    -0.000000    -0.000000     0.000000     0.000000     0.000000    -0.000000     0.000000     0.000000    -0.000817     0.034790     0.000000     0.015660
   -0.082780    -0.628900    92.920000    -0.000000    -0.000000     0.000000    -0.000000    -0.000000     0.000000    -0.000000     0.000000     0.000000     0.007262    -0.315200    -0.000000    -0.109300
    0.007971    -0.051970    -1.176000     0.000000    -0.002547    -0.121100     0.034030     0.000000    -0.000000     0.000000    -0.000000     0.000000    -0.000165    -0.018400     0.002768    -0.051730
   -0.000000    -0.000000     1.000000    -0.000000     0.000000    -0.000000    -0.000000    -0.000000    -0.000000     0.000000    -0.000000    -0.000000     0.000000     0.000000     0.000000     0.000000
   -0.000000    -0.000000    -0.000000    -0.000000    -0.070590    15.950000   -95.790000     9.810000    -0.000000     0.000000    -0.000000    -0.000000     0.000000     0.000000     0.002118    -0.000000
    0.001027    -0.006697    -0.151500    -0.000000    -0.095850    -3.916000     1.716000    -0.000000     0.000000    -0.000000     0.000000    -0.000000    -0.000021    -0.002371     0.092300    -0.006665
    0.000180    -0.001171    -0.026500    -0.000000     0.010590    -0.255800    -0.655200    -0.000000     0.000000    -0.000000     0.000000    -0.000000    -0.000004    -0.000415     0.002532    -0.001166
   -0.000000    -0.000000     0.000000     0.000000     0.000000     1.000000     0.000000    -0.000000    -0.000000     0.000000    -0.000000    -0.000000     0.000000     0.000000     0.000000     0.000000
    1.000000     0.000000    -0.000000    15.740000    -0.000000     0.000000     0.000000     0.000000     0.000000    -0.000000     0.000000     0.000000    -0.000000    -0.000000    -0.000000    -0.000000
    0.000000    -0.000000     0.000000    -0.000000     1.000000    -0.000000    -0.000000   -15.740000    -0.000000     0.000000    -0.000000   102.600000     0.000000     0.000000     0.000000     0.000000
   -0.000000     1.000000    -0.000000  -102.600000     0.000000     0.000000     0.000000     0.000000     0.000000    -0.000000     0.000000     0.000000    -0.000000    -0.000000    -0.000000    -0.000000
   -0.000000    -0.000000     0.000000     0.000000     0.000000    -0.000000     1.000000    -0.000000    -0.000000     0.000000    -0.000000    -0.000000     0.000000     0.000000     0.000000     0.000000

   -0.006307     0.267400   -21.430000    -9.810000    -0.000000     0.000000     0.000000     0.000000     0.000000    -0.000000     0.000000     0.000000    -0.000926     0.037490    -0.000000     0.016190
   -0.114500    -0.492300    56.910000    -0.000000    -0.000000    -0.000000    -0.000000    -0.000000     0.000000    -0.000000     0.000000     0.000000     0.003637    -0.151200     0.000000    -0.056270
    0.011670    -0.036710    -0.822800     0.000000    -0.002269    -0.081500     0.037090     0.000000    -0.000000     0.000000    -0.000000     0.000000    -0.000054    -0.007496     0.001133    -0.022780
   -0.000000    -0.000000     1.000000     0.000000     0.000000    -0.000000    -0.000000     0.000000    -0.000000     0.000000    -0.000000     0.000000     0.000000     0.000000     0.000000     0.000000
   -0.000000    -0.000000     0.000000    -0.000000    -0.054610    21.270000   -58.980000     9.810000    -0.000000     0.000000    -0.000000    -0.000000     0.000000    -0.000000    -0.000669    -0.000000
    0.001470    -0.004625    -0.103700    -0.000000    -0.096930    -3.035000     1.915000    -0.000000     0.000000    -0.000000     0.000000    -0.000000    -0.000007    -0.000944     0.044620    -0.002869
    0.000228    -0.000719    -0.016110    -0.000000     0.004477    -0.366500    -0.464100    -0.000000     0.000000    -0.000000     0.000000    -0.000000    -0.000001    -0.000147     0.002205    -0.000446
   -0.000000    -0.000000     0.000000    -0.000000     0.000000     1.000000     0.000000     0.000000    -0.000000     0.000000    -0.000000     0.000000     0.000000     0.000000     0.000000     0.000000
    1.000000     0.000000    -0.000000    20.610000    -0.000000     0.000000     0.000000     0.000000     0.000000    -0.000000     0.000000     0.000000    -0.000000    -0.000000    -0.000000    -0.000000
    0.000000    -0.000000     0.000000    -0.000000     1.000000    -0.000000    -0.000000   -20.610000    -0.000000     0.000000    -0.000000    64.860000     0.000000     0.000000     0.000000     0.000000
   -0.000000     1.000000    -0.000000   -64.860000     0.000000     0.000000     0.000000     0.000000     0.000000    -0.000000     0.000000     0.000000    -0.000000    -0.000000    -0.000000    -0.000000
   -0.000000    -0.000000     0.000000     0.000000     0.000000    -0.000000     1.000000     0.000000    -0.000000     0.000000    -0.000000     0.000000     0.000000     0.000000     0.000000     0.000000
