u  w  q  the  v  p  r  phi  x  y  z  psi  |  slat  flap  aileron  elevator
   -0.012900     0.278900   -29.800000    -9.810000    -0.000000    -0.000000     0.000000     0.000000     0.000000    -0.000000     0.000000     0.000000    -0.000945     0.037450    -0.000000     0.017190
   -0.110700    -0.358600    55.660000    -0.000000     0.000000    -0.000000    -0.000000    -0.000000     0.000000    -0.000000     0.000000     0.000000     0.002530    -0.103100     0.000000    -0.039930
    0.020110    -0.042630    -0.899100     0.000000    -0.003021    -0.084230     0.059950     0.000000    -0.000000     0.000000    -0.000000     0.000000    -0.000021    -0.008330     0.001121    -0.023090
   -0.000000    -0.000000     1.000000     0.000000     0.000000    -0.000000    -0.000000    -0.000000    -0.000000     0.000000    -0.000000     0.000000     0.000000     0.000000     0.000000     0.000000
   -0.000000    -0.000000    -0.000000    -0.000000    -0.036790    29.840000   -57.180000     9.810000    -0.000000     0.000000    -0.000000    -0.000000     0.000000    -0.000000    -0.001478    -0.000000
    0.002718    -0.005761    -0.121500    -0.000000    -0.244500    -6.360000     5.179000    -0.000000     0.000000    -0.000000     0.000000    -0.000000    -0.000003    -0.001126     0.087890    -0.003120
    0.000198    -0.000420    -0.008859    -0.000000     0.000819    -0.645200    -0.494400    -0.000000     0.000000    -0.000000     0.000000    -0.000000    -0.000000    -0.000082     0.003814    -0.000228
   -0.000000    -0.000000     0.000000     0.000000     0.000000     1.000000     0.000000     0.000000    -0.000000     0.000000    -0.000000     0.000000     0.000000     0.000000     0.000000     0.000000
    1.000000     0.000000    -0.000000    29.040000    -0.000000     0.000000     0.000000     0.000000     0.000000    -0.000000     0.000000     0.000000    -0.000000    -0.000000    -0.000000    -0.000000
    0.000000    -0.000000     0.000000    -0.000000     1.000000    -0.000000    -0.000000   -29.040000    -0.000000     0.000000    -0.000000    61.550000     0.000000     0.000000     0.000000     0.000000
   -0.000000     1.000000    -0.000000   -61.550000     0.000000     0.000000     0.000000     0.000000     0.000000    -0.000000     0.000000     0.000000    -0.000000    -0.000000    -0.000000    -0.000000
   -0.000000    -0.000000     0.000000     0.000000     0.000000    -0.000000     1.000000     0.000000    -0.000000     0.000000    -0.000000     0.000000     0.000000     0.000000     0.000000     0.000000

   -0.003165     0.172200   -22.710000    -9.810000     0.000000    -0.000000     0.000000     0.000000     0.000000    -0.000000     0.000000     0.000000    -0.000877     0.036940     0.000000     0.017490
   -0.078440    -0.473100    93.950000    -0.000000     0.000000     0.000000    -0.000000    -0.000000     0.000000    -0.000000     0.000000     0.000000     0.005414    -0.232900    -0.000000    -0.082290
    0.013680    -0.062220    -1.322000     0.000000    -0.003526    -0.137700     0.061370     0.000000    -0.000000     0.000000    -0.000000     0.000000    -0.000096    -0.022310     0.003131    -0.055980
   -0.000000    -0.000000     1.000000     0.000000     0.000000    -0.000000    -0.000000     0.000000    -0.000000     0.000000    -0.000000     0.000000     0.000000     0.000000     0.000000     0.000000
   -0.000000    -0.000000    -0.000000    -0.000000    -0.051340    22.640000   -96.200000     9.810000    -0.000000     0.000000    -0.000000    -0.000000    -0.000000    -0.000000     0.000625    -0.000000
    0.001947    -0.008853    -0.188000    -0.000000    -0.240700    -8.813000     4.597000    -0.000000     0.000000    -0.000000     0.000000    -0.000000    -0.000014    -0.003174     0.204400    -0.007964
    0.000158    -0.000717    -0.015230    -0.000000     0.009507    -0.491200    -0.762400    -0.000000     0.000000    -0.000000     0.000000    -0.000000    -0.000001    -0.000257     0.005241    -0.000645
   -0.000000    -0.000000     0.000000    -0.000000     0.000000     1.000000     0.000000     0.000000    -0.000000     0.000000    -0.000000     0.000000     0.000000     0.000000     0.000000     0.000000
    1.000000     0.000000    -0.000000    22.300000    -0.000000     0.000000     0.000000     0.000000     0.000000    -0.000000     0.000000     0.000000    -0.000000    -0.000000    -0.000000    -0.000000
    0.000000    -0.000000     0.000000    -0.000000     1.000000    -0.000000    -0.000000   -22.300000    -0.000000     0.000000    -0.000000   101.400000     0.000000     0.000000     0.000000     0.000000
   -0.000000     1.000000    -0.000000  -101.400000     0.000000     0.000000     0.000000     0.000000     0.000000    -0.000000     0.000000     0.000000    -0.000000    -0.000000    -0.000000    -0.000000
   -0.000000    -0.000000     0.000000     0.000000     0.000000    -0.000000     1.000000    -0.000000    -0.000000     0.000000    -0.000000     0.000000     0.000000     0.000000     0.000000     0.000000

   -0.000529     0.079530   -21.680000    -9.810000    -0.000000     0.000000     0.000000     0.000000     0.000000    -0.000000     0.000000     0.000000    -0.000693     0.031380    -0.000000     0.016760
   -0.044870    -0.461800   199.700000    -0.000000    -0.000000     0.000000     0.000000    -0.000000     0.000000    -0.000000     0.000000     0.000000     0.010550    -0.479200    -0.000000    -0.156900
    0.009172    -0.087970    -1.847000     0.000000    -0.004383    -0.218600     0.065120     0.000000    -0.000000     0.000000    -0.000000     0.000000    -0.000449    -0.070110     0.010310    -0.160800
   -0.000000    -0.000000     1.000000     0.000000     0.000000    -0.000000    -0.000000     0.000000    -0.000000     0.000000    -0.000000     0.000000     0.000000     0.000000     0.000000     0.000000
    0.000000    -0.000000    -0.000000    -0.000000    -0.048130    21.550000  -202.000000     9.810000    -0.000000     0.000000    -0.000000    -0.000000     0.000000    -0.000000     0.004769    -0.000000
    0.001428    -0.013700    -0.287600    -0.000000    -0.200600    -9.163000     3.491000    -0.000000     0.000000    -0.000000     0.000000    -0.000000    -0.000070    -0.010920     0.437600    -0.025040
    0.000149    -0.001426    -0.029940    -0.000000     0.018070    -0.331700    -1.014000    -0.000000     0.000000    -0.000000     0.000000    -0.000000    -0.000007    -0.001136     0.007413    -0.002607
   -0.000000    -0.000000     0.000000    -0.000000     0.000000     1.000000     0.000000     0.000000    -0.000000     0.000000    -0.000000     0.000000     0.000000     0.000000     0.000000     0.000000
    1.000000     0.000000    -0.000000    21.530000    -0.000000     0.000000     0.000000     0.000000     0.000000    -0.000000     0.000000     0.000000    -0.000000    -0.000000    -0.000000    -0.000000
    0.000000    -0.000000     0.000000    -0.000000     1.000000    -0.000000    -0.000000   -21.530000    -0.000000     0.000000    -0.000000   206.500000     0.000000     0.000000     0.000000     0.000000
   -0.000000     1.000000    -0.000000  -206.500000     0.000000     0.000000     0.000000     0.000000     0.000000    -0.000000     0.000000     0.000000    -0.000000    -0.000000    -0.000000    -0.000000
   -0.000000    -0.000000     0.000000     0.000000     0.000000    -0.000000     1.000000    -0.000000    -0.000000     0.000000    -0.000000     0.000000     0.000000     0.000000     0.000000     0.000000

   -0.000266     0.076480   -15.210000    -9.810000     0.000000     0.000000     0.000000     0.000000     0.000000    -0.000000     0.000000     0.000000    -0.000618     0.028180    -0.000000     0.016050
   -0.047690    -0.613700   198.000000    -0.000000    -0.000000    -0.000000    -0.000000    -0.000000     0.000000    -0.000000     0.000000     0.000000     0.014040    -0.640600    -0.000000    -0.207800
    0.006342    -0.087140    -1.835000     0.000000    -0.004059    -0.217900     0.056900     0.000000    -0.000000     0.000000    -0.000000     0.000000    -0.000452    -0.070400     0.010370    -0.159900
   -0.000000    -0.000000     1.000000     0.000000     0.000000    -0.000000    -0.000000    -0.000000    -0.000000     0.000000    -0.000000     0.000000     0.000000     0.000000     0.000000     0.000000
    0.000000    -0.000000    -0.000000    -0.000000    -0.064920    14.990000  -201.100000     9.810000    -0.000000     0.000000    -0.000000    -0.000000     0.000000    -0.000000     0.007470    -0.000000
    0.000988    -0.013570    -0.285800    -0.000000    -0.187700    -9.194000     3.141000    -0.000000     0.000000    -0.000000     0.000000    -0.000000    -0.000070    -0.010960     0.441200    -0.024900
    0.000103    -0.001412    -0.029750    -0.000000     0.019570    -0.243100    -1.019000    -0.000000     0.000000    -0.000000     0.000000    -0.000000    -0.000007    -0.001141     0.006122    -0.002591
   -0.000000    -0.000000     0.000000     0.000000     0.000000     1.000000     0.000000     0.000000    -0.000000     0.000000    -0.000000     0.000000     0.000000     0.000000     0.000000     0.000000
    1.000000     0.000000    -0.000000    15.070000    -0.000000     0.000000     0.000000     0.000000     0.000000    -0.000000     0.000000     0.000000    -0.000000    -0.000000    -0.000000    -0.000000
    0.000000    -0.000000     0.000000    -0.000000     1.000000    -0.000000    -0.000000   -15.070000    -0.000000     0.000000    -0.000000   207.100000     0.000000     0.000000     0.000000     0.000000
   -0.000000     1.000000    -0.000000  -207.100000     0.000000     0.000000     0.000000     0.000000     0.000000    -0.000000     0.000000     0.000000    -0.000000    -0.000000    -0.000000    -0.000000
   -0.000000    -0.000000     0.000000     0.000000     0.000000    -0.000000     1.000000     0.000000    -0.000000     0.000000    -0.000000     0.000000     0.000000     0.000000     0.000000     0.000000

   -0.001921     0.168400   -16.510000    -9.810000     0.000000    -0.000000     0.000000     0.000000     0.000000    -0.000000     0.000000     0.000000    -0.000839     0.035680    -0.000000     0.017190
   -0.080590    -0.628300    92.630000    -0.000000    -0.000000     0.000000    -0.000000    -0.000000     0.000000    -0.000000     0.000000     0.000000     0.007255    -0.314800    -0.000000    -0.109400
    0.009654    -0.061460    -1.314000     0.000000    -0.003169    -0.138200     0.052030     0.000000    -0.000000     0.000000    -0.000000     0.000000    -0.000100    -0.022760     0.003211    -0.056080
   -0.000000    -0.000000     1.000000    -0.000000     0.000000    -0.000000    -0.000000    -0.000000    -0.000000     0.000000    -0.000000    -0.000000     0.000000     0.000000     0.000000     0.000000
   -0.000000    -0.000000    -0.000000    -0.000000    -0.070290    16.340000   -95.710000     9.810000    -0.000000     0.000000    -0.000000    -0.000000    -0.000000    -0.000000     0.002054    -0.000000
    0.001374    -0.008745    -0.186900    -0.000000    -0.218500    -8.928000     3.986000    -0.000000     0.000000    -0.000000     0.000000    -0.000000    -0.000014    -0.003238     0.210300    -0.007979
    0.000111    -0.000708    -0.015140    -0.000000     0.011780    -0.368000    -0.776500    -0.000000     0.000000    -0.000000     0.000000    -0.000000    -0.000001    -0.000262     0.004345    -0.000646
   -0.000000    -0.000000     0.000000     0.000000     0.000000     1.000000     0.000000    -0.000000    -0.000000     0.000000    -0.000000    -0.000000     0.000000     0.000000     0.000000     0.000000
    1.000000     0.000000    -0.000000    16.110000    -0.000000     0.000000     0.000000     0.000000     0.000000    -0.000000     0.000000     0.000000    -0.000000    -0.000000    -0.000000    -0.000000
    0.000000    -0.000000     0.000000    -0.000000     1.000000    -0.000000    -0.000000   -16.110000    -0.000000     0.000000    -0.000000   102.600000     0.000000     0.000000     0.000000     0.000000
   -0.000000     1.000000    -0.000000  -102.600000     0.000000     0.000000     0.000000     0.000000     0.000000    -0.000000     0.000000     0.000000    -0.000000    -0.000000    -0.000000    -0.000000
   -0.000000    -0.000000     0.000000     0.000000     0.000000    -0.000000     1.000000    -0.000000    -0.000000     0.000000    -0.000000    -0.000000     0.000000     0.000000     0.000000     0.000000

   -0.008058     0.272400   -21.830000    -9.810000    -0.000000     0.000000     0.000000     0.000000     0.000000    -0.000000     0.000000     0.000000    -0.000947     0.038300    -0.000000     0.017540
   -0.111300    -0.490900    56.600000    -0.000000     0.000000    -0.000000    -0.000000    -0.000000     0.000000    -0.000000     0.000000     0.000000     0.003621    -0.150400     0.000000    -0.056160
    0.013870    -0.042580    -0.909100     0.000000    -0.002626    -0.087230     0.049070     0.000000    -0.000000     0.000000    -0.000000     0.000000    -0.000026    -0.009145     0.001246    -0.024410
   -0.000000    -0.000000     1.000000    -0.000000     0.000000    -0.000000    -0.000000    -0.000000    -0.000000     0.000000    -0.000000    -0.000000     0.000000     0.000000     0.000000     0.000000
   -0.000000    -0.000000     0.000000    -0.000000    -0.054120    21.750000   -58.820000     9.810000    -0.000000     0.000000    -0.000000    -0.000000     0.000000    -0.000000    -0.000733    -0.000000
    0.001874    -0.005754    -0.122900    -0.000000    -0.214900    -6.715000     4.321000    -0.000000     0.000000    -0.000000     0.000000    -0.000000    -0.000003    -0.001236     0.098440    -0.003299
    0.000137    -0.000420    -0.008958    -0.000000     0.004119    -0.479900    -0.525700    -0.000000     0.000000    -0.000000     0.000000    -0.000000    -0.000000    -0.000090     0.003210    -0.000240
   -0.000000    -0.000000     0.000000     0.000000     0.000000     1.000000     0.000000    -0.000000    -0.000000     0.000000    -0.000000    -0.000000     0.000000     0.000000     0.000000     0.000000
    1.000000     0.000000    -0.000000    21.080000    -0.000000     0.000000     0.000000     0.000000     0.000000    -0.000000     0.000000     0.000000    -0.000000    -0.000000    -0.000000    -0.000000
    0.000000    -0.000000     0.000000    -0.000000     1.000000    -0.000000    -0.000000   -21.080000    -0.000000     0.000000    -0.000000    64.710000     0.000000     0.000000     0.000000     0.000000
   -0.000000     1.000000    -0.000000   -64.710000     0.000000     0.000000     0.000000     0.000000     0.000000    -0.000000     0.000000     0.000000    -0.000000    -0.000000    -0.000000    -0.000000
   -0.000000    -0.000000     0.000000     0.000000     0.000000    -0.000000     1.000000    -0.000000    -0.000000     0.000000    -0.000000    -0.000000     0.000000     0.000000     0.000000     0.000000
