u  w  q  the  v  p  r  phi  x  y  z  psi  |  slat  flap  aileron  elevator
   -0.009861     0.272700   -29.120000    -9.810000    -0.000000     0.000000     0.000000     0.000000     0.000000    -0.000000     0.000000     0.000000    -0.000923     0.036640    -0.000000     0.015710
   -0.114700    -0.361000    56.150000    -0.000000     0.000000    -0.000000    -0.000000    -0.000000     0.000000    -0.000000     0.000000     0.000000     0.002557    -0.104300     0.000000    -0.040210
    0.016420    -0.035950    -0.798600     0.000000    -0.002122    -0.067170     0.035490     0.000000    -0.000000     0.000000    -0.000000     0.000000    -0.000052    -0.006593     0.000845    -0.021320
   -0.000000    -0.000000     1.000000     0.000000     0.000000    -0.000000    -0.000000     0.000000    -0.000000     0.000000    -0.000000     0.000000     0.000000     0.000000     0.000000     0.000000
   -0.000000    -0.000000     0.000000    -0.000000    -0.037430    29.050000   -57.540000     9.810000    -0.000000     0.000000    -0.000000    -0.000000     0.000000    -0.000000    -0.001405    -0.000000
    0.001684    -0.003687    -0.081910    -0.000000    -0.082090    -2.145000     1.704000    -0.000000     0.000000    -0.000000     0.000000    -0.000000    -0.000005    -0.000676     0.029870    -0.002187
    0.000329    -0.000720    -0.015990    -0.000000     0.001996    -0.463500    -0.417600    -0.000000     0.000000    -0.000000     0.000000    -0.000000    -0.000001    -0.000132     0.002488    -0.000427
   -0.000000    -0.000000     0.000000    -0.000000     0.000000     1.000000     0.000000     0.000000    -0.000000     0.000000    -0.000000     0.000000     0.000000     0.000000     0.000000     0.000000
    1.000000     0.000000    -0.000000    28.270000    -0.000000     0.000000     0.000000     0.000000     0.000000    -0.000000     0.000000     0.000000    -0.000000    -0.000000    -0.000000    -0.000000
    0.000000    -0.000000     0.000000    -0.000000     1.000000    -0.000000    -0.000000   -28.270000    -0.000000     0.000000    -0.000000    61.910000     0.000000     0.000000     0.000000     0.000000
   -0.000000     1.000000    -0.000000   -61.910000     0.000000     0.000000     0.000000     0.000000     0.000000    -0.000000     0.000000     0.000000    -0.000000    -0.000000    -0.000000    -0.000000
   -0.000000    -0.000000     0.000000     0.000000     0.000000    -0.000000     1.000000     0.000000    -0.000000     0.000000    -0.000000     0.000000     0.000000     0.000000     0.000000     0.000000

   -0.002218     0.168300   -22.160000    -9.810000    -0.000000    -0.000000     0.000000     0.000000     0.000000    -0.000000     0.000000     0.000000    -0.000851     0.035910     0.000000     0.015700
   -0.081090    -0.474000    94.280000    -0.000000     0.000000     0.000000    -0.000000    -0.000000     0.000000    -0.000000     0.000000     0.000000     0.005426    -0.233600    -0.000000    -0.082320
    0.010900    -0.051000    -1.157000     0.000000    -0.002247    -0.099400     0.029890     0.000000    -0.000000     0.000000    -0.000000     0.000000    -0.000172    -0.017260     0.002185    -0.050810
   -0.000000    -0.000000     1.000000    -0.000000     0.000000    -0.000000    -0.000000    -0.000000    -0.000000     0.000000    -0.000000    -0.000000     0.000000     0.000000     0.000000     0.000000
    0.000000    -0.000000    -0.000000    -0.000000    -0.051720    22.030000   -96.350000     9.810000    -0.000000     0.000000    -0.000000    -0.000000     0.000000    -0.000000     0.000702    -0.000000
    0.001137    -0.005318    -0.120700    -0.000000    -0.078090    -2.861000     1.460000    -0.000000     0.000000    -0.000000     0.000000    -0.000000    -0.000018    -0.001800     0.066470    -0.005298
    0.000249    -0.001166    -0.026450    -0.000000     0.008393    -0.319200    -0.601200    -0.000000     0.000000    -0.000000     0.000000    -0.000000    -0.000004    -0.000395     0.002832    -0.001161
   -0.000000    -0.000000     0.000000     0.000000     0.000000     1.000000     0.000000    -0.000000    -0.000000     0.000000    -0.000000    -0.000000     0.000000     0.000000     0.000000     0.000000
    1.000000     0.000000    -0.000000    21.700000    -0.000000     0.000000     0.000000     0.000000     0.000000    -0.000000     0.000000     0.000000    -0.000000    -0.000000    -0.000000    -0.000000
    0.000000    -0.000000     0.000000    -0.000000     1.000000    -0.000000    -0.000000   -21.700000    -0.000000     0.000000    -0.000000   101.600000     0.000000     0.000000     0.000000     0.000000
   -0.000000     1.000000    -0.000000  -101.600000     0.000000     0.000000     0.000000     0.000000     0.000000    -0.000000     0.000000     0.000000    -0.000000    -0.000000    -0.000000    -0.000000
   -0.000000    -0.000000     0.000000     0.000000     0.000000    -0.000000     1.000000    -0.000000    -0.000000     0.000000    -0.000000    -0.000000     0.000000     0.000000     0.000000     0.000000

   -0.000292     0.077620   -21.080000    -9.810000     0.000000     0.000000     0.000000     0.000000     0.000000    -0.000000     0.000000     0.000000    -0.000669     0.030330    -0.000000     0.014740
   -0.046230    -0.462000   199.900000    -0.000000    -0.000000     0.000000    -0.000000    -0.000000     0.000000    -0.000000     0.000000     0.000000     0.010550    -0.479500    -0.000000    -0.156800
    0.006976    -0.068930    -1.557000     0.000000    -0.002356    -0.139300     0.020310     0.000000    -0.000000     0.000000    -0.000000     0.000000    -0.000637    -0.052350     0.006426    -0.140700
   -0.000000    -0.000000     1.000000     0.000000     0.000000    -0.000000    -0.000000     0.000000    -0.000000     0.000000    -0.000000     0.000000     0.000000     0.000000     0.000000     0.000000
    0.000000    -0.000000    -0.000000    -0.000000    -0.048310    20.920000  -202.100000     9.810000    -0.000000     0.000000    -0.000000    -0.000000     0.000000    -0.000000     0.004837    -0.000000
    0.000748    -0.007389    -0.166900    -0.000000    -0.061230    -2.794000     1.041000    -0.000000     0.000000    -0.000000     0.000000    -0.000000    -0.000068    -0.005612     0.133500    -0.015080
    0.000209    -0.002064    -0.046630    -0.000000     0.013170    -0.181500    -0.710700    -0.000000     0.000000    -0.000000     0.000000    -0.000000    -0.000019    -0.001568     0.002977    -0.004214
   -0.000000    -0.000000     0.000000     0.000000     0.000000     1.000000     0.000000     0.000000    -0.000000     0.000000    -0.000000     0.000000     0.000000     0.000000     0.000000     0.000000
    1.000000     0.000000    -0.000000    20.910000    -0.000000     0.000000     0.000000     0.000000     0.000000    -0.000000     0.000000     0.000000    -0.000000    -0.000000    -0.000000    -0.000000
    0.000000    -0.000000     0.000000    -0.000000     1.000000    -0.000000    -0.000000   -20.910000    -0.000000     0.000000    -0.000000   206.600000     0.000000     0.000000     0.000000     0.000000
   -0.000000     1.000000    -0.000000  -206.600000     0.000000     0.000000     0.000000     0.000000     0.000000    -0.000000     0.000000     0.000000    -0.000000    -0.000000    -0.000000    -0.000000
   -0.000000    -0.000000     0.000000     0.000000     0.000000    -0.000000     1.000000    -0.000000    -0.000000     0.000000    -0.000000     0.000000     0.000000     0.000000     0.000000     0.000000

   -0.000101     0.074580   -14.770000    -9.810000    -0.000000    -0.000000     0.000000     0.000000     0.000000    -0.000000     0.000000     0.000000    -0.000594     0.027120    -0.000000     0.014010
   -0.049050    -0.613900   198.300000    -0.000000    -0.000000    -0.000000    -0.000000    -0.000000     0.000000    -0.000000     0.000000     0.000000     0.014040    -0.640800    -0.000000    -0.207700
    0.004804    -0.068130    -1.547000     0.000000    -0.002133    -0.137300     0.015320     0.000000    -0.000000     0.000000    -0.000000     0.000000    -0.000640    -0.052530     0.006441    -0.139900
   -0.000000    -0.000000     1.000000    -0.000000     0.000000    -0.000000    -0.000000    -0.000000    -0.000000     0.000000    -0.000000    -0.000000     0.000000     0.000000     0.000000     0.000000
    0.000000    -0.000000    -0.000000    -0.000000    -0.065100    14.520000  -201.200000     9.810000    -0.000000     0.000000    -0.000000    -0.000000     0.000000    -0.000000     0.007537    -0.000000
    0.000515    -0.007303    -0.165900    -0.000000    -0.057310    -2.803000     0.936900    -0.000000     0.000000    -0.000000     0.000000    -0.000000    -0.000069    -0.005631     0.134600    -0.015000
    0.000144    -0.002040    -0.046340    -0.000000     0.014110    -0.121400    -0.712100    -0.000000     0.000000    -0.000000     0.000000    -0.000000    -0.000019    -0.001573     0.002080    -0.004190
   -0.000000    -0.000000     0.000000     0.000000     0.000000     1.000000     0.000000    -0.000000    -0.000000     0.000000    -0.000000    -0.000000     0.000000     0.000000     0.000000     0.000000
    1.000000     0.000000    -0.000000    14.600000    -0.000000     0.000000     0.000000     0.000000     0.000000    -0.000000     0.000000     0.000000    -0.000000    -0.000000    -0.000000    -0.000000
    0.000000    -0.000000     0.000000    -0.000000     1.000000    -0.000000    -0.000000   -14.600000    -0.000000     0.000000    -0.000000   207.100000     0.000000     0.000000     0.000000     0.000000
   -0.000000     1.000000    -0.000000  -207.100000     0.000000     0.000000     0.000000     0.000000     0.000000    -0.000000     0.000000     0.000000    -0.000000    -0.000000    -0.000000    -0.000000
   -0.000000    -0.000000     0.000000     0.000000     0.000000    -0.000000     1.000000    -0.000000    -0.000000     0.000000    -0.000000    -0.000000     0.000000     0.000000     0.000000     0.000000

   -0.001244     0.164500   -16.110000    -9.810000     0.000000    -0.000000    -0.000000     0.000000     0.000000    -0.000000     0.000000     0.000000    -0.000813     0.034610     0.000000     0.015350
   -0.083230    -0.629000    92.970000    -0.000000     0.000000     0.000000     0.000000    -0.000000     0.000000    -0.000000     0.000000     0.000000     0.007264    -0.315200    -0.000000    -0.109300
    0.007656    -0.050160    -1.150000     0.000000    -0.001977    -0.098020     0.023540     0.000000    -0.000000     0.000000    -0.000000     0.000000    -0.000177    -0.017570     0.002223    -0.050890
   -0.000000    -0.000000     1.000000     0.000000     0.000000    -0.000000    -0.000000     0.000000    -0.000000     0.000000    -0.000000     0.000000     0.000000     0.000000     0.000000     0.000000
   -0.000000     0.000000    -0.000000    -0.000000    -0.070650    15.870000   -95.800000     9.810000    -0.000000     0.000000    -0.000000    -0.000000    -0.000000     0.000000     0.002130     0.000000
    0.000798    -0.005231    -0.119900    -0.000000    -0.070940    -2.897000     1.266000    -0.000000     0.000000    -0.000000     0.000000    -0.000000    -0.000018    -0.001832     0.068310    -0.005307
    0.000175    -0.001147    -0.026290    -0.000000     0.009957    -0.226700    -0.608200    -0.000000     0.000000    -0.000000     0.000000    -0.000000    -0.000004    -0.000402     0.002125    -0.001163
   -0.000000    -0.000000     0.000000     0.000000     0.000000     1.000000     0.000000     0.000000    -0.000000     0.000000    -0.000000     0.000000     0.000000     0.000000     0.000000     0.000000
    1.000000     0.000000    -0.000000    15.670000    -0.000000     0.000000     0.000000     0.000000     0.000000    -0.000000     0.000000     0.000000    -0.000000    -0.000000    -0.000000    -0.000000
    0.000000    -0.000000     0.000000    -0.000000     1.000000    -0.000000    -0.000000   -15.670000    -0.000000     0.000000    -0.000000   102.700000     0.000000     0.000000     0.000000     0.000000
   -0.000000     1.000000    -0.000000  -102.700000     0.000000     0.000000     0.000000     0.000000     0.000000    -0.000000     0.000000     0.000000    -0.000000    -0.000000    -0.000000    -0.000000
   -0.000000    -0.000000     0.000000     0.000000     0.000000    -0.000000     1.000000     0.000000    -0.000000     0.000000    -0.000000     0.000000     0.000000     0.000000     0.000000     0.000000

   -0.005972     0.266400   -21.350000    -9.810000    -0.000000    -0.000000     0.000000     0.000000     0.000000    -0.000000     0.000000     0.000000    -0.000922     0.037330    -0.000000     0.015920
   -0.115200    -0.492600    56.980000    -0.000000     0.000000    -0.000000    -0.000000    -0.000000     0.000000    -0.000000     0.000000     0.000000     0.003640    -0.151300     0.000000    -0.056300
    0.011250    -0.035580    -0.806400     0.000000    -0.001805    -0.067220     0.027600     0.000000    -0.000000     0.000000    -0.000000     0.000000    -0.000060    -0.007177     0.000922    -0.022460
   -0.000000    -0.000000     1.000000     0.000000     0.000000    -0.000000    -0.000000     0.000000    -0.000000     0.000000    -0.000000     0.000000     0.000000     0.000000     0.000000     0.000000
   -0.000000    -0.000000     0.000000    -0.000000    -0.054710    21.170000   -59.010000     9.810000    -0.000000     0.000000    -0.000000    -0.000000     0.000000    -0.000000    -0.000656    -0.000000
    0.001154    -0.003649    -0.082710    -0.000000    -0.072160    -2.259000     1.421000    -0.000000     0.000000    -0.000000     0.000000    -0.000000    -0.000006    -0.000736     0.033240    -0.002304
    0.000225    -0.000712    -0.016140    -0.000000     0.004386    -0.333700    -0.437000    -0.000000     0.000000    -0.000000     0.000000    -0.000000    -0.000001    -0.000144     0.001950    -0.000450
   -0.000000    -0.000000     0.000000    -0.000000     0.000000     1.000000     0.000000     0.000000    -0.000000     0.000000    -0.000000     0.000000     0.000000     0.000000     0.000000     0.000000
    1.000000     0.000000    -0.000000    20.520000    -0.000000     0.000000     0.000000     0.000000     0.000000    -0.000000     0.000000     0.000000    -0.000000    -0.000000    -0.000000    -0.000000
    0.000000    -0.000000     0.000000    -0.000000     1.000000    -0.000000    -0.000000   -20.520000    -0.000000     0.000000    -0.000000    64.890000     0.000000     0.000000     0.000000     0.000000
   -0.000000     1.000000    -0.000000   -64.890000     0.000000     0.000000     0.000000     0.000000     0.000000    -0.000000     0.000000     0.000000    -0.000000    -0.000000    -0.000000    -0.000000
   -0.000000    -0.000000     0.000000     0.000000     0.000000    -0.000000     1.000000    -0.000000    -0.000000     0.000000    -0.000000     0.000000     0.000000     0.000000     0.000000     0.000000
