u  w  q  the  v  p  r  phi  x  y  z  psi  |  slat  flap  aileron  elevator
   -0.006954     0.266000   -28.370000    -9.810000    -0.000000    -0.000000     0.000000     0.000000     0.000000    -0.000000     0.000000     0.000000    -0.000898     0.035750    -0.000000     0.014070
   -0.119000    -0.363500    56.670000    -0.000000     0.000000    -0.000000    -0.000000    -0.000000     0.000000    -0.000000     0.000000     0.000000     0.002586    -0.105700     0.000000    -0.040500
    0.014060    -0.031910    -0.764700     0.000000    -0.001087    -0.027060     0.023170     0.000000    -0.000000     0.000000    -0.000000     0.000000    -0.000091    -0.005288     0.000391    -0.021250
   -0.000000    -0.000000     1.000000    -0.000000     0.000000    -0.000000    -0.000000    -0.000000    -0.000000     0.000000    -0.000000    -0.000000     0.000000     0.000000     0.000000     0.000000
   -0.000000    -0.000000     0.000000    -0.000000    -0.038140    28.190000   -57.910000     9.810000    -0.000000     0.000000    -0.000000    -0.000000     0.000000    -0.000000    -0.001326    -0.000000
    0.000697    -0.001582    -0.037910    -0.000000    -0.906400   -23.900000    18.310000    -0.000000     0.000000    -0.000000     0.000000    -0.000000    -0.000004    -0.000262     0.334500    -0.001054
   -0.000030     0.000067     0.001605    -0.000000    -0.007346    -0.823500    -0.321200    -0.000000     0.000000    -0.000000     0.000000    -0.000000     0.000000     0.000011     0.006684     0.000045
   -0.000000    -0.000000     0.000000     0.000000     0.000000     1.000000     0.000000    -0.000000    -0.000000     0.000000    -0.000000    -0.000000     0.000000     0.000000     0.000000     0.000000
    1.000000     0.000000    -0.000000    27.450000    -0.000000     0.000000     0.000000     0.000000     0.000000    -0.000000     0.000000     0.000000    -0.000000    -0.000000    -0.000000    -0.000000
    0.000000    -0.000000     0.000000    -0.000000     1.000000    -0.000000    -0.000000   -27.450000    -0.000000     0.000000    -0.000000    62.280000     0.000000     0.000000     0.000000     0.000000
   -0.000000     1.000000    -0.000000   -62.280000     0.000000     0.000000     0.000000     0.000000     0.000000    -0.000000     0.000000     0.000000    -0.000000    -0.000000    -0.000000    -0.000000
   -0.000000    -0.000000     0.000000     0.000000     0.000000    -0.000000     1.000000    -0.000000    -0.000000     0.000000    -0.000000    -0.000000     0.000000     0.000000     0.000000     0.000000

   -0.001325     0.164100   -21.560000    -9.810000     0.000000     0.000000     0.000000     0.000000     0.000000    -0.000000     0.000000     0.000000    -0.000824     0.034780     0.000000     0.013730
   -0.084000    -0.474900    94.640000    -0.000000    -0.000000     0.000000     0.000000    -0.000000     0.000000    -0.000000     0.000000     0.000000     0.005440    -0.234200    -0.000000    -0.082340
    0.009207    -0.044470    -1.110000     0.000000    -0.001530    -0.053830     0.029590     0.000000    -0.000000     0.000000    -0.000000     0.000000    -0.000268    -0.013750     0.001270    -0.050580
   -0.000000    -0.000000     1.000000     0.000000     0.000000    -0.000000    -0.000000     0.000000    -0.000000     0.000000    -0.000000     0.000000     0.000000     0.000000     0.000000     0.000000
   -0.000000    -0.000000    -0.000000    -0.000000    -0.052130    21.360000   -96.510000     9.810000    -0.000000     0.000000    -0.000000    -0.000000    -0.000000     0.000000     0.000785    -0.000000
    0.000562    -0.002712    -0.067700    -0.000000    -1.040000   -38.280000    18.890000    -0.000000     0.000000    -0.000000     0.000000    -0.000000    -0.000016    -0.000839     0.890200    -0.003084
   -0.000023     0.000112     0.002786    -0.000000    -0.000615    -0.822900    -0.572500    -0.000000     0.000000    -0.000000     0.000000    -0.000000     0.000001     0.000035     0.013310     0.000127
   -0.000000    -0.000000     0.000000     0.000000     0.000000     1.000000     0.000000     0.000000    -0.000000     0.000000    -0.000000     0.000000     0.000000     0.000000     0.000000     0.000000
    1.000000     0.000000    -0.000000    21.050000    -0.000000     0.000000     0.000000     0.000000     0.000000    -0.000000     0.000000     0.000000    -0.000000    -0.000000    -0.000000    -0.000000
    0.000000    -0.000000     0.000000    -0.000000     1.000000    -0.000000    -0.000000   -21.050000    -0.000000     0.000000    -0.000000   101.700000     0.000000     0.000000     0.000000     0.000000
   -0.000000     1.000000    -0.000000  -101.700000     0.000000     0.000000     0.000000     0.000000     0.000000    -0.000000     0.000000     0.000000    -0.000000    -0.000000    -0.000000    -0.000000
   -0.000000    -0.000000     0.000000     0.000000     0.000000    -0.000000     1.000000    -0.000000    -0.000000     0.000000    -0.000000     0.000000     0.000000     0.000000     0.000000     0.000000

   -0.000075     0.075550   -20.420000    -9.810000     0.000000    -0.000000     0.000000     0.000000     0.000000    -0.000000     0.000000     0.000000    -0.000643     0.029180    -0.000000     0.012550
   -0.047720    -0.462400   200.200000    -0.000000    -0.000000     0.000000    -0.000000    -0.000000     0.000000    -0.000000     0.000000     0.000000     0.010560    -0.479900    -0.000000    -0.156600
    0.005888    -0.060150    -1.512000     0.000000    -0.002846    -0.125000     0.050220     0.000000    -0.000000     0.000000    -0.000000     0.000000    -0.000924    -0.042330     0.006014    -0.141800
   -0.000000    -0.000000     1.000000     0.000000     0.000000    -0.000000    -0.000000     0.000000    -0.000000     0.000000    -0.000000     0.000000     0.000000     0.000000     0.000000     0.000000
   -0.000000    -0.000000    -0.000000    -0.000000    -0.048510    20.230000  -202.200000     9.810000    -0.000000     0.000000    -0.000000    -0.000000     0.000000    -0.000000     0.004911    -0.000000
    0.000576    -0.005882    -0.147900    -0.000000    -1.268000   -58.040000    20.870000    -0.000000     0.000000    -0.000000     0.000000    -0.000000    -0.000090    -0.004140     2.774000    -0.013870
   -0.000022     0.000222     0.005575    -0.000000     0.005040    -0.891700    -0.803500    -0.000000     0.000000    -0.000000     0.000000    -0.000000     0.000003     0.000156     0.034470     0.000523
   -0.000000    -0.000000     0.000000     0.000000     0.000000     1.000000     0.000000     0.000000    -0.000000     0.000000    -0.000000     0.000000     0.000000     0.000000     0.000000     0.000000
    1.000000     0.000000    -0.000000    20.230000    -0.000000     0.000000     0.000000     0.000000     0.000000    -0.000000     0.000000     0.000000    -0.000000    -0.000000    -0.000000    -0.000000
    0.000000    -0.000000     0.000000    -0.000000     1.000000    -0.000000    -0.000000   -20.230000    -0.000000     0.000000    -0.000000   206.600000     0.000000     0.000000     0.000000     0.000000
   -0.000000     1.000000    -0.000000  -206.600000     0.000000     0.000000     0.000000     0.000000     0.000000    -0.000000     0.000000     0.000000    -0.000000    -0.000000    -0.000000    -0.000000
   -0.000000    -0.000000     0.000000     0.000000     0.000000    -0.000000     1.000000    -0.000000    -0.000000     0.000000    -0.000000     0.000000     0.000000     0.000000     0.000000     0.000000

    0.000048     0.072510   -14.280000    -9.810000     0.000000    -0.000000     0.000000     0.000000     0.000000    -0.000000     0.000000     0.000000    -0.000567     0.025960    -0.000000     0.011790
   -0.050540    -0.614200   198.600000    -0.000000    -0.000000     0.000000    -0.000000    -0.000000     0.000000    -0.000000     0.000000     0.000000     0.014050    -0.641100    -0.000000    -0.207500
    0.004033    -0.059260    -1.503000     0.000000    -0.002676    -0.125800     0.045620     0.000000    -0.000000     0.000000    -0.000000     0.000000    -0.000929    -0.042420     0.006066    -0.141100
   -0.000000    -0.000000     1.000000    -0.000000     0.000000    -0.000000    -0.000000    -0.000000    -0.000000     0.000000    -0.000000    -0.000000     0.000000     0.000000     0.000000     0.000000
    0.000000    -0.000000    -0.000000    -0.000000    -0.065300    14.000000  -201.200000     9.810000    -0.000000     0.000000    -0.000000    -0.000000     0.000000    -0.000000     0.007610    -0.000000
    0.000394    -0.005796    -0.147000    -0.000000    -1.187000   -58.220000    18.750000    -0.000000     0.000000    -0.000000     0.000000    -0.000000    -0.000091    -0.004149     2.795000    -0.013800
   -0.000015     0.000218     0.005542    -0.000000     0.007240    -0.807500    -0.828100    -0.000000     0.000000    -0.000000     0.000000    -0.000000     0.000003     0.000156     0.033410     0.000520
   -0.000000    -0.000000     0.000000     0.000000     0.000000     1.000000     0.000000    -0.000000    -0.000000     0.000000    -0.000000    -0.000000     0.000000     0.000000     0.000000     0.000000
    1.000000     0.000000    -0.000000    14.100000    -0.000000     0.000000     0.000000     0.000000     0.000000    -0.000000     0.000000     0.000000    -0.000000    -0.000000    -0.000000    -0.000000
    0.000000    -0.000000     0.000000    -0.000000     1.000000    -0.000000    -0.000000   -14.100000    -0.000000     0.000000    -0.000000   207.100000     0.000000     0.000000     0.000000     0.000000
   -0.000000     1.000000    -0.000000  -207.100000     0.000000     0.000000     0.000000     0.000000     0.000000    -0.000000     0.000000     0.000000    -0.000000    -0.000000    -0.000000    -0.000000
   -0.000000    -0.000000     0.000000     0.000000     0.000000    -0.000000     1.000000    -0.000000    -0.000000     0.000000    -0.000000    -0.000000     0.000000     0.000000     0.000000     0.000000

   -0.000611     0.160400   -15.680000    -9.810000     0.000000    -0.000000     0.000000     0.000000     0.000000    -0.000000     0.000000     0.000000    -0.000785     0.033440     0.000000     0.013340
   -0.086110    -0.629800    93.340000    -0.000000    -0.000000     0.000000     0.000000    -0.000000     0.000000    -0.000000     0.000000     0.000000     0.007273    -0.315800    -0.000000    -0.109300
    0.006428    -0.043490    -1.104000     0.000000    -0.001399    -0.054830     0.025960     0.000000    -0.000000     0.000000    -0.000000     0.000000    -0.000275    -0.013950     0.001306    -0.050660
   -0.000000    -0.000000     1.000000     0.000000     0.000000    -0.000000    -0.000000     0.000000    -0.000000     0.000000    -0.000000     0.000000     0.000000     0.000000     0.000000     0.000000
    0.000000    -0.000000    -0.000000    -0.000000    -0.071050    15.370000   -95.910000     9.810000    -0.000000     0.000000    -0.000000    -0.000000    -0.000000     0.000000     0.002213    -0.000000
    0.000392    -0.002652    -0.067310    -0.000000    -0.945000   -38.720000    16.350000    -0.000000     0.000000    -0.000000     0.000000    -0.000000    -0.000017    -0.000851     0.913300    -0.003089
   -0.000016     0.000109     0.002770    -0.000000     0.002396    -0.709900    -0.608400    -0.000000     0.000000    -0.000000     0.000000    -0.000000     0.000001     0.000035     0.012650     0.000127
   -0.000000    -0.000000     0.000000    -0.000000     0.000000     1.000000     0.000000     0.000000    -0.000000     0.000000    -0.000000     0.000000     0.000000     0.000000     0.000000     0.000000
    1.000000     0.000000    -0.000000    15.180000    -0.000000     0.000000     0.000000     0.000000     0.000000    -0.000000     0.000000     0.000000    -0.000000    -0.000000    -0.000000    -0.000000
    0.000000    -0.000000     0.000000    -0.000000     1.000000    -0.000000    -0.000000   -15.180000    -0.000000     0.000000    -0.000000   102.700000     0.000000     0.000000     0.000000     0.000000
   -0.000000     1.000000    -0.000000  -102.700000     0.000000     0.000000     0.000000     0.000000     0.000000    -0.000000     0.000000     0.000000    -0.000000    -0.000000    -0.000000    -0.000000
   -0.000000    -0.000000     0.000000     0.000000     0.000000    -0.000000     1.000000     0.000000    -0.000000     0.000000    -0.000000     0.000000     0.000000     0.000000     0.000000     0.000000

   -0.003985     0.259900   -20.820000    -9.810000    -0.000000    -0.000000     0.000000     0.000000     0.000000    -0.000000     0.000000     0.000000    -0.000895     0.036270    -0.000000     0.014130
   -0.119400    -0.494400    57.390000    -0.000000     0.000000    -0.000000    -0.000000    -0.000000     0.000000    -0.000000     0.000000     0.000000     0.003659    -0.152200     0.000000    -0.056440
    0.009549    -0.031200    -0.771400     0.000000    -0.000963    -0.028860     0.019580     0.000000    -0.000000     0.000000    -0.000000     0.000000    -0.000101    -0.005699     0.000435    -0.022300
   -0.000000    -0.000000     1.000000     0.000000     0.000000    -0.000000    -0.000000    -0.000000    -0.000000     0.000000    -0.000000     0.000000     0.000000     0.000000     0.000000     0.000000
   -0.000000    -0.000000     0.000000    -0.000000    -0.055350    20.540000   -59.210000     9.810000    -0.000000     0.000000    -0.000000    -0.000000     0.000000    -0.000000    -0.000571    -0.000000
    0.000474    -0.001547    -0.038250    -0.000000    -0.796200   -25.070000    15.250000    -0.000000     0.000000    -0.000000     0.000000    -0.000000    -0.000005    -0.000283     0.369800    -0.001106
   -0.000020     0.000065     0.001619    -0.000000    -0.003245    -0.677900    -0.377700    -0.000000     0.000000    -0.000000     0.000000    -0.000000     0.000000     0.000012     0.006392     0.000047
   -0.000000    -0.000000     0.000000     0.000000     0.000000     1.000000     0.000000     0.000000    -0.000000     0.000000    -0.000000     0.000000     0.000000     0.000000     0.000000     0.000000
    1.000000     0.000000    -0.000000    19.920000    -0.000000     0.000000     0.000000     0.000000     0.000000    -0.000000     0.000000     0.000000    -0.000000    -0.000000    -0.000000    -0.000000
    0.000000    -0.000000     0.000000    -0.000000     1.000000    -0.000000    -0.000000   -19.920000    -0.000000     0.000000    -0.000000    65.080000     0.000000     0.000000     0.000000     0.000000
   -0.000000     1.000000    -0.000000   -65.080000     0.000000     0.000000     0.000000     0.000000     0.000000    -0.000000     0.000000     0.000000    -0.000000    -0.000000    -0.000000    -0.000000
   -0.000000    -0.000000     0.000000     0.000000     0.000000    -0.000000     1.000000     0.000000    -0.000000     0.000000    -0.000000     0.000000     0.000000     0.000000     0.000000     0.000000
