u  w  q  the  v  p  r  phi  x  y  z  psi  |  slat  flap  aileron  elevator
   -0.033410     0.311000   -33.210000    -9.810000    -0.000000     0.000000     0.000000     0.000000     0.000000    -0.000000     0.000000     0.000000    -0.001052     0.041220    -0.000000     0.024070
   -0.091830    -0.345500    53.060000    -0.000000     0.000000    -0.000000     0.000000    -0.000000     0.000000    -0.000000     0.000000     0.000000     0.002378    -0.096120     0.000000    -0.038250
    0.028880    -0.052170    -0.988000     0.000000    -0.001513    -0.036800     0.036340     0.000000    -0.000000     0.000000    -0.000000     0.000000     0.000114    -0.011720     0.000499    -0.020550
   -0.000000    -0.000000     1.000000     0.000000     0.000000    -0.000000    -0.000000     0.000000    -0.000000     0.000000    -0.000000     0.000000     0.000000     0.000000     0.000000     0.000000
   -0.000000    -0.000000     0.000000    -0.000000    -0.033740    33.890000   -55.190000     9.810000    -0.000000     0.000000    -0.000000    -0.000000     0.000000    -0.000000    -0.001835    -0.000000
    0.002356    -0.004258    -0.080620    -0.000000    -0.844600   -21.090000    19.920000    -0.000000     0.000000    -0.000000     0.000000    -0.000000     0.000009    -0.000956     0.281500    -0.001677
   -0.000019     0.000034     0.000640    -0.000000    -0.004392    -0.813200    -0.362400    -0.000000     0.000000    -0.000000     0.000000    -0.000000    -0.000000     0.000008     0.005546     0.000013
   -0.000000    -0.000000     0.000000    -0.000000     0.000000     1.000000     0.000000     0.000000    -0.000000     0.000000    -0.000000     0.000000     0.000000     0.000000     0.000000     0.000000
    1.000000     0.000000    -0.000000    32.960000    -0.000000     0.000000     0.000000     0.000000     0.000000    -0.000000     0.000000     0.000000    -0.000000    -0.000000    -0.000000    -0.000000
    0.000000    -0.000000     0.000000    -0.000000     1.000000    -0.000000    -0.000000   -32.960000    -0.000000     0.000000    -0.000000    59.550000     0.000000     0.000000     0.000000     0.000000
   -0.000000     1.000000    -0.000000   -59.550000     0.000000     0.000000     0.000000     0.000000     0.000000    -0.000000     0.000000     0.000000    -0.000000    -0.000000    -0.000000    -0.000000
   -0.000000    -0.000000     0.000000     0.000000     0.000000    -0.000000     1.000000    -0.000000    -0.000000     0.000000    -0.000000     0.000000     0.000000     0.000000     0.000000     0.000000

   -0.009613     0.191600   -25.400000    -9.810000    -0.000000    -0.000000     0.000000     0.000000     0.000000    -0.000000     0.000000     0.000000    -0.001002     0.042010     0.000000     0.026210
   -0.065490    -0.468600    92.260000    -0.000000     0.000000     0.000000    -0.000000    -0.000000     0.000000    -0.000000     0.000000     0.000000     0.005344    -0.229400    -0.000000    -0.082070
    0.019510    -0.077670    -1.425000     0.000000    -0.002019    -0.071530     0.044080     0.000000    -0.000000     0.000000    -0.000000     0.000000     0.000262    -0.031930     0.001657    -0.049560
   -0.000000    -0.000000     1.000000     0.000000     0.000000    -0.000000    -0.000000     0.000000    -0.000000     0.000000    -0.000000     0.000000     0.000000     0.000000     0.000000     0.000000
    0.000000    -0.000000    -0.000000    -0.000000    -0.049570    25.720000   -95.410000     9.810000    -0.000000     0.000000    -0.000000    -0.000000    -0.000000     0.000000     0.000241    -0.000000
    0.001927    -0.007671    -0.140700    -0.000000    -0.957100   -34.560000    20.480000    -0.000000     0.000000    -0.000000     0.000000    -0.000000     0.000026    -0.003154     0.795700    -0.004895
   -0.000015     0.000059     0.001074    -0.000000     0.003376    -0.726400    -0.603800    -0.000000     0.000000    -0.000000     0.000000    -0.000000    -0.000000     0.000024     0.010360     0.000037
   -0.000000    -0.000000     0.000000    -0.000000     0.000000     1.000000     0.000000     0.000000    -0.000000     0.000000    -0.000000     0.000000     0.000000     0.000000     0.000000     0.000000
    1.000000     0.000000    -0.000000    25.300000    -0.000000     0.000000     0.000000     0.000000     0.000000    -0.000000     0.000000     0.000000    -0.000000    -0.000000    -0.000000    -0.000000
    0.000000    -0.000000     0.000000    -0.000000     1.000000    -0.000000    -0.000000   -25.300000    -0.000000     0.000000    -0.000000   100.700000     0.000000     0.000000     0.000000     0.000000
   -0.000000     1.000000    -0.000000  -100.700000     0.000000     0.000000     0.000000     0.000000     0.000000    -0.000000     0.000000     0.000000    -0.000000    -0.000000    -0.000000    -0.000000
   -0.000000    -0.000000     0.000000     0.000000     0.000000    -0.000000     1.000000     0.000000    -0.000000     0.000000    -0.000000     0.000000     0.000000     0.000000     0.000000     0.000000

   -0.002215     0.088980   -24.620000    -9.810000     0.000000    -0.000000    -0.000000     0.000000     0.000000    -0.000000     0.000000     0.000000    -0.000811     0.036580    -0.000000     0.026620
   -0.038160    -0.460300   198.300000    -0.000000    -0.000000     0.000000     0.000000    -0.000000     0.000000    -0.000000     0.000000     0.000000     0.010520    -0.477300    -0.000000    -0.157400
    0.012030    -0.100700    -1.794000     0.000000    -0.003256    -0.145000     0.065410     0.000000    -0.000000     0.000000    -0.000000     0.000000     0.000583    -0.090180     0.006934    -0.127600
   -0.000000    -0.000000     1.000000     0.000000     0.000000    -0.000000    -0.000000     0.000000    -0.000000     0.000000    -0.000000     0.000000     0.000000     0.000000     0.000000     0.000000
    0.000000    -0.000000    -0.000000    -0.000000    -0.047240    24.680000  -201.500000     9.810000    -0.000000     0.000000    -0.000000    -0.000000    -0.000000    -0.000000     0.004430    -0.000000
    0.001813    -0.015180    -0.270400    -0.000000    -1.110000   -50.280000    21.840000    -0.000000     0.000000    -0.000000     0.000000    -0.000000     0.000088    -0.013590     2.398000    -0.019220
   -0.000012     0.000104     0.001847    -0.000000     0.009801    -0.642000    -0.778600    -0.000000     0.000000    -0.000000     0.000000    -0.000000    -0.000001     0.000093     0.022490     0.000131
   -0.000000    -0.000000     0.000000    -0.000000     0.000000     1.000000     0.000000     0.000000    -0.000000     0.000000    -0.000000     0.000000     0.000000     0.000000     0.000000     0.000000
    1.000000     0.000000    -0.000000    24.620000    -0.000000     0.000000     0.000000     0.000000     0.000000    -0.000000     0.000000     0.000000    -0.000000    -0.000000    -0.000000    -0.000000
    0.000000    -0.000000     0.000000    -0.000000     1.000000    -0.000000    -0.000000   -24.620000    -0.000000     0.000000    -0.000000   206.200000     0.000000     0.000000     0.000000     0.000000
   -0.000000     1.000000    -0.000000  -206.200000     0.000000     0.000000     0.000000     0.000000     0.000000    -0.000000     0.000000     0.000000    -0.000000    -0.000000    -0.000000    -0.000000
   -0.000000    -0.000000     0.000000     0.000000     0.000000    -0.000000     1.000000    -0.000000    -0.000000     0.000000    -0.000000     0.000000     0.000000     0.000000     0.000000     0.000000

   -0.001475     0.085890   -17.380000    -9.810000     0.000000     0.000000     0.000000     0.000000     0.000000    -0.000000     0.000000     0.000000    -0.000736     0.033440    -0.000000     0.026050
   -0.040970    -0.612400   196.500000    -0.000000    -0.000000    -0.000000    -0.000000    -0.000000     0.000000    -0.000000     0.000000     0.000000     0.014020    -0.639100    -0.000000    -0.208500
    0.008435    -0.100400    -1.783000     0.000000    -0.003050    -0.145900     0.059260     0.000000    -0.000000     0.000000    -0.000000     0.000000     0.000586    -0.090810     0.007008    -0.126700
   -0.000000    -0.000000     1.000000    -0.000000     0.000000    -0.000000    -0.000000    -0.000000    -0.000000     0.000000    -0.000000    -0.000000     0.000000     0.000000     0.000000     0.000000
    0.000000    -0.000000    -0.000000    -0.000000    -0.064050    17.340000  -200.800000     9.810000    -0.000000     0.000000    -0.000000    -0.000000     0.000000    -0.000000     0.007137    -0.000000
    0.001271    -0.015130    -0.268700    -0.000000    -1.038000   -50.510000    19.720000    -0.000000     0.000000    -0.000000     0.000000    -0.000000     0.000088    -0.013680     2.422000    -0.019090
   -0.000009     0.000103     0.001835    -0.000000     0.011750    -0.559200    -0.799100    -0.000000     0.000000    -0.000000     0.000000    -0.000000    -0.000001     0.000093     0.021470     0.000130
   -0.000000    -0.000000     0.000000     0.000000     0.000000     1.000000     0.000000    -0.000000    -0.000000     0.000000    -0.000000    -0.000000     0.000000     0.000000     0.000000     0.000000
    1.000000     0.000000    -0.000000    17.380000    -0.000000     0.000000     0.000000     0.000000     0.000000    -0.000000     0.000000     0.000000    -0.000000    -0.000000    -0.000000    -0.000000
    0.000000    -0.000000     0.000000    -0.000000     1.000000    -0.000000    -0.000000   -17.380000    -0.000000     0.000000    -0.000000   206.900000     0.000000     0.000000     0.000000     0.000000
   -0.000000     1.000000    -0.000000  -206.900000     0.000000     0.000000     0.000000     0.000000     0.000000    -0.000000     0.000000     0.000000    -0.000000    -0.000000    -0.000000    -0.000000
   -0.000000    -0.000000     0.000000     0.000000     0.000000    -0.000000     1.000000    -0.000000    -0.000000     0.000000    -0.000000    -0.000000     0.000000     0.000000     0.000000     0.000000

   -0.006594     0.187500   -18.430000    -9.810000     0.000000    -0.000000    -0.000000     0.000000     0.000000    -0.000000     0.000000     0.000000    -0.000966     0.040940     0.000000     0.026200
   -0.067650    -0.624800    90.930000    -0.000000     0.000000     0.000000     0.000000    -0.000000     0.000000    -0.000000     0.000000     0.000000     0.007207    -0.312200    -0.000000    -0.109500
    0.013940    -0.077740    -1.419000     0.000000    -0.001838    -0.072980     0.038520     0.000000    -0.000000     0.000000    -0.000000     0.000000     0.000268    -0.032870     0.001720    -0.049750
   -0.000000    -0.000000     1.000000     0.000000     0.000000    -0.000000    -0.000000     0.000000    -0.000000     0.000000    -0.000000     0.000000     0.000000     0.000000     0.000000     0.000000
   -0.000000    -0.000000    -0.000000    -0.000000    -0.068580    18.630000   -95.200000     9.810000    -0.000000     0.000000    -0.000000    -0.000000    -0.000000    -0.000000     0.001677    -0.000000
    0.001377    -0.007679    -0.140100    -0.000000    -0.868500   -35.150000    17.810000    -0.000000     0.000000    -0.000000     0.000000    -0.000000     0.000026    -0.003247     0.824800    -0.004914
   -0.000011     0.000059     0.001069    -0.000000     0.006305    -0.604000    -0.637000    -0.000000     0.000000    -0.000000     0.000000    -0.000000    -0.000000     0.000025     0.009681     0.000037
   -0.000000    -0.000000     0.000000    -0.000000     0.000000     1.000000     0.000000     0.000000    -0.000000     0.000000    -0.000000     0.000000     0.000000     0.000000     0.000000     0.000000
    1.000000     0.000000    -0.000000    18.330000    -0.000000     0.000000     0.000000     0.000000     0.000000    -0.000000     0.000000     0.000000    -0.000000    -0.000000    -0.000000    -0.000000
    0.000000    -0.000000     0.000000    -0.000000     1.000000    -0.000000    -0.000000   -18.330000    -0.000000     0.000000    -0.000000   102.200000     0.000000     0.000000     0.000000     0.000000
   -0.000000     1.000000    -0.000000  -102.200000     0.000000     0.000000     0.000000     0.000000     0.000000    -0.000000     0.000000     0.000000    -0.000000    -0.000000    -0.000000    -0.000000
   -0.000000    -0.000000     0.000000     0.000000     0.000000    -0.000000     1.000000     0.000000    -0.000000     0.000000    -0.000000     0.000000     0.000000     0.000000     0.000000     0.000000

   -0.022070     0.302900   -24.160000    -9.810000    -0.000000     0.000000     0.000000     0.000000     0.000000    -0.000000     0.000000     0.000000    -0.001070     0.042990    -0.000000     0.025340
   -0.092310    -0.481800    54.660000    -0.000000     0.000000     0.000000    -0.000000    -0.000000     0.000000    -0.000000     0.000000     0.000000     0.003520    -0.145600     0.000000    -0.055310
    0.020230    -0.053960    -1.010000     0.000000    -0.001336    -0.039940     0.030550     0.000000    -0.000000     0.000000    -0.000000     0.000000     0.000127    -0.013410     0.000582    -0.022250
   -0.000000    -0.000000     1.000000     0.000000     0.000000    -0.000000    -0.000000     0.000000    -0.000000     0.000000    -0.000000     0.000000     0.000000     0.000000     0.000000     0.000000
    0.000000    -0.000000     0.000000    -0.000000    -0.051370    24.690000   -57.780000     9.810000    -0.000000     0.000000    -0.000000    -0.000000     0.000000    -0.000000    -0.001121    -0.000000
    0.001651    -0.004403    -0.082440    -0.000000    -0.742700   -22.710000    16.660000    -0.000000     0.000000    -0.000000     0.000000    -0.000000     0.000010    -0.001094     0.327600    -0.001816
   -0.000013     0.000035     0.000655    -0.000000    -0.000376    -0.647900    -0.413800    -0.000000     0.000000    -0.000000     0.000000    -0.000000    -0.000000     0.000009     0.005305     0.000014
   -0.000000    -0.000000     0.000000    -0.000000     0.000000     1.000000     0.000000     0.000000    -0.000000     0.000000    -0.000000     0.000000     0.000000     0.000000     0.000000     0.000000
    1.000000     0.000000    -0.000000    23.890000    -0.000000     0.000000     0.000000     0.000000     0.000000    -0.000000     0.000000     0.000000    -0.000000    -0.000000    -0.000000    -0.000000
    0.000000    -0.000000     0.000000    -0.000000     1.000000    -0.000000    -0.000000   -23.890000    -0.000000     0.000000    -0.000000    63.730000     0.000000     0.000000     0.000000     0.000000
   -0.000000     1.000000    -0.000000   -63.730000     0.000000     0.000000     0.000000     0.000000     0.000000    -0.000000     0.000000     0.000000    -0.000000    -0.000000    -0.000000    -0.000000
   -0.000000    -0.000000     0.000000     0.000000     0.000000    -0.000000     1.000000     0.000000    -0.000000     0.000000    -0.000000     0.000000     0.000000     0.000000     0.000000     0.000000
