u  w  q  the  v  p  r  phi  x  y  z  psi  |  slat  flap  aileron  elevator
   -0.008901     0.270500   -28.880000    -9.810000    -0.000000     0.000000     0.000000     0.000000     0.000000    -0.000000     0.000000     0.000000    -0.000915     0.036360    -0.000000     0.015200
   -0.116000    -0.361800    56.310000    -0.000000     0.000000    -0.000000    -0.000000    -0.000000     0.000000    -0.000000     0.000000     0.000000     0.002566    -0.104800     0.000000    -0.040300
    0.014980    -0.033170    -0.752800     0.000000    -0.002078    -0.070320     0.031130     0.000000    -0.000000     0.000000    -0.000000     0.000000    -0.000061    -0.005918     0.000859    -0.020360
   -0.000000    -0.000000     1.000000     0.000000     0.000000    -0.000000    -0.000000     0.000000    -0.000000     0.000000    -0.000000     0.000000     0.000000     0.000000     0.000000     0.000000
   -0.000000    -0.000000     0.000000    -0.000000    -0.037650    28.780000   -57.650000     9.810000    -0.000000     0.000000    -0.000000    -0.000000     0.000000    -0.000000    -0.001380    -0.000000
    0.001581    -0.003502    -0.079470    -0.000000    -0.054430    -1.425000     1.122000    -0.000000     0.000000    -0.000000     0.000000    -0.000000    -0.000006    -0.000625     0.019880    -0.002149
    0.000423    -0.000937    -0.021260    -0.000000     0.001900    -0.394000    -0.365000    -0.000000     0.000000    -0.000000     0.000000    -0.000000    -0.000002    -0.000167     0.002083    -0.000575
   -0.000000    -0.000000     0.000000    -0.000000     0.000000     1.000000     0.000000     0.000000    -0.000000     0.000000    -0.000000     0.000000     0.000000     0.000000     0.000000     0.000000
    1.000000     0.000000    -0.000000    28.010000    -0.000000     0.000000     0.000000     0.000000     0.000000    -0.000000     0.000000     0.000000    -0.000000    -0.000000    -0.000000    -0.000000
    0.000000    -0.000000     0.000000    -0.000000     1.000000    -0.000000    -0.000000   -28.010000    -0.000000     0.000000    -0.000000    62.030000     0.000000     0.000000     0.000000     0.000000
   -0.000000     1.000000    -0.000000   -62.030000     0.000000     0.000000     0.000000     0.000000     0.000000    -0.000000     0.000000     0.000000    -0.000000    -0.000000    -0.000000    -0.000000
   -0.000000    -0.000000     0.000000     0.000000     0.000000    -0.000000     1.000000     0.000000    -0.000000     0.000000    -0.000000     0.000000     0.000000     0.000000     0.000000     0.000000

   -0.001921     0.167000   -21.970000    -9.810000    -0.000000    -0.000000    -0.000000     0.000000     0.000000    -0.000000     0.000000     0.000000    -0.000843     0.035560     0.000000     0.015080
   -0.082000    -0.474300    94.390000    -0.000000     0.000000     0.000000     0.000000    -0.000000     0.000000    -0.000000     0.000000     0.000000     0.005431    -0.233800    -0.000000    -0.082320
    0.009819    -0.046400    -1.082000     0.000000    -0.002109    -0.099920     0.022950     0.000000    -0.000000     0.000000    -0.000000     0.000000    -0.000191    -0.015330     0.002158    -0.048070
   -0.000000    -0.000000     1.000000     0.000000     0.000000    -0.000000    -0.000000     0.000000    -0.000000     0.000000    -0.000000     0.000000     0.000000     0.000000     0.000000     0.000000
   -0.000000    -0.000000    -0.000000    -0.000000    -0.051850    21.820000   -96.400000     9.810000    -0.000000     0.000000    -0.000000    -0.000000     0.000000    -0.000000     0.000728    -0.000000
    0.001048    -0.004951    -0.115400    -0.000000    -0.051490    -1.887000     0.955400    -0.000000     0.000000    -0.000000     0.000000    -0.000000    -0.000020    -0.001636     0.043870    -0.005129
    0.000311    -0.001472    -0.034310    -0.000000     0.007244    -0.263900    -0.512900    -0.000000     0.000000    -0.000000     0.000000    -0.000000    -0.000006    -0.000486     0.002264    -0.001525
   -0.000000    -0.000000     0.000000     0.000000     0.000000     1.000000     0.000000     0.000000    -0.000000     0.000000    -0.000000     0.000000     0.000000     0.000000     0.000000     0.000000
    1.000000     0.000000    -0.000000    21.500000    -0.000000     0.000000     0.000000     0.000000     0.000000    -0.000000     0.000000     0.000000    -0.000000    -0.000000    -0.000000    -0.000000
    0.000000    -0.000000     0.000000    -0.000000     1.000000    -0.000000    -0.000000   -21.500000    -0.000000     0.000000    -0.000000   101.600000     0.000000     0.000000     0.000000     0.000000
   -0.000000     1.000000    -0.000000  -101.600000     0.000000     0.000000     0.000000     0.000000     0.000000    -0.000000     0.000000     0.000000    -0.000000    -0.000000    -0.000000    -0.000000
   -0.000000    -0.000000     0.000000     0.000000     0.000000    -0.000000     1.000000     0.000000    -0.000000     0.000000    -0.000000     0.000000     0.000000     0.000000     0.000000     0.000000

   -0.000219     0.076970   -20.870000    -9.810000    -0.000000    -0.000000     0.000000     0.000000     0.000000    -0.000000     0.000000     0.000000    -0.000661     0.029960    -0.000000     0.014050
   -0.046700    -0.462100   200.000000    -0.000000    -0.000000    -0.000000    -0.000000    -0.000000     0.000000    -0.000000     0.000000     0.000000     0.010560    -0.479700    -0.000000    -0.156700
    0.006127    -0.061170    -1.424000     0.000000    -0.002069    -0.133700     0.010190     0.000000    -0.000000     0.000000    -0.000000     0.000000    -0.000669    -0.045510     0.006106    -0.130300
   -0.000000    -0.000000     1.000000     0.000000     0.000000    -0.000000    -0.000000     0.000000    -0.000000     0.000000    -0.000000     0.000000     0.000000     0.000000     0.000000     0.000000
    0.000000    -0.000000    -0.000000    -0.000000    -0.048370    20.700000  -202.100000     9.810000    -0.000000     0.000000    -0.000000    -0.000000     0.000000    -0.000000     0.004860    -0.000000
    0.000665    -0.006642    -0.154600    -0.000000    -0.040000    -1.826000     0.674300    -0.000000     0.000000    -0.000000     0.000000    -0.000000    -0.000073    -0.004942     0.087260    -0.014140
    0.000244    -0.002439    -0.056790    -0.000000     0.010710    -0.142900    -0.577200    -0.000000     0.000000    -0.000000     0.000000    -0.000000    -0.000027    -0.001815     0.002231    -0.005194
   -0.000000    -0.000000     0.000000     0.000000     0.000000     1.000000     0.000000     0.000000    -0.000000     0.000000    -0.000000     0.000000     0.000000     0.000000     0.000000     0.000000
    1.000000     0.000000    -0.000000    20.690000    -0.000000     0.000000     0.000000     0.000000     0.000000    -0.000000     0.000000     0.000000    -0.000000    -0.000000    -0.000000    -0.000000
    0.000000    -0.000000     0.000000    -0.000000     1.000000    -0.000000    -0.000000   -20.690000    -0.000000     0.000000    -0.000000   206.600000     0.000000     0.000000     0.000000     0.000000
   -0.000000     1.000000    -0.000000  -206.600000     0.000000     0.000000     0.000000     0.000000     0.000000    -0.000000     0.000000     0.000000    -0.000000    -0.000000    -0.000000    -0.000000
   -0.000000    -0.000000     0.000000     0.000000     0.000000    -0.000000     1.000000     0.000000    -0.000000     0.000000    -0.000000     0.000000     0.000000     0.000000     0.000000     0.000000

   -0.000051     0.073930   -14.610000    -9.810000     0.000000     0.000000     0.000000     0.000000     0.000000    -0.000000     0.000000     0.000000    -0.000585     0.026750    -0.000000     0.013310
   -0.049520    -0.614000   198.400000    -0.000000    -0.000000     0.000000     0.000000    -0.000000     0.000000    -0.000000     0.000000     0.000000     0.014050    -0.640900    -0.000000    -0.207600
    0.004213    -0.060400    -1.415000     0.000000    -0.001848    -0.131100     0.005491     0.000000    -0.000000     0.000000    -0.000000     0.000000    -0.000673    -0.045640     0.006108    -0.129500
   -0.000000    -0.000000     1.000000     0.000000     0.000000    -0.000000    -0.000000    -0.000000    -0.000000     0.000000    -0.000000     0.000000     0.000000     0.000000     0.000000     0.000000
    0.000000    -0.000000    -0.000000    -0.000000    -0.065170    14.350000  -201.200000     9.810000    -0.000000     0.000000    -0.000000    -0.000000     0.000000    -0.000000     0.007560    -0.000000
    0.000458    -0.006559    -0.153700    -0.000000    -0.037440    -1.832000     0.606500    -0.000000     0.000000    -0.000000     0.000000    -0.000000    -0.000073    -0.004956     0.087950    -0.014070
    0.000168    -0.002409    -0.056430    -0.000000     0.011460    -0.094340    -0.578100    -0.000000     0.000000    -0.000000     0.000000    -0.000000    -0.000027    -0.001820     0.001504    -0.005165
   -0.000000    -0.000000     0.000000     0.000000     0.000000     1.000000     0.000000     0.000000    -0.000000     0.000000    -0.000000     0.000000     0.000000     0.000000     0.000000     0.000000
    1.000000     0.000000    -0.000000    14.440000    -0.000000     0.000000     0.000000     0.000000     0.000000    -0.000000     0.000000     0.000000    -0.000000    -0.000000    -0.000000    -0.000000
    0.000000    -0.000000     0.000000    -0.000000     1.000000    -0.000000    -0.000000   -14.440000    -0.000000     0.000000    -0.000000   207.100000     0.000000     0.000000     0.000000     0.000000
   -0.000000     1.000000    -0.000000  -207.100000     0.000000     0.000000     0.000000     0.000000     0.000000    -0.000000     0.000000     0.000000    -0.000000    -0.000000    -0.000000    -0.000000
   -0.000000    -0.000000     0.000000     0.000000     0.000000    -0.000000     1.000000     0.000000    -0.000000     0.000000    -0.000000     0.000000     0.000000     0.000000     0.000000     0.000000

   -0.001033     0.163200   -15.980000    -9.810000    -0.000000    -0.000000     0.000000     0.000000     0.000000    -0.000000     0.000000     0.000000    -0.000804     0.034240     0.000000     0.014720
   -0.084130    -0.629200    93.090000    -0.000000     0.000000     0.000000    -0.000000    -0.000000     0.000000    -0.000000     0.000000     0.000000     0.007267    -0.315400    -0.000000    -0.109300
    0.006886    -0.045570    -1.075000     0.000000    -0.001832    -0.097690     0.016740     0.000000    -0.000000     0.000000    -0.000000     0.000000    -0.000196    -0.015590     0.002188    -0.048140
   -0.000000    -0.000000     1.000000     0.000000     0.000000    -0.000000    -0.000000     0.000000    -0.000000     0.000000    -0.000000     0.000000     0.000000     0.000000     0.000000     0.000000
    0.000000    -0.000000    -0.000000    -0.000000    -0.070780    15.720000   -95.840000     9.810000    -0.000000     0.000000    -0.000000    -0.000000     0.000000     0.000000     0.002156    -0.000000
    0.000735    -0.004862    -0.114700    -0.000000    -0.046780    -1.911000     0.828200    -0.000000     0.000000    -0.000000     0.000000    -0.000000    -0.000021    -0.001663     0.045060    -0.005137
    0.000218    -0.001445    -0.034110    -0.000000     0.008547    -0.185700    -0.518300    -0.000000     0.000000    -0.000000     0.000000    -0.000000    -0.000006    -0.000495     0.001662    -0.001527
   -0.000000    -0.000000     0.000000     0.000000     0.000000     1.000000     0.000000     0.000000    -0.000000     0.000000    -0.000000     0.000000     0.000000     0.000000     0.000000     0.000000
    1.000000     0.000000    -0.000000    15.520000    -0.000000     0.000000     0.000000     0.000000     0.000000    -0.000000     0.000000     0.000000    -0.000000    -0.000000    -0.000000    -0.000000
    0.000000    -0.000000     0.000000    -0.000000     1.000000    -0.000000    -0.000000   -15.520000    -0.000000     0.000000    -0.000000   102.700000     0.000000     0.000000     0.000000     0.000000
   -0.000000     1.000000    -0.000000  -102.700000     0.000000     0.000000     0.000000     0.000000     0.000000    -0.000000     0.000000     0.000000    -0.000000    -0.000000    -0.000000    -0.000000
   -0.000000    -0.000000     0.000000     0.000000     0.000000    -0.000000     1.000000    -0.000000    -0.000000     0.000000    -0.000000     0.000000     0.000000     0.000000     0.000000     0.000000

   -0.005315     0.264300   -21.180000    -9.810000    -0.000000     0.000000     0.000000     0.000000     0.000000    -0.000000     0.000000     0.000000    -0.000913     0.037000    -0.000000     0.015360
   -0.116500    -0.493200    57.110000    -0.000000     0.000000     0.000000    -0.000000    -0.000000     0.000000    -0.000000     0.000000     0.000000     0.003646    -0.151600     0.000000    -0.056340
    0.010240    -0.032710    -0.759900     0.000000    -0.001746    -0.069230     0.023210     0.000000    -0.000000     0.000000    -0.000000     0.000000    -0.000069    -0.006424     0.000929    -0.021420
   -0.000000    -0.000000     1.000000     0.000000     0.000000    -0.000000    -0.000000     0.000000    -0.000000     0.000000    -0.000000     0.000000     0.000000     0.000000     0.000000     0.000000
   -0.000000    -0.000000    -0.000000    -0.000000    -0.054910    20.970000   -59.080000     9.810000    -0.000000     0.000000    -0.000000    -0.000000    -0.000000    -0.000000    -0.000629    -0.000000
    0.001081    -0.003453    -0.080220    -0.000000    -0.047850    -1.499000     0.935500    -0.000000     0.000000    -0.000000     0.000000    -0.000000    -0.000007    -0.000678     0.022080    -0.002261
    0.000289    -0.000924    -0.021460    -0.000000     0.003934    -0.282100    -0.381100    -0.000000     0.000000    -0.000000     0.000000    -0.000000    -0.000002    -0.000181     0.001608    -0.000605
   -0.000000    -0.000000     0.000000     0.000000     0.000000     1.000000     0.000000     0.000000    -0.000000     0.000000    -0.000000     0.000000     0.000000     0.000000     0.000000     0.000000
    1.000000     0.000000    -0.000000    20.330000    -0.000000     0.000000     0.000000     0.000000     0.000000    -0.000000     0.000000     0.000000    -0.000000    -0.000000    -0.000000    -0.000000
    0.000000    -0.000000     0.000000    -0.000000     1.000000    -0.000000    -0.000000   -20.330000    -0.000000     0.000000    -0.000000    64.950000     0.000000     0.000000     0.000000     0.000000
   -0.000000     1.000000    -0.000000   -64.950000     0.000000     0.000000     0.000000     0.000000     0.000000    -0.000000     0.000000     0.000000    -0.000000    -0.000000    -0.000000    -0.000000
   -0.000000    -0.000000     0.000000     0.000000     0.000000    -0.000000     1.000000     0.000000    -0.000000     0.000000    -0.000000     0.000000     0.000000     0.000000     0.000000     0.000000
