u  w  q  the  v  p  r  phi  x  y  z  psi  |  slat  flap  aileron  elevator
   -0.009480     0.271800   -29.020000    -9.810000    -0.000000    -0.000000     0.000000     0.000000     0.000000    -0.000000     0.000000     0.000000    -0.000920     0.036530    -0.000000     0.015510
   -0.115200    -0.361300    56.210000    -0.000000     0.000000    -0.000000    -0.000000    -0.000000     0.000000    -0.000000     0.000000     0.000000     0.002561    -0.104500     0.000000    -0.040250
    0.017000    -0.037380    -0.837100     0.000000    -0.000804    -0.019040     0.018110     0.000000    -0.000000     0.000000    -0.000000     0.000000    -0.000060    -0.006784     0.000281    -0.022460
   -0.000000    -0.000000     1.000000     0.000000     0.000000    -0.000000    -0.000000     0.000000    -0.000000     0.000000    -0.000000     0.000000     0.000000     0.000000     0.000000     0.000000
   -0.000000    -0.000000     0.000000    -0.000000    -0.037520    28.940000   -57.580000     9.810000    -0.000000     0.000000    -0.000000    -0.000000     0.000000    -0.000000    -0.001396    -0.000000
    0.000599    -0.001318    -0.029510    -0.000000    -0.934800   -24.520000    19.290000    -0.000000     0.000000    -0.000000     0.000000    -0.000000    -0.000002    -0.000239     0.341100    -0.000792
   -0.000047     0.000103     0.002301    -0.000000    -0.007788    -0.884600    -0.336800    -0.000000     0.000000    -0.000000     0.000000    -0.000000     0.000000     0.000019     0.007089     0.000062
   -0.000000    -0.000000     0.000000    -0.000000     0.000000     1.000000     0.000000     0.000000    -0.000000     0.000000    -0.000000     0.000000     0.000000     0.000000     0.000000     0.000000
    1.000000     0.000000    -0.000000    28.170000    -0.000000     0.000000     0.000000     0.000000     0.000000    -0.000000     0.000000     0.000000    -0.000000    -0.000000    -0.000000    -0.000000
    0.000000    -0.000000     0.000000    -0.000000     1.000000    -0.000000    -0.000000   -28.170000    -0.000000     0.000000    -0.000000    61.960000     0.000000     0.000000     0.000000     0.000000
   -0.000000     1.000000    -0.000000   -61.960000     0.000000     0.000000     0.000000     0.000000     0.000000    -0.000000     0.000000     0.000000    -0.000000    -0.000000    -0.000000    -0.000000
   -0.000000    -0.000000     0.000000     0.000000     0.000000    -0.000000     1.000000    -0.000000    -0.000000     0.000000    -0.000000     0.000000     0.000000     0.000000     0.000000     0.000000

   -0.002100     0.167800   -22.090000    -9.810000    -0.000000    -0.000000     0.000000     0.000000     0.000000    -0.000000     0.000000     0.000000    -0.000848     0.035770     0.000000     0.015460
   -0.081450    -0.474100    94.330000    -0.000000     0.000000     0.000000    -0.000000    -0.000000     0.000000    -0.000000     0.000000     0.000000     0.005428    -0.233600    -0.000000    -0.082320
    0.011390    -0.053500    -1.226000     0.000000    -0.001162    -0.039480     0.023860     0.000000    -0.000000     0.000000    -0.000000     0.000000    -0.000195    -0.017940     0.000940    -0.054100
   -0.000000    -0.000000     1.000000     0.000000     0.000000    -0.000000    -0.000000     0.000000    -0.000000     0.000000    -0.000000     0.000000     0.000000     0.000000     0.000000     0.000000
   -0.000000    -0.000000    -0.000000    -0.000000    -0.051770    21.950000   -96.370000     9.810000    -0.000000     0.000000    -0.000000    -0.000000     0.000000    -0.000000     0.000712    -0.000000
    0.000497    -0.002336    -0.053540    -0.000000    -1.081000   -39.720000    20.080000    -0.000000     0.000000    -0.000000     0.000000    -0.000000    -0.000009    -0.000784     0.922400    -0.002362
   -0.000038     0.000177     0.004064    -0.000000    -0.000602    -0.892500    -0.607900    -0.000000     0.000000    -0.000000     0.000000    -0.000000     0.000001     0.000059     0.014380     0.000179
   -0.000000    -0.000000     0.000000    -0.000000     0.000000     1.000000     0.000000     0.000000    -0.000000     0.000000    -0.000000     0.000000     0.000000     0.000000     0.000000     0.000000
    1.000000     0.000000    -0.000000    21.620000    -0.000000     0.000000     0.000000     0.000000     0.000000    -0.000000     0.000000     0.000000    -0.000000    -0.000000    -0.000000    -0.000000
    0.000000    -0.000000     0.000000    -0.000000     1.000000    -0.000000    -0.000000   -21.620000    -0.000000     0.000000    -0.000000   101.600000     0.000000     0.000000     0.000000     0.000000
   -0.000000     1.000000    -0.000000  -101.600000     0.000000     0.000000     0.000000     0.000000     0.000000    -0.000000     0.000000     0.000000    -0.000000    -0.000000    -0.000000    -0.000000
   -0.000000    -0.000000     0.000000     0.000000     0.000000    -0.000000     1.000000    -0.000000    -0.000000     0.000000    -0.000000     0.000000     0.000000     0.000000     0.000000     0.000000

   -0.000263     0.077370   -21.000000    -9.810000     0.000000    -0.000000     0.000000     0.000000     0.000000    -0.000000     0.000000     0.000000    -0.000666     0.030180    -0.000000     0.014470
   -0.046420    -0.462100   200.000000    -0.000000    -0.000000     0.000000     0.000000    -0.000000     0.000000    -0.000000     0.000000     0.000000     0.010560    -0.479600    -0.000000    -0.156700
    0.007532    -0.074720    -1.708000     0.000000    -0.002273    -0.096950     0.042780     0.000000    -0.000000     0.000000    -0.000000     0.000000    -0.000739    -0.056310     0.004683    -0.155000
   -0.000000    -0.000000     1.000000     0.000000     0.000000    -0.000000    -0.000000     0.000000    -0.000000     0.000000    -0.000000     0.000000     0.000000     0.000000     0.000000     0.000000
    0.000000    -0.000000    -0.000000    -0.000000    -0.048340    20.840000  -202.100000     9.810000    -0.000000     0.000000    -0.000000    -0.000000     0.000000    -0.000000     0.004846    -0.000000
    0.000540    -0.005356    -0.122400    -0.000000    -1.349000   -61.730000    22.750000    -0.000000     0.000000    -0.000000     0.000000    -0.000000    -0.000053    -0.004036     2.949000    -0.011110
   -0.000038     0.000373     0.008524    -0.000000     0.005316    -1.006000    -0.869300    -0.000000     0.000000    -0.000000     0.000000    -0.000000     0.000004     0.000281     0.038990     0.000774
   -0.000000    -0.000000     0.000000    -0.000000     0.000000     1.000000     0.000000     0.000000    -0.000000     0.000000    -0.000000     0.000000     0.000000     0.000000     0.000000     0.000000
    1.000000     0.000000    -0.000000    20.820000    -0.000000     0.000000     0.000000     0.000000     0.000000    -0.000000     0.000000     0.000000    -0.000000    -0.000000    -0.000000    -0.000000
    0.000000    -0.000000     0.000000    -0.000000     1.000000    -0.000000    -0.000000   -20.820000    -0.000000     0.000000    -0.000000   206.600000     0.000000     0.000000     0.000000     0.000000
   -0.000000     1.000000    -0.000000  -206.600000     0.000000     0.000000     0.000000     0.000000     0.000000    -0.000000     0.000000     0.000000    -0.000000    -0.000000    -0.000000    -0.000000
   -0.000000    -0.000000     0.000000     0.000000     0.000000    -0.000000     1.000000    -0.000000    -0.000000     0.000000    -0.000000     0.000000     0.000000     0.000000     0.000000     0.000000

   -0.000081     0.074320   -14.710000    -9.810000     0.000000     0.000000     0.000000     0.000000     0.000000    -0.000000     0.000000     0.000000    -0.000590     0.026970    -0.000000     0.013740
   -0.049230    -0.613900   198.300000    -0.000000    -0.000000    -0.000000    -0.000000    -0.000000     0.000000    -0.000000     0.000000     0.000000     0.014040    -0.640900    -0.000000    -0.207700
    0.005184    -0.073830    -1.697000     0.000000    -0.002144    -0.097810     0.039120     0.000000    -0.000000     0.000000    -0.000000     0.000000    -0.000743    -0.056490     0.004729    -0.154200
   -0.000000    -0.000000     1.000000     0.000000     0.000000    -0.000000    -0.000000     0.000000    -0.000000     0.000000    -0.000000     0.000000     0.000000     0.000000     0.000000     0.000000
    0.000000    -0.000000    -0.000000    -0.000000    -0.065130    14.450000  -201.200000     9.810000    -0.000000     0.000000    -0.000000    -0.000000     0.000000    -0.000000     0.007546    -0.000000
    0.000371    -0.005292    -0.121600    -0.000000    -1.262000   -61.930000    20.450000    -0.000000     0.000000    -0.000000     0.000000    -0.000000    -0.000053    -0.004049     2.973000    -0.011050
   -0.000026     0.000369     0.008471    -0.000000     0.007810    -0.912400    -0.898200    -0.000000     0.000000    -0.000000     0.000000    -0.000000     0.000004     0.000282     0.037830     0.000770
   -0.000000    -0.000000     0.000000    -0.000000     0.000000     1.000000     0.000000     0.000000    -0.000000     0.000000    -0.000000     0.000000     0.000000     0.000000     0.000000     0.000000
    1.000000     0.000000    -0.000000    14.540000    -0.000000     0.000000     0.000000     0.000000     0.000000    -0.000000     0.000000     0.000000    -0.000000    -0.000000    -0.000000    -0.000000
    0.000000    -0.000000     0.000000    -0.000000     1.000000    -0.000000    -0.000000   -14.540000    -0.000000     0.000000    -0.000000   207.100000     0.000000     0.000000     0.000000     0.000000
   -0.000000     1.000000    -0.000000  -207.100000     0.000000     0.000000     0.000000     0.000000     0.000000    -0.000000     0.000000     0.000000    -0.000000    -0.000000    -0.000000    -0.000000
   -0.000000    -0.000000     0.000000    -0.000000     0.000000    -0.000000     1.000000    -0.000000    -0.000000     0.000000    -0.000000     0.000000     0.000000     0.000000     0.000000     0.000000

   -0.001160     0.164000   -16.060000    -9.810000    -0.000000    -0.000000     0.000000     0.000000     0.000000    -0.000000     0.000000     0.000000    -0.000809     0.034460     0.000000     0.015100
   -0.083580    -0.629100    93.020000    -0.000000     0.000000     0.000000    -0.000000    -0.000000     0.000000    -0.000000     0.000000     0.000000     0.007265    -0.315300    -0.000000    -0.109300
    0.007995    -0.052590    -1.219000     0.000000    -0.001067    -0.040450     0.021110     0.000000    -0.000000     0.000000    -0.000000     0.000000    -0.000201    -0.018260     0.000970    -0.054190
   -0.000000    -0.000000     1.000000     0.000000     0.000000    -0.000000    -0.000000     0.000000    -0.000000     0.000000    -0.000000     0.000000     0.000000     0.000000     0.000000     0.000000
    0.000000    -0.000000    -0.000000    -0.000000    -0.070700    15.810000   -95.820000     9.810000    -0.000000     0.000000    -0.000000    -0.000000     0.000000    -0.000000     0.002141    -0.000000
    0.000349    -0.002296    -0.053220    -0.000000    -0.981900   -40.210000    17.390000    -0.000000     0.000000    -0.000000     0.000000    -0.000000    -0.000009    -0.000797     0.947500    -0.002366
   -0.000027     0.000174     0.004040    -0.000000     0.002690    -0.769600    -0.648000    -0.000000     0.000000    -0.000000     0.000000    -0.000000     0.000001     0.000061     0.013680     0.000180
   -0.000000    -0.000000     0.000000     0.000000     0.000000     1.000000     0.000000     0.000000    -0.000000     0.000000    -0.000000     0.000000     0.000000     0.000000     0.000000     0.000000
    1.000000     0.000000    -0.000000    15.610000    -0.000000     0.000000     0.000000     0.000000     0.000000    -0.000000     0.000000     0.000000    -0.000000    -0.000000    -0.000000    -0.000000
    0.000000    -0.000000     0.000000    -0.000000     1.000000    -0.000000    -0.000000   -15.610000    -0.000000     0.000000    -0.000000   102.700000     0.000000     0.000000     0.000000     0.000000
   -0.000000     1.000000    -0.000000  -102.700000     0.000000     0.000000     0.000000     0.000000     0.000000    -0.000000     0.000000     0.000000    -0.000000    -0.000000    -0.000000    -0.000000
   -0.000000    -0.000000     0.000000     0.000000     0.000000    -0.000000     1.000000    -0.000000    -0.000000     0.000000    -0.000000     0.000000     0.000000     0.000000     0.000000     0.000000

   -0.005711     0.265600   -21.280000    -9.810000     0.000000     0.000000     0.000000     0.000000     0.000000    -0.000000     0.000000     0.000000    -0.000919     0.037200    -0.000000     0.015700
   -0.115700    -0.492900    57.030000    -0.000000     0.000000     0.000000    -0.000000    -0.000000     0.000000    -0.000000     0.000000     0.000000     0.003642    -0.151400     0.000000    -0.056310
    0.011640    -0.036940    -0.845200     0.000000    -0.000717    -0.020640     0.015450     0.000000    -0.000000     0.000000    -0.000000     0.000000    -0.000068    -0.007377     0.000315    -0.023650
   -0.000000    -0.000000     1.000000     0.000000     0.000000    -0.000000    -0.000000     0.000000    -0.000000     0.000000    -0.000000     0.000000     0.000000     0.000000     0.000000     0.000000
   -0.000000     0.000000     0.000000    -0.000000    -0.054780    21.090000   -59.040000     9.810000    -0.000000     0.000000    -0.000000    -0.000000    -0.000000    -0.000000    -0.000645    -0.000000
    0.000410    -0.001302    -0.029790    -0.000000    -0.821400   -25.790000    16.080000    -0.000000     0.000000    -0.000000     0.000000    -0.000000    -0.000002    -0.000260     0.379300    -0.000834
   -0.000032     0.000102     0.002323    -0.000000    -0.003371    -0.727600    -0.398200    -0.000000     0.000000    -0.000000     0.000000    -0.000000     0.000000     0.000020     0.006802     0.000065
   -0.000000    -0.000000     0.000000    -0.000000     0.000000     1.000000     0.000000     0.000000    -0.000000     0.000000    -0.000000     0.000000     0.000000     0.000000     0.000000     0.000000
    1.000000     0.000000    -0.000000    20.450000    -0.000000     0.000000     0.000000     0.000000     0.000000    -0.000000     0.000000     0.000000    -0.000000    -0.000000    -0.000000    -0.000000
    0.000000    -0.000000     0.000000    -0.000000     1.000000    -0.000000    -0.000000   -20.450000    -0.000000     0.000000    -0.000000    64.910000     0.000000     0.000000     0.000000     0.000000
   -0.000000     1.000000    -0.000000   -64.910000     0.000000     0.000000     0.000000     0.000000     0.000000    -0.000000     0.000000     0.000000    -0.000000    -0.000000    -0.000000    -0.000000
   -0.000000    -0.000000     0.000000    -0.000000     0.000000    -0.000000     1.000000    -0.000000    -0.000000     0.000000    -0.000000     0.000000     0.000000     0.000000     0.000000     0.000000
