u  w  q  the  v  p  r  phi  x  y  z  psi  |  slat  flap  aileron  elevator
   -0.010860     0.274800   -29.350000    -9.810000    -0.000000     0.000000     0.000000     0.000000     0.000000    -0.000000     0.000000     0.000000    -0.000930     0.036920    -0.000000     0.016220
   -0.113300    -0.360200    55.990000    -0.000000     0.000000    -0.000000    -0.000000    -0.000000     0.000000    -0.000000     0.000000     0.000000     0.002548    -0.103900     0.000000    -0.040120
    0.018370    -0.039770    -0.866500     0.000000    -0.000755    -0.017570     0.017320     0.000000    -0.000000     0.000000    -0.000000     0.000000    -0.000044    -0.007471     0.000260    -0.022830
   -0.000000    -0.000000     1.000000     0.000000     0.000000    -0.000000    -0.000000     0.000000    -0.000000     0.000000    -0.000000     0.000000     0.000000     0.000000     0.000000     0.000000
   -0.000000    -0.000000     0.000000    -0.000000    -0.037210    29.320000   -57.420000     9.810000    -0.000000     0.000000    -0.000000    -0.000000     0.000000    -0.000000    -0.001430    -0.000000
    0.000603    -0.001305    -0.028440    -0.000000    -0.939700   -24.580000    19.600000    -0.000000     0.000000    -0.000000     0.000000    -0.000000    -0.000001    -0.000245     0.340900    -0.000749
   -0.000053     0.000114     0.002480    -0.000000    -0.007807    -0.902700    -0.343400    -0.000000     0.000000    -0.000000     0.000000    -0.000000     0.000000     0.000021     0.007169     0.000065
   -0.000000    -0.000000     0.000000     0.000000     0.000000     1.000000     0.000000     0.000000    -0.000000     0.000000    -0.000000     0.000000     0.000000     0.000000     0.000000     0.000000
    1.000000     0.000000    -0.000000    28.530000    -0.000000     0.000000     0.000000     0.000000     0.000000    -0.000000     0.000000     0.000000    -0.000000    -0.000000    -0.000000    -0.000000
    0.000000    -0.000000     0.000000    -0.000000     1.000000    -0.000000    -0.000000   -28.530000    -0.000000     0.000000    -0.000000    61.790000     0.000000     0.000000     0.000000     0.000000
   -0.000000     1.000000    -0.000000   -61.790000     0.000000     0.000000     0.000000     0.000000     0.000000    -0.000000     0.000000     0.000000    -0.000000    -0.000000    -0.000000    -0.000000
   -0.000000    -0.000000     0.000000     0.000000     0.000000    -0.000000     1.000000    -0.000000    -0.000000     0.000000    -0.000000     0.000000     0.000000     0.000000     0.000000     0.000000

   -0.002527     0.169600   -22.350000    -9.810000    -0.000000    -0.000000    -0.000000     0.000000     0.000000    -0.000000     0.000000     0.000000    -0.000860     0.036260     0.000000     0.016310
   -0.080190    -0.473700    94.170000    -0.000000    -0.000000     0.000000     0.000000    -0.000000     0.000000    -0.000000     0.000000     0.000000     0.005422    -0.233300    -0.000000    -0.082310
    0.012400    -0.057470    -1.272000     0.000000    -0.001097    -0.036870     0.022980     0.000000    -0.000000     0.000000    -0.000000     0.000000    -0.000155    -0.019880     0.000880    -0.055200
   -0.000000    -0.000000     1.000000     0.000000     0.000000    -0.000000    -0.000000     0.000000    -0.000000     0.000000    -0.000000     0.000000     0.000000     0.000000     0.000000     0.000000
   -0.000000     0.000000    -0.000000    -0.000000    -0.051590    22.240000   -96.300000     9.810000    -0.000000     0.000000    -0.000000    -0.000000     0.000000     0.000000     0.000676    -0.000000
    0.000505    -0.002339    -0.051790    -0.000000    -1.088000   -39.950000    20.450000    -0.000000     0.000000    -0.000000     0.000000    -0.000000    -0.000006    -0.000809     0.927000    -0.002247
   -0.000043     0.000199     0.004397    -0.000000    -0.000424    -0.909900    -0.620700    -0.000000     0.000000    -0.000000     0.000000    -0.000000     0.000001     0.000069     0.014580     0.000191
   -0.000000    -0.000000     0.000000    -0.000000     0.000000     1.000000     0.000000     0.000000    -0.000000     0.000000    -0.000000     0.000000     0.000000     0.000000     0.000000     0.000000
    1.000000     0.000000    -0.000000    21.910000    -0.000000     0.000000     0.000000     0.000000     0.000000    -0.000000     0.000000     0.000000    -0.000000    -0.000000    -0.000000    -0.000000
    0.000000    -0.000000     0.000000    -0.000000     1.000000    -0.000000    -0.000000   -21.910000    -0.000000     0.000000    -0.000000   101.500000     0.000000     0.000000     0.000000     0.000000
   -0.000000     1.000000    -0.000000  -101.500000     0.000000     0.000000     0.000000     0.000000     0.000000    -0.000000     0.000000     0.000000    -0.000000    -0.000000    -0.000000    -0.000000
   -0.000000    -0.000000     0.000000     0.000000     0.000000    -0.000000     1.000000    -0.000000    -0.000000     0.000000    -0.000000     0.000000     0.000000     0.000000     0.000000     0.000000

   -0.000369     0.078270   -21.280000    -9.810000    -0.000000     0.000000     0.000000     0.000000     0.000000    -0.000000     0.000000     0.000000    -0.000677     0.030680    -0.000000     0.015430
   -0.045770    -0.461900   199.800000    -0.000000    -0.000000     0.000000    -0.000000    -0.000000     0.000000    -0.000000     0.000000     0.000000     0.010550    -0.479400    -0.000000    -0.156800
    0.008277    -0.080950    -1.780000     0.000000    -0.002167    -0.091590     0.041660     0.000000    -0.000000     0.000000    -0.000000     0.000000    -0.000623    -0.062610     0.004430    -0.158800
   -0.000000    -0.000000     1.000000     0.000000     0.000000    -0.000000    -0.000000     0.000000    -0.000000     0.000000    -0.000000     0.000000     0.000000     0.000000     0.000000     0.000000
   -0.000000    -0.000000    -0.000000    -0.000000    -0.048250    21.140000  -202.000000     9.810000    -0.000000     0.000000    -0.000000    -0.000000    -0.000000    -0.000000     0.004814    -0.000000
    0.000555    -0.005430    -0.119400    -0.000000    -1.363000   -62.370000    23.280000    -0.000000     0.000000    -0.000000     0.000000    -0.000000    -0.000042    -0.004200     2.979000    -0.010650
   -0.000043     0.000423     0.009307    -0.000000     0.005666    -1.030000    -0.890600    -0.000000     0.000000    -0.000000     0.000000    -0.000000     0.000003     0.000327     0.039830     0.000831
   -0.000000    -0.000000     0.000000    -0.000000     0.000000     1.000000     0.000000     0.000000    -0.000000     0.000000    -0.000000     0.000000     0.000000     0.000000     0.000000     0.000000
    1.000000     0.000000    -0.000000    21.120000    -0.000000     0.000000     0.000000     0.000000     0.000000    -0.000000     0.000000     0.000000    -0.000000    -0.000000    -0.000000    -0.000000
    0.000000    -0.000000     0.000000    -0.000000     1.000000    -0.000000    -0.000000   -21.120000    -0.000000     0.000000    -0.000000   206.500000     0.000000     0.000000     0.000000     0.000000
   -0.000000     1.000000    -0.000000  -206.500000     0.000000     0.000000     0.000000     0.000000     0.000000    -0.000000     0.000000     0.000000    -0.000000    -0.000000    -0.000000    -0.000000
   -0.000000    -0.000000     0.000000     0.000000     0.000000    -0.000000     1.000000     0.000000    -0.000000     0.000000    -0.000000     0.000000     0.000000     0.000000     0.000000     0.000000

   -0.000154     0.075220   -14.920000    -9.810000     0.000000     0.000000     0.000000     0.000000     0.000000    -0.000000     0.000000     0.000000    -0.000602     0.027480    -0.000000     0.014710
   -0.048580    -0.613800   198.200000    -0.000000    -0.000000    -0.000000     0.000000    -0.000000     0.000000    -0.000000     0.000000     0.000000     0.014040    -0.640800    -0.000000    -0.207700
    0.005709    -0.080080    -1.768000     0.000000    -0.002045    -0.092470     0.038160     0.000000    -0.000000     0.000000    -0.000000     0.000000    -0.000627    -0.062840     0.004474    -0.157900
   -0.000000    -0.000000     1.000000     0.000000     0.000000    -0.000000    -0.000000     0.000000    -0.000000     0.000000    -0.000000     0.000000     0.000000     0.000000     0.000000     0.000000
    0.000000    -0.000000    -0.000000    -0.000000    -0.065040    14.680000  -201.100000     9.810000    -0.000000     0.000000    -0.000000    -0.000000     0.000000    -0.000000     0.007514    -0.000000
    0.000383    -0.005371    -0.118600    -0.000000    -1.276000   -62.580000    20.930000    -0.000000     0.000000    -0.000000     0.000000    -0.000000    -0.000042    -0.004215     3.003000    -0.010590
   -0.000030     0.000419     0.009248    -0.000000     0.008241    -0.933500    -0.920700    -0.000000     0.000000    -0.000000     0.000000    -0.000000     0.000003     0.000329     0.038640     0.000826
   -0.000000    -0.000000     0.000000    -0.000000     0.000000     1.000000     0.000000     0.000000    -0.000000     0.000000    -0.000000     0.000000     0.000000     0.000000     0.000000     0.000000
    1.000000     0.000000    -0.000000    14.760000    -0.000000     0.000000     0.000000     0.000000     0.000000    -0.000000     0.000000     0.000000    -0.000000    -0.000000    -0.000000    -0.000000
    0.000000    -0.000000     0.000000    -0.000000     1.000000    -0.000000    -0.000000   -14.760000    -0.000000     0.000000    -0.000000   207.100000     0.000000     0.000000     0.000000     0.000000
   -0.000000     1.000000    -0.000000  -207.100000     0.000000     0.000000     0.000000     0.000000     0.000000    -0.000000     0.000000     0.000000    -0.000000    -0.000000    -0.000000    -0.000000
   -0.000000    -0.000000     0.000000     0.000000     0.000000    -0.000000     1.000000     0.000000    -0.000000     0.000000    -0.000000     0.000000     0.000000     0.000000     0.000000     0.000000

   -0.001465     0.165800   -16.250000    -9.810000     0.000000    -0.000000    -0.000000     0.000000     0.000000    -0.000000     0.000000     0.000000    -0.000822     0.034970     0.000000     0.015980
   -0.082330    -0.628800    92.860000    -0.000000     0.000000     0.000000     0.000000    -0.000000     0.000000    -0.000000     0.000000     0.000000     0.007261    -0.315100    -0.000000    -0.109300
    0.008727    -0.056620    -1.265000     0.000000    -0.001009    -0.037850     0.020380     0.000000    -0.000000     0.000000    -0.000000     0.000000    -0.000160    -0.020250     0.000909    -0.055300
   -0.000000    -0.000000     1.000000    -0.000000     0.000000    -0.000000    -0.000000    -0.000000    -0.000000     0.000000    -0.000000    -0.000000     0.000000     0.000000     0.000000     0.000000
    0.000000    -0.000000    -0.000000    -0.000000    -0.070530    16.030000   -95.770000     9.810000    -0.000000     0.000000    -0.000000    -0.000000     0.000000     0.000000     0.002105    -0.000000
    0.000355    -0.002304    -0.051480    -0.000000    -0.988300   -40.450000    17.720000    -0.000000     0.000000    -0.000000     0.000000    -0.000000    -0.000007    -0.000824     0.952900    -0.002251
   -0.000030     0.000196     0.004371    -0.000000     0.002952    -0.783600    -0.661900    -0.000000     0.000000    -0.000000     0.000000    -0.000000     0.000001     0.000070     0.013870     0.000191
   -0.000000    -0.000000     0.000000     0.000000     0.000000     1.000000     0.000000    -0.000000    -0.000000     0.000000    -0.000000    -0.000000     0.000000     0.000000     0.000000     0.000000
    1.000000     0.000000    -0.000000    15.820000    -0.000000     0.000000     0.000000     0.000000     0.000000    -0.000000     0.000000     0.000000    -0.000000    -0.000000    -0.000000    -0.000000
    0.000000    -0.000000     0.000000    -0.000000     1.000000    -0.000000    -0.000000   -15.820000    -0.000000     0.000000    -0.000000   102.600000     0.000000     0.000000     0.000000     0.000000
   -0.000000     1.000000    -0.000000  -102.600000     0.000000     0.000000     0.000000     0.000000     0.000000    -0.000000     0.000000     0.000000    -0.000000    -0.000000    -0.000000    -0.000000
   -0.000000    -0.000000     0.000000     0.000000     0.000000    -0.000000     1.000000    -0.000000    -0.000000     0.000000    -0.000000    -0.000000     0.000000     0.000000     0.000000     0.000000

   -0.006655     0.268400   -21.510000    -9.810000    -0.000000     0.000000     0.000000     0.000000     0.000000    -0.000000     0.000000     0.000000    -0.000931     0.037660    -0.000000     0.016470
   -0.113800    -0.492100    56.850000    -0.000000     0.000000     0.000000    -0.000000    -0.000000     0.000000    -0.000000     0.000000     0.000000     0.003634    -0.151000     0.000000    -0.056250
    0.012620    -0.039490    -0.875400     0.000000    -0.000674    -0.019160     0.014810     0.000000    -0.000000     0.000000    -0.000000     0.000000    -0.000051    -0.008157     0.000294    -0.024080
   -0.000000    -0.000000     1.000000     0.000000     0.000000    -0.000000    -0.000000     0.000000    -0.000000     0.000000    -0.000000     0.000000     0.000000     0.000000     0.000000     0.000000
   -0.000000    -0.000000     0.000000    -0.000000    -0.054510    21.370000   -58.950000     9.810000    -0.000000     0.000000    -0.000000    -0.000000     0.000000    -0.000000    -0.000682    -0.000000
    0.000414    -0.001296    -0.028730    -0.000000    -0.825700   -25.890000    16.340000    -0.000000     0.000000    -0.000000     0.000000    -0.000000    -0.000002    -0.000268     0.380100    -0.000790
   -0.000036     0.000113     0.002505    -0.000000    -0.003294    -0.741500    -0.406100    -0.000000     0.000000    -0.000000     0.000000    -0.000000     0.000000     0.000023     0.006886     0.000069
   -0.000000    -0.000000     0.000000    -0.000000     0.000000     1.000000     0.000000     0.000000    -0.000000     0.000000    -0.000000     0.000000     0.000000     0.000000     0.000000     0.000000
    1.000000     0.000000    -0.000000    20.710000    -0.000000     0.000000     0.000000     0.000000     0.000000    -0.000000     0.000000     0.000000    -0.000000    -0.000000    -0.000000    -0.000000
    0.000000    -0.000000     0.000000    -0.000000     1.000000    -0.000000    -0.000000   -20.710000    -0.000000     0.000000    -0.000000    64.830000     0.000000     0.000000     0.000000     0.000000
   -0.000000     1.000000    -0.000000   -64.830000     0.000000     0.000000     0.000000     0.000000     0.000000    -0.000000     0.000000     0.000000    -0.000000    -0.000000    -0.000000    -0.000000
   -0.000000    -0.000000     0.000000    -0.000000     0.000000    -0.000000     1.000000    -0.000000    -0.000000     0.000000    -0.000000     0.000000     0.000000     0.000000     0.000000     0.000000
