u  w  q  the  v  p  r  phi  x  y  z  psi  |  slat  flap  aileron  elevator
   -0.004301     0.258900   -27.580000    -9.810000    -0.000000     0.000000     0.000000     0.000000     0.000000    -0.000000     0.000000     0.000000    -0.000872     0.034770    -0.000000     0.012280
   -0.123700    -0.366100    57.210000    -0.000000     0.000000     0.000000     0.000000    -0.000000     0.000000    -0.000000     0.000000     0.000000     0.002615    -0.107000     0.000000    -0.040790
    0.010500    -0.024750    -0.663200     0.000000    -0.001651    -0.042940     0.033140     0.000000    -0.000000     0.000000    -0.000000     0.000000    -0.000122    -0.003430     0.000612    -0.019170
   -0.000000    -0.000000     1.000000     0.000000     0.000000    -0.000000    -0.000000     0.000000    -0.000000     0.000000    -0.000000     0.000000     0.000000     0.000000     0.000000     0.000000
   -0.000000    -0.000000     0.000000    -0.000000    -0.038920    27.290000   -58.290000     9.810000    -0.000000     0.000000    -0.000000    -0.000000     0.000000    -0.000000    -0.001240    -0.000000
    0.000856    -0.002019    -0.054100    -0.000000    -0.842800   -22.350000    16.580000    -0.000000     0.000000    -0.000000     0.000000    -0.000000    -0.000010    -0.000280     0.315000    -0.001563
   -0.000007     0.000018     0.000473    -0.000000    -0.006275    -0.718900    -0.299000    -0.000000     0.000000    -0.000000     0.000000    -0.000000     0.000000     0.000002     0.005876     0.000014
   -0.000000    -0.000000     0.000000     0.000000     0.000000     1.000000     0.000000     0.000000    -0.000000     0.000000    -0.000000     0.000000     0.000000     0.000000     0.000000     0.000000
    1.000000     0.000000    -0.000000    26.570000    -0.000000     0.000000     0.000000     0.000000     0.000000    -0.000000     0.000000     0.000000    -0.000000    -0.000000    -0.000000    -0.000000
    0.000000    -0.000000     0.000000    -0.000000     1.000000    -0.000000    -0.000000   -26.570000    -0.000000     0.000000    -0.000000    62.660000     0.000000     0.000000     0.000000     0.000000
   -0.000000     1.000000    -0.000000   -62.660000     0.000000     0.000000     0.000000     0.000000     0.000000    -0.000000     0.000000     0.000000    -0.000000    -0.000000    -0.000000    -0.000000
   -0.000000    -0.000000     0.000000     0.000000     0.000000    -0.000000     1.000000    -0.000000    -0.000000     0.000000    -0.000000     0.000000     0.000000     0.000000     0.000000     0.000000

   -0.000528     0.159600   -20.920000    -9.810000    -0.000000    -0.000000    -0.000000     0.000000     0.000000    -0.000000     0.000000     0.000000    -0.000794     0.033580     0.000000     0.011620
   -0.087120    -0.475900    95.020000    -0.000000     0.000000     0.000000     0.000000    -0.000000     0.000000    -0.000000     0.000000     0.000000     0.005454    -0.235000    -0.000000    -0.082350
    0.006589    -0.032960    -0.947400     0.000000    -0.002229    -0.080870     0.040310     0.000000    -0.000000     0.000000    -0.000000     0.000000    -0.000335    -0.008676     0.001893    -0.044720
   -0.000000    -0.000000     1.000000     0.000000     0.000000    -0.000000    -0.000000     0.000000    -0.000000     0.000000    -0.000000     0.000000     0.000000     0.000000     0.000000     0.000000
   -0.000000    -0.000000    -0.000000    -0.000000    -0.052580    20.650000   -96.670000     9.810000    -0.000000     0.000000    -0.000000    -0.000000    -0.000000    -0.000000     0.000875    -0.000000
    0.000651    -0.003254    -0.093540    -0.000000    -0.951800   -35.070000    16.800000    -0.000000     0.000000    -0.000000     0.000000    -0.000000    -0.000033    -0.000857     0.817000    -0.004416
   -0.000006     0.000028     0.000798    -0.000000    -0.000191    -0.698200    -0.517300    -0.000000     0.000000    -0.000000     0.000000    -0.000000     0.000000     0.000007     0.011240     0.000038
   -0.000000    -0.000000     0.000000    -0.000000     0.000000     1.000000     0.000000     0.000000    -0.000000     0.000000    -0.000000     0.000000     0.000000     0.000000     0.000000     0.000000
    1.000000     0.000000    -0.000000    20.360000    -0.000000     0.000000     0.000000     0.000000     0.000000    -0.000000     0.000000     0.000000    -0.000000    -0.000000    -0.000000    -0.000000
    0.000000    -0.000000     0.000000    -0.000000     1.000000    -0.000000    -0.000000   -20.360000    -0.000000     0.000000    -0.000000   101.800000     0.000000     0.000000     0.000000     0.000000
   -0.000000     1.000000    -0.000000  -101.800000     0.000000     0.000000     0.000000     0.000000     0.000000    -0.000000     0.000000     0.000000    -0.000000    -0.000000    -0.000000    -0.000000
   -0.000000    -0.000000     0.000000     0.000000     0.000000    -0.000000     1.000000    -0.000000    -0.000000     0.000000    -0.000000     0.000000     0.000000     0.000000     0.000000     0.000000

    0.000111     0.073340   -19.720000    -9.810000    -0.000000     0.000000     0.000000     0.000000     0.000000    -0.000000     0.000000     0.000000    -0.000615     0.027950    -0.000000     0.010190
   -0.049320    -0.462700   200.500000    -0.000000    -0.000000     0.000000    -0.000000    -0.000000     0.000000    -0.000000     0.000000     0.000000     0.010570    -0.480300    -0.000000    -0.156500
    0.003956    -0.041930    -1.235000     0.000000    -0.003757    -0.169500     0.061690     0.000000    -0.000000     0.000000    -0.000000     0.000000    -0.001056    -0.025760     0.008126    -0.120200
   -0.000000    -0.000000     1.000000     0.000000     0.000000    -0.000000    -0.000000     0.000000    -0.000000     0.000000    -0.000000     0.000000     0.000000     0.000000     0.000000     0.000000
    0.000000    -0.000000    -0.000000    -0.000000    -0.048730    19.500000  -202.300000     9.810000    -0.000000     0.000000    -0.000000    -0.000000    -0.000000    -0.000000     0.004989    -0.000000
    0.000596    -0.006316    -0.186100    -0.000000    -1.104000   -50.530000    17.650000    -0.000000     0.000000    -0.000000     0.000000    -0.000000    -0.000159    -0.003880     2.417000    -0.018100
   -0.000005     0.000050     0.001486    -0.000000     0.005091    -0.693000    -0.698100    -0.000000     0.000000    -0.000000     0.000000    -0.000000     0.000001     0.000031     0.026410     0.000144
   -0.000000    -0.000000     0.000000    -0.000000     0.000000     1.000000     0.000000     0.000000    -0.000000     0.000000    -0.000000     0.000000     0.000000     0.000000     0.000000     0.000000
    1.000000     0.000000    -0.000000    19.500000    -0.000000     0.000000     0.000000     0.000000     0.000000    -0.000000     0.000000     0.000000    -0.000000    -0.000000    -0.000000    -0.000000
    0.000000    -0.000000     0.000000    -0.000000     1.000000    -0.000000    -0.000000   -19.500000    -0.000000     0.000000    -0.000000   206.700000     0.000000     0.000000     0.000000     0.000000
   -0.000000     1.000000    -0.000000  -206.700000     0.000000     0.000000     0.000000     0.000000     0.000000    -0.000000     0.000000     0.000000    -0.000000    -0.000000    -0.000000    -0.000000
   -0.000000    -0.000000     0.000000     0.000000     0.000000    -0.000000     1.000000     0.000000    -0.000000     0.000000    -0.000000     0.000000     0.000000     0.000000     0.000000     0.000000

    0.000173     0.070300   -13.760000    -9.810000    -0.000000    -0.000000     0.000000     0.000000     0.000000    -0.000000     0.000000     0.000000    -0.000540     0.024710    -0.000000     0.009417
   -0.052130    -0.614500   198.900000    -0.000000    -0.000000     0.000000     0.000000    -0.000000     0.000000    -0.000000     0.000000     0.000000     0.014050    -0.641400    -0.000000    -0.207300
    0.002690    -0.041110    -1.229000     0.000000    -0.003524    -0.170200     0.055630     0.000000    -0.000000     0.000000    -0.000000     0.000000    -0.001061    -0.025770     0.008188    -0.119600
   -0.000000    -0.000000     1.000000     0.000000     0.000000    -0.000000    -0.000000     0.000000    -0.000000     0.000000    -0.000000     0.000000     0.000000     0.000000     0.000000     0.000000
    0.000000    -0.000000    -0.000000    -0.000000    -0.065520    13.450000  -201.300000     9.810000    -0.000000     0.000000    -0.000000    -0.000000     0.000000    -0.000000     0.007687    -0.000000
    0.000405    -0.006192    -0.185100    -0.000000    -1.034000   -50.680000    15.840000    -0.000000     0.000000    -0.000000     0.000000    -0.000000    -0.000160    -0.003882     2.434000    -0.018010
   -0.000003     0.000049     0.001478    -0.000000     0.006823    -0.623300    -0.716000    -0.000000     0.000000    -0.000000     0.000000    -0.000000     0.000001     0.000031     0.025490     0.000144
   -0.000000    -0.000000     0.000000    -0.000000     0.000000     1.000000     0.000000     0.000000    -0.000000     0.000000    -0.000000     0.000000     0.000000     0.000000     0.000000     0.000000
    1.000000     0.000000    -0.000000    13.550000    -0.000000     0.000000     0.000000     0.000000     0.000000    -0.000000     0.000000     0.000000    -0.000000    -0.000000    -0.000000    -0.000000
    0.000000    -0.000000     0.000000    -0.000000     1.000000    -0.000000    -0.000000   -13.550000    -0.000000     0.000000    -0.000000   207.200000     0.000000     0.000000     0.000000     0.000000
   -0.000000     1.000000    -0.000000  -207.200000     0.000000     0.000000     0.000000     0.000000     0.000000    -0.000000     0.000000     0.000000    -0.000000    -0.000000    -0.000000    -0.000000
   -0.000000    -0.000000     0.000000     0.000000     0.000000    -0.000000     1.000000     0.000000    -0.000000     0.000000    -0.000000     0.000000     0.000000     0.000000     0.000000     0.000000

   -0.000053     0.155900   -15.210000    -9.810000     0.000000    -0.000000    -0.000000     0.000000     0.000000    -0.000000     0.000000     0.000000    -0.000755     0.032190     0.000000     0.011170
   -0.089210    -0.630500    93.740000    -0.000000     0.000000     0.000000     0.000000    -0.000000     0.000000    -0.000000     0.000000     0.000000     0.007282    -0.316300    -0.000000    -0.109200
    0.004557    -0.031950    -0.942300     0.000000    -0.002030    -0.081960     0.035050     0.000000    -0.000000     0.000000    -0.000000     0.000000    -0.000343    -0.008763     0.001942    -0.044790
   -0.000000    -0.000000     1.000000     0.000000     0.000000    -0.000000    -0.000000     0.000000    -0.000000     0.000000    -0.000000     0.000000     0.000000     0.000000     0.000000     0.000000
   -0.000000    -0.000000    -0.000000    -0.000000    -0.071480    14.840000   -96.010000     9.810000    -0.000000     0.000000    -0.000000    -0.000000    -0.000000     0.000000     0.002301    -0.000000
    0.000450    -0.003154    -0.093040    -0.000000    -0.864700   -35.450000    14.540000    -0.000000     0.000000    -0.000000     0.000000    -0.000000    -0.000034    -0.000865     0.837100    -0.004422
   -0.000004     0.000027     0.000794    -0.000000     0.002351    -0.600100    -0.546400    -0.000000     0.000000    -0.000000     0.000000    -0.000000     0.000000     0.000007     0.010650     0.000038
   -0.000000    -0.000000     0.000000    -0.000000     0.000000     1.000000     0.000000     0.000000    -0.000000     0.000000    -0.000000     0.000000     0.000000     0.000000     0.000000     0.000000
    1.000000     0.000000    -0.000000    14.670000    -0.000000     0.000000     0.000000     0.000000     0.000000    -0.000000     0.000000     0.000000    -0.000000    -0.000000    -0.000000    -0.000000
    0.000000    -0.000000     0.000000    -0.000000     1.000000    -0.000000    -0.000000   -14.670000    -0.000000     0.000000    -0.000000   102.800000     0.000000     0.000000     0.000000     0.000000
   -0.000000     1.000000    -0.000000  -102.800000     0.000000     0.000000     0.000000     0.000000     0.000000    -0.000000     0.000000     0.000000    -0.000000    -0.000000    -0.000000    -0.000000
   -0.000000    -0.000000     0.000000    -0.000000     0.000000    -0.000000     1.000000    -0.000000    -0.000000     0.000000    -0.000000     0.000000     0.000000     0.000000     0.000000     0.000000

   -0.002182     0.253000   -20.250000    -9.810000     0.000000     0.000000     0.000000     0.000000     0.000000    -0.000000     0.000000     0.000000    -0.000865     0.035130    -0.000000     0.012200
   -0.124100    -0.496300    57.820000    -0.000000     0.000000    -0.000000    -0.000000    -0.000000     0.000000    -0.000000     0.000000     0.000000     0.003679    -0.153200     0.000000    -0.056570
    0.007029    -0.023810    -0.668700     0.000000    -0.001455    -0.045150     0.027730     0.000000    -0.000000     0.000000    -0.000000     0.000000    -0.000133    -0.003646     0.000673    -0.020040
   -0.000000    -0.000000     1.000000     0.000000     0.000000    -0.000000    -0.000000     0.000000    -0.000000     0.000000    -0.000000     0.000000     0.000000     0.000000     0.000000     0.000000
   -0.000000    -0.000000     0.000000    -0.000000    -0.056050    19.870000   -59.420000     9.810000    -0.000000     0.000000    -0.000000    -0.000000     0.000000    -0.000000    -0.000480    -0.000000
    0.000573    -0.001942    -0.054550    -0.000000    -0.740300   -23.370000    13.800000    -0.000000     0.000000    -0.000000     0.000000    -0.000000    -0.000011    -0.000298     0.346000    -0.001635
   -0.000005     0.000017     0.000476    -0.000000    -0.002711    -0.590400    -0.347000    -0.000000     0.000000    -0.000000     0.000000    -0.000000     0.000000     0.000003     0.005579     0.000014
   -0.000000    -0.000000     0.000000    -0.000000     0.000000     1.000000     0.000000     0.000000    -0.000000     0.000000    -0.000000     0.000000     0.000000     0.000000     0.000000     0.000000
    1.000000     0.000000    -0.000000    19.270000    -0.000000     0.000000     0.000000     0.000000     0.000000    -0.000000     0.000000     0.000000    -0.000000    -0.000000    -0.000000    -0.000000
    0.000000    -0.000000     0.000000    -0.000000     1.000000    -0.000000    -0.000000   -19.270000    -0.000000     0.000000    -0.000000    65.270000     0.000000     0.000000     0.000000     0.000000
   -0.000000     1.000000    -0.000000   -65.270000     0.000000     0.000000     0.000000     0.000000     0.000000    -0.000000     0.000000     0.000000    -0.000000    -0.000000    -0.000000    -0.000000
   -0.000000    -0.000000     0.000000     0.000000     0.000000    -0.000000     1.000000    -0.000000    -0.000000     0.000000    -0.000000     0.000000     0.000000     0.000000     0.000000     0.000000
