u  w  q  the  v  p  r  phi  x  y  z  psi  |  slat  flap  aileron  elevator
   -0.012480     0.278100   -29.710000    -9.810000    -0.000000    -0.000000     0.000000     0.000000     0.000000    -0.000000     0.000000     0.000000    -0.000942     0.037350    -0.000000     0.017000
   -0.111200    -0.358900    55.730000    -0.000000     0.000000    -0.000000    -0.000000    -0.000000     0.000000    -0.000000     0.000000     0.000000     0.002533    -0.103200     0.000000    -0.039970
    0.019620    -0.041770    -0.886100     0.000000    -0.003611    -0.094860     0.075690     0.000000    -0.000000     0.000000    -0.000000     0.000000    -0.000025    -0.008103     0.001306    -0.022870
   -0.000000    -0.000000     1.000000     0.000000     0.000000    -0.000000    -0.000000     0.000000    -0.000000     0.000000    -0.000000     0.000000     0.000000     0.000000     0.000000     0.000000
   -0.000000    -0.000000     0.000000    -0.000000    -0.036870    29.740000   -57.230000     9.810000    -0.000000     0.000000    -0.000000    -0.000000     0.000000    -0.000000    -0.001469    -0.000000
    0.003163    -0.006732    -0.142800    -0.000000    -0.723900   -18.860000    15.280000    -0.000000     0.000000    -0.000000     0.000000    -0.000000    -0.000004    -0.001306     0.260800    -0.003687
    0.000061    -0.000129    -0.002736    -0.000000    -0.004952    -0.830200    -0.398500    -0.000000     0.000000    -0.000000     0.000000    -0.000000    -0.000000    -0.000025     0.006112    -0.000071
   -0.000000    -0.000000     0.000000    -0.000000     0.000000     1.000000     0.000000     0.000000    -0.000000     0.000000    -0.000000     0.000000     0.000000     0.000000     0.000000     0.000000
    1.000000     0.000000    -0.000000    28.940000    -0.000000     0.000000     0.000000     0.000000     0.000000    -0.000000     0.000000     0.000000    -0.000000    -0.000000    -0.000000    -0.000000
    0.000000    -0.000000     0.000000    -0.000000     1.000000    -0.000000    -0.000000   -28.940000    -0.000000     0.000000    -0.000000    61.600000     0.000000     0.000000     0.000000     0.000000
   -0.000000     1.000000    -0.000000   -61.600000     0.000000     0.000000     0.000000     0.000000     0.000000    -0.000000     0.000000     0.000000    -0.000000    -0.000000    -0.000000    -0.000000
   -0.000000    -0.000000     0.000000     0.000000     0.000000    -0.000000     1.000000     0.000000    -0.000000     0.000000    -0.000000     0.000000     0.000000     0.000000     0.000000     0.000000

   -0.003034     0.171700   -22.640000    -9.810000     0.000000     0.000000    -0.000000     0.000000     0.000000    -0.000000     0.000000     0.000000    -0.000873     0.036810     0.000000     0.017260
   -0.078780    -0.473200    93.990000    -0.000000     0.000000     0.000000    -0.000000    -0.000000     0.000000    -0.000000     0.000000     0.000000     0.005415    -0.233000    -0.000000    -0.082300
    0.013310    -0.060760    -1.300000     0.000000    -0.004804    -0.177300     0.090600     0.000000    -0.000000     0.000000    -0.000000     0.000000    -0.000107    -0.021640     0.004102    -0.055350
   -0.000000    -0.000000     1.000000     0.000000     0.000000    -0.000000    -0.000000     0.000000    -0.000000     0.000000    -0.000000     0.000000     0.000000     0.000000     0.000000     0.000000
   -0.000000     0.000000    -0.000000    -0.000000    -0.051390    22.560000   -96.220000     9.810000    -0.000000     0.000000    -0.000000    -0.000000    -0.000000    -0.000000     0.000635    -0.000000
    0.002521    -0.011510    -0.246300    -0.000000    -0.795000   -29.140000    15.130000    -0.000000     0.000000    -0.000000     0.000000    -0.000000    -0.000020    -0.004099     0.675700    -0.010480
    0.000049    -0.000222    -0.004757    -0.000000     0.003420    -0.768000    -0.685100    -0.000000     0.000000    -0.000000     0.000000    -0.000000    -0.000000    -0.000079     0.011270    -0.000202
   -0.000000    -0.000000     0.000000     0.000000     0.000000     1.000000     0.000000     0.000000    -0.000000     0.000000    -0.000000     0.000000     0.000000     0.000000     0.000000     0.000000
    1.000000     0.000000    -0.000000    22.220000    -0.000000     0.000000     0.000000     0.000000     0.000000    -0.000000     0.000000     0.000000    -0.000000    -0.000000    -0.000000    -0.000000
    0.000000    -0.000000     0.000000    -0.000000     1.000000    -0.000000    -0.000000   -22.220000    -0.000000     0.000000    -0.000000   101.400000     0.000000     0.000000     0.000000     0.000000
   -0.000000     1.000000    -0.000000  -101.400000     0.000000     0.000000     0.000000     0.000000     0.000000    -0.000000     0.000000     0.000000    -0.000000    -0.000000    -0.000000    -0.000000
   -0.000000    -0.000000     0.000000     0.000000     0.000000    -0.000000     1.000000     0.000000    -0.000000     0.000000    -0.000000     0.000000     0.000000     0.000000     0.000000     0.000000

   -0.000496     0.079280   -21.600000    -9.810000     0.000000    -0.000000     0.000000     0.000000     0.000000    -0.000000     0.000000     0.000000    -0.000690     0.031240    -0.000000     0.016490
   -0.045050    -0.461800   199.700000    -0.000000    -0.000000    -0.000000    -0.000000    -0.000000     0.000000    -0.000000     0.000000     0.000000     0.010550    -0.479200    -0.000000    -0.156900
    0.008877    -0.085470    -1.810000     0.000000    -0.007880    -0.362800     0.134900     0.000000    -0.000000     0.000000    -0.000000     0.000000    -0.000477    -0.067740     0.017310    -0.158400
   -0.000000    -0.000000     1.000000     0.000000     0.000000    -0.000000    -0.000000     0.000000    -0.000000     0.000000    -0.000000     0.000000     0.000000     0.000000     0.000000     0.000000
    0.000000    -0.000000    -0.000000    -0.000000    -0.048150    21.470000  -202.000000     9.810000    -0.000000     0.000000    -0.000000    -0.000000    -0.000000    -0.000000     0.004778    -0.000000
    0.002358    -0.022700    -0.480600    -0.000000    -0.848300   -38.780000    14.690000    -0.000000     0.000000    -0.000000     0.000000    -0.000000    -0.000127    -0.017990     1.852000    -0.042060
    0.000047    -0.000449    -0.009514    -0.000000     0.012130    -0.718200    -0.982700    -0.000000     0.000000    -0.000000     0.000000    -0.000000    -0.000003    -0.000356     0.025040    -0.000833
   -0.000000    -0.000000     0.000000     0.000000     0.000000     1.000000     0.000000     0.000000    -0.000000     0.000000    -0.000000     0.000000     0.000000     0.000000     0.000000     0.000000
    1.000000     0.000000    -0.000000    21.450000    -0.000000     0.000000     0.000000     0.000000     0.000000    -0.000000     0.000000     0.000000    -0.000000    -0.000000    -0.000000    -0.000000
    0.000000    -0.000000     0.000000    -0.000000     1.000000    -0.000000    -0.000000   -21.450000    -0.000000     0.000000    -0.000000   206.500000     0.000000     0.000000     0.000000     0.000000
   -0.000000     1.000000    -0.000000  -206.500000     0.000000     0.000000     0.000000     0.000000     0.000000    -0.000000     0.000000     0.000000    -0.000000    -0.000000    -0.000000    -0.000000
   -0.000000    -0.000000     0.000000     0.000000     0.000000    -0.000000     1.000000     0.000000    -0.000000     0.000000    -0.000000     0.000000     0.000000     0.000000     0.000000     0.000000

   -0.000243     0.076230   -15.150000    -9.810000    -0.000000    -0.000000     0.000000     0.000000     0.000000    -0.000000     0.000000     0.000000    -0.000615     0.028040    -0.000000     0.015780
   -0.047860    -0.613700   198.000000    -0.000000    -0.000000     0.000000    -0.000000    -0.000000     0.000000    -0.000000     0.000000     0.000000     0.014040    -0.640600    -0.000000    -0.207800
    0.006135    -0.084640    -1.798000     0.000000    -0.007367    -0.363800     0.121100     0.000000    -0.000000     0.000000    -0.000000     0.000000    -0.000480    -0.068020     0.017450    -0.157400
   -0.000000    -0.000000     1.000000     0.000000     0.000000    -0.000000    -0.000000    -0.000000    -0.000000     0.000000    -0.000000     0.000000     0.000000     0.000000     0.000000     0.000000
    0.000000    -0.000000    -0.000000    -0.000000    -0.064950    14.930000  -201.100000     9.810000    -0.000000     0.000000    -0.000000    -0.000000     0.000000    -0.000000     0.007479    -0.000000
    0.001629    -0.022480    -0.477600    -0.000000    -0.793700   -38.910000    13.220000    -0.000000     0.000000    -0.000000     0.000000    -0.000000    -0.000128    -0.018060     1.867000    -0.041810
    0.000032    -0.000445    -0.009453    -0.000000     0.014270    -0.622100    -1.002000    -0.000000     0.000000    -0.000000     0.000000    -0.000000    -0.000003    -0.000358     0.023760    -0.000828
   -0.000000    -0.000000     0.000000     0.000000     0.000000     1.000000     0.000000     0.000000    -0.000000     0.000000    -0.000000     0.000000     0.000000     0.000000     0.000000     0.000000
    1.000000     0.000000    -0.000000    15.010000    -0.000000     0.000000     0.000000     0.000000     0.000000    -0.000000     0.000000     0.000000    -0.000000    -0.000000    -0.000000    -0.000000
    0.000000    -0.000000     0.000000    -0.000000     1.000000    -0.000000    -0.000000   -15.010000    -0.000000     0.000000    -0.000000   207.100000     0.000000     0.000000     0.000000     0.000000
   -0.000000     1.000000    -0.000000  -207.100000     0.000000     0.000000     0.000000     0.000000     0.000000    -0.000000     0.000000     0.000000    -0.000000    -0.000000    -0.000000    -0.000000
   -0.000000    -0.000000     0.000000     0.000000     0.000000    -0.000000     1.000000     0.000000    -0.000000     0.000000    -0.000000     0.000000     0.000000     0.000000     0.000000     0.000000

   -0.001828     0.167900   -16.460000    -9.810000     0.000000     0.000000     0.000000     0.000000     0.000000    -0.000000     0.000000     0.000000    -0.000835     0.035540     0.000000     0.016950
   -0.080930    -0.628400    92.680000    -0.000000     0.000000     0.000000    -0.000000    -0.000000     0.000000    -0.000000     0.000000     0.000000     0.007256    -0.314800    -0.000000    -0.109300
    0.009387    -0.059980    -1.293000     0.000000    -0.004358    -0.179400     0.078380     0.000000    -0.000000     0.000000    -0.000000     0.000000    -0.000111    -0.022070     0.004218    -0.055450
   -0.000000    -0.000000     1.000000     0.000000     0.000000    -0.000000    -0.000000     0.000000    -0.000000     0.000000    -0.000000     0.000000     0.000000     0.000000     0.000000     0.000000
   -0.000000    -0.000000    -0.000000    -0.000000    -0.070340    16.280000   -95.720000     9.810000    -0.000000     0.000000    -0.000000    -0.000000     0.000000     0.000000     0.002064    -0.000000
    0.001778    -0.011360    -0.244800    -0.000000    -0.721900   -29.510000    13.110000    -0.000000     0.000000    -0.000000     0.000000    -0.000000    -0.000021    -0.004180     0.695100    -0.010500
    0.000034    -0.000219    -0.004729    -0.000000     0.006449    -0.640100    -0.717100    -0.000000     0.000000    -0.000000     0.000000    -0.000000    -0.000000    -0.000081     0.010480    -0.000203
   -0.000000    -0.000000     0.000000    -0.000000     0.000000     1.000000     0.000000     0.000000    -0.000000     0.000000    -0.000000     0.000000     0.000000     0.000000     0.000000     0.000000
    1.000000     0.000000    -0.000000    16.060000    -0.000000     0.000000     0.000000     0.000000     0.000000    -0.000000     0.000000     0.000000    -0.000000    -0.000000    -0.000000    -0.000000
    0.000000    -0.000000     0.000000    -0.000000     1.000000    -0.000000    -0.000000   -16.060000    -0.000000     0.000000    -0.000000   102.600000     0.000000     0.000000     0.000000     0.000000
   -0.000000     1.000000    -0.000000  -102.600000     0.000000     0.000000     0.000000     0.000000     0.000000    -0.000000     0.000000     0.000000    -0.000000    -0.000000    -0.000000    -0.000000
   -0.000000    -0.000000     0.000000     0.000000     0.000000    -0.000000     1.000000    -0.000000    -0.000000     0.000000    -0.000000     0.000000     0.000000     0.000000     0.000000     0.000000

   -0.007771     0.271600   -21.760000    -9.810000     0.000000     0.000000     0.000000     0.000000     0.000000    -0.000000     0.000000     0.000000    -0.000944     0.038170    -0.000000     0.017330
   -0.111800    -0.491100    56.650000    -0.000000     0.000000    -0.000000     0.000000    -0.000000     0.000000    -0.000000     0.000000     0.000000     0.003624    -0.150500     0.000000    -0.056170
    0.013520    -0.041670    -0.895900     0.000000    -0.003170    -0.099860     0.063010     0.000000    -0.000000     0.000000    -0.000000     0.000000    -0.000030    -0.008886     0.001460    -0.024170
   -0.000000    -0.000000     1.000000     0.000000     0.000000    -0.000000    -0.000000     0.000000    -0.000000     0.000000    -0.000000     0.000000     0.000000     0.000000     0.000000     0.000000
   -0.000000    -0.000000     0.000000    -0.000000    -0.054200    21.680000   -58.840000     9.810000    -0.000000     0.000000    -0.000000    -0.000000     0.000000    -0.000000    -0.000723    -0.000000
    0.002179    -0.006717    -0.144400    -0.000000    -0.636100   -19.900000    12.750000    -0.000000     0.000000    -0.000000     0.000000    -0.000000    -0.000005    -0.001432     0.291800    -0.003896
    0.000042    -0.000129    -0.002766    -0.000000    -0.000775    -0.664600    -0.451800    -0.000000     0.000000    -0.000000     0.000000    -0.000000    -0.000000    -0.000027     0.005724    -0.000075
   -0.000000    -0.000000     0.000000     0.000000     0.000000     1.000000     0.000000     0.000000    -0.000000     0.000000    -0.000000     0.000000     0.000000     0.000000     0.000000     0.000000
    1.000000     0.000000    -0.000000    21.010000    -0.000000     0.000000     0.000000     0.000000     0.000000    -0.000000     0.000000     0.000000    -0.000000    -0.000000    -0.000000    -0.000000
    0.000000    -0.000000     0.000000    -0.000000     1.000000    -0.000000    -0.000000   -21.010000    -0.000000     0.000000    -0.000000    64.740000     0.000000     0.000000     0.000000     0.000000
   -0.000000     1.000000    -0.000000   -64.740000     0.000000     0.000000     0.000000     0.000000     0.000000    -0.000000     0.000000     0.000000    -0.000000    -0.000000    -0.000000    -0.000000
   -0.000000    -0.000000     0.000000     0.000000     0.000000    -0.000000     1.000000     0.000000    -0.000000     0.000000    -0.000000     0.000000     0.000000     0.000000     0.000000     0.000000
