u  w  q  the  v  p  r  phi  x  y  z  psi  |  slat  flap  aileron  elevator
   -0.008856     0.270400   -28.870000    -9.810000    -0.000000     0.000000     0.000000     0.000000     0.000000    -0.000000     0.000000     0.000000    -0.000915     0.036350    -0.000000     0.015180
   -0.116100    -0.361800    56.320000    -0.000000     0.000000    -0.000000     0.000000    -0.000000     0.000000    -0.000000     0.000000     0.000000     0.002567    -0.104800     0.000000    -0.040310
    0.016230    -0.035960    -0.816900     0.000000    -0.001013    -0.024770     0.022140     0.000000    -0.000000     0.000000    -0.000000     0.000000    -0.000067    -0.006407     0.000359    -0.022110
   -0.000000    -0.000000     1.000000     0.000000     0.000000    -0.000000    -0.000000     0.000000    -0.000000     0.000000    -0.000000     0.000000     0.000000     0.000000     0.000000     0.000000
   -0.000000     0.000000     0.000000    -0.000000    -0.037660    28.770000   -57.660000     9.810000    -0.000000     0.000000    -0.000000    -0.000000     0.000000    -0.000000    -0.001379    -0.000000
    0.000731    -0.001620    -0.036800    -0.000000    -0.915400   -24.040000    18.800000    -0.000000     0.000000    -0.000000     0.000000    -0.000000    -0.000003    -0.000289     0.334900    -0.000996
   -0.000038     0.000084     0.001905    -0.000000    -0.007500    -0.862700    -0.335000    -0.000000     0.000000    -0.000000     0.000000    -0.000000     0.000000     0.000015     0.006911     0.000052
   -0.000000    -0.000000     0.000000    -0.000000     0.000000     1.000000     0.000000     0.000000    -0.000000     0.000000    -0.000000     0.000000     0.000000     0.000000     0.000000     0.000000
    1.000000     0.000000    -0.000000    28.000000    -0.000000     0.000000     0.000000     0.000000     0.000000    -0.000000     0.000000     0.000000    -0.000000    -0.000000    -0.000000    -0.000000
    0.000000    -0.000000     0.000000    -0.000000     1.000000    -0.000000    -0.000000   -28.000000    -0.000000     0.000000    -0.000000    62.030000     0.000000     0.000000     0.000000     0.000000
   -0.000000     1.000000    -0.000000   -62.030000     0.000000     0.000000     0.000000     0.000000     0.000000    -0.000000     0.000000     0.000000    -0.000000    -0.000000    -0.000000    -0.000000
   -0.000000    -0.000000     0.000000     0.000000     0.000000    -0.000000     1.000000    -0.000000    -0.000000     0.000000    -0.000000     0.000000     0.000000     0.000000     0.000000     0.000000

   -0.001907     0.166900   -21.960000    -9.810000     0.000000    -0.000000    -0.000000     0.000000     0.000000    -0.000000     0.000000     0.000000    -0.000842     0.035540     0.000000     0.015050
   -0.082050    -0.474300    94.400000    -0.000000     0.000000     0.000000    -0.000000    -0.000000     0.000000    -0.000000     0.000000     0.000000     0.005431    -0.233800    -0.000000    -0.082320
    0.010810    -0.051130    -1.193000     0.000000    -0.001441    -0.050110     0.028630     0.000000    -0.000000     0.000000    -0.000000     0.000000    -0.000212    -0.016870     0.001185    -0.053060
   -0.000000    -0.000000     1.000000    -0.000000     0.000000    -0.000000    -0.000000    -0.000000    -0.000000     0.000000    -0.000000    -0.000000     0.000000     0.000000     0.000000     0.000000
    0.000000    -0.000000    -0.000000    -0.000000    -0.051850    21.810000   -96.410000     9.810000    -0.000000     0.000000    -0.000000    -0.000000    -0.000000    -0.000000     0.000730    -0.000000
    0.000600    -0.002839    -0.066260    -0.000000    -1.053000   -38.710000    19.460000    -0.000000     0.000000    -0.000000     0.000000    -0.000000    -0.000012    -0.000937     0.899300    -0.002946
   -0.000030     0.000143     0.003344    -0.000000    -0.000383    -0.863800    -0.600900    -0.000000     0.000000    -0.000000     0.000000    -0.000000     0.000001     0.000047     0.013870     0.000149
   -0.000000    -0.000000     0.000000     0.000000     0.000000     1.000000     0.000000    -0.000000    -0.000000     0.000000    -0.000000    -0.000000     0.000000     0.000000     0.000000     0.000000
    1.000000     0.000000    -0.000000    21.490000    -0.000000     0.000000     0.000000     0.000000     0.000000    -0.000000     0.000000     0.000000    -0.000000    -0.000000    -0.000000    -0.000000
    0.000000    -0.000000     0.000000    -0.000000     1.000000    -0.000000    -0.000000   -21.490000    -0.000000     0.000000    -0.000000   101.600000     0.000000     0.000000     0.000000     0.000000
   -0.000000     1.000000    -0.000000  -101.600000     0.000000     0.000000     0.000000     0.000000     0.000000    -0.000000     0.000000     0.000000    -0.000000    -0.000000    -0.000000    -0.000000
   -0.000000    -0.000000     0.000000     0.000000     0.000000    -0.000000     1.000000    -0.000000    -0.000000     0.000000    -0.000000    -0.000000     0.000000     0.000000     0.000000     0.000000

   -0.000216     0.076940   -20.860000    -9.810000     0.000000    -0.000000     0.000000     0.000000     0.000000    -0.000000     0.000000     0.000000    -0.000660     0.029950    -0.000000     0.014020
   -0.046720    -0.462100   200.000000    -0.000000    -0.000000     0.000000     0.000000    -0.000000     0.000000    -0.000000     0.000000     0.000000     0.010560    -0.479700    -0.000000    -0.156700
    0.007082    -0.070740    -1.649000     0.000000    -0.002743    -0.119400     0.049890     0.000000    -0.000000     0.000000    -0.000000     0.000000    -0.000780    -0.052570     0.005748    -0.151000
   -0.000000    -0.000000     1.000000     0.000000     0.000000    -0.000000    -0.000000     0.000000    -0.000000     0.000000    -0.000000     0.000000     0.000000     0.000000     0.000000     0.000000
    0.000000    -0.000000    -0.000000    -0.000000    -0.048380    20.690000  -202.100000     9.810000    -0.000000     0.000000    -0.000000    -0.000000    -0.000000    -0.000000     0.004861    -0.000000
    0.000635    -0.006345    -0.147900    -0.000000    -1.293000   -59.180000    21.690000    -0.000000     0.000000    -0.000000     0.000000    -0.000000    -0.000070    -0.004715     2.827000    -0.013540
   -0.000030     0.000296     0.006897    -0.000000     0.005657    -0.951200    -0.855000    -0.000000     0.000000    -0.000000     0.000000    -0.000000     0.000003     0.000220     0.036660     0.000631
   -0.000000    -0.000000     0.000000    -0.000000     0.000000     1.000000     0.000000     0.000000    -0.000000     0.000000    -0.000000     0.000000     0.000000     0.000000     0.000000     0.000000
    1.000000     0.000000    -0.000000    20.680000    -0.000000     0.000000     0.000000     0.000000     0.000000    -0.000000     0.000000     0.000000    -0.000000    -0.000000    -0.000000    -0.000000
    0.000000    -0.000000     0.000000    -0.000000     1.000000    -0.000000    -0.000000   -20.680000    -0.000000     0.000000    -0.000000   206.600000     0.000000     0.000000     0.000000     0.000000
   -0.000000     1.000000    -0.000000  -206.600000     0.000000     0.000000     0.000000     0.000000     0.000000    -0.000000     0.000000     0.000000    -0.000000    -0.000000    -0.000000    -0.000000
   -0.000000    -0.000000     0.000000     0.000000     0.000000    -0.000000     1.000000    -0.000000    -0.000000     0.000000    -0.000000     0.000000     0.000000     0.000000     0.000000     0.000000

   -0.000048     0.073890   -14.610000    -9.810000    -0.000000     0.000000     0.000000     0.000000     0.000000    -0.000000     0.000000     0.000000    -0.000585     0.026730    -0.000000     0.013280
   -0.049540    -0.614000   198.400000    -0.000000    -0.000000    -0.000000     0.000000    -0.000000     0.000000    -0.000000     0.000000     0.000000     0.014050    -0.640900    -0.000000    -0.207600
    0.004869    -0.069850    -1.639000     0.000000    -0.002581    -0.120200     0.045420     0.000000    -0.000000     0.000000    -0.000000     0.000000    -0.000785    -0.052730     0.005801    -0.150100
   -0.000000    -0.000000     1.000000     0.000000     0.000000    -0.000000    -0.000000     0.000000    -0.000000     0.000000    -0.000000     0.000000     0.000000     0.000000     0.000000     0.000000
    0.000000    -0.000000    -0.000000    -0.000000    -0.065170    14.350000  -201.200000     9.810000    -0.000000     0.000000    -0.000000    -0.000000     0.000000    -0.000000     0.007561    -0.000000
    0.000437    -0.006265    -0.147000    -0.000000    -1.210000   -59.370000    19.500000    -0.000000     0.000000    -0.000000     0.000000    -0.000000    -0.000070    -0.004729     2.850000    -0.013470
   -0.000020     0.000292     0.006854    -0.000000     0.008034    -0.860600    -0.882000    -0.000000     0.000000    -0.000000     0.000000    -0.000000     0.000003     0.000220     0.035530     0.000628
   -0.000000    -0.000000     0.000000     0.000000     0.000000     1.000000     0.000000     0.000000    -0.000000     0.000000    -0.000000     0.000000     0.000000     0.000000     0.000000     0.000000
    1.000000     0.000000    -0.000000    14.440000    -0.000000     0.000000     0.000000     0.000000     0.000000    -0.000000     0.000000     0.000000    -0.000000    -0.000000    -0.000000    -0.000000
    0.000000    -0.000000     0.000000    -0.000000     1.000000    -0.000000    -0.000000   -14.440000    -0.000000     0.000000    -0.000000   207.100000     0.000000     0.000000     0.000000     0.000000
   -0.000000     1.000000    -0.000000  -207.100000     0.000000     0.000000     0.000000     0.000000     0.000000    -0.000000     0.000000     0.000000    -0.000000    -0.000000    -0.000000    -0.000000
   -0.000000    -0.000000     0.000000     0.000000     0.000000    -0.000000     1.000000    -0.000000    -0.000000     0.000000    -0.000000     0.000000     0.000000     0.000000     0.000000     0.000000

   -0.001024     0.163200   -15.970000    -9.810000    -0.000000    -0.000000     0.000000     0.000000     0.000000    -0.000000     0.000000     0.000000    -0.000804     0.034220     0.000000     0.014690
   -0.084180    -0.629300    93.100000    -0.000000     0.000000     0.000000     0.000000    -0.000000     0.000000    -0.000000     0.000000     0.000000     0.007267    -0.315400    -0.000000    -0.109300
    0.007582    -0.050200    -1.186000     0.000000    -0.001319    -0.051150     0.025200     0.000000    -0.000000     0.000000    -0.000000     0.000000    -0.000218    -0.017150     0.001220    -0.053150
   -0.000000    -0.000000     1.000000     0.000000     0.000000    -0.000000    -0.000000     0.000000    -0.000000     0.000000    -0.000000     0.000000     0.000000     0.000000     0.000000     0.000000
   -0.000000    -0.000000    -0.000000    -0.000000    -0.070780    15.710000   -95.840000     9.810000    -0.000000     0.000000    -0.000000    -0.000000     0.000000    -0.000000     0.002158    -0.000000
    0.000421    -0.002787    -0.065870    -0.000000    -0.956700   -39.180000    16.860000    -0.000000     0.000000    -0.000000     0.000000    -0.000000    -0.000012    -0.000952     0.923500    -0.002951
   -0.000021     0.000141     0.003324    -0.000000     0.002808    -0.743700    -0.639200    -0.000000     0.000000    -0.000000     0.000000    -0.000000     0.000001     0.000048     0.013180     0.000149
   -0.000000    -0.000000     0.000000    -0.000000     0.000000     1.000000     0.000000     0.000000    -0.000000     0.000000    -0.000000     0.000000     0.000000     0.000000     0.000000     0.000000
    1.000000     0.000000    -0.000000    15.510000    -0.000000     0.000000     0.000000     0.000000     0.000000    -0.000000     0.000000     0.000000    -0.000000    -0.000000    -0.000000    -0.000000
    0.000000    -0.000000     0.000000    -0.000000     1.000000    -0.000000    -0.000000   -15.510000    -0.000000     0.000000    -0.000000   102.700000     0.000000     0.000000     0.000000     0.000000
   -0.000000     1.000000    -0.000000  -102.700000     0.000000     0.000000     0.000000     0.000000     0.000000    -0.000000     0.000000     0.000000    -0.000000    -0.000000    -0.000000    -0.000000
   -0.000000    -0.000000     0.000000     0.000000     0.000000    -0.000000     1.000000    -0.000000    -0.000000     0.000000    -0.000000     0.000000     0.000000     0.000000     0.000000     0.000000

   -0.005284     0.264200   -21.170000    -9.810000    -0.000000    -0.000000     0.000000     0.000000     0.000000    -0.000000     0.000000     0.000000    -0.000913     0.036980    -0.000000     0.015330
   -0.116600    -0.493200    57.110000    -0.000000     0.000000    -0.000000    -0.000000    -0.000000     0.000000    -0.000000     0.000000     0.000000     0.003646    -0.151600     0.000000    -0.056340
    0.011090    -0.035450    -0.824600     0.000000    -0.000899    -0.026580     0.018760     0.000000    -0.000000     0.000000    -0.000000     0.000000    -0.000076    -0.006952     0.000402    -0.023260
   -0.000000    -0.000000     1.000000     0.000000     0.000000    -0.000000    -0.000000    -0.000000    -0.000000     0.000000    -0.000000     0.000000     0.000000     0.000000     0.000000     0.000000
    0.000000    -0.000000     0.000000    -0.000000    -0.054920    20.960000   -59.080000     9.810000    -0.000000     0.000000    -0.000000    -0.000000     0.000000    -0.000000    -0.000628    -0.000000
    0.000500    -0.001597    -0.037150    -0.000000    -0.804300   -25.270000    15.670000    -0.000000     0.000000    -0.000000     0.000000    -0.000000    -0.000003    -0.000313     0.371900    -0.001048
   -0.000026     0.000083     0.001923    -0.000000    -0.003193    -0.708800    -0.394500    -0.000000     0.000000    -0.000000     0.000000    -0.000000     0.000000     0.000016     0.006617     0.000054
   -0.000000    -0.000000     0.000000     0.000000     0.000000     1.000000     0.000000     0.000000    -0.000000     0.000000    -0.000000     0.000000     0.000000     0.000000     0.000000     0.000000
    1.000000     0.000000    -0.000000    20.320000    -0.000000     0.000000     0.000000     0.000000     0.000000    -0.000000     0.000000     0.000000    -0.000000    -0.000000    -0.000000    -0.000000
    0.000000    -0.000000     0.000000    -0.000000     1.000000    -0.000000    -0.000000   -20.320000    -0.000000     0.000000    -0.000000    64.950000     0.000000     0.000000     0.000000     0.000000
   -0.000000     1.000000    -0.000000   -64.950000     0.000000     0.000000     0.000000     0.000000     0.000000    -0.000000     0.000000     0.000000    -0.000000    -0.000000    -0.000000    -0.000000
   -0.000000    -0.000000     0.000000     0.000000     0.000000    -0.000000     1.000000    -0.000000    -0.000000     0.000000    -0.000000     0.000000     0.000000     0.000000     0.000000     0.000000
