u  w  q  the  v  p  r  phi  x  y  z  psi  |  slat  flap  aileron  elevator
   -0.011910     0.276900   -29.590000    -9.810000    -0.000000     0.000000     0.000000     0.000000     0.000000    -0.000000     0.000000     0.000000    -0.000938     0.037200    -0.000000     0.016730
   -0.111900    -0.359400    55.820000    -0.000000     0.000000    -0.000000    -0.000000    -0.000000     0.000000    -0.000000     0.000000     0.000000     0.002539    -0.103500     0.000000    -0.040020
    0.019200    -0.041110    -0.879900     0.000000    -0.003364    -0.089720     0.069310     0.000000    -0.000000     0.000000    -0.000000     0.000000    -0.000032    -0.007893     0.001227    -0.022880
   -0.000000    -0.000000     1.000000     0.000000     0.000000    -0.000000    -0.000000     0.000000    -0.000000     0.000000    -0.000000     0.000000     0.000000     0.000000     0.000000     0.000000
   -0.000000    -0.000000     0.000000    -0.000000    -0.036990    29.590000   -57.290000     9.810000    -0.000000     0.000000    -0.000000    -0.000000     0.000000    -0.000000    -0.001456    -0.000000
    0.002877    -0.006161    -0.131800    -0.000000    -0.494600   -12.900000    10.400000    -0.000000     0.000000    -0.000000     0.000000    -0.000000    -0.000005    -0.001183     0.178600    -0.003428
    0.000091    -0.000196    -0.004184    -0.000000    -0.002188    -0.745300    -0.449500    -0.000000     0.000000    -0.000000     0.000000    -0.000000    -0.000000    -0.000038     0.005047    -0.000109
   -0.000000    -0.000000     0.000000     0.000000     0.000000     1.000000     0.000000     0.000000    -0.000000     0.000000    -0.000000     0.000000     0.000000     0.000000     0.000000     0.000000
    1.000000     0.000000    -0.000000    28.800000    -0.000000     0.000000     0.000000     0.000000     0.000000    -0.000000     0.000000     0.000000    -0.000000    -0.000000    -0.000000    -0.000000
    0.000000    -0.000000     0.000000    -0.000000     1.000000    -0.000000    -0.000000   -28.800000    -0.000000     0.000000    -0.000000    61.670000     0.000000     0.000000     0.000000     0.000000
   -0.000000     1.000000    -0.000000   -61.670000     0.000000     0.000000     0.000000     0.000000     0.000000    -0.000000     0.000000     0.000000    -0.000000    -0.000000    -0.000000    -0.000000
   -0.000000    -0.000000     0.000000     0.000000     0.000000    -0.000000     1.000000    -0.000000    -0.000000     0.000000    -0.000000     0.000000     0.000000     0.000000     0.000000     0.000000

   -0.002855     0.171000   -22.540000    -9.810000    -0.000000    -0.000000     0.000000     0.000000     0.000000    -0.000000     0.000000     0.000000    -0.000869     0.036620     0.000000     0.016930
   -0.079270    -0.473400    94.050000    -0.000000     0.000000     0.000000    -0.000000    -0.000000     0.000000    -0.000000     0.000000     0.000000     0.005418    -0.233100    -0.000000    -0.082300
    0.013010    -0.059690    -1.292000     0.000000    -0.004222    -0.157900     0.077880     0.000000    -0.000000     0.000000    -0.000000     0.000000    -0.000123    -0.021060     0.003639    -0.055350
   -0.000000    -0.000000     1.000000     0.000000     0.000000    -0.000000    -0.000000     0.000000    -0.000000     0.000000    -0.000000     0.000000     0.000000     0.000000     0.000000     0.000000
    0.000000    -0.000000    -0.000000    -0.000000    -0.051460    22.450000   -96.250000     9.810000    -0.000000     0.000000    -0.000000    -0.000000    -0.000000    -0.000000     0.000649    -0.000000
    0.002170    -0.009957    -0.215500    -0.000000    -0.514700   -18.870000     9.753000    -0.000000     0.000000    -0.000000     0.000000    -0.000000    -0.000021    -0.003513     0.437700    -0.009233
    0.000072    -0.000331    -0.007174    -0.000000     0.006612    -0.632700    -0.735400    -0.000000     0.000000    -0.000000     0.000000    -0.000000    -0.000001    -0.000117     0.008275    -0.000307
   -0.000000    -0.000000     0.000000     0.000000     0.000000     1.000000     0.000000     0.000000    -0.000000     0.000000    -0.000000     0.000000     0.000000     0.000000     0.000000     0.000000
    1.000000     0.000000    -0.000000    22.110000    -0.000000     0.000000     0.000000     0.000000     0.000000    -0.000000     0.000000     0.000000    -0.000000    -0.000000    -0.000000    -0.000000
    0.000000    -0.000000     0.000000    -0.000000     1.000000    -0.000000    -0.000000   -22.110000    -0.000000     0.000000    -0.000000   101.500000     0.000000     0.000000     0.000000     0.000000
   -0.000000     1.000000    -0.000000  -101.500000     0.000000     0.000000     0.000000     0.000000     0.000000    -0.000000     0.000000     0.000000    -0.000000    -0.000000    -0.000000    -0.000000
   -0.000000    -0.000000     0.000000     0.000000     0.000000    -0.000000     1.000000     0.000000    -0.000000     0.000000    -0.000000     0.000000     0.000000     0.000000     0.000000     0.000000

   -0.000451     0.078930   -21.490000    -9.810000     0.000000     0.000000     0.000000     0.000000     0.000000    -0.000000     0.000000     0.000000    -0.000685     0.031050    -0.000000     0.016130
   -0.045300    -0.461800   199.700000    -0.000000    -0.000000    -0.000000    -0.000000    -0.000000     0.000000    -0.000000     0.000000     0.000000     0.010550    -0.479300    -0.000000    -0.156800
    0.008682    -0.084050    -1.802000     0.000000    -0.006040    -0.282800     0.100100     0.000000    -0.000000     0.000000    -0.000000     0.000000    -0.000528    -0.066080     0.013460    -0.158700
   -0.000000    -0.000000     1.000000     0.000000     0.000000    -0.000000    -0.000000     0.000000    -0.000000     0.000000    -0.000000     0.000000     0.000000     0.000000     0.000000     0.000000
    0.000000    -0.000000    -0.000000    -0.000000    -0.048180    21.350000  -202.000000     9.810000    -0.000000     0.000000    -0.000000    -0.000000    -0.000000    -0.000000     0.004790    -0.000000
    0.001778    -0.017220    -0.369100    -0.000000    -0.480900   -21.980000     8.293000    -0.000000     0.000000    -0.000000     0.000000    -0.000000    -0.000108    -0.013540     1.050000    -0.032520
    0.000067    -0.000653    -0.013990    -0.000000     0.016030    -0.505700    -1.032000    -0.000000     0.000000    -0.000000     0.000000    -0.000000    -0.000004    -0.000513     0.015150    -0.001233
   -0.000000    -0.000000     0.000000     0.000000     0.000000     1.000000     0.000000     0.000000    -0.000000     0.000000    -0.000000     0.000000     0.000000     0.000000     0.000000     0.000000
    1.000000     0.000000    -0.000000    21.330000    -0.000000     0.000000     0.000000     0.000000     0.000000    -0.000000     0.000000     0.000000    -0.000000    -0.000000    -0.000000    -0.000000
    0.000000    -0.000000     0.000000    -0.000000     1.000000    -0.000000    -0.000000   -21.330000    -0.000000     0.000000    -0.000000   206.500000     0.000000     0.000000     0.000000     0.000000
   -0.000000     1.000000    -0.000000  -206.500000     0.000000     0.000000     0.000000     0.000000     0.000000    -0.000000     0.000000     0.000000    -0.000000    -0.000000    -0.000000    -0.000000
   -0.000000    -0.000000     0.000000     0.000000     0.000000    -0.000000     1.000000     0.000000    -0.000000     0.000000    -0.000000     0.000000     0.000000     0.000000     0.000000     0.000000

   -0.000212     0.075880   -15.070000    -9.810000     0.000000     0.000000    -0.000000     0.000000     0.000000    -0.000000     0.000000     0.000000    -0.000610     0.027850    -0.000000     0.015410
   -0.048110    -0.613700   198.100000    -0.000000    -0.000000     0.000000     0.000000    -0.000000     0.000000    -0.000000     0.000000     0.000000     0.014040    -0.640700    -0.000000    -0.207800
    0.005996    -0.083200    -1.790000     0.000000    -0.005636    -0.283200     0.089390     0.000000    -0.000000     0.000000    -0.000000     0.000000    -0.000531    -0.066340     0.013560    -0.157800
   -0.000000    -0.000000     1.000000     0.000000     0.000000    -0.000000    -0.000000    -0.000000    -0.000000     0.000000    -0.000000     0.000000     0.000000     0.000000     0.000000     0.000000
    0.000000    -0.000000    -0.000000    -0.000000    -0.064980    14.840000  -201.100000     9.810000    -0.000000     0.000000    -0.000000    -0.000000     0.000000    -0.000000     0.007491    -0.000000
    0.001228    -0.017040    -0.366700    -0.000000    -0.450000   -22.060000     7.459000    -0.000000     0.000000    -0.000000     0.000000    -0.000000    -0.000109    -0.013590     1.059000    -0.032330
    0.000047    -0.000646    -0.013900    -0.000000     0.017830    -0.411500    -1.043000    -0.000000     0.000000    -0.000000     0.000000    -0.000000    -0.000004    -0.000515     0.013820    -0.001225
   -0.000000    -0.000000     0.000000     0.000000     0.000000     1.000000     0.000000     0.000000    -0.000000     0.000000    -0.000000     0.000000     0.000000     0.000000     0.000000     0.000000
    1.000000     0.000000    -0.000000    14.920000    -0.000000     0.000000     0.000000     0.000000     0.000000    -0.000000     0.000000     0.000000    -0.000000    -0.000000    -0.000000    -0.000000
    0.000000    -0.000000     0.000000    -0.000000     1.000000    -0.000000    -0.000000   -14.920000    -0.000000     0.000000    -0.000000   207.100000     0.000000     0.000000     0.000000     0.000000
   -0.000000     1.000000    -0.000000  -207.100000     0.000000     0.000000     0.000000     0.000000     0.000000    -0.000000     0.000000     0.000000    -0.000000    -0.000000    -0.000000    -0.000000
   -0.000000    -0.000000     0.000000     0.000000     0.000000    -0.000000     1.000000     0.000000    -0.000000     0.000000    -0.000000     0.000000     0.000000     0.000000     0.000000     0.000000

   -0.001699     0.167200   -16.390000    -9.810000    -0.000000     0.000000     0.000000     0.000000     0.000000    -0.000000     0.000000     0.000000    -0.000831     0.035340     0.000000     0.016620
   -0.081410    -0.628500    92.740000    -0.000000     0.000000     0.000000     0.000000    -0.000000     0.000000    -0.000000     0.000000     0.000000     0.007258    -0.314900    -0.000000    -0.109300
    0.009167    -0.058880    -1.284000     0.000000    -0.003823    -0.159400     0.067080     0.000000    -0.000000     0.000000    -0.000000     0.000000    -0.000128    -0.021470     0.003739    -0.055450
   -0.000000    -0.000000     1.000000     0.000000     0.000000    -0.000000    -0.000000     0.000000    -0.000000     0.000000    -0.000000     0.000000     0.000000     0.000000     0.000000     0.000000
    0.000000    -0.000000    -0.000000    -0.000000    -0.070410    16.190000   -95.740000     9.810000    -0.000000     0.000000    -0.000000    -0.000000     0.000000    -0.000000     0.002078    -0.000000
    0.001529    -0.009823    -0.214200    -0.000000    -0.467300   -19.110000     8.453000    -0.000000     0.000000    -0.000000     0.000000    -0.000000    -0.000021    -0.003581     0.450100    -0.009250
    0.000051    -0.000327    -0.007130    -0.000000     0.009277    -0.505900    -0.758300    -0.000000     0.000000    -0.000000     0.000000    -0.000000    -0.000001    -0.000119     0.007417    -0.000308
   -0.000000    -0.000000     0.000000    -0.000000     0.000000     1.000000     0.000000     0.000000    -0.000000     0.000000    -0.000000     0.000000     0.000000     0.000000     0.000000     0.000000
    1.000000     0.000000    -0.000000    15.970000    -0.000000     0.000000     0.000000     0.000000     0.000000    -0.000000     0.000000     0.000000    -0.000000    -0.000000    -0.000000    -0.000000
    0.000000    -0.000000     0.000000    -0.000000     1.000000    -0.000000    -0.000000   -15.970000    -0.000000     0.000000    -0.000000   102.600000     0.000000     0.000000     0.000000     0.000000
   -0.000000     1.000000    -0.000000  -102.600000     0.000000     0.000000     0.000000     0.000000     0.000000    -0.000000     0.000000     0.000000    -0.000000    -0.000000    -0.000000    -0.000000
   -0.000000    -0.000000     0.000000     0.000000     0.000000    -0.000000     1.000000     0.000000    -0.000000     0.000000    -0.000000     0.000000     0.000000     0.000000     0.000000     0.000000

   -0.007378     0.270500   -21.680000    -9.810000    -0.000000     0.000000     0.000000     0.000000     0.000000    -0.000000     0.000000     0.000000    -0.000939     0.037990    -0.000000     0.017040
   -0.112500    -0.491500    56.720000    -0.000000     0.000000    -0.000000     0.000000    -0.000000     0.000000    -0.000000     0.000000     0.000000     0.003627    -0.150700     0.000000    -0.056200
    0.013220    -0.040950    -0.889300     0.000000    -0.002946    -0.094020     0.057470     0.000000    -0.000000     0.000000    -0.000000     0.000000    -0.000037    -0.008643     0.001368    -0.024160
   -0.000000    -0.000000     1.000000     0.000000     0.000000    -0.000000    -0.000000    -0.000000    -0.000000     0.000000    -0.000000     0.000000     0.000000     0.000000     0.000000     0.000000
   -0.000000    -0.000000     0.000000    -0.000000    -0.054300    21.570000   -58.880000     9.810000    -0.000000     0.000000    -0.000000    -0.000000     0.000000    -0.000000    -0.000709    -0.000000
    0.001981    -0.006137    -0.133300    -0.000000    -0.434700   -13.610000     8.676000    -0.000000     0.000000    -0.000000     0.000000    -0.000000    -0.000006    -0.001295     0.199600    -0.003620
    0.000063    -0.000195    -0.004228    -0.000000     0.001589    -0.578900    -0.492300    -0.000000     0.000000    -0.000000     0.000000    -0.000000    -0.000000    -0.000041     0.004547    -0.000115
   -0.000000    -0.000000     0.000000     0.000000     0.000000     1.000000     0.000000     0.000000    -0.000000     0.000000    -0.000000     0.000000     0.000000     0.000000     0.000000     0.000000
    1.000000     0.000000    -0.000000    20.900000    -0.000000     0.000000     0.000000     0.000000     0.000000    -0.000000     0.000000     0.000000    -0.000000    -0.000000    -0.000000    -0.000000
    0.000000    -0.000000     0.000000    -0.000000     1.000000    -0.000000    -0.000000   -20.900000    -0.000000     0.000000    -0.000000    64.770000     0.000000     0.000000     0.000000     0.000000
   -0.000000     1.000000    -0.000000   -64.770000     0.000000     0.000000     0.000000     0.000000     0.000000    -0.000000     0.000000     0.000000    -0.000000    -0.000000    -0.000000    -0.000000
   -0.000000    -0.000000     0.000000     0.000000     0.000000    -0.000000     1.000000     0.000000    -0.000000     0.000000    -0.000000     0.000000     0.000000     0.000000     0.000000     0.000000
