u  w  q  the  v  p  r  phi  x  y  z  psi  |  slat  flap  aileron  elevator
   -0.019770     0.291100   -31.120000    -9.810000    -0.000000    -0.000000     0.000000     0.000000     0.000000    -0.000000     0.000000     0.000000    -0.000987     0.038970    -0.000000     0.019950
   -0.103300    -0.353800    54.690000    -0.000000     0.000000    -0.000000    -0.000000    -0.000000     0.000000    -0.000000     0.000000     0.000000     0.002474    -0.100500     0.000000    -0.039330
    0.024280    -0.048370    -0.955600     0.000000    -0.000894    -0.020950     0.021130     0.000000    -0.000000     0.000000    -0.000000     0.000000     0.000042    -0.010220     0.000301    -0.022660
   -0.000000    -0.000000     1.000000     0.000000     0.000000    -0.000000    -0.000000     0.000000    -0.000000     0.000000    -0.000000     0.000000     0.000000     0.000000     0.000000     0.000000
   -0.000000    -0.000000    -0.000000    -0.000000    -0.035580    31.390000   -56.460000     9.810000    -0.000000     0.000000    -0.000000    -0.000000     0.000000    -0.000000    -0.001618    -0.000000
    0.001003    -0.001998    -0.039480    -0.000000    -0.923400   -23.700000    20.400000    -0.000000     0.000000    -0.000000     0.000000    -0.000000     0.000002    -0.000422     0.323200    -0.000936
   -0.000058     0.000115     0.002270    -0.000000    -0.006659    -0.900800    -0.358300    -0.000000     0.000000    -0.000000     0.000000    -0.000000    -0.000000     0.000024     0.006730     0.000054
   -0.000000    -0.000000     0.000000    -0.000000     0.000000     1.000000     0.000000     0.000000    -0.000000     0.000000    -0.000000     0.000000     0.000000     0.000000     0.000000     0.000000
    1.000000     0.000000    -0.000000    30.530000    -0.000000     0.000000     0.000000     0.000000     0.000000    -0.000000     0.000000     0.000000    -0.000000    -0.000000    -0.000000    -0.000000
    0.000000    -0.000000     0.000000    -0.000000     1.000000    -0.000000    -0.000000   -30.530000    -0.000000     0.000000    -0.000000    60.830000     0.000000     0.000000     0.000000     0.000000
   -0.000000     1.000000    -0.000000   -60.830000     0.000000     0.000000     0.000000     0.000000     0.000000    -0.000000     0.000000     0.000000    -0.000000    -0.000000    -0.000000    -0.000000
   -0.000000    -0.000000     0.000000     0.000000     0.000000    -0.000000     1.000000    -0.000000    -0.000000     0.000000    -0.000000     0.000000     0.000000     0.000000     0.000000     0.000000

   -0.005323     0.179700   -23.760000    -9.810000    -0.000000    -0.000000     0.000000     0.000000     0.000000    -0.000000     0.000000     0.000000    -0.000925     0.038920     0.000000     0.020910
   -0.073370    -0.471400    93.300000    -0.000000     0.000000     0.000000    -0.000000    -0.000000     0.000000    -0.000000     0.000000     0.000000     0.005388    -0.231600    -0.000000    -0.082230
    0.016600    -0.071590    -1.397000     0.000000    -0.001270    -0.043300     0.027360     0.000000    -0.000000     0.000000    -0.000000     0.000000     0.000068    -0.027590     0.001023    -0.054940
   -0.000000    -0.000000     1.000000     0.000000     0.000000    -0.000000    -0.000000     0.000000    -0.000000     0.000000    -0.000000     0.000000     0.000000     0.000000     0.000000     0.000000
    0.000000    -0.000000    -0.000000    -0.000000    -0.050640    23.830000   -95.910000     9.810000    -0.000000     0.000000    -0.000000    -0.000000     0.000000     0.000000     0.000477    -0.000000
    0.000847    -0.003653    -0.071310    -0.000000    -1.066000   -38.880000    21.300000    -0.000000     0.000000    -0.000000     0.000000    -0.000000     0.000003    -0.001408     0.898900    -0.002804
   -0.000047     0.000203     0.003955    -0.000000     0.001225    -0.872100    -0.632400    -0.000000     0.000000    -0.000000     0.000000    -0.000000    -0.000000     0.000078     0.013400     0.000156
   -0.000000    -0.000000     0.000000     0.000000     0.000000     1.000000     0.000000     0.000000    -0.000000     0.000000    -0.000000     0.000000     0.000000     0.000000     0.000000     0.000000
    1.000000     0.000000    -0.000000    23.460000    -0.000000     0.000000     0.000000     0.000000     0.000000    -0.000000     0.000000     0.000000    -0.000000    -0.000000    -0.000000    -0.000000
    0.000000    -0.000000     0.000000    -0.000000     1.000000    -0.000000    -0.000000   -23.460000    -0.000000     0.000000    -0.000000   101.200000     0.000000     0.000000     0.000000     0.000000
   -0.000000     1.000000    -0.000000  -101.200000     0.000000     0.000000     0.000000     0.000000     0.000000    -0.000000     0.000000     0.000000    -0.000000    -0.000000    -0.000000    -0.000000
   -0.000000    -0.000000     0.000000     0.000000     0.000000    -0.000000     1.000000    -0.000000    -0.000000     0.000000    -0.000000     0.000000     0.000000     0.000000     0.000000     0.000000

   -0.001084     0.083190   -22.820000    -9.810000     0.000000    -0.000000     0.000000     0.000000     0.000000    -0.000000     0.000000     0.000000    -0.000739     0.033400    -0.000000     0.020610
   -0.042250    -0.461200   199.100000    -0.000000    -0.000000    -0.000000    -0.000000    -0.000000     0.000000    -0.000000     0.000000     0.000000     0.010540    -0.478500    -0.000000    -0.157100
    0.010890    -0.098870    -1.889000     0.000000    -0.002375    -0.102000     0.046960     0.000000    -0.000000     0.000000    -0.000000     0.000000     0.000044    -0.083760     0.004915    -0.152400
   -0.000000    -0.000000     1.000000    -0.000000     0.000000    -0.000000    -0.000000    -0.000000    -0.000000     0.000000    -0.000000    -0.000000     0.000000     0.000000     0.000000     0.000000
    0.000000    -0.000000    -0.000000    -0.000000    -0.047780    22.770000  -201.800000     9.810000    -0.000000     0.000000    -0.000000    -0.000000     0.000000     0.000000     0.004638    -0.000000
    0.000904    -0.008207    -0.156800    -0.000000    -1.317000   -60.020000    24.050000    -0.000000     0.000000    -0.000000     0.000000    -0.000000     0.000004    -0.006953     2.864000    -0.012650
   -0.000045     0.000407     0.007777    -0.000000     0.007827    -0.914900    -0.875600    -0.000000     0.000000    -0.000000     0.000000    -0.000000    -0.000000     0.000345     0.034340     0.000627
   -0.000000    -0.000000     0.000000     0.000000     0.000000     1.000000     0.000000    -0.000000    -0.000000     0.000000    -0.000000    -0.000000     0.000000     0.000000     0.000000     0.000000
    1.000000     0.000000    -0.000000    22.730000    -0.000000     0.000000     0.000000     0.000000     0.000000    -0.000000     0.000000     0.000000    -0.000000    -0.000000    -0.000000    -0.000000
    0.000000    -0.000000     0.000000    -0.000000     1.000000    -0.000000    -0.000000   -22.730000    -0.000000     0.000000    -0.000000   206.400000     0.000000     0.000000     0.000000     0.000000
   -0.000000     1.000000    -0.000000  -206.400000     0.000000     0.000000     0.000000     0.000000     0.000000    -0.000000     0.000000     0.000000    -0.000000    -0.000000    -0.000000    -0.000000
   -0.000000    -0.000000     0.000000     0.000000     0.000000    -0.000000     1.000000    -0.000000    -0.000000     0.000000    -0.000000    -0.000000     0.000000     0.000000     0.000000     0.000000

   -0.000659     0.080130   -16.060000    -9.810000     0.000000     0.000000    -0.000000     0.000000     0.000000    -0.000000     0.000000     0.000000    -0.000664     0.030230    -0.000000     0.019950
   -0.045070    -0.613200   197.400000    -0.000000    -0.000000    -0.000000    -0.000000    -0.000000     0.000000    -0.000000     0.000000     0.000000     0.014030    -0.640000    -0.000000    -0.208100
    0.007578    -0.098230    -1.877000     0.000000    -0.002236    -0.102900     0.042860     0.000000    -0.000000     0.000000    -0.000000     0.000000     0.000044    -0.084210     0.004966    -0.151400
   -0.000000    -0.000000     1.000000    -0.000000     0.000000    -0.000000    -0.000000    -0.000000    -0.000000     0.000000    -0.000000    -0.000000     0.000000     0.000000     0.000000     0.000000
    0.000000    -0.000000    -0.000000    -0.000000    -0.064580    15.900000  -201.000000     9.810000    -0.000000     0.000000    -0.000000    -0.000000     0.000000    -0.000000     0.007341    -0.000000
    0.000629    -0.008154    -0.155800    -0.000000    -1.232000   -60.250000    21.660000    -0.000000     0.000000    -0.000000     0.000000    -0.000000     0.000004    -0.006990     2.890000    -0.012570
   -0.000031     0.000404     0.007726    -0.000000     0.010290    -0.819300    -0.903900    -0.000000     0.000000    -0.000000     0.000000    -0.000000    -0.000000     0.000347     0.033170     0.000623
   -0.000000    -0.000000     0.000000     0.000000     0.000000     1.000000     0.000000    -0.000000    -0.000000     0.000000    -0.000000    -0.000000     0.000000     0.000000     0.000000     0.000000
    1.000000     0.000000    -0.000000    15.970000    -0.000000     0.000000     0.000000     0.000000     0.000000    -0.000000     0.000000     0.000000    -0.000000    -0.000000    -0.000000    -0.000000
    0.000000    -0.000000     0.000000    -0.000000     1.000000    -0.000000    -0.000000   -15.970000    -0.000000     0.000000    -0.000000   207.000000     0.000000     0.000000     0.000000     0.000000
   -0.000000     1.000000    -0.000000  -207.000000     0.000000     0.000000     0.000000     0.000000     0.000000    -0.000000     0.000000     0.000000    -0.000000    -0.000000    -0.000000    -0.000000
   -0.000000    -0.000000     0.000000     0.000000     0.000000    -0.000000     1.000000    -0.000000    -0.000000     0.000000    -0.000000    -0.000000     0.000000     0.000000     0.000000     0.000000

   -0.003477     0.175800   -17.260000    -9.810000     0.000000    -0.000000     0.000000     0.000000     0.000000    -0.000000     0.000000     0.000000    -0.000888     0.037730     0.000000     0.020720
   -0.075530    -0.627000    91.970000    -0.000000     0.000000     0.000000    -0.000000    -0.000000     0.000000    -0.000000     0.000000     0.000000     0.007237    -0.313800    -0.000000    -0.109400
    0.011790    -0.071150    -1.389000     0.000000    -0.001164    -0.044400     0.024150     0.000000    -0.000000     0.000000    -0.000000     0.000000     0.000067    -0.028250     0.001060    -0.055080
   -0.000000    -0.000000     1.000000    -0.000000     0.000000    -0.000000    -0.000000    -0.000000    -0.000000     0.000000    -0.000000    -0.000000     0.000000     0.000000     0.000000     0.000000
    0.000000    -0.000000    -0.000000    -0.000000    -0.069620    17.220000   -95.510000     9.810000    -0.000000     0.000000    -0.000000    -0.000000     0.000000    -0.000000     0.001908    -0.000000
    0.000602    -0.003631    -0.070900    -0.000000    -0.967900   -39.440000    18.490000    -0.000000     0.000000    -0.000000     0.000000    -0.000000     0.000003    -0.001442     0.927400    -0.002811
   -0.000033     0.000201     0.003932    -0.000000     0.004580    -0.741800    -0.672800    -0.000000     0.000000    -0.000000     0.000000    -0.000000    -0.000000     0.000080     0.012680     0.000156
   -0.000000    -0.000000     0.000000     0.000000     0.000000     1.000000     0.000000    -0.000000    -0.000000     0.000000    -0.000000    -0.000000     0.000000     0.000000     0.000000     0.000000
    1.000000     0.000000    -0.000000    16.970000    -0.000000     0.000000     0.000000     0.000000     0.000000    -0.000000     0.000000     0.000000    -0.000000    -0.000000    -0.000000    -0.000000
    0.000000    -0.000000     0.000000    -0.000000     1.000000    -0.000000    -0.000000   -16.970000    -0.000000     0.000000    -0.000000   102.400000     0.000000     0.000000     0.000000     0.000000
   -0.000000     1.000000    -0.000000  -102.400000     0.000000     0.000000     0.000000     0.000000     0.000000    -0.000000     0.000000     0.000000    -0.000000    -0.000000    -0.000000    -0.000000
   -0.000000    -0.000000     0.000000     0.000000     0.000000    -0.000000     1.000000    -0.000000    -0.000000     0.000000    -0.000000    -0.000000     0.000000     0.000000     0.000000     0.000000

   -0.012770     0.284100   -22.740000    -9.810000    -0.000000     0.000000     0.000000     0.000000     0.000000    -0.000000     0.000000     0.000000    -0.000995     0.040140    -0.000000     0.020620
   -0.103800    -0.487500    55.860000    -0.000000     0.000000    -0.000000    -0.000000    -0.000000     0.000000    -0.000000     0.000000     0.000000     0.003584    -0.148600     0.000000    -0.055860
    0.016890    -0.049030    -0.969600     0.000000    -0.000796    -0.022880     0.017970     0.000000    -0.000000     0.000000    -0.000000     0.000000     0.000043    -0.011390     0.000345    -0.024160
   -0.000000    -0.000000     1.000000     0.000000     0.000000    -0.000000    -0.000000     0.000000    -0.000000     0.000000    -0.000000     0.000000     0.000000     0.000000     0.000000     0.000000
   -0.000000    -0.000000    -0.000000    -0.000000    -0.053030    22.880000   -58.430000     9.810000    -0.000000     0.000000    -0.000000    -0.000000     0.000000    -0.000000    -0.000884    -0.000000
    0.000698    -0.002026    -0.040060    -0.000000    -0.811700   -25.190000    17.040000    -0.000000     0.000000    -0.000000     0.000000    -0.000000     0.000002    -0.000471     0.367000    -0.000998
   -0.000040     0.000116     0.002303    -0.000000    -0.002155    -0.731700    -0.419800    -0.000000     0.000000    -0.000000     0.000000    -0.000000    -0.000000     0.000027     0.006469     0.000057
   -0.000000    -0.000000     0.000000    -0.000000     0.000000     1.000000     0.000000     0.000000    -0.000000     0.000000    -0.000000     0.000000     0.000000     0.000000     0.000000     0.000000
    1.000000     0.000000    -0.000000    22.160000    -0.000000     0.000000     0.000000     0.000000     0.000000    -0.000000     0.000000     0.000000    -0.000000    -0.000000    -0.000000    -0.000000
    0.000000    -0.000000     0.000000    -0.000000     1.000000    -0.000000    -0.000000   -22.160000    -0.000000     0.000000    -0.000000    64.350000     0.000000     0.000000     0.000000     0.000000
   -0.000000     1.000000    -0.000000   -64.350000     0.000000     0.000000     0.000000     0.000000     0.000000    -0.000000     0.000000     0.000000    -0.000000    -0.000000    -0.000000    -0.000000
   -0.000000    -0.000000     0.000000     0.000000     0.000000    -0.000000     1.000000     0.000000    -0.000000     0.000000    -0.000000     0.000000     0.000000     0.000000     0.000000     0.000000
