u  w  q  the  v  p  r  phi  x  y  z  psi  |  slat  flap  aileron  elevator
   -0.011330     0.275700   -29.460000    -9.810000    -0.000000    -0.000000     0.000000     0.000000     0.000000    -0.000000     0.000000     0.000000    -0.000934     0.037050    -0.000000     0.016450
   -0.112700    -0.359800    55.910000    -0.000000     0.000000    -0.000000    -0.000000    -0.000000     0.000000    -0.000000     0.000000     0.000000     0.002544    -0.103700     0.000000    -0.040070
    0.018390    -0.039620    -0.856200     0.000000    -0.003218    -0.090200     0.062940     0.000000    -0.000000     0.000000    -0.000000     0.000000    -0.000037    -0.007520     0.001203    -0.022420
   -0.000000    -0.000000     1.000000     0.000000     0.000000    -0.000000    -0.000000     0.000000    -0.000000     0.000000    -0.000000     0.000000     0.000000     0.000000     0.000000     0.000000
   -0.000000    -0.000000     0.000000    -0.000000    -0.037110    29.440000   -57.360000     9.810000    -0.000000     0.000000    -0.000000    -0.000000     0.000000    -0.000000    -0.001442    -0.000000
    0.002698    -0.005814    -0.125600    -0.000000    -0.237800    -6.207000     4.983000    -0.000000     0.000000    -0.000000     0.000000    -0.000000    -0.000005    -0.001103     0.086050    -0.003290
    0.000205    -0.000442    -0.009554    -0.000000     0.000780    -0.618800    -0.478100    -0.000000     0.000000    -0.000000     0.000000    -0.000000    -0.000000    -0.000084     0.003680    -0.000250
   -0.000000    -0.000000     0.000000    -0.000000     0.000000     1.000000     0.000000     0.000000    -0.000000     0.000000    -0.000000     0.000000     0.000000     0.000000     0.000000     0.000000
    1.000000     0.000000    -0.000000    28.650000    -0.000000     0.000000     0.000000     0.000000     0.000000    -0.000000     0.000000     0.000000    -0.000000    -0.000000    -0.000000    -0.000000
    0.000000    -0.000000     0.000000    -0.000000     1.000000    -0.000000    -0.000000   -28.650000    -0.000000     0.000000    -0.000000    61.730000     0.000000     0.000000     0.000000     0.000000
   -0.000000     1.000000    -0.000000   -61.730000     0.000000     0.000000     0.000000     0.000000     0.000000    -0.000000     0.000000     0.000000    -0.000000    -0.000000    -0.000000    -0.000000
   -0.000000    -0.000000     0.000000     0.000000     0.000000    -0.000000     1.000000    -0.000000    -0.000000     0.000000    -0.000000     0.000000     0.000000     0.000000     0.000000     0.000000

   -0.002674     0.170200   -22.430000    -9.810000     0.000000    -0.000000     0.000000     0.000000     0.000000    -0.000000     0.000000     0.000000    -0.000864     0.036420     0.000000     0.016590
   -0.079770    -0.473600    94.120000    -0.000000     0.000000     0.000000    -0.000000    -0.000000     0.000000    -0.000000     0.000000     0.000000     0.005420    -0.233200    -0.000000    -0.082310
    0.012390    -0.057150    -1.252000     0.000000    -0.003733    -0.146200     0.063870     0.000000    -0.000000     0.000000    -0.000000     0.000000    -0.000137    -0.019960     0.003325    -0.054010
   -0.000000    -0.000000     1.000000     0.000000     0.000000    -0.000000    -0.000000     0.000000    -0.000000     0.000000    -0.000000     0.000000     0.000000     0.000000     0.000000     0.000000
   -0.000000    -0.000000    -0.000000    -0.000000    -0.051530    22.330000   -96.280000     9.810000    -0.000000     0.000000    -0.000000    -0.000000    -0.000000    -0.000000     0.000664    -0.000000
    0.001911    -0.008815    -0.193100    -0.000000    -0.233800    -8.568000     4.414000    -0.000000     0.000000    -0.000000     0.000000    -0.000000    -0.000021    -0.003078     0.198900    -0.008331
    0.000161    -0.000744    -0.016290    -0.000000     0.009084    -0.469400    -0.733400    -0.000000     0.000000    -0.000000     0.000000    -0.000000    -0.000002    -0.000260     0.005024    -0.000703
   -0.000000    -0.000000     0.000000     0.000000     0.000000     1.000000     0.000000     0.000000    -0.000000     0.000000    -0.000000     0.000000     0.000000     0.000000     0.000000     0.000000
    1.000000     0.000000    -0.000000    22.000000    -0.000000     0.000000     0.000000     0.000000     0.000000    -0.000000     0.000000     0.000000    -0.000000    -0.000000    -0.000000    -0.000000
    0.000000    -0.000000     0.000000    -0.000000     1.000000    -0.000000    -0.000000   -22.000000    -0.000000     0.000000    -0.000000   101.500000     0.000000     0.000000     0.000000     0.000000
   -0.000000     1.000000    -0.000000  -101.500000     0.000000     0.000000     0.000000     0.000000     0.000000    -0.000000     0.000000     0.000000    -0.000000    -0.000000    -0.000000    -0.000000
   -0.000000    -0.000000     0.000000     0.000000     0.000000    -0.000000     1.000000     0.000000    -0.000000     0.000000    -0.000000     0.000000     0.000000     0.000000     0.000000     0.000000

   -0.000406     0.078570   -21.370000    -9.810000     0.000000     0.000000     0.000000     0.000000     0.000000    -0.000000     0.000000     0.000000    -0.000681     0.030850    -0.000000     0.015740
   -0.045550    -0.461900   199.800000    -0.000000    -0.000000     0.000000    -0.000000    -0.000000     0.000000    -0.000000     0.000000     0.000000     0.010550    -0.479400    -0.000000    -0.156800
    0.008168    -0.079520    -1.728000     0.000000    -0.004570    -0.228400     0.066480     0.000000    -0.000000     0.000000    -0.000000     0.000000    -0.000560    -0.061980     0.010770    -0.153300
   -0.000000    -0.000000     1.000000     0.000000     0.000000    -0.000000    -0.000000     0.000000    -0.000000     0.000000    -0.000000     0.000000     0.000000     0.000000     0.000000     0.000000
    0.000000    -0.000000    -0.000000    -0.000000    -0.048220    21.230000  -202.000000     9.810000    -0.000000     0.000000    -0.000000    -0.000000     0.000000    -0.000000     0.004803    -0.000000
    0.001375    -0.013390    -0.290900    -0.000000    -0.194400    -8.881000     3.341000    -0.000000     0.000000    -0.000000     0.000000    -0.000000    -0.000094    -0.010430     0.424300    -0.025810
    0.000148    -0.001442    -0.031340    -0.000000     0.017060    -0.313900    -0.963600    -0.000000     0.000000    -0.000000     0.000000    -0.000000    -0.000010    -0.001124     0.007039    -0.002781
   -0.000000    -0.000000     0.000000    -0.000000     0.000000     1.000000     0.000000     0.000000    -0.000000     0.000000    -0.000000     0.000000     0.000000     0.000000     0.000000     0.000000
    1.000000     0.000000    -0.000000    21.220000    -0.000000     0.000000     0.000000     0.000000     0.000000    -0.000000     0.000000     0.000000    -0.000000    -0.000000    -0.000000    -0.000000
    0.000000    -0.000000     0.000000    -0.000000     1.000000    -0.000000    -0.000000   -21.220000    -0.000000     0.000000    -0.000000   206.500000     0.000000     0.000000     0.000000     0.000000
   -0.000000     1.000000    -0.000000  -206.500000     0.000000     0.000000     0.000000     0.000000     0.000000    -0.000000     0.000000     0.000000    -0.000000    -0.000000    -0.000000    -0.000000
   -0.000000    -0.000000     0.000000     0.000000     0.000000    -0.000000     1.000000    -0.000000    -0.000000     0.000000    -0.000000     0.000000     0.000000     0.000000     0.000000     0.000000

   -0.000180     0.075520   -14.990000    -9.810000     0.000000     0.000000     0.000000     0.000000     0.000000    -0.000000     0.000000     0.000000    -0.000606     0.027650    -0.000000     0.015020
   -0.048370    -0.613800   198.100000    -0.000000    -0.000000    -0.000000     0.000000    -0.000000     0.000000    -0.000000     0.000000     0.000000     0.014040    -0.640700    -0.000000    -0.207700
    0.005637    -0.078690    -1.717000     0.000000    -0.004232    -0.227700     0.057980     0.000000    -0.000000     0.000000    -0.000000     0.000000    -0.000563    -0.062210     0.010830    -0.152400
   -0.000000    -0.000000     1.000000     0.000000     0.000000    -0.000000    -0.000000    -0.000000    -0.000000     0.000000    -0.000000     0.000000     0.000000     0.000000     0.000000     0.000000
    0.000000    -0.000000    -0.000000    -0.000000    -0.065010    14.750000  -201.100000     9.810000    -0.000000     0.000000    -0.000000    -0.000000     0.000000    -0.000000     0.007504    -0.000000
    0.000949    -0.013250    -0.289000    -0.000000    -0.181900    -8.911000     3.005000    -0.000000     0.000000    -0.000000     0.000000    -0.000000    -0.000095    -0.010470     0.427700    -0.025660
    0.000102    -0.001427    -0.031140    -0.000000     0.018460    -0.230200    -0.968100    -0.000000     0.000000    -0.000000     0.000000    -0.000000    -0.000010    -0.001128     0.005815    -0.002765
   -0.000000    -0.000000     0.000000     0.000000     0.000000     1.000000     0.000000     0.000000    -0.000000     0.000000    -0.000000     0.000000     0.000000     0.000000     0.000000     0.000000
    1.000000     0.000000    -0.000000    14.840000    -0.000000     0.000000     0.000000     0.000000     0.000000    -0.000000     0.000000     0.000000    -0.000000    -0.000000    -0.000000    -0.000000
    0.000000    -0.000000     0.000000    -0.000000     1.000000    -0.000000    -0.000000   -14.840000    -0.000000     0.000000    -0.000000   207.100000     0.000000     0.000000     0.000000     0.000000
   -0.000000     1.000000    -0.000000  -207.100000     0.000000     0.000000     0.000000     0.000000     0.000000    -0.000000     0.000000     0.000000    -0.000000    -0.000000    -0.000000    -0.000000
   -0.000000    -0.000000     0.000000     0.000000     0.000000    -0.000000     1.000000     0.000000    -0.000000     0.000000    -0.000000     0.000000     0.000000     0.000000     0.000000     0.000000

   -0.001570     0.166400   -16.310000    -9.810000    -0.000000    -0.000000     0.000000     0.000000     0.000000    -0.000000     0.000000     0.000000    -0.000826     0.035140    -0.000000     0.016270
   -0.081910    -0.628700    92.800000    -0.000000     0.000000     0.000000    -0.000000    -0.000000     0.000000    -0.000000     0.000000     0.000000     0.007259    -0.315000    -0.000000    -0.109300
    0.008724    -0.056340    -1.244000     0.000000    -0.003355    -0.146700     0.054060     0.000000    -0.000000     0.000000    -0.000000     0.000000    -0.000142    -0.020330     0.003407    -0.054110
   -0.000000    -0.000000     1.000000     0.000000     0.000000    -0.000000    -0.000000     0.000000    -0.000000     0.000000    -0.000000     0.000000     0.000000     0.000000     0.000000     0.000000
    0.000000    -0.000000    -0.000000    -0.000000    -0.070470    16.100000   -95.760000     9.810000    -0.000000     0.000000    -0.000000    -0.000000     0.000000    -0.000000     0.002093    -0.000000
    0.001346    -0.008690    -0.192000    -0.000000    -0.212300    -8.678000     3.826000    -0.000000     0.000000    -0.000000     0.000000    -0.000000    -0.000022    -0.003136     0.204500    -0.008346
    0.000113    -0.000733    -0.016190    -0.000000     0.011250    -0.351700    -0.746700    -0.000000     0.000000    -0.000000     0.000000    -0.000000    -0.000002    -0.000264     0.004163    -0.000704
   -0.000000    -0.000000     0.000000    -0.000000     0.000000     1.000000     0.000000     0.000000    -0.000000     0.000000    -0.000000     0.000000     0.000000     0.000000     0.000000     0.000000
    1.000000     0.000000    -0.000000    15.890000    -0.000000     0.000000     0.000000     0.000000     0.000000    -0.000000     0.000000     0.000000    -0.000000    -0.000000    -0.000000    -0.000000
    0.000000    -0.000000     0.000000    -0.000000     1.000000    -0.000000    -0.000000   -15.890000    -0.000000     0.000000    -0.000000   102.600000     0.000000     0.000000     0.000000     0.000000
   -0.000000     1.000000    -0.000000  -102.600000     0.000000     0.000000     0.000000     0.000000     0.000000    -0.000000     0.000000     0.000000    -0.000000    -0.000000    -0.000000    -0.000000
   -0.000000    -0.000000     0.000000     0.000000     0.000000    -0.000000     1.000000     0.000000    -0.000000     0.000000    -0.000000     0.000000     0.000000     0.000000     0.000000     0.000000

   -0.006979     0.269400   -21.590000    -9.810000    -0.000000    -0.000000     0.000000     0.000000     0.000000    -0.000000     0.000000     0.000000    -0.000935     0.037810    -0.000000     0.016730
   -0.113200    -0.491800    56.790000    -0.000000     0.000000    -0.000000    -0.000000    -0.000000     0.000000    -0.000000     0.000000     0.000000     0.003631    -0.150900     0.000000    -0.056230
    0.012650    -0.039400    -0.865100     0.000000    -0.002797    -0.093220     0.051440     0.000000    -0.000000     0.000000    -0.000000     0.000000    -0.000044    -0.008221     0.001333    -0.023670
   -0.000000    -0.000000     1.000000     0.000000     0.000000    -0.000000    -0.000000     0.000000    -0.000000     0.000000    -0.000000     0.000000     0.000000     0.000000     0.000000     0.000000
   -0.000000    -0.000000    -0.000000    -0.000000    -0.054410    21.460000   -58.920000     9.810000    -0.000000     0.000000    -0.000000    -0.000000     0.000000    -0.000000    -0.000694    -0.000000
    0.001855    -0.005781    -0.126900    -0.000000    -0.209000    -6.543000     4.157000    -0.000000     0.000000    -0.000000     0.000000    -0.000000    -0.000006    -0.001206     0.096070    -0.003472
    0.000141    -0.000440    -0.009654    -0.000000     0.003948    -0.460300    -0.508100    -0.000000     0.000000    -0.000000     0.000000    -0.000000    -0.000000    -0.000092     0.003092    -0.000264
   -0.000000    -0.000000     0.000000    -0.000000     0.000000     1.000000     0.000000     0.000000    -0.000000     0.000000    -0.000000     0.000000     0.000000     0.000000     0.000000     0.000000
    1.000000     0.000000    -0.000000    20.800000    -0.000000     0.000000     0.000000     0.000000     0.000000    -0.000000     0.000000     0.000000    -0.000000    -0.000000    -0.000000    -0.000000
    0.000000    -0.000000     0.000000    -0.000000     1.000000    -0.000000    -0.000000   -20.800000    -0.000000     0.000000    -0.000000    64.800000     0.000000     0.000000     0.000000     0.000000
   -0.000000     1.000000    -0.000000   -64.800000     0.000000     0.000000     0.000000     0.000000     0.000000    -0.000000     0.000000     0.000000    -0.000000    -0.000000    -0.000000    -0.000000
   -0.000000    -0.000000     0.000000     0.000000     0.000000    -0.000000     1.000000    -0.000000    -0.000000     0.000000    -0.000000     0.000000     0.000000     0.000000     0.000000     0.000000
