u  w  q  the  v  p  r  phi  x  y  z  psi  |  slat  flap  aileron  elevator
   -0.020700     0.292600   -31.280000    -9.810000    -0.000000    -0.000000     0.000000     0.000000     0.000000    -0.000000     0.000000     0.000000    -0.000992     0.039150    -0.000000     0.020280
   -0.102400    -0.353200    54.570000    -0.000000     0.000000    -0.000000    -0.000000    -0.000000     0.000000    -0.000000     0.000000     0.000000     0.002467    -0.100200     0.000000    -0.039260
    0.024850    -0.049130    -0.965400     0.000000    -0.001324    -0.032330     0.030510     0.000000    -0.000000     0.000000    -0.000000     0.000000     0.000049    -0.010450     0.000452    -0.022670
   -0.000000    -0.000000     1.000000     0.000000     0.000000    -0.000000    -0.000000     0.000000    -0.000000     0.000000    -0.000000     0.000000     0.000000     0.000000     0.000000     0.000000
   -0.000000    -0.000000     0.000000    -0.000000    -0.035430    31.580000   -56.370000     9.810000    -0.000000     0.000000    -0.000000    -0.000000     0.000000    -0.000000    -0.001635    -0.000000
    0.001536    -0.003037    -0.059670    -0.000000    -0.882800   -22.610000    19.600000    -0.000000     0.000000    -0.000000     0.000000    -0.000000     0.000003    -0.000646     0.307900    -0.001401
   -0.000039     0.000077     0.001515    -0.000000    -0.006109    -0.889300    -0.369900    -0.000000     0.000000    -0.000000     0.000000    -0.000000    -0.000000     0.000016     0.006535     0.000036
   -0.000000    -0.000000     0.000000    -0.000000     0.000000     1.000000     0.000000     0.000000    -0.000000     0.000000    -0.000000     0.000000     0.000000     0.000000     0.000000     0.000000
    1.000000     0.000000    -0.000000    30.720000    -0.000000     0.000000     0.000000     0.000000     0.000000    -0.000000     0.000000     0.000000    -0.000000    -0.000000    -0.000000    -0.000000
    0.000000    -0.000000     0.000000    -0.000000     1.000000    -0.000000    -0.000000   -30.720000    -0.000000     0.000000    -0.000000    60.730000     0.000000     0.000000     0.000000     0.000000
   -0.000000     1.000000    -0.000000   -60.730000     0.000000     0.000000     0.000000     0.000000     0.000000    -0.000000     0.000000     0.000000    -0.000000    -0.000000    -0.000000    -0.000000
   -0.000000    -0.000000     0.000000     0.000000     0.000000    -0.000000     1.000000    -0.000000    -0.000000     0.000000    -0.000000     0.000000     0.000000     0.000000     0.000000     0.000000

   -0.005616     0.180600   -23.880000    -9.810000     0.000000    -0.000000     0.000000     0.000000     0.000000    -0.000000     0.000000     0.000000    -0.000931     0.039160     0.000000     0.021320
   -0.072750    -0.471200    93.220000    -0.000000     0.000000     0.000000     0.000000    -0.000000     0.000000    -0.000000     0.000000     0.000000     0.005385    -0.231400    -0.000000    -0.082220
    0.017010    -0.072870    -1.412000     0.000000    -0.001842    -0.064700     0.038570     0.000000    -0.000000     0.000000    -0.000000     0.000000     0.000086    -0.028280     0.001513    -0.055000
   -0.000000    -0.000000     1.000000     0.000000     0.000000    -0.000000    -0.000000     0.000000    -0.000000     0.000000    -0.000000     0.000000     0.000000     0.000000     0.000000     0.000000
   -0.000000    -0.000000     0.000000    -0.000000    -0.050550    23.980000   -95.870000     9.810000    -0.000000     0.000000    -0.000000    -0.000000     0.000000     0.000000     0.000459    -0.000000
    0.001285    -0.005505    -0.106700    -0.000000    -1.009000   -36.770000    20.260000    -0.000000     0.000000    -0.000000     0.000000    -0.000000     0.000007    -0.002136     0.849800    -0.004155
   -0.000032     0.000136     0.002636    -0.000000     0.001993    -0.846100    -0.646400    -0.000000     0.000000    -0.000000     0.000000    -0.000000    -0.000000     0.000053     0.012770     0.000103
   -0.000000    -0.000000     0.000000    -0.000000     0.000000     1.000000     0.000000     0.000000    -0.000000     0.000000    -0.000000     0.000000     0.000000     0.000000     0.000000     0.000000
    1.000000     0.000000    -0.000000    23.600000    -0.000000     0.000000     0.000000     0.000000     0.000000    -0.000000     0.000000     0.000000    -0.000000    -0.000000    -0.000000    -0.000000
    0.000000    -0.000000     0.000000    -0.000000     1.000000    -0.000000    -0.000000   -23.600000    -0.000000     0.000000    -0.000000   101.100000     0.000000     0.000000     0.000000     0.000000
   -0.000000     1.000000    -0.000000  -101.100000     0.000000     0.000000     0.000000     0.000000     0.000000    -0.000000     0.000000     0.000000    -0.000000    -0.000000    -0.000000    -0.000000
   -0.000000    -0.000000     0.000000    -0.000000     0.000000    -0.000000     1.000000    -0.000000    -0.000000     0.000000    -0.000000     0.000000     0.000000     0.000000     0.000000     0.000000

   -0.001160     0.083640   -22.960000    -9.810000     0.000000    -0.000000     0.000000     0.000000     0.000000    -0.000000     0.000000     0.000000    -0.000745     0.033650    -0.000000     0.021080
   -0.041930    -0.461100   199.100000    -0.000000    -0.000000    -0.000000    -0.000000    -0.000000     0.000000    -0.000000     0.000000     0.000000     0.010530    -0.478400    -0.000000    -0.157100
    0.011140    -0.100500    -1.905000     0.000000    -0.003308    -0.145800     0.063600     0.000000    -0.000000     0.000000    -0.000000     0.000000     0.000098    -0.085650     0.006992    -0.152200
   -0.000000    -0.000000     1.000000     0.000000     0.000000    -0.000000    -0.000000     0.000000    -0.000000     0.000000    -0.000000     0.000000     0.000000     0.000000     0.000000     0.000000
    0.000000    -0.000000    -0.000000    -0.000000    -0.047740    22.920000  -201.800000     9.810000    -0.000000     0.000000    -0.000000    -0.000000     0.000000    -0.000000     0.004622    -0.000000
    0.001324    -0.011940    -0.226400    -0.000000    -1.206000   -54.940000    22.150000    -0.000000     0.000000    -0.000000     0.000000    -0.000000     0.000012    -0.010180     2.621000    -0.018090
   -0.000030     0.000272     0.005155    -0.000000     0.009178    -0.852200    -0.896400    -0.000000     0.000000    -0.000000     0.000000    -0.000000    -0.000000     0.000232     0.031340     0.000412
   -0.000000    -0.000000     0.000000     0.000000     0.000000     1.000000     0.000000     0.000000    -0.000000     0.000000    -0.000000     0.000000     0.000000     0.000000     0.000000     0.000000
    1.000000     0.000000    -0.000000    22.880000    -0.000000     0.000000     0.000000     0.000000     0.000000    -0.000000     0.000000     0.000000    -0.000000    -0.000000    -0.000000    -0.000000
    0.000000    -0.000000     0.000000    -0.000000     1.000000    -0.000000    -0.000000   -22.880000    -0.000000     0.000000    -0.000000   206.400000     0.000000     0.000000     0.000000     0.000000
   -0.000000     1.000000    -0.000000  -206.400000     0.000000     0.000000     0.000000     0.000000     0.000000    -0.000000     0.000000     0.000000    -0.000000    -0.000000    -0.000000    -0.000000
   -0.000000    -0.000000     0.000000     0.000000     0.000000    -0.000000     1.000000    -0.000000    -0.000000     0.000000    -0.000000     0.000000     0.000000     0.000000     0.000000     0.000000

   -0.000714     0.080580   -16.160000    -9.810000    -0.000000     0.000000     0.000000     0.000000     0.000000    -0.000000     0.000000     0.000000    -0.000669     0.030480    -0.000000     0.020420
   -0.044750    -0.613100   197.300000    -0.000000    -0.000000     0.000000    -0.000000    -0.000000     0.000000    -0.000000     0.000000     0.000000     0.014030    -0.640000    -0.000000    -0.208100
    0.007761    -0.099910    -1.892000     0.000000    -0.003105    -0.146700     0.057750     0.000000    -0.000000     0.000000    -0.000000     0.000000     0.000098    -0.086120     0.007061    -0.151200
   -0.000000    -0.000000     1.000000     0.000000     0.000000    -0.000000    -0.000000     0.000000    -0.000000     0.000000    -0.000000     0.000000     0.000000     0.000000     0.000000     0.000000
    0.000000    -0.000000    -0.000000    -0.000000    -0.064540    16.010000  -201.000000     9.810000    -0.000000     0.000000    -0.000000    -0.000000     0.000000    -0.000000     0.007325    -0.000000
    0.000922    -0.011870    -0.224900    -0.000000    -1.128000   -55.150000    19.950000    -0.000000     0.000000    -0.000000     0.000000    -0.000000     0.000012    -0.010230     2.645000    -0.017970
   -0.000021     0.000270     0.005121    -0.000000     0.011550    -0.756500    -0.922500    -0.000000     0.000000    -0.000000     0.000000    -0.000000    -0.000000     0.000233     0.030150     0.000409
   -0.000000    -0.000000     0.000000    -0.000000     0.000000     1.000000     0.000000     0.000000    -0.000000     0.000000    -0.000000     0.000000     0.000000     0.000000     0.000000     0.000000
    1.000000     0.000000    -0.000000    16.080000    -0.000000     0.000000     0.000000     0.000000     0.000000    -0.000000     0.000000     0.000000    -0.000000    -0.000000    -0.000000    -0.000000
    0.000000    -0.000000     0.000000    -0.000000     1.000000    -0.000000    -0.000000   -16.080000    -0.000000     0.000000    -0.000000   207.000000     0.000000     0.000000     0.000000     0.000000
   -0.000000     1.000000    -0.000000  -207.000000     0.000000     0.000000     0.000000     0.000000     0.000000    -0.000000     0.000000     0.000000    -0.000000    -0.000000    -0.000000    -0.000000
   -0.000000    -0.000000     0.000000     0.000000     0.000000    -0.000000     1.000000     0.000000    -0.000000     0.000000    -0.000000     0.000000     0.000000     0.000000     0.000000     0.000000

   -0.003690     0.176700   -17.360000    -9.810000    -0.000000    -0.000000     0.000000     0.000000     0.000000    -0.000000     0.000000     0.000000    -0.000894     0.037980     0.000000     0.021140
   -0.074920    -0.626800    91.890000    -0.000000     0.000000     0.000000    -0.000000    -0.000000     0.000000    -0.000000     0.000000     0.000000     0.007235    -0.313700    -0.000000    -0.109400
    0.012080    -0.072470    -1.404000     0.000000    -0.001681    -0.066030     0.033820     0.000000    -0.000000     0.000000    -0.000000     0.000000     0.000086    -0.028960     0.001565    -0.055140
   -0.000000    -0.000000     1.000000     0.000000     0.000000    -0.000000    -0.000000     0.000000    -0.000000     0.000000    -0.000000     0.000000     0.000000     0.000000     0.000000     0.000000
   -0.000000    -0.000000    -0.000000    -0.000000    -0.069530    17.330000   -95.490000     9.810000    -0.000000     0.000000    -0.000000    -0.000000    -0.000000    -0.000000     0.001890    -0.000000
    0.000913    -0.005475    -0.106100    -0.000000    -0.915900   -37.310000    17.590000    -0.000000     0.000000    -0.000000     0.000000    -0.000000     0.000007    -0.002188     0.877000    -0.004166
   -0.000023     0.000135     0.002621    -0.000000     0.005288    -0.715200    -0.685100    -0.000000     0.000000    -0.000000     0.000000    -0.000000    -0.000000     0.000054     0.012030     0.000103
   -0.000000    -0.000000     0.000000    -0.000000     0.000000     1.000000     0.000000     0.000000    -0.000000     0.000000    -0.000000     0.000000     0.000000     0.000000     0.000000     0.000000
    1.000000     0.000000    -0.000000    17.080000    -0.000000     0.000000     0.000000     0.000000     0.000000    -0.000000     0.000000     0.000000    -0.000000    -0.000000    -0.000000    -0.000000
    0.000000    -0.000000     0.000000    -0.000000     1.000000    -0.000000    -0.000000   -17.080000    -0.000000     0.000000    -0.000000   102.400000     0.000000     0.000000     0.000000     0.000000
   -0.000000     1.000000    -0.000000  -102.400000     0.000000     0.000000     0.000000     0.000000     0.000000    -0.000000     0.000000     0.000000    -0.000000    -0.000000    -0.000000    -0.000000
   -0.000000    -0.000000     0.000000     0.000000     0.000000    -0.000000     1.000000     0.000000    -0.000000     0.000000    -0.000000     0.000000     0.000000     0.000000     0.000000     0.000000

   -0.013410     0.285500   -22.850000    -9.810000    -0.000000     0.000000     0.000000     0.000000     0.000000    -0.000000     0.000000     0.000000    -0.001001     0.040360    -0.000000     0.020990
   -0.102900    -0.487100    55.770000    -0.000000     0.000000     0.000000    -0.000000    -0.000000     0.000000    -0.000000     0.000000     0.000000     0.003579    -0.148400     0.000000    -0.055820
    0.017300    -0.049890    -0.980000     0.000000    -0.001172    -0.034890     0.025750     0.000000    -0.000000     0.000000    -0.000000     0.000000     0.000051    -0.011670     0.000517    -0.024200
   -0.000000    -0.000000     1.000000     0.000000     0.000000    -0.000000    -0.000000    -0.000000    -0.000000     0.000000    -0.000000     0.000000     0.000000     0.000000     0.000000     0.000000
    0.000000    -0.000000     0.000000    -0.000000    -0.052900    23.020000   -58.390000     9.810000    -0.000000     0.000000    -0.000000    -0.000000     0.000000    -0.000000    -0.000902    -0.000000
    0.001069    -0.003084    -0.060570    -0.000000    -0.776000   -24.060000    16.380000    -0.000000     0.000000    -0.000000     0.000000    -0.000000     0.000003    -0.000721     0.350200    -0.001495
   -0.000027     0.000078     0.001538    -0.000000    -0.001660    -0.718700    -0.429600    -0.000000     0.000000    -0.000000     0.000000    -0.000000    -0.000000     0.000018     0.006255     0.000038
   -0.000000    -0.000000     0.000000     0.000000     0.000000     1.000000     0.000000     0.000000    -0.000000     0.000000    -0.000000     0.000000     0.000000     0.000000     0.000000     0.000000
    1.000000     0.000000    -0.000000    22.290000    -0.000000     0.000000     0.000000     0.000000     0.000000    -0.000000     0.000000     0.000000    -0.000000    -0.000000    -0.000000    -0.000000
    0.000000    -0.000000     0.000000    -0.000000     1.000000    -0.000000    -0.000000   -22.290000    -0.000000     0.000000    -0.000000    64.300000     0.000000     0.000000     0.000000     0.000000
   -0.000000     1.000000    -0.000000   -64.300000     0.000000     0.000000     0.000000     0.000000     0.000000    -0.000000     0.000000     0.000000    -0.000000    -0.000000    -0.000000    -0.000000
   -0.000000    -0.000000     0.000000     0.000000     0.000000    -0.000000     1.000000     0.000000    -0.000000     0.000000    -0.000000     0.000000     0.000000     0.000000     0.000000     0.000000
