u  w  q  the  v  p  r  phi  x  y  z  psi  |  slat  flap  aileron  elevator
   -0.012270     0.277600   -29.660000    -9.810000    -0.000000     0.000000     0.000000     0.000000     0.000000    -0.000000     0.000000     0.000000    -0.000941     0.037290    -0.000000     0.016900
   -0.111500    -0.359100    55.760000    -0.000000     0.000000    -0.000000    -0.000000    -0.000000     0.000000    -0.000000     0.000000     0.000000     0.002535    -0.103300     0.000000    -0.039990
    0.019380    -0.041330    -0.879700     0.000000    -0.001240    -0.030570     0.027380     0.000000    -0.000000     0.000000    -0.000000     0.000000    -0.000027    -0.007989     0.000436    -0.022770
   -0.000000    -0.000000     1.000000     0.000000     0.000000    -0.000000    -0.000000     0.000000    -0.000000     0.000000    -0.000000     0.000000     0.000000     0.000000     0.000000     0.000000
   -0.000000    -0.000000    -0.000000    -0.000000    -0.036910    29.680000   -57.250000     9.810000    -0.000000     0.000000    -0.000000    -0.000000     0.000000    -0.000000    -0.001464    -0.000000
    0.001066    -0.002274    -0.048400    -0.000000    -0.895700   -23.350000    18.880000    -0.000000     0.000000    -0.000000     0.000000    -0.000000    -0.000002    -0.000440     0.323000    -0.001253
   -0.000038     0.000080     0.001703    -0.000000    -0.007068    -0.886000    -0.355100    -0.000000     0.000000    -0.000000     0.000000    -0.000000     0.000000     0.000015     0.006883     0.000044
   -0.000000    -0.000000     0.000000     0.000000     0.000000     1.000000     0.000000     0.000000    -0.000000     0.000000    -0.000000     0.000000     0.000000     0.000000     0.000000     0.000000
    1.000000     0.000000    -0.000000    28.890000    -0.000000     0.000000     0.000000     0.000000     0.000000    -0.000000     0.000000     0.000000    -0.000000    -0.000000    -0.000000    -0.000000
    0.000000    -0.000000     0.000000    -0.000000     1.000000    -0.000000    -0.000000   -28.890000    -0.000000     0.000000    -0.000000    61.620000     0.000000     0.000000     0.000000     0.000000
   -0.000000     1.000000    -0.000000   -61.620000     0.000000     0.000000     0.000000     0.000000     0.000000    -0.000000     0.000000     0.000000    -0.000000    -0.000000    -0.000000    -0.000000
   -0.000000    -0.000000     0.000000     0.000000     0.000000    -0.000000     1.000000     0.000000    -0.000000     0.000000    -0.000000     0.000000     0.000000     0.000000     0.000000     0.000000

   -0.002968     0.171400   -22.600000    -9.810000     0.000000    -0.000000    -0.000000     0.000000     0.000000    -0.000000     0.000000     0.000000    -0.000871     0.036740     0.000000     0.017140
   -0.078960    -0.473300    94.020000    -0.000000     0.000000     0.000000     0.000000    -0.000000     0.000000    -0.000000     0.000000     0.000000     0.005416    -0.233000    -0.000000    -0.082300
    0.013120    -0.060010    -1.290000     0.000000    -0.001750    -0.061450     0.035120     0.000000    -0.000000     0.000000    -0.000000     0.000000    -0.000112    -0.021300     0.001445    -0.055020
   -0.000000    -0.000000     1.000000     0.000000     0.000000    -0.000000    -0.000000     0.000000    -0.000000     0.000000    -0.000000     0.000000     0.000000     0.000000     0.000000     0.000000
   -0.000000    -0.000000     0.000000    -0.000000    -0.051420    22.520000   -96.230000     9.810000    -0.000000     0.000000    -0.000000    -0.000000    -0.000000    -0.000000     0.000640    -0.000000
    0.000885    -0.004049    -0.087020    -0.000000    -1.026000   -37.620000    19.500000    -0.000000     0.000000    -0.000000     0.000000    -0.000000    -0.000008    -0.001437     0.872500    -0.003712
   -0.000031     0.000140     0.003003    -0.000000     0.000599    -0.872900    -0.633500    -0.000000     0.000000    -0.000000     0.000000    -0.000000     0.000000     0.000050     0.013700     0.000128
   -0.000000    -0.000000     0.000000    -0.000000     0.000000     1.000000     0.000000     0.000000    -0.000000     0.000000    -0.000000     0.000000     0.000000     0.000000     0.000000     0.000000
    1.000000     0.000000    -0.000000    22.180000    -0.000000     0.000000     0.000000     0.000000     0.000000    -0.000000     0.000000     0.000000    -0.000000    -0.000000    -0.000000    -0.000000
    0.000000    -0.000000     0.000000    -0.000000     1.000000    -0.000000    -0.000000   -22.180000    -0.000000     0.000000    -0.000000   101.400000     0.000000     0.000000     0.000000     0.000000
   -0.000000     1.000000    -0.000000  -101.400000     0.000000     0.000000     0.000000     0.000000     0.000000    -0.000000     0.000000     0.000000    -0.000000    -0.000000    -0.000000    -0.000000
   -0.000000    -0.000000     0.000000     0.000000     0.000000    -0.000000     1.000000     0.000000    -0.000000     0.000000    -0.000000     0.000000     0.000000     0.000000     0.000000     0.000000

   -0.000480     0.079150   -21.560000    -9.810000     0.000000     0.000000     0.000000     0.000000     0.000000    -0.000000     0.000000     0.000000    -0.000688     0.031170    -0.000000     0.016360
   -0.045140    -0.461800   199.700000    -0.000000    -0.000000     0.000000    -0.000000    -0.000000     0.000000    -0.000000     0.000000     0.000000     0.010550    -0.479200    -0.000000    -0.156800
    0.008722    -0.084140    -1.790000     0.000000    -0.003281    -0.144100     0.060330     0.000000    -0.000000     0.000000    -0.000000     0.000000    -0.000491    -0.066500     0.006925    -0.157000
   -0.000000    -0.000000     1.000000    -0.000000     0.000000    -0.000000    -0.000000    -0.000000    -0.000000     0.000000    -0.000000    -0.000000     0.000000     0.000000     0.000000     0.000000
    0.000000    -0.000000    -0.000000    -0.000000    -0.048160    21.430000  -202.000000     9.810000    -0.000000     0.000000    -0.000000    -0.000000     0.000000    -0.000000     0.004782    -0.000000
    0.000935    -0.009022    -0.191900    -0.000000    -1.239000   -56.660000    21.430000    -0.000000     0.000000    -0.000000     0.000000    -0.000000    -0.000053    -0.007130     2.706000    -0.016830
   -0.000030     0.000293     0.006228    -0.000000     0.007454    -0.937100    -0.905900    -0.000000     0.000000    -0.000000     0.000000    -0.000000     0.000002     0.000231     0.035460     0.000546
   -0.000000    -0.000000     0.000000     0.000000     0.000000     1.000000     0.000000    -0.000000    -0.000000     0.000000    -0.000000    -0.000000     0.000000     0.000000     0.000000     0.000000
    1.000000     0.000000    -0.000000    21.410000    -0.000000     0.000000     0.000000     0.000000     0.000000    -0.000000     0.000000     0.000000    -0.000000    -0.000000    -0.000000    -0.000000
    0.000000    -0.000000     0.000000    -0.000000     1.000000    -0.000000    -0.000000   -21.410000    -0.000000     0.000000    -0.000000   206.500000     0.000000     0.000000     0.000000     0.000000
   -0.000000     1.000000    -0.000000  -206.500000     0.000000     0.000000     0.000000     0.000000     0.000000    -0.000000     0.000000     0.000000    -0.000000    -0.000000    -0.000000    -0.000000
   -0.000000    -0.000000     0.000000     0.000000     0.000000    -0.000000     1.000000    -0.000000    -0.000000     0.000000    -0.000000    -0.000000     0.000000     0.000000     0.000000     0.000000

   -0.000231     0.076100   -15.120000    -9.810000     0.000000     0.000000     0.000000     0.000000     0.000000    -0.000000     0.000000     0.000000    -0.000613     0.027970    -0.000000     0.015640
   -0.047960    -0.613700   198.000000    -0.000000    -0.000000     0.000000     0.000000    -0.000000     0.000000    -0.000000     0.000000     0.000000     0.014040    -0.640600    -0.000000    -0.207800
    0.006027    -0.083320    -1.778000     0.000000    -0.003084    -0.145000     0.054810     0.000000    -0.000000     0.000000    -0.000000     0.000000    -0.000494    -0.066770     0.006989    -0.156100
   -0.000000    -0.000000     1.000000     0.000000     0.000000    -0.000000    -0.000000     0.000000    -0.000000     0.000000    -0.000000     0.000000     0.000000     0.000000     0.000000     0.000000
    0.000000    -0.000000    -0.000000    -0.000000    -0.064960    14.900000  -201.100000     9.810000    -0.000000     0.000000    -0.000000    -0.000000     0.000000    -0.000000     0.007483    -0.000000
    0.000646    -0.008933    -0.190700    -0.000000    -1.160000   -56.850000    19.270000    -0.000000     0.000000    -0.000000     0.000000    -0.000000    -0.000053    -0.007159     2.728000    -0.016740
   -0.000021     0.000290     0.006188    -0.000000     0.009901    -0.841300    -0.933000    -0.000000     0.000000    -0.000000     0.000000    -0.000000     0.000002     0.000232     0.034260     0.000543
   -0.000000    -0.000000     0.000000    -0.000000     0.000000     1.000000     0.000000     0.000000    -0.000000     0.000000    -0.000000     0.000000     0.000000     0.000000     0.000000     0.000000
    1.000000     0.000000    -0.000000    14.980000    -0.000000     0.000000     0.000000     0.000000     0.000000    -0.000000     0.000000     0.000000    -0.000000    -0.000000    -0.000000    -0.000000
    0.000000    -0.000000     0.000000    -0.000000     1.000000    -0.000000    -0.000000   -14.980000    -0.000000     0.000000    -0.000000   207.100000     0.000000     0.000000     0.000000     0.000000
   -0.000000     1.000000    -0.000000  -207.100000     0.000000     0.000000     0.000000     0.000000     0.000000    -0.000000     0.000000     0.000000    -0.000000    -0.000000    -0.000000    -0.000000
   -0.000000    -0.000000     0.000000     0.000000     0.000000    -0.000000     1.000000     0.000000    -0.000000     0.000000    -0.000000     0.000000     0.000000     0.000000     0.000000     0.000000

   -0.001780     0.167600   -16.430000    -9.810000     0.000000     0.000000    -0.000000     0.000000     0.000000    -0.000000     0.000000     0.000000    -0.000834     0.035460     0.000000     0.016830
   -0.081110    -0.628500    92.700000    -0.000000    -0.000000     0.000000     0.000000    -0.000000     0.000000    -0.000000     0.000000     0.000000     0.007257    -0.314900    -0.000000    -0.109300
    0.009252    -0.059230    -1.282000     0.000000    -0.001599    -0.062650     0.030810     0.000000    -0.000000     0.000000    -0.000000     0.000000    -0.000116    -0.021720     0.001489    -0.055120
   -0.000000    -0.000000     1.000000     0.000000     0.000000    -0.000000    -0.000000     0.000000    -0.000000     0.000000    -0.000000     0.000000     0.000000     0.000000     0.000000     0.000000
   -0.000000    -0.000000    -0.000000    -0.000000    -0.070360    16.240000   -95.730000     9.810000    -0.000000     0.000000    -0.000000    -0.000000    -0.000000     0.000000     0.002070    -0.000000
    0.000624    -0.003997    -0.086490    -0.000000    -0.931800   -38.100000    16.900000    -0.000000     0.000000    -0.000000     0.000000    -0.000000    -0.000008    -0.001466     0.897400    -0.003719
   -0.000022     0.000138     0.002985    -0.000000     0.003893    -0.746100    -0.672600    -0.000000     0.000000    -0.000000     0.000000    -0.000000     0.000000     0.000051     0.012970     0.000128
   -0.000000    -0.000000     0.000000    -0.000000     0.000000     1.000000     0.000000     0.000000    -0.000000     0.000000    -0.000000     0.000000     0.000000     0.000000     0.000000     0.000000
    1.000000     0.000000    -0.000000    16.030000    -0.000000     0.000000     0.000000     0.000000     0.000000    -0.000000     0.000000     0.000000    -0.000000    -0.000000    -0.000000    -0.000000
    0.000000    -0.000000     0.000000    -0.000000     1.000000    -0.000000    -0.000000   -16.030000    -0.000000     0.000000    -0.000000   102.600000     0.000000     0.000000     0.000000     0.000000
   -0.000000     1.000000    -0.000000  -102.600000     0.000000     0.000000     0.000000     0.000000     0.000000    -0.000000     0.000000     0.000000    -0.000000    -0.000000    -0.000000    -0.000000
   -0.000000    -0.000000     0.000000     0.000000     0.000000    -0.000000     1.000000     0.000000    -0.000000     0.000000    -0.000000     0.000000     0.000000     0.000000     0.000000     0.000000

   -0.007626     0.271200   -21.730000    -9.810000    -0.000000     0.000000     0.000000     0.000000     0.000000    -0.000000     0.000000     0.000000    -0.000942     0.038110    -0.000000     0.017220
   -0.112000    -0.491300    56.670000    -0.000000     0.000000     0.000000    -0.000000    -0.000000     0.000000    -0.000000     0.000000     0.000000     0.003625    -0.150600     0.000000    -0.056180
    0.013350    -0.041220    -0.889300     0.000000    -0.001098    -0.032780     0.023140     0.000000    -0.000000     0.000000    -0.000000     0.000000    -0.000033    -0.008756     0.000491    -0.024060
   -0.000000    -0.000000     1.000000     0.000000     0.000000    -0.000000    -0.000000     0.000000    -0.000000     0.000000    -0.000000     0.000000     0.000000     0.000000     0.000000     0.000000
   -0.000000    -0.000000     0.000000    -0.000000    -0.054240    21.640000   -58.860000     9.810000    -0.000000     0.000000    -0.000000    -0.000000     0.000000    -0.000000    -0.000718    -0.000000
    0.000734    -0.002267    -0.048920    -0.000000    -0.787100   -24.630000    15.750000    -0.000000     0.000000    -0.000000     0.000000    -0.000000    -0.000002    -0.000482     0.361200    -0.001323
   -0.000026     0.000080     0.001722    -0.000000    -0.002631    -0.723300    -0.415800    -0.000000     0.000000    -0.000000     0.000000    -0.000000     0.000000     0.000017     0.006583     0.000047
   -0.000000    -0.000000     0.000000    -0.000000     0.000000     1.000000     0.000000     0.000000    -0.000000     0.000000    -0.000000     0.000000     0.000000     0.000000     0.000000     0.000000
    1.000000     0.000000    -0.000000    20.970000    -0.000000     0.000000     0.000000     0.000000     0.000000    -0.000000     0.000000     0.000000    -0.000000    -0.000000    -0.000000    -0.000000
    0.000000    -0.000000     0.000000    -0.000000     1.000000    -0.000000    -0.000000   -20.970000    -0.000000     0.000000    -0.000000    64.750000     0.000000     0.000000     0.000000     0.000000
   -0.000000     1.000000    -0.000000   -64.750000     0.000000     0.000000     0.000000     0.000000     0.000000    -0.000000     0.000000     0.000000    -0.000000    -0.000000    -0.000000    -0.000000
   -0.000000    -0.000000     0.000000    -0.000000     0.000000    -0.000000     1.000000    -0.000000    -0.000000     0.000000    -0.000000     0.000000     0.000000     0.000000     0.000000     0.000000
