u  w  q  the  v  p  r  phi  x  y  z  psi  |  slat  flap  aileron  elevator
   -0.013930     0.280900   -30.010000    -9.810000    -0.000000    -0.000000     0.000000     0.000000     0.000000    -0.000000     0.000000     0.000000    -0.000952     0.037700    -0.000000     0.017650
   -0.109500    -0.357900    55.510000    -0.000000     0.000000    -0.000000    -0.000000    -0.000000     0.000000    -0.000000     0.000000     0.000000     0.002521    -0.102700     0.000000    -0.039840
    0.020850    -0.043740    -0.910100     0.000000    -0.003425    -0.089720     0.072470     0.000000    -0.000000     0.000000    -0.000000     0.000000    -0.000010    -0.008685     0.001231    -0.023080
   -0.000000    -0.000000     1.000000     0.000000     0.000000    -0.000000    -0.000000     0.000000    -0.000000     0.000000    -0.000000     0.000000     0.000000     0.000000     0.000000     0.000000
   -0.000000    -0.000000     0.000000    -0.000000    -0.036590    30.090000   -57.070000     9.810000    -0.000000     0.000000    -0.000000    -0.000000     0.000000    -0.000000    -0.001501    -0.000000
    0.003187    -0.006687    -0.139100    -0.000000    -0.688900   -17.900000    14.690000    -0.000000     0.000000    -0.000000     0.000000    -0.000000    -0.000002    -0.001328     0.246700    -0.003528
    0.000062    -0.000130    -0.002698    -0.000000    -0.004432    -0.828000    -0.412800    -0.000000     0.000000    -0.000000     0.000000    -0.000000    -0.000000    -0.000026     0.005965    -0.000068
   -0.000000    -0.000000     0.000000     0.000000     0.000000     1.000000     0.000000     0.000000    -0.000000     0.000000    -0.000000     0.000000     0.000000     0.000000     0.000000     0.000000
    1.000000     0.000000    -0.000000    29.280000    -0.000000     0.000000     0.000000     0.000000     0.000000    -0.000000     0.000000     0.000000    -0.000000    -0.000000    -0.000000    -0.000000
    0.000000    -0.000000     0.000000    -0.000000     1.000000    -0.000000    -0.000000   -29.280000    -0.000000     0.000000    -0.000000    61.440000     0.000000     0.000000     0.000000     0.000000
   -0.000000     1.000000    -0.000000   -61.440000     0.000000     0.000000     0.000000     0.000000     0.000000    -0.000000     0.000000     0.000000    -0.000000    -0.000000    -0.000000    -0.000000
   -0.000000    -0.000000     0.000000     0.000000     0.000000    -0.000000     1.000000     0.000000    -0.000000     0.000000    -0.000000     0.000000     0.000000     0.000000     0.000000     0.000000

   -0.003488     0.173400   -22.880000    -9.810000     0.000000    -0.000000    -0.000000     0.000000     0.000000    -0.000000     0.000000     0.000000    -0.000884     0.037270     0.000000     0.018050
   -0.077600    -0.472800    93.840000    -0.000000    -0.000000     0.000000     0.000000    -0.000000     0.000000    -0.000000     0.000000     0.000000     0.005410    -0.232700    -0.000000    -0.082280
    0.014210    -0.064040    -1.337000     0.000000    -0.004517    -0.166600     0.086060     0.000000    -0.000000     0.000000    -0.000000     0.000000    -0.000068    -0.023300     0.003852    -0.055970
   -0.000000    -0.000000     1.000000     0.000000     0.000000    -0.000000    -0.000000     0.000000    -0.000000     0.000000    -0.000000     0.000000     0.000000     0.000000     0.000000     0.000000
   -0.000000    -0.000000    -0.000000    -0.000000    -0.051230    22.840000   -96.160000     9.810000    -0.000000     0.000000    -0.000000    -0.000000     0.000000     0.000000     0.000601    -0.000000
    0.002531    -0.011410    -0.238200    -0.000000    -0.750400   -27.470000    14.430000    -0.000000     0.000000    -0.000000     0.000000    -0.000000    -0.000012    -0.004151     0.636700    -0.009972
    0.000050    -0.000224    -0.004672    -0.000000     0.004199    -0.753300    -0.703800    -0.000000     0.000000    -0.000000     0.000000    -0.000000    -0.000000    -0.000081     0.010810    -0.000196
   -0.000000    -0.000000     0.000000     0.000000     0.000000     1.000000     0.000000     0.000000    -0.000000     0.000000    -0.000000     0.000000     0.000000     0.000000     0.000000     0.000000
    1.000000     0.000000    -0.000000    22.490000    -0.000000     0.000000     0.000000     0.000000     0.000000    -0.000000     0.000000     0.000000    -0.000000    -0.000000    -0.000000    -0.000000
    0.000000    -0.000000     0.000000    -0.000000     1.000000    -0.000000    -0.000000   -22.490000    -0.000000     0.000000    -0.000000   101.400000     0.000000     0.000000     0.000000     0.000000
   -0.000000     1.000000    -0.000000  -101.400000     0.000000     0.000000     0.000000     0.000000     0.000000    -0.000000     0.000000     0.000000    -0.000000    -0.000000    -0.000000    -0.000000
   -0.000000    -0.000000     0.000000     0.000000     0.000000    -0.000000     1.000000     0.000000    -0.000000     0.000000    -0.000000     0.000000     0.000000     0.000000     0.000000     0.000000

   -0.000611     0.080130   -21.860000    -9.810000     0.000000    -0.000000     0.000000     0.000000     0.000000    -0.000000     0.000000     0.000000    -0.000700     0.031710    -0.000000     0.017390
   -0.044440    -0.461700   199.600000    -0.000000    -0.000000     0.000000    -0.000000    -0.000000     0.000000    -0.000000     0.000000     0.000000     0.010550    -0.479100    -0.000000    -0.156900
    0.009508    -0.090360    -1.861000     0.000000    -0.007240    -0.333400     0.125300     0.000000    -0.000000     0.000000    -0.000000     0.000000    -0.000363    -0.072910     0.015900    -0.160100
   -0.000000    -0.000000     1.000000     0.000000     0.000000    -0.000000    -0.000000     0.000000    -0.000000     0.000000    -0.000000     0.000000     0.000000     0.000000     0.000000     0.000000
    0.000000    -0.000000    -0.000000    -0.000000    -0.048070    21.750000  -202.000000     9.810000    -0.000000     0.000000    -0.000000    -0.000000     0.000000    -0.000000     0.004747    -0.000000
    0.002323    -0.022070    -0.454600    -0.000000    -0.782800   -35.770000    13.710000    -0.000000     0.000000    -0.000000     0.000000    -0.000000    -0.000089    -0.017810     1.708000    -0.039110
    0.000047    -0.000448    -0.009218    -0.000000     0.013290    -0.683400    -1.007000    -0.000000     0.000000    -0.000000     0.000000    -0.000000    -0.000002    -0.000361     0.023230    -0.000793
   -0.000000    -0.000000     0.000000    -0.000000     0.000000     1.000000     0.000000     0.000000    -0.000000     0.000000    -0.000000     0.000000     0.000000     0.000000     0.000000     0.000000
    1.000000     0.000000    -0.000000    21.730000    -0.000000     0.000000     0.000000     0.000000     0.000000    -0.000000     0.000000     0.000000    -0.000000    -0.000000    -0.000000    -0.000000
    0.000000    -0.000000     0.000000    -0.000000     1.000000    -0.000000    -0.000000   -21.730000    -0.000000     0.000000    -0.000000   206.500000     0.000000     0.000000     0.000000     0.000000
   -0.000000     1.000000    -0.000000  -206.500000     0.000000     0.000000     0.000000     0.000000     0.000000    -0.000000     0.000000     0.000000    -0.000000    -0.000000    -0.000000    -0.000000
   -0.000000    -0.000000     0.000000     0.000000     0.000000    -0.000000     1.000000     0.000000    -0.000000     0.000000    -0.000000     0.000000     0.000000     0.000000     0.000000     0.000000

   -0.000324     0.077070   -15.350000    -9.810000    -0.000000    -0.000000     0.000000     0.000000     0.000000    -0.000000     0.000000     0.000000    -0.000625     0.028520    -0.000000     0.016690
   -0.047260    -0.613600   197.900000    -0.000000    -0.000000     0.000000     0.000000    -0.000000     0.000000    -0.000000     0.000000     0.000000     0.014040    -0.640500    -0.000000    -0.207900
    0.006582    -0.089560    -1.849000     0.000000    -0.006768    -0.334400     0.112500     0.000000    -0.000000     0.000000    -0.000000     0.000000    -0.000365    -0.073220     0.016030    -0.159100
   -0.000000    -0.000000     1.000000     0.000000     0.000000    -0.000000    -0.000000     0.000000    -0.000000     0.000000    -0.000000     0.000000     0.000000     0.000000     0.000000     0.000000
   -0.000000    -0.000000    -0.000000    -0.000000    -0.064870    15.140000  -201.100000     9.810000    -0.000000     0.000000    -0.000000    -0.000000     0.000000    -0.000000     0.007449    -0.000000
    0.001608    -0.021880    -0.451700    -0.000000    -0.732300   -35.890000    12.340000    -0.000000     0.000000    -0.000000     0.000000    -0.000000    -0.000089    -0.017890     1.722000    -0.038880
    0.000033    -0.000444    -0.009159    -0.000000     0.015410    -0.585700    -1.025000    -0.000000     0.000000    -0.000000     0.000000    -0.000000    -0.000002    -0.000363     0.021920    -0.000788
   -0.000000    -0.000000     0.000000    -0.000000     0.000000     1.000000     0.000000     0.000000    -0.000000     0.000000    -0.000000     0.000000     0.000000     0.000000     0.000000     0.000000
    1.000000     0.000000    -0.000000    15.220000    -0.000000     0.000000     0.000000     0.000000     0.000000    -0.000000     0.000000     0.000000    -0.000000    -0.000000    -0.000000    -0.000000
    0.000000    -0.000000     0.000000    -0.000000     1.000000    -0.000000    -0.000000   -15.220000    -0.000000     0.000000    -0.000000   207.100000     0.000000     0.000000     0.000000     0.000000
   -0.000000     1.000000    -0.000000  -207.100000     0.000000     0.000000     0.000000     0.000000     0.000000    -0.000000     0.000000     0.000000    -0.000000    -0.000000    -0.000000    -0.000000
   -0.000000    -0.000000     0.000000     0.000000     0.000000    -0.000000     1.000000    -0.000000    -0.000000     0.000000    -0.000000     0.000000     0.000000     0.000000     0.000000     0.000000

   -0.002153     0.169600   -16.630000    -9.810000     0.000000    -0.000000     0.000000     0.000000     0.000000    -0.000000     0.000000     0.000000    -0.000847     0.036010     0.000000     0.017770
   -0.079760    -0.628100    92.530000    -0.000000     0.000000     0.000000    -0.000000    -0.000000     0.000000    -0.000000     0.000000     0.000000     0.007252    -0.314600    -0.000000    -0.109400
    0.010040    -0.063330    -1.329000     0.000000    -0.004097    -0.168600     0.074460     0.000000    -0.000000     0.000000    -0.000000     0.000000    -0.000071    -0.023780     0.003963    -0.056080
   -0.000000    -0.000000     1.000000     0.000000     0.000000    -0.000000    -0.000000     0.000000    -0.000000     0.000000    -0.000000     0.000000     0.000000     0.000000     0.000000     0.000000
    0.000000    -0.000000    -0.000000    -0.000000    -0.070180    16.480000   -95.680000     9.810000    -0.000000     0.000000    -0.000000    -0.000000    -0.000000    -0.000000     0.002031     0.000000
    0.001788    -0.011280    -0.236800    -0.000000    -0.681300   -27.840000    12.510000    -0.000000     0.000000    -0.000000     0.000000    -0.000000    -0.000013    -0.004237     0.655400    -0.009991
    0.000035    -0.000221    -0.004644    -0.000000     0.007217    -0.623000    -0.734700    -0.000000     0.000000    -0.000000     0.000000    -0.000000    -0.000000    -0.000083     0.009993    -0.000196
   -0.000000    -0.000000     0.000000     0.000000     0.000000     1.000000     0.000000     0.000000    -0.000000     0.000000    -0.000000     0.000000     0.000000     0.000000     0.000000     0.000000
    1.000000     0.000000    -0.000000    16.250000    -0.000000     0.000000     0.000000     0.000000     0.000000    -0.000000     0.000000     0.000000    -0.000000    -0.000000    -0.000000    -0.000000
    0.000000    -0.000000     0.000000    -0.000000     1.000000    -0.000000    -0.000000   -16.250000    -0.000000     0.000000    -0.000000   102.600000     0.000000     0.000000     0.000000     0.000000
   -0.000000     1.000000    -0.000000  -102.600000     0.000000     0.000000     0.000000     0.000000     0.000000    -0.000000     0.000000     0.000000    -0.000000    -0.000000    -0.000000    -0.000000
   -0.000000    -0.000000     0.000000     0.000000     0.000000    -0.000000     1.000000    -0.000000    -0.000000     0.000000    -0.000000     0.000000     0.000000     0.000000     0.000000     0.000000

   -0.008766     0.274300   -21.980000    -9.810000     0.000000     0.000000     0.000000     0.000000     0.000000    -0.000000     0.000000     0.000000    -0.000955     0.038600    -0.000000     0.018050
   -0.110000    -0.490400    56.480000    -0.000000     0.000000    -0.000000    -0.000000    -0.000000     0.000000    -0.000000     0.000000     0.000000     0.003615    -0.150100     0.000000    -0.056110
    0.014400    -0.043810    -0.920700     0.000000    -0.003006    -0.094580     0.060350     0.000000    -0.000000     0.000000    -0.000000     0.000000    -0.000014    -0.009558     0.001380    -0.024430
   -0.000000    -0.000000     1.000000     0.000000     0.000000    -0.000000    -0.000000     0.000000    -0.000000     0.000000    -0.000000     0.000000     0.000000     0.000000     0.000000     0.000000
   -0.000000    -0.000000     0.000000    -0.000000    -0.053940    21.940000   -58.760000     9.810000    -0.000000     0.000000    -0.000000    -0.000000     0.000000    -0.000000    -0.000758    -0.000000
    0.002202    -0.006697    -0.140800    -0.000000    -0.605400   -18.910000    12.260000    -0.000000     0.000000    -0.000000     0.000000    -0.000000    -0.000002    -0.001461     0.276900    -0.003735
    0.000043    -0.000130    -0.002729    -0.000000    -0.000262    -0.658900    -0.465000    -0.000000     0.000000    -0.000000     0.000000    -0.000000    -0.000000    -0.000028     0.005559    -0.000072
   -0.000000    -0.000000     0.000000    -0.000000     0.000000     1.000000     0.000000     0.000000    -0.000000     0.000000    -0.000000     0.000000     0.000000     0.000000     0.000000     0.000000
    1.000000     0.000000    -0.000000    21.260000    -0.000000     0.000000     0.000000     0.000000     0.000000    -0.000000     0.000000     0.000000    -0.000000    -0.000000    -0.000000    -0.000000
    0.000000    -0.000000     0.000000    -0.000000     1.000000    -0.000000    -0.000000   -21.260000    -0.000000     0.000000    -0.000000    64.650000     0.000000     0.000000     0.000000     0.000000
   -0.000000     1.000000    -0.000000   -64.650000     0.000000     0.000000     0.000000     0.000000     0.000000    -0.000000     0.000000     0.000000    -0.000000    -0.000000    -0.000000    -0.000000
   -0.000000    -0.000000     0.000000     0.000000     0.000000    -0.000000     1.000000     0.000000    -0.000000     0.000000    -0.000000     0.000000     0.000000     0.000000     0.000000     0.000000
