u  w  q  the  v  p  r  phi  x  y  z  psi  |  slat  flap  aileron  elevator
   -0.011880     0.276900   -29.580000    -9.810000    -0.000000    -0.000000     0.000000     0.000000     0.000000    -0.000000     0.000000     0.000000    -0.000938     0.037190    -0.000000     0.016720
   -0.112000    -0.359400    55.820000    -0.000000     0.000000    -0.000000    -0.000000    -0.000000     0.000000    -0.000000     0.000000     0.000000     0.002539    -0.103500     0.000000    -0.040020
    0.018800    -0.040270    -0.862300     0.000000    -0.004322    -0.118700     0.086590     0.000000    -0.000000     0.000000    -0.000000     0.000000    -0.000031    -0.007728     0.001598    -0.022430
   -0.000000    -0.000000     1.000000     0.000000     0.000000    -0.000000    -0.000000     0.000000    -0.000000     0.000000    -0.000000     0.000000     0.000000     0.000000     0.000000     0.000000
   -0.000000    -0.000000    -0.000000    -0.000000    -0.036990    29.590000   -57.300000     9.810000    -0.000000     0.000000    -0.000000    -0.000000     0.000000    -0.000000    -0.001455    -0.000000
    0.003708    -0.007943    -0.170100    -0.000000    -0.334100    -8.711000     7.027000    -0.000000     0.000000    -0.000000     0.000000    -0.000000    -0.000006    -0.001524     0.120600    -0.004423
    0.000215    -0.000460    -0.009839    -0.000000    -0.000283    -0.665900    -0.468200    -0.000000     0.000000    -0.000000     0.000000    -0.000000    -0.000000    -0.000088     0.004176    -0.000256
   -0.000000    -0.000000     0.000000    -0.000000     0.000000     1.000000     0.000000     0.000000    -0.000000     0.000000    -0.000000     0.000000     0.000000     0.000000     0.000000     0.000000
    1.000000     0.000000    -0.000000    28.790000    -0.000000     0.000000     0.000000     0.000000     0.000000    -0.000000     0.000000     0.000000    -0.000000    -0.000000    -0.000000    -0.000000
    0.000000    -0.000000     0.000000    -0.000000     1.000000    -0.000000    -0.000000   -28.790000    -0.000000     0.000000    -0.000000    61.670000     0.000000     0.000000     0.000000     0.000000
   -0.000000     1.000000    -0.000000   -61.670000     0.000000     0.000000     0.000000     0.000000     0.000000    -0.000000     0.000000     0.000000    -0.000000    -0.000000    -0.000000    -0.000000
   -0.000000    -0.000000     0.000000     0.000000     0.000000    -0.000000     1.000000    -0.000000    -0.000000     0.000000    -0.000000     0.000000     0.000000     0.000000     0.000000     0.000000

   -0.002847     0.170900   -22.530000    -9.810000    -0.000000    -0.000000    -0.000000     0.000000     0.000000    -0.000000     0.000000     0.000000    -0.000868     0.036610     0.000000     0.016910
   -0.079290    -0.473400    94.060000    -0.000000     0.000000     0.000000     0.000000    -0.000000     0.000000    -0.000000     0.000000     0.000000     0.005418    -0.233100    -0.000000    -0.082300
    0.012690    -0.058220    -1.261000     0.000000    -0.005156    -0.198100     0.091370     0.000000    -0.000000     0.000000    -0.000000     0.000000    -0.000121    -0.020530     0.004529    -0.054030
   -0.000000    -0.000000     1.000000    -0.000000     0.000000    -0.000000    -0.000000    -0.000000    -0.000000     0.000000    -0.000000    -0.000000     0.000000     0.000000     0.000000     0.000000
   -0.000000    -0.000000     0.000000    -0.000000    -0.051460    22.450000   -96.250000     9.810000    -0.000000     0.000000    -0.000000    -0.000000     0.000000    -0.000000     0.000650    -0.000000
    0.002686    -0.012330    -0.266900    -0.000000    -0.335500   -12.290000     6.359000    -0.000000     0.000000    -0.000000     0.000000    -0.000000    -0.000026    -0.004347     0.285200    -0.011440
    0.000169    -0.000775    -0.016790    -0.000000     0.008257    -0.527300    -0.735200    -0.000000     0.000000    -0.000000     0.000000    -0.000000    -0.000002    -0.000273     0.006160    -0.000720
   -0.000000    -0.000000     0.000000     0.000000     0.000000     1.000000     0.000000    -0.000000    -0.000000     0.000000    -0.000000    -0.000000     0.000000     0.000000     0.000000     0.000000
    1.000000     0.000000    -0.000000    22.110000    -0.000000     0.000000     0.000000     0.000000     0.000000    -0.000000     0.000000     0.000000    -0.000000    -0.000000    -0.000000    -0.000000
    0.000000    -0.000000     0.000000    -0.000000     1.000000    -0.000000    -0.000000   -22.110000    -0.000000     0.000000    -0.000000   101.500000     0.000000     0.000000     0.000000     0.000000
   -0.000000     1.000000    -0.000000  -101.500000     0.000000     0.000000     0.000000     0.000000     0.000000    -0.000000     0.000000     0.000000    -0.000000    -0.000000    -0.000000    -0.000000
   -0.000000    -0.000000     0.000000     0.000000     0.000000    -0.000000     1.000000    -0.000000    -0.000000     0.000000    -0.000000    -0.000000     0.000000     0.000000     0.000000     0.000000

   -0.000449     0.078910   -21.480000    -9.810000    -0.000000     0.000000     0.000000     0.000000     0.000000    -0.000000     0.000000     0.000000    -0.000685     0.031040    -0.000000     0.016110
   -0.045310    -0.461800   199.700000    -0.000000    -0.000000     0.000000    -0.000000    -0.000000     0.000000    -0.000000     0.000000     0.000000     0.010550    -0.479300    -0.000000    -0.156800
    0.008361    -0.080960    -1.736000     0.000000    -0.006644    -0.322800     0.102900     0.000000    -0.000000     0.000000    -0.000000     0.000000    -0.000511    -0.063630     0.015280    -0.153000
   -0.000000    -0.000000     1.000000     0.000000     0.000000    -0.000000    -0.000000     0.000000    -0.000000     0.000000    -0.000000     0.000000     0.000000     0.000000     0.000000     0.000000
    0.000000    -0.000000    -0.000000    -0.000000    -0.048190    21.350000  -202.000000     9.810000    -0.000000     0.000000    -0.000000    -0.000000    -0.000000    -0.000000     0.004791    -0.000000
    0.002013    -0.019490    -0.418000    -0.000000    -0.290700   -13.280000     5.017000    -0.000000     0.000000    -0.000000     0.000000    -0.000000    -0.000123    -0.015320     0.634500    -0.036840
    0.000156    -0.001508    -0.032340    -0.000000     0.016810    -0.376800    -0.988600    -0.000000     0.000000    -0.000000     0.000000    -0.000000    -0.000010    -0.001185     0.009665    -0.002851
   -0.000000    -0.000000     0.000000     0.000000     0.000000     1.000000     0.000000     0.000000    -0.000000     0.000000    -0.000000     0.000000     0.000000     0.000000     0.000000     0.000000
    1.000000     0.000000    -0.000000    21.330000    -0.000000     0.000000     0.000000     0.000000     0.000000    -0.000000     0.000000     0.000000    -0.000000    -0.000000    -0.000000    -0.000000
    0.000000    -0.000000     0.000000    -0.000000     1.000000    -0.000000    -0.000000   -21.330000    -0.000000     0.000000    -0.000000   206.500000     0.000000     0.000000     0.000000     0.000000
   -0.000000     1.000000    -0.000000  -206.500000     0.000000     0.000000     0.000000     0.000000     0.000000    -0.000000     0.000000     0.000000    -0.000000    -0.000000    -0.000000    -0.000000
   -0.000000    -0.000000     0.000000     0.000000     0.000000    -0.000000     1.000000    -0.000000    -0.000000     0.000000    -0.000000     0.000000     0.000000     0.000000     0.000000     0.000000

   -0.000210     0.075870   -15.070000    -9.810000     0.000000     0.000000     0.000000     0.000000     0.000000    -0.000000     0.000000     0.000000    -0.000610     0.027840    -0.000000     0.015390
   -0.048120    -0.613700   198.100000    -0.000000    -0.000000     0.000000    -0.000000    -0.000000     0.000000    -0.000000     0.000000     0.000000     0.014040    -0.640700    -0.000000    -0.207800
    0.005774    -0.080140    -1.725000     0.000000    -0.006173    -0.322400     0.090810     0.000000    -0.000000     0.000000    -0.000000     0.000000    -0.000514    -0.063880     0.015380    -0.152100
   -0.000000    -0.000000     1.000000     0.000000     0.000000    -0.000000    -0.000000     0.000000    -0.000000     0.000000    -0.000000     0.000000     0.000000     0.000000     0.000000     0.000000
    0.000000    -0.000000    -0.000000    -0.000000    -0.064980    14.840000  -201.100000     9.810000    -0.000000     0.000000    -0.000000    -0.000000     0.000000    -0.000000     0.007491    -0.000000
    0.001390    -0.019290    -0.415400    -0.000000    -0.272000   -13.330000     4.513000    -0.000000     0.000000    -0.000000     0.000000    -0.000000    -0.000124    -0.015380     0.639700    -0.036630
    0.000108    -0.001493    -0.032140    -0.000000     0.018350    -0.289300    -0.995200    -0.000000     0.000000    -0.000000     0.000000    -0.000000    -0.000010    -0.001190     0.008404    -0.002834
   -0.000000    -0.000000     0.000000    -0.000000     0.000000     1.000000     0.000000     0.000000    -0.000000     0.000000    -0.000000     0.000000     0.000000     0.000000     0.000000     0.000000
    1.000000     0.000000    -0.000000    14.920000    -0.000000     0.000000     0.000000     0.000000     0.000000    -0.000000     0.000000     0.000000    -0.000000    -0.000000    -0.000000    -0.000000
    0.000000    -0.000000     0.000000    -0.000000     1.000000    -0.000000    -0.000000   -14.920000    -0.000000     0.000000    -0.000000   207.100000     0.000000     0.000000     0.000000     0.000000
   -0.000000     1.000000    -0.000000  -207.100000     0.000000     0.000000     0.000000     0.000000     0.000000    -0.000000     0.000000     0.000000    -0.000000    -0.000000    -0.000000    -0.000000
   -0.000000    -0.000000     0.000000     0.000000     0.000000    -0.000000     1.000000     0.000000    -0.000000     0.000000    -0.000000     0.000000     0.000000     0.000000     0.000000     0.000000

   -0.001694     0.167100   -16.380000    -9.810000     0.000000     0.000000     0.000000     0.000000     0.000000    -0.000000     0.000000     0.000000    -0.000830     0.035330     0.000000     0.016600
   -0.081430    -0.628500    92.740000    -0.000000    -0.000000     0.000000     0.000000    -0.000000     0.000000    -0.000000     0.000000     0.000000     0.007258    -0.314900    -0.000000    -0.109300
    0.008939    -0.057430    -1.253000     0.000000    -0.004648    -0.199200     0.077950     0.000000    -0.000000     0.000000    -0.000000     0.000000    -0.000125    -0.020930     0.004646    -0.054130
   -0.000000    -0.000000     1.000000     0.000000     0.000000    -0.000000    -0.000000     0.000000    -0.000000     0.000000    -0.000000     0.000000     0.000000     0.000000     0.000000     0.000000
   -0.000000    -0.000000    -0.000000    -0.000000    -0.070410    16.190000   -95.740000     9.810000    -0.000000     0.000000    -0.000000    -0.000000    -0.000000    -0.000000     0.002079    -0.000000
    0.001893    -0.012160    -0.265300    -0.000000    -0.304600   -12.450000     5.513000    -0.000000     0.000000    -0.000000     0.000000    -0.000000    -0.000027    -0.004432     0.293300    -0.011460
    0.000119    -0.000765    -0.016690    -0.000000     0.010600    -0.406100    -0.751900    -0.000000     0.000000    -0.000000     0.000000    -0.000000    -0.000002    -0.000279     0.005299    -0.000721
   -0.000000    -0.000000     0.000000    -0.000000     0.000000     1.000000     0.000000     0.000000    -0.000000     0.000000    -0.000000     0.000000     0.000000     0.000000     0.000000     0.000000
    1.000000     0.000000    -0.000000    15.970000    -0.000000     0.000000     0.000000     0.000000     0.000000    -0.000000     0.000000     0.000000    -0.000000    -0.000000    -0.000000    -0.000000
    0.000000    -0.000000     0.000000    -0.000000     1.000000    -0.000000    -0.000000   -15.970000    -0.000000     0.000000    -0.000000   102.600000     0.000000     0.000000     0.000000     0.000000
   -0.000000     1.000000    -0.000000  -102.600000     0.000000     0.000000     0.000000     0.000000     0.000000    -0.000000     0.000000     0.000000    -0.000000    -0.000000    -0.000000    -0.000000
   -0.000000    -0.000000     0.000000     0.000000     0.000000    -0.000000     1.000000     0.000000    -0.000000     0.000000    -0.000000     0.000000     0.000000     0.000000     0.000000     0.000000

   -0.007360     0.270500   -21.670000    -9.810000    -0.000000     0.000000     0.000000     0.000000     0.000000    -0.000000     0.000000     0.000000    -0.000939     0.037990    -0.000000     0.017020
   -0.112500    -0.491500    56.720000    -0.000000     0.000000    -0.000000    -0.000000    -0.000000     0.000000    -0.000000     0.000000     0.000000     0.003627    -0.150700     0.000000    -0.056200
    0.012940    -0.040110    -0.871500     0.000000    -0.003768    -0.123400     0.071220     0.000000    -0.000000     0.000000    -0.000000     0.000000    -0.000037    -0.008461     0.001776    -0.023680
   -0.000000    -0.000000     1.000000     0.000000     0.000000    -0.000000    -0.000000     0.000000    -0.000000     0.000000    -0.000000     0.000000     0.000000     0.000000     0.000000     0.000000
   -0.000000    -0.000000     0.000000    -0.000000    -0.054310    21.570000   -58.880000     9.810000    -0.000000     0.000000    -0.000000    -0.000000     0.000000    -0.000000    -0.000708    -0.000000
    0.002553    -0.007911    -0.171900    -0.000000    -0.293600    -9.188000     5.862000    -0.000000     0.000000    -0.000000     0.000000    -0.000000    -0.000007    -0.001669     0.134800    -0.004671
    0.000148    -0.000458    -0.009945    -0.000000     0.003111    -0.504100    -0.502900    -0.000000     0.000000    -0.000000     0.000000    -0.000000    -0.000000    -0.000097     0.003620    -0.000270
   -0.000000    -0.000000     0.000000     0.000000     0.000000     1.000000     0.000000     0.000000    -0.000000     0.000000    -0.000000     0.000000     0.000000     0.000000     0.000000     0.000000
    1.000000     0.000000    -0.000000    20.900000    -0.000000     0.000000     0.000000     0.000000     0.000000    -0.000000     0.000000     0.000000    -0.000000    -0.000000    -0.000000    -0.000000
    0.000000    -0.000000     0.000000    -0.000000     1.000000    -0.000000    -0.000000   -20.900000    -0.000000     0.000000    -0.000000    64.770000     0.000000     0.000000     0.000000     0.000000
   -0.000000     1.000000    -0.000000   -64.770000     0.000000     0.000000     0.000000     0.000000     0.000000    -0.000000     0.000000     0.000000    -0.000000    -0.000000    -0.000000    -0.000000
   -0.000000    -0.000000     0.000000     0.000000     0.000000    -0.000000     1.000000    -0.000000    -0.000000     0.000000    -0.000000     0.000000     0.000000     0.000000     0.000000     0.000000
