u  w  q  the  v  p  r  phi  x  y  z  psi  |  slat  flap  aileron  elevator
   -0.004203     0.258600   -27.550000    -9.810000     0.000000     0.000000     0.000000     0.000000     0.000000    -0.000000     0.000000     0.000000    -0.000870     0.034730    -0.000000     0.012210
   -0.123900    -0.366200    57.230000    -0.000000     0.000000     0.000000    -0.000000    -0.000000     0.000000    -0.000000     0.000000     0.000000     0.002617    -0.107100     0.000000    -0.040800
    0.010540    -0.024900    -0.670900     0.000000    -0.001272    -0.032580     0.025900     0.000000    -0.000000     0.000000    -0.000000     0.000000    -0.000125    -0.003417     0.000468    -0.019410
   -0.000000    -0.000000     1.000000    -0.000000     0.000000    -0.000000    -0.000000    -0.000000    -0.000000     0.000000    -0.000000    -0.000000     0.000000     0.000000     0.000000     0.000000
   -0.000000    -0.000000     0.000000    -0.000000    -0.038950    27.250000   -58.300000     9.810000    -0.000000     0.000000    -0.000000    -0.000000     0.000000    -0.000000    -0.001237    -0.000000
    0.000652    -0.001540    -0.041480    -0.000000    -0.882100   -23.400000    17.330000    -0.000000     0.000000    -0.000000     0.000000    -0.000000    -0.000008    -0.000211     0.329900    -0.001200
   -0.000016     0.000038     0.001011    -0.000000    -0.006818    -0.741100    -0.294800    -0.000000     0.000000    -0.000000     0.000000    -0.000000     0.000000     0.000005     0.006131     0.000029
   -0.000000    -0.000000     0.000000     0.000000     0.000000     1.000000     0.000000    -0.000000    -0.000000     0.000000    -0.000000    -0.000000     0.000000     0.000000     0.000000     0.000000
    1.000000     0.000000    -0.000000    26.530000    -0.000000     0.000000     0.000000     0.000000     0.000000    -0.000000     0.000000     0.000000    -0.000000    -0.000000    -0.000000    -0.000000
    0.000000    -0.000000     0.000000    -0.000000     1.000000    -0.000000    -0.000000   -26.530000    -0.000000     0.000000    -0.000000    62.670000     0.000000     0.000000     0.000000     0.000000
   -0.000000     1.000000    -0.000000   -62.670000     0.000000     0.000000     0.000000     0.000000     0.000000    -0.000000     0.000000     0.000000    -0.000000    -0.000000    -0.000000    -0.000000
   -0.000000    -0.000000     0.000000     0.000000     0.000000    -0.000000     1.000000    -0.000000    -0.000000     0.000000    -0.000000    -0.000000     0.000000     0.000000     0.000000     0.000000

   -0.000499     0.159400   -20.890000    -9.810000     0.000000    -0.000000    -0.000000     0.000000     0.000000    -0.000000     0.000000     0.000000    -0.000793     0.033530     0.000000     0.011530
   -0.087250    -0.475900    95.030000    -0.000000    -0.000000     0.000000     0.000000    -0.000000     0.000000    -0.000000     0.000000     0.000000     0.005454    -0.235000    -0.000000    -0.082350
    0.006627    -0.033200    -0.960800     0.000000    -0.001747    -0.062610     0.032120     0.000000    -0.000000     0.000000    -0.000000     0.000000    -0.000345    -0.008661     0.001472    -0.045420
   -0.000000    -0.000000     1.000000     0.000000     0.000000    -0.000000    -0.000000     0.000000    -0.000000     0.000000    -0.000000     0.000000     0.000000     0.000000     0.000000     0.000000
   -0.000000    -0.000000    -0.000000    -0.000000    -0.052600    20.620000   -96.680000     9.810000    -0.000000     0.000000    -0.000000    -0.000000     0.000000    -0.000000     0.000878    -0.000000
    0.000501    -0.002510    -0.072630    -0.000000    -1.006000   -37.070000    17.730000    -0.000000     0.000000    -0.000000     0.000000    -0.000000    -0.000026    -0.000655     0.863600    -0.003433
   -0.000012     0.000059     0.001710    -0.000000    -0.000806    -0.732600    -0.516000    -0.000000     0.000000    -0.000000     0.000000    -0.000000     0.000001     0.000015     0.011960     0.000081
   -0.000000    -0.000000     0.000000     0.000000     0.000000     1.000000     0.000000     0.000000    -0.000000     0.000000    -0.000000     0.000000     0.000000     0.000000     0.000000     0.000000
    1.000000     0.000000    -0.000000    20.330000    -0.000000     0.000000     0.000000     0.000000     0.000000    -0.000000     0.000000     0.000000    -0.000000    -0.000000    -0.000000    -0.000000
    0.000000    -0.000000     0.000000    -0.000000     1.000000    -0.000000    -0.000000   -20.330000    -0.000000     0.000000    -0.000000   101.800000     0.000000     0.000000     0.000000     0.000000
   -0.000000     1.000000    -0.000000  -101.800000     0.000000     0.000000     0.000000     0.000000     0.000000    -0.000000     0.000000     0.000000    -0.000000    -0.000000    -0.000000    -0.000000
   -0.000000    -0.000000     0.000000     0.000000     0.000000    -0.000000     1.000000    -0.000000    -0.000000     0.000000    -0.000000     0.000000     0.000000     0.000000     0.000000     0.000000

    0.000118     0.073250   -19.690000    -9.810000    -0.000000    -0.000000     0.000000     0.000000     0.000000    -0.000000     0.000000     0.000000    -0.000614     0.027900    -0.000000     0.010100
   -0.049380    -0.462700   200.500000    -0.000000     0.000000    -0.000000    -0.000000    -0.000000     0.000000    -0.000000     0.000000     0.000000     0.010570    -0.480300    -0.000000    -0.156500
    0.004005    -0.042520    -1.262000     0.000000    -0.003065    -0.136800     0.051210     0.000000    -0.000000     0.000000    -0.000000     0.000000    -0.001092    -0.025930     0.006570    -0.122900
   -0.000000    -0.000000     1.000000     0.000000     0.000000    -0.000000    -0.000000     0.000000    -0.000000     0.000000    -0.000000     0.000000     0.000000     0.000000     0.000000     0.000000
    0.000000    -0.000000    -0.000000    -0.000000    -0.048740    19.470000  -202.300000     9.810000    -0.000000     0.000000    -0.000000    -0.000000     0.000000    -0.000000     0.004993    -0.000000
    0.000476    -0.005056    -0.150100    -0.000000    -1.202000   -55.050000    19.180000    -0.000000     0.000000    -0.000000     0.000000    -0.000000    -0.000130    -0.003083     2.632000    -0.014620
   -0.000010     0.000107     0.003186    -0.000000     0.004185    -0.757900    -0.700100    -0.000000     0.000000    -0.000000     0.000000    -0.000000     0.000003     0.000065     0.029340     0.000310
   -0.000000    -0.000000     0.000000     0.000000     0.000000     1.000000     0.000000     0.000000    -0.000000     0.000000    -0.000000     0.000000     0.000000     0.000000     0.000000     0.000000
    1.000000     0.000000    -0.000000    19.470000    -0.000000     0.000000     0.000000     0.000000     0.000000    -0.000000     0.000000     0.000000    -0.000000    -0.000000    -0.000000    -0.000000
    0.000000    -0.000000     0.000000    -0.000000     1.000000    -0.000000    -0.000000   -19.470000    -0.000000     0.000000    -0.000000   206.700000     0.000000     0.000000     0.000000     0.000000
   -0.000000     1.000000    -0.000000  -206.700000     0.000000     0.000000     0.000000     0.000000     0.000000    -0.000000     0.000000     0.000000    -0.000000    -0.000000    -0.000000    -0.000000
   -0.000000    -0.000000     0.000000     0.000000     0.000000    -0.000000     1.000000    -0.000000    -0.000000     0.000000    -0.000000     0.000000     0.000000     0.000000     0.000000     0.000000

    0.000177     0.070210   -13.740000    -9.810000     0.000000    -0.000000     0.000000     0.000000     0.000000    -0.000000     0.000000     0.000000    -0.000538     0.024660    -0.000000     0.009320
   -0.052190    -0.614500   199.000000    -0.000000    -0.000000     0.000000    -0.000000    -0.000000     0.000000    -0.000000     0.000000     0.000000     0.014050    -0.641400    -0.000000    -0.207300
    0.002722    -0.041670    -1.255000     0.000000    -0.002877    -0.137500     0.046310     0.000000    -0.000000     0.000000    -0.000000     0.000000    -0.001097    -0.025930     0.006621    -0.122300
   -0.000000    -0.000000     1.000000     0.000000     0.000000    -0.000000    -0.000000     0.000000    -0.000000     0.000000    -0.000000     0.000000     0.000000     0.000000     0.000000     0.000000
    0.000000    -0.000000    -0.000000    -0.000000    -0.065530    13.430000  -201.300000     9.810000    -0.000000     0.000000    -0.000000    -0.000000     0.000000    -0.000000     0.007690    -0.000000
    0.000324    -0.004955    -0.149300    -0.000000    -1.126000   -55.210000    17.220000    -0.000000     0.000000    -0.000000     0.000000    -0.000000    -0.000131    -0.003083     2.652000    -0.014550
   -0.000007     0.000105     0.003169    -0.000000     0.006024    -0.686600    -0.720100    -0.000000     0.000000    -0.000000     0.000000    -0.000000     0.000003     0.000065     0.028420     0.000309
   -0.000000    -0.000000     0.000000    -0.000000     0.000000     1.000000     0.000000     0.000000    -0.000000     0.000000    -0.000000     0.000000     0.000000     0.000000     0.000000     0.000000
    1.000000     0.000000    -0.000000    13.530000    -0.000000     0.000000     0.000000     0.000000     0.000000    -0.000000     0.000000     0.000000    -0.000000    -0.000000    -0.000000    -0.000000
    0.000000    -0.000000     0.000000    -0.000000     1.000000    -0.000000    -0.000000   -13.530000    -0.000000     0.000000    -0.000000   207.200000     0.000000     0.000000     0.000000     0.000000
   -0.000000     1.000000    -0.000000  -207.200000     0.000000     0.000000     0.000000     0.000000     0.000000    -0.000000     0.000000     0.000000    -0.000000    -0.000000    -0.000000    -0.000000
   -0.000000    -0.000000     0.000000     0.000000     0.000000    -0.000000     1.000000     0.000000    -0.000000     0.000000    -0.000000     0.000000     0.000000     0.000000     0.000000     0.000000

   -0.000033     0.155700   -15.190000    -9.810000     0.000000    -0.000000    -0.000000     0.000000     0.000000    -0.000000     0.000000     0.000000    -0.000754     0.032140     0.000000     0.011090
   -0.089330    -0.630600    93.750000    -0.000000    -0.000000     0.000000     0.000000    -0.000000     0.000000    -0.000000     0.000000     0.000000     0.007283    -0.316300    -0.000000    -0.109200
    0.004582    -0.032160    -0.955700     0.000000    -0.001593    -0.063570     0.028030     0.000000    -0.000000     0.000000    -0.000000     0.000000    -0.000352    -0.008746     0.001510    -0.045480
   -0.000000    -0.000000     1.000000    -0.000000     0.000000    -0.000000    -0.000000    -0.000000    -0.000000     0.000000    -0.000000    -0.000000     0.000000     0.000000     0.000000     0.000000
   -0.000000    -0.000000     0.000000    -0.000000    -0.071500    14.820000   -96.020000     9.810000    -0.000000     0.000000    -0.000000    -0.000000    -0.000000    -0.000000     0.002304    -0.000000
    0.000346    -0.002431    -0.072240    -0.000000    -0.913800   -37.470000    15.340000    -0.000000     0.000000    -0.000000     0.000000    -0.000000    -0.000027    -0.000661     0.884800    -0.003438
   -0.000008     0.000057     0.001701    -0.000000     0.001834    -0.633100    -0.547100    -0.000000     0.000000    -0.000000     0.000000    -0.000000     0.000001     0.000016     0.011360     0.000081
   -0.000000    -0.000000     0.000000     0.000000     0.000000     1.000000     0.000000    -0.000000    -0.000000     0.000000    -0.000000    -0.000000     0.000000     0.000000     0.000000     0.000000
    1.000000     0.000000    -0.000000    14.640000    -0.000000     0.000000     0.000000     0.000000     0.000000    -0.000000     0.000000     0.000000    -0.000000    -0.000000    -0.000000    -0.000000
    0.000000    -0.000000     0.000000    -0.000000     1.000000    -0.000000    -0.000000   -14.640000    -0.000000     0.000000    -0.000000   102.800000     0.000000     0.000000     0.000000     0.000000
   -0.000000     1.000000    -0.000000  -102.800000     0.000000     0.000000     0.000000     0.000000     0.000000    -0.000000     0.000000     0.000000    -0.000000    -0.000000    -0.000000    -0.000000
   -0.000000    -0.000000     0.000000     0.000000     0.000000    -0.000000     1.000000    -0.000000    -0.000000     0.000000    -0.000000    -0.000000     0.000000     0.000000     0.000000     0.000000

   -0.002116     0.252700   -20.230000    -9.810000     0.000000     0.000000     0.000000     0.000000     0.000000    -0.000000     0.000000     0.000000    -0.000864     0.035080    -0.000000     0.012120
   -0.124300    -0.496400    57.840000    -0.000000     0.000000    -0.000000     0.000000    -0.000000     0.000000    -0.000000     0.000000     0.000000     0.003680    -0.153300     0.000000    -0.056580
    0.007056    -0.023930    -0.676300     0.000000    -0.001123    -0.034400     0.021760     0.000000    -0.000000     0.000000    -0.000000     0.000000    -0.000137    -0.003630     0.000516    -0.020300
   -0.000000    -0.000000     1.000000     0.000000     0.000000    -0.000000    -0.000000     0.000000    -0.000000     0.000000    -0.000000     0.000000     0.000000     0.000000     0.000000     0.000000
   -0.000000     0.000000     0.000000    -0.000000    -0.056080    19.840000   -59.430000     9.810000    -0.000000     0.000000    -0.000000    -0.000000    -0.000000    -0.000000    -0.000477    -0.000000
    0.000436    -0.001480    -0.041820    -0.000000    -0.774700   -24.470000    14.420000    -0.000000     0.000000    -0.000000     0.000000    -0.000000    -0.000008    -0.000225     0.362200    -0.001255
   -0.000011     0.000036     0.001019    -0.000000    -0.003150    -0.611300    -0.344900    -0.000000     0.000000    -0.000000     0.000000    -0.000000     0.000000     0.000005     0.005846     0.000031
   -0.000000    -0.000000     0.000000     0.000000     0.000000     1.000000     0.000000     0.000000    -0.000000     0.000000    -0.000000     0.000000     0.000000     0.000000     0.000000     0.000000
    1.000000     0.000000    -0.000000    19.250000    -0.000000     0.000000     0.000000     0.000000     0.000000    -0.000000     0.000000     0.000000    -0.000000    -0.000000    -0.000000    -0.000000
    0.000000    -0.000000     0.000000    -0.000000     1.000000    -0.000000    -0.000000   -19.250000    -0.000000     0.000000    -0.000000    65.280000     0.000000     0.000000     0.000000     0.000000
   -0.000000     1.000000    -0.000000   -65.280000     0.000000     0.000000     0.000000     0.000000     0.000000    -0.000000     0.000000     0.000000    -0.000000    -0.000000    -0.000000    -0.000000
   -0.000000    -0.000000     0.000000     0.000000     0.000000    -0.000000     1.000000     0.000000    -0.000000     0.000000    -0.000000     0.000000     0.000000     0.000000     0.000000     0.000000
