u  w  q  the  v  p  r  phi  x  y  z  psi  |  slat  flap  aileron  elevator
   -0.012310     0.277700   -29.670000    -9.810000     0.000000    -0.000000     0.000000     0.000000     0.000000    -0.000000     0.000000     0.000000    -0.000941     0.037300    -0.000000     0.016920
   -0.111400    -0.359100    55.750000    -0.000000     0.000000    -0.000000    -0.000000    -0.000000     0.000000    -0.000000     0.000000     0.000000     0.002535    -0.103300     0.000000    -0.039980
    0.019330    -0.041220    -0.876700     0.000000    -0.001384    -0.034480     0.030330     0.000000    -0.000000     0.000000    -0.000000     0.000000    -0.000027    -0.007972     0.000489    -0.022680
   -0.000000    -0.000000     1.000000    -0.000000     0.000000    -0.000000    -0.000000    -0.000000    -0.000000     0.000000    -0.000000    -0.000000     0.000000     0.000000     0.000000     0.000000
   -0.000000    -0.000000     0.000000    -0.000000    -0.036910    29.690000   -57.250000     9.810000    -0.000000     0.000000    -0.000000    -0.000000     0.000000    -0.000000    -0.001465    -0.000000
    0.001194    -0.002546    -0.054150    -0.000000    -0.882300   -23.000000    18.600000    -0.000000     0.000000    -0.000000     0.000000    -0.000000    -0.000002    -0.000492     0.318100    -0.001401
   -0.000032     0.000068     0.001444    -0.000000    -0.006869    -0.877800    -0.357000    -0.000000     0.000000    -0.000000     0.000000    -0.000000     0.000000     0.000013     0.006792     0.000037
   -0.000000    -0.000000     0.000000     0.000000     0.000000     1.000000     0.000000    -0.000000    -0.000000     0.000000    -0.000000    -0.000000     0.000000     0.000000     0.000000     0.000000
    1.000000     0.000000    -0.000000    28.900000    -0.000000     0.000000     0.000000     0.000000     0.000000    -0.000000     0.000000     0.000000    -0.000000    -0.000000    -0.000000    -0.000000
    0.000000    -0.000000     0.000000    -0.000000     1.000000    -0.000000    -0.000000   -28.900000    -0.000000     0.000000    -0.000000    61.620000     0.000000     0.000000     0.000000     0.000000
   -0.000000     1.000000    -0.000000   -61.620000     0.000000     0.000000     0.000000     0.000000     0.000000    -0.000000     0.000000     0.000000    -0.000000    -0.000000    -0.000000    -0.000000
   -0.000000    -0.000000     0.000000     0.000000     0.000000    -0.000000     1.000000    -0.000000    -0.000000     0.000000    -0.000000    -0.000000     0.000000     0.000000     0.000000     0.000000

   -0.002980     0.171400   -22.610000    -9.810000    -0.000000    -0.000000     0.000000     0.000000     0.000000    -0.000000     0.000000     0.000000    -0.000872     0.036750     0.000000     0.017160
   -0.078930    -0.473300    94.010000    -0.000000     0.000000     0.000000    -0.000000    -0.000000     0.000000    -0.000000     0.000000     0.000000     0.005416    -0.233000    -0.000000    -0.082300
    0.013080    -0.059800    -1.284000     0.000000    -0.001940    -0.068660     0.038590     0.000000    -0.000000     0.000000    -0.000000     0.000000    -0.000111    -0.021240     0.001610    -0.054760
   -0.000000    -0.000000     1.000000     0.000000     0.000000    -0.000000    -0.000000    -0.000000    -0.000000     0.000000    -0.000000     0.000000     0.000000     0.000000     0.000000     0.000000
   -0.000000    -0.000000    -0.000000    -0.000000    -0.051410    22.530000   -96.230000     9.810000    -0.000000     0.000000    -0.000000    -0.000000     0.000000    -0.000000     0.000639    -0.000000
    0.000988    -0.004515    -0.096960    -0.000000    -1.008000   -36.930000    19.150000    -0.000000     0.000000    -0.000000     0.000000    -0.000000    -0.000008    -0.001604     0.856500    -0.004135
   -0.000026     0.000118     0.002541    -0.000000     0.000829    -0.859700    -0.634400    -0.000000     0.000000    -0.000000     0.000000    -0.000000     0.000000     0.000042     0.013420     0.000108
   -0.000000    -0.000000     0.000000     0.000000     0.000000     1.000000     0.000000     0.000000    -0.000000     0.000000    -0.000000     0.000000     0.000000     0.000000     0.000000     0.000000
    1.000000     0.000000    -0.000000    22.190000    -0.000000     0.000000     0.000000     0.000000     0.000000    -0.000000     0.000000     0.000000    -0.000000    -0.000000    -0.000000    -0.000000
    0.000000    -0.000000     0.000000    -0.000000     1.000000    -0.000000    -0.000000   -22.190000    -0.000000     0.000000    -0.000000   101.400000     0.000000     0.000000     0.000000     0.000000
   -0.000000     1.000000    -0.000000  -101.400000     0.000000     0.000000     0.000000     0.000000     0.000000    -0.000000     0.000000     0.000000    -0.000000    -0.000000    -0.000000    -0.000000
   -0.000000    -0.000000     0.000000     0.000000     0.000000    -0.000000     1.000000     0.000000    -0.000000     0.000000    -0.000000     0.000000     0.000000     0.000000     0.000000     0.000000

   -0.000483     0.079170   -21.560000    -9.810000     0.000000    -0.000000    -0.000000     0.000000     0.000000    -0.000000     0.000000     0.000000    -0.000688     0.031180    -0.000000     0.016380
   -0.045120    -0.461800   199.700000    -0.000000    -0.000000     0.000000     0.000000    -0.000000     0.000000    -0.000000     0.000000     0.000000     0.010550    -0.479200    -0.000000    -0.156800
    0.008672    -0.083630    -1.777000     0.000000    -0.003585    -0.158500     0.065290     0.000000    -0.000000     0.000000    -0.000000     0.000000    -0.000484    -0.066130     0.007610    -0.155800
   -0.000000    -0.000000     1.000000     0.000000     0.000000    -0.000000    -0.000000     0.000000    -0.000000     0.000000    -0.000000     0.000000     0.000000     0.000000     0.000000     0.000000
    0.000000    -0.000000    -0.000000    -0.000000    -0.048160    21.430000  -202.000000     9.810000    -0.000000     0.000000    -0.000000    -0.000000    -0.000000    -0.000000     0.004781    -0.000000
    0.001029    -0.009928    -0.211000    -0.000000    -1.204000   -55.030000    20.820000    -0.000000     0.000000    -0.000000     0.000000    -0.000000    -0.000057    -0.007850     2.628000    -0.018500
   -0.000026     0.000247     0.005244    -0.000000     0.007827    -0.909500    -0.905700    -0.000000     0.000000    -0.000000     0.000000    -0.000000     0.000001     0.000195     0.034220     0.000460
   -0.000000    -0.000000     0.000000    -0.000000     0.000000     1.000000     0.000000     0.000000    -0.000000     0.000000    -0.000000     0.000000     0.000000     0.000000     0.000000     0.000000
    1.000000     0.000000    -0.000000    21.410000    -0.000000     0.000000     0.000000     0.000000     0.000000    -0.000000     0.000000     0.000000    -0.000000    -0.000000    -0.000000    -0.000000
    0.000000    -0.000000     0.000000    -0.000000     1.000000    -0.000000    -0.000000   -21.410000    -0.000000     0.000000    -0.000000   206.500000     0.000000     0.000000     0.000000     0.000000
   -0.000000     1.000000    -0.000000  -206.500000     0.000000     0.000000     0.000000     0.000000     0.000000    -0.000000     0.000000     0.000000    -0.000000    -0.000000    -0.000000    -0.000000
   -0.000000    -0.000000     0.000000    -0.000000     0.000000    -0.000000     1.000000    -0.000000    -0.000000     0.000000    -0.000000     0.000000     0.000000     0.000000     0.000000     0.000000

   -0.000234     0.076120   -15.130000    -9.810000     0.000000    -0.000000     0.000000     0.000000     0.000000    -0.000000     0.000000     0.000000    -0.000613     0.027980    -0.000000     0.015670
   -0.047940    -0.613700   198.000000    -0.000000    -0.000000     0.000000     0.000000    -0.000000     0.000000    -0.000000     0.000000     0.000000     0.014040    -0.640600    -0.000000    -0.207800
    0.005993    -0.082810    -1.766000     0.000000    -0.003367    -0.159500     0.059230     0.000000    -0.000000     0.000000    -0.000000     0.000000    -0.000487    -0.066400     0.007679    -0.154900
   -0.000000    -0.000000     1.000000     0.000000     0.000000    -0.000000    -0.000000     0.000000    -0.000000     0.000000    -0.000000     0.000000     0.000000     0.000000     0.000000     0.000000
   -0.000000    -0.000000    -0.000000    -0.000000    -0.064960    14.900000  -201.100000     9.810000    -0.000000     0.000000    -0.000000    -0.000000     0.000000    -0.000000     0.007482    -0.000000
    0.000711    -0.009830    -0.209600    -0.000000    -1.126000   -55.220000    18.730000    -0.000000     0.000000    -0.000000     0.000000    -0.000000    -0.000058    -0.007882     2.650000    -0.018390
   -0.000018     0.000244     0.005211    -0.000000     0.010230    -0.814400    -0.931900    -0.000000     0.000000    -0.000000     0.000000    -0.000000     0.000001     0.000196     0.033020     0.000457
   -0.000000    -0.000000     0.000000    -0.000000     0.000000     1.000000     0.000000     0.000000    -0.000000     0.000000    -0.000000     0.000000     0.000000     0.000000     0.000000     0.000000
    1.000000     0.000000    -0.000000    14.980000    -0.000000     0.000000     0.000000     0.000000     0.000000    -0.000000     0.000000     0.000000    -0.000000    -0.000000    -0.000000    -0.000000
    0.000000    -0.000000     0.000000    -0.000000     1.000000    -0.000000    -0.000000   -14.980000    -0.000000     0.000000    -0.000000   207.100000     0.000000     0.000000     0.000000     0.000000
   -0.000000     1.000000    -0.000000  -207.100000     0.000000     0.000000     0.000000     0.000000     0.000000    -0.000000     0.000000     0.000000    -0.000000    -0.000000    -0.000000    -0.000000
   -0.000000    -0.000000     0.000000    -0.000000     0.000000    -0.000000     1.000000    -0.000000    -0.000000     0.000000    -0.000000     0.000000     0.000000     0.000000     0.000000     0.000000

   -0.001789     0.167700   -16.440000    -9.810000     0.000000    -0.000000    -0.000000     0.000000     0.000000    -0.000000     0.000000     0.000000    -0.000834     0.035480     0.000000     0.016850
   -0.081080    -0.628500    92.700000    -0.000000     0.000000     0.000000     0.000000    -0.000000     0.000000    -0.000000     0.000000     0.000000     0.007256    -0.314900    -0.000000    -0.109300
    0.009223    -0.059030    -1.277000     0.000000    -0.001771    -0.069930     0.033790     0.000000    -0.000000     0.000000    -0.000000     0.000000    -0.000115    -0.021660     0.001660    -0.054870
   -0.000000    -0.000000     1.000000     0.000000     0.000000    -0.000000    -0.000000     0.000000    -0.000000     0.000000    -0.000000     0.000000     0.000000     0.000000     0.000000     0.000000
    0.000000    -0.000000    -0.000000    -0.000000    -0.070360    16.250000   -95.720000     9.810000    -0.000000     0.000000    -0.000000    -0.000000    -0.000000     0.000000     0.002069    -0.000000
    0.000696    -0.004457    -0.096380    -0.000000    -0.914800   -37.410000    16.600000    -0.000000     0.000000    -0.000000     0.000000    -0.000000    -0.000009    -0.001635     0.880900    -0.004142
   -0.000018     0.000117     0.002526    -0.000000     0.004084    -0.733500    -0.672700    -0.000000     0.000000    -0.000000     0.000000    -0.000000     0.000000     0.000043     0.012700     0.000109
   -0.000000    -0.000000     0.000000    -0.000000     0.000000     1.000000     0.000000     0.000000    -0.000000     0.000000    -0.000000     0.000000     0.000000     0.000000     0.000000     0.000000
    1.000000     0.000000    -0.000000    16.030000    -0.000000     0.000000     0.000000     0.000000     0.000000    -0.000000     0.000000     0.000000    -0.000000    -0.000000    -0.000000    -0.000000
    0.000000    -0.000000     0.000000    -0.000000     1.000000    -0.000000    -0.000000   -16.030000    -0.000000     0.000000    -0.000000   102.600000     0.000000     0.000000     0.000000     0.000000
   -0.000000     1.000000    -0.000000  -102.600000     0.000000     0.000000     0.000000     0.000000     0.000000    -0.000000     0.000000     0.000000    -0.000000    -0.000000    -0.000000    -0.000000
   -0.000000    -0.000000     0.000000    -0.000000     0.000000    -0.000000     1.000000    -0.000000    -0.000000     0.000000    -0.000000     0.000000     0.000000     0.000000     0.000000     0.000000

   -0.007653     0.271300   -21.740000    -9.810000    -0.000000     0.000000     0.000000     0.000000     0.000000    -0.000000     0.000000     0.000000    -0.000942     0.038120    -0.000000     0.017240
   -0.112000    -0.491200    56.670000    -0.000000     0.000000    -0.000000     0.000000    -0.000000     0.000000    -0.000000     0.000000     0.000000     0.003625    -0.150600     0.000000    -0.056180
    0.013320    -0.041100    -0.886300     0.000000    -0.001224    -0.036860     0.025570     0.000000    -0.000000     0.000000    -0.000000     0.000000    -0.000032    -0.008738     0.000550    -0.023960
   -0.000000    -0.000000     1.000000     0.000000     0.000000    -0.000000    -0.000000     0.000000    -0.000000     0.000000    -0.000000     0.000000     0.000000     0.000000     0.000000     0.000000
   -0.000000    -0.000000     0.000000    -0.000000    -0.054230    21.650000   -58.860000     9.810000    -0.000000     0.000000    -0.000000    -0.000000     0.000000    -0.000000    -0.000719    -0.000000
    0.000822    -0.002539    -0.054740    -0.000000    -0.775400   -24.260000    15.520000    -0.000000     0.000000    -0.000000     0.000000    -0.000000    -0.000002    -0.000540     0.355800    -0.001480
   -0.000022     0.000068     0.001460    -0.000000    -0.002471    -0.715500    -0.416800    -0.000000     0.000000    -0.000000     0.000000    -0.000000     0.000000     0.000014     0.006486     0.000039
   -0.000000    -0.000000     0.000000    -0.000000     0.000000     1.000000     0.000000     0.000000    -0.000000     0.000000    -0.000000     0.000000     0.000000     0.000000     0.000000     0.000000
    1.000000     0.000000    -0.000000    20.980000    -0.000000     0.000000     0.000000     0.000000     0.000000    -0.000000     0.000000     0.000000    -0.000000    -0.000000    -0.000000    -0.000000
    0.000000    -0.000000     0.000000    -0.000000     1.000000    -0.000000    -0.000000   -20.980000    -0.000000     0.000000    -0.000000    64.750000     0.000000     0.000000     0.000000     0.000000
   -0.000000     1.000000    -0.000000   -64.750000     0.000000     0.000000     0.000000     0.000000     0.000000    -0.000000     0.000000     0.000000    -0.000000    -0.000000    -0.000000    -0.000000
   -0.000000    -0.000000     0.000000    -0.000000     0.000000    -0.000000     1.000000    -0.000000    -0.000000     0.000000    -0.000000     0.000000     0.000000     0.000000     0.000000     0.000000
