u  w  q  the  v  p  r  phi  x  y  z  psi  |  slat  flap  aileron  elevator
   -0.007700     0.267800   -28.570000    -9.810000    -0.000000     0.000000     0.000000     0.000000     0.000000    -0.000000     0.000000     0.000000    -0.000905     0.035990    -0.000000     0.014520
   -0.117800    -0.362800    56.530000    -0.000000     0.000000    -0.000000    -0.000000    -0.000000     0.000000    -0.000000     0.000000     0.000000     0.002578    -0.105300     0.000000    -0.040420
    0.015010    -0.033740    -0.790200     0.000000    -0.000922    -0.022440     0.020100     0.000000    -0.000000     0.000000    -0.000000     0.000000    -0.000082    -0.005772     0.000327    -0.021730
   -0.000000    -0.000000     1.000000     0.000000     0.000000    -0.000000    -0.000000    -0.000000    -0.000000     0.000000    -0.000000     0.000000     0.000000     0.000000     0.000000     0.000000
   -0.000000    -0.000000     0.000000    -0.000000    -0.037950    28.430000   -57.810000     9.810000    -0.000000     0.000000    -0.000000    -0.000000     0.000000    -0.000000    -0.001347    -0.000000
    0.000620    -0.001393    -0.032620    -0.000000    -0.922900   -24.300000    18.770000    -0.000000     0.000000    -0.000000     0.000000    -0.000000    -0.000003    -0.000238     0.339400    -0.000897
   -0.000037     0.000083     0.001946    -0.000000    -0.007615    -0.849100    -0.325900    -0.000000     0.000000    -0.000000     0.000000    -0.000000     0.000000     0.000014     0.006880     0.000054
   -0.000000    -0.000000     0.000000     0.000000     0.000000     1.000000     0.000000     0.000000    -0.000000     0.000000    -0.000000     0.000000     0.000000     0.000000     0.000000     0.000000
    1.000000     0.000000    -0.000000    27.670000    -0.000000     0.000000     0.000000     0.000000     0.000000    -0.000000     0.000000     0.000000    -0.000000    -0.000000    -0.000000    -0.000000
    0.000000    -0.000000     0.000000    -0.000000     1.000000    -0.000000    -0.000000   -27.670000    -0.000000     0.000000    -0.000000    62.180000     0.000000     0.000000     0.000000     0.000000
   -0.000000     1.000000    -0.000000   -62.180000     0.000000     0.000000     0.000000     0.000000     0.000000    -0.000000     0.000000     0.000000    -0.000000    -0.000000    -0.000000    -0.000000
   -0.000000    -0.000000     0.000000     0.000000     0.000000    -0.000000     1.000000     0.000000    -0.000000     0.000000    -0.000000     0.000000     0.000000     0.000000     0.000000     0.000000

   -0.001552     0.165200   -21.720000    -9.810000    -0.000000    -0.000000     0.000000     0.000000     0.000000    -0.000000     0.000000     0.000000    -0.000831     0.035090     0.000000     0.014270
   -0.083210    -0.474700    94.540000    -0.000000     0.000000     0.000000     0.000000    -0.000000     0.000000    -0.000000     0.000000     0.000000     0.005436    -0.234100    -0.000000    -0.082330
    0.009915    -0.047480    -1.152000     0.000000    -0.001314    -0.045500     0.026060     0.000000    -0.000000     0.000000    -0.000000     0.000000    -0.000248    -0.015110     0.001078    -0.051960
   -0.000000    -0.000000     1.000000     0.000000     0.000000    -0.000000    -0.000000     0.000000    -0.000000     0.000000    -0.000000     0.000000     0.000000     0.000000     0.000000     0.000000
   -0.000000    -0.000000    -0.000000    -0.000000    -0.052020    21.540000   -96.470000     9.810000    -0.000000     0.000000    -0.000000    -0.000000    -0.000000    -0.000000     0.000763    -0.000000
    0.000505    -0.002420    -0.058700    -0.000000    -1.064000   -39.120000    19.450000    -0.000000     0.000000    -0.000000     0.000000    -0.000000    -0.000013    -0.000770     0.909500    -0.002649
   -0.000029     0.000140     0.003404    -0.000000    -0.000746    -0.854300    -0.584700    -0.000000     0.000000    -0.000000     0.000000    -0.000000     0.000001     0.000045     0.013840     0.000154
   -0.000000    -0.000000     0.000000    -0.000000     0.000000     1.000000     0.000000     0.000000    -0.000000     0.000000    -0.000000     0.000000     0.000000     0.000000     0.000000     0.000000
    1.000000     0.000000    -0.000000    21.230000    -0.000000     0.000000     0.000000     0.000000     0.000000    -0.000000     0.000000     0.000000    -0.000000    -0.000000    -0.000000    -0.000000
    0.000000    -0.000000     0.000000    -0.000000     1.000000    -0.000000    -0.000000   -21.230000    -0.000000     0.000000    -0.000000   101.700000     0.000000     0.000000     0.000000     0.000000
   -0.000000     1.000000    -0.000000  -101.700000     0.000000     0.000000     0.000000     0.000000     0.000000    -0.000000     0.000000     0.000000    -0.000000    -0.000000    -0.000000    -0.000000
   -0.000000    -0.000000     0.000000    -0.000000     0.000000    -0.000000     1.000000    -0.000000    -0.000000     0.000000    -0.000000     0.000000     0.000000     0.000000     0.000000     0.000000

   -0.000130     0.076110   -20.600000    -9.810000     0.000000     0.000000     0.000000     0.000000     0.000000    -0.000000     0.000000     0.000000    -0.000650     0.029490    -0.000000     0.013140
   -0.047320    -0.462300   200.100000    -0.000000    -0.000000    -0.000000    -0.000000    -0.000000     0.000000    -0.000000     0.000000     0.000000     0.010560    -0.479800    -0.000000    -0.156700
    0.006428    -0.065070    -1.584000     0.000000    -0.002508    -0.108700     0.045480     0.000000    -0.000000     0.000000    -0.000000     0.000000    -0.000878    -0.046910     0.005239    -0.147100
   -0.000000    -0.000000     1.000000     0.000000     0.000000    -0.000000    -0.000000    -0.000000    -0.000000     0.000000    -0.000000     0.000000     0.000000     0.000000     0.000000     0.000000
    0.000000    -0.000000    -0.000000    -0.000000    -0.048460    20.420000  -202.100000     9.810000    -0.000000     0.000000    -0.000000    -0.000000     0.000000    -0.000000     0.004891    -0.000000
    0.000533    -0.005393    -0.131200    -0.000000    -1.314000   -60.160000    21.800000    -0.000000     0.000000    -0.000000     0.000000    -0.000000    -0.000073    -0.003887     2.875000    -0.012190
   -0.000028     0.000286     0.006956    -0.000000     0.004923    -0.946400    -0.827200    -0.000000     0.000000    -0.000000     0.000000    -0.000000     0.000004     0.000206     0.036720     0.000646
   -0.000000    -0.000000     0.000000     0.000000     0.000000     1.000000     0.000000     0.000000    -0.000000     0.000000    -0.000000     0.000000     0.000000     0.000000     0.000000     0.000000
    1.000000     0.000000    -0.000000    20.410000    -0.000000     0.000000     0.000000     0.000000     0.000000    -0.000000     0.000000     0.000000    -0.000000    -0.000000    -0.000000    -0.000000
    0.000000    -0.000000     0.000000    -0.000000     1.000000    -0.000000    -0.000000   -20.410000    -0.000000     0.000000    -0.000000   206.600000     0.000000     0.000000     0.000000     0.000000
   -0.000000     1.000000    -0.000000  -206.600000     0.000000     0.000000     0.000000     0.000000     0.000000    -0.000000     0.000000     0.000000    -0.000000    -0.000000    -0.000000    -0.000000
   -0.000000    -0.000000     0.000000     0.000000     0.000000    -0.000000     1.000000     0.000000    -0.000000     0.000000    -0.000000     0.000000     0.000000     0.000000     0.000000     0.000000

    0.000011     0.073070   -14.410000    -9.810000    -0.000000     0.000000    -0.000000     0.000000     0.000000    -0.000000     0.000000     0.000000    -0.000575     0.026270    -0.000000     0.012400
   -0.050130    -0.614100   198.500000    -0.000000    -0.000000     0.000000     0.000000    -0.000000     0.000000    -0.000000     0.000000     0.000000     0.014050    -0.641100    -0.000000    -0.207600
    0.004410    -0.064180    -1.574000     0.000000    -0.002361    -0.109500     0.041440     0.000000    -0.000000     0.000000    -0.000000     0.000000    -0.000882    -0.047030     0.005286    -0.146300
   -0.000000    -0.000000     1.000000     0.000000     0.000000    -0.000000    -0.000000     0.000000    -0.000000     0.000000    -0.000000     0.000000     0.000000     0.000000     0.000000     0.000000
    0.000000    -0.000000    -0.000000    -0.000000    -0.065250    14.140000  -201.200000     9.810000    -0.000000     0.000000    -0.000000    -0.000000     0.000000    -0.000000     0.007590    -0.000000
    0.000365    -0.005318    -0.130400    -0.000000    -1.230000   -60.340000    19.580000    -0.000000     0.000000    -0.000000     0.000000    -0.000000    -0.000073    -0.003897     2.897000    -0.012130
   -0.000019     0.000282     0.006914    -0.000000     0.007250    -0.858700    -0.853800    -0.000000     0.000000    -0.000000     0.000000    -0.000000     0.000004     0.000207     0.035620     0.000643
   -0.000000    -0.000000     0.000000     0.000000     0.000000     1.000000     0.000000     0.000000    -0.000000     0.000000    -0.000000     0.000000     0.000000     0.000000     0.000000     0.000000
    1.000000     0.000000    -0.000000    14.230000    -0.000000     0.000000     0.000000     0.000000     0.000000    -0.000000     0.000000     0.000000    -0.000000    -0.000000    -0.000000    -0.000000
    0.000000    -0.000000     0.000000    -0.000000     1.000000    -0.000000    -0.000000   -14.230000    -0.000000     0.000000    -0.000000   207.100000     0.000000     0.000000     0.000000     0.000000
   -0.000000     1.000000    -0.000000  -207.100000     0.000000     0.000000     0.000000     0.000000     0.000000    -0.000000     0.000000     0.000000    -0.000000    -0.000000    -0.000000    -0.000000
   -0.000000    -0.000000     0.000000     0.000000     0.000000    -0.000000     1.000000     0.000000    -0.000000     0.000000    -0.000000     0.000000     0.000000     0.000000     0.000000     0.000000

   -0.000772     0.161500   -15.800000    -9.810000     0.000000    -0.000000     0.000000     0.000000     0.000000    -0.000000     0.000000     0.000000    -0.000793     0.033760    -0.000000     0.013880
   -0.085330    -0.629600    93.240000    -0.000000     0.000000     0.000000    -0.000000    -0.000000     0.000000    -0.000000     0.000000     0.000000     0.007270    -0.315600    -0.000000    -0.109300
    0.006935    -0.046510    -1.145000     0.000000    -0.001204    -0.046470     0.022960     0.000000    -0.000000     0.000000    -0.000000     0.000000    -0.000254    -0.015340     0.001110    -0.052040
   -0.000000    -0.000000     1.000000     0.000000     0.000000    -0.000000    -0.000000     0.000000    -0.000000     0.000000    -0.000000     0.000000     0.000000     0.000000     0.000000     0.000000
   -0.000000    -0.000000    -0.000000    -0.000000    -0.070940    15.510000   -95.880000     9.810000    -0.000000     0.000000    -0.000000    -0.000000     0.000000    -0.000000     0.002190    -0.000000
    0.000353    -0.002371    -0.058360    -0.000000    -0.966300   -39.590000    16.840000    -0.000000     0.000000    -0.000000     0.000000    -0.000000    -0.000013    -0.000782     0.933500    -0.002653
   -0.000021     0.000138     0.003384    -0.000000     0.002383    -0.737600    -0.622500    -0.000000     0.000000    -0.000000     0.000000    -0.000000     0.000001     0.000045     0.013160     0.000154
   -0.000000    -0.000000     0.000000     0.000000     0.000000     1.000000     0.000000     0.000000    -0.000000     0.000000    -0.000000     0.000000     0.000000     0.000000     0.000000     0.000000
    1.000000     0.000000    -0.000000    15.320000    -0.000000     0.000000     0.000000     0.000000     0.000000    -0.000000     0.000000     0.000000    -0.000000    -0.000000    -0.000000    -0.000000
    0.000000    -0.000000     0.000000    -0.000000     1.000000    -0.000000    -0.000000   -15.320000    -0.000000     0.000000    -0.000000   102.700000     0.000000     0.000000     0.000000     0.000000
   -0.000000     1.000000    -0.000000  -102.700000     0.000000     0.000000     0.000000     0.000000     0.000000    -0.000000     0.000000     0.000000    -0.000000    -0.000000    -0.000000    -0.000000
   -0.000000    -0.000000     0.000000     0.000000     0.000000    -0.000000     1.000000    -0.000000    -0.000000     0.000000    -0.000000     0.000000     0.000000     0.000000     0.000000     0.000000

   -0.004494     0.261600   -20.960000    -9.810000     0.000000    -0.000000     0.000000     0.000000     0.000000    -0.000000     0.000000     0.000000    -0.000902     0.036560    -0.000000     0.014620
   -0.118300    -0.494000    57.280000    -0.000000     0.000000    -0.000000    -0.000000    -0.000000     0.000000    -0.000000     0.000000     0.000000     0.003654    -0.152000     0.000000    -0.056400
    0.010220    -0.033110    -0.797400     0.000000    -0.000819    -0.024100     0.017060     0.000000    -0.000000     0.000000    -0.000000     0.000000    -0.000091    -0.006239     0.000366    -0.022830
   -0.000000    -0.000000     1.000000     0.000000     0.000000    -0.000000    -0.000000     0.000000    -0.000000     0.000000    -0.000000     0.000000     0.000000     0.000000     0.000000     0.000000
   -0.000000    -0.000000    -0.000000    -0.000000    -0.055170    20.710000   -59.160000     9.810000    -0.000000     0.000000    -0.000000    -0.000000     0.000000    -0.000000    -0.000594    -0.000000
    0.000422    -0.001366    -0.032910    -0.000000    -0.810800   -25.510000    15.630000    -0.000000     0.000000    -0.000000     0.000000    -0.000000    -0.000004    -0.000258     0.375900    -0.000942
   -0.000025     0.000082     0.001964    -0.000000    -0.003383    -0.699300    -0.384500    -0.000000     0.000000    -0.000000     0.000000    -0.000000     0.000000     0.000015     0.006591     0.000056
   -0.000000    -0.000000     0.000000    -0.000000     0.000000     1.000000     0.000000     0.000000    -0.000000     0.000000    -0.000000     0.000000     0.000000     0.000000     0.000000     0.000000
    1.000000     0.000000    -0.000000    20.080000    -0.000000     0.000000     0.000000     0.000000     0.000000    -0.000000     0.000000     0.000000    -0.000000    -0.000000    -0.000000    -0.000000
    0.000000    -0.000000     0.000000    -0.000000     1.000000    -0.000000    -0.000000   -20.080000    -0.000000     0.000000    -0.000000    65.030000     0.000000     0.000000     0.000000     0.000000
   -0.000000     1.000000    -0.000000   -65.030000     0.000000     0.000000     0.000000     0.000000     0.000000    -0.000000     0.000000     0.000000    -0.000000    -0.000000    -0.000000    -0.000000
   -0.000000    -0.000000     0.000000    -0.000000     0.000000    -0.000000     1.000000    -0.000000    -0.000000     0.000000    -0.000000     0.000000     0.000000     0.000000     0.000000     0.000000
