u  w  q  the  v  p  r  phi  x  y  z  psi  |  slat  flap  aileron  elevator
   -0.012400     0.277900   -29.690000    -9.810000    -0.000000    -0.000000     0.000000     0.000000     0.000000    -0.000000     0.000000     0.000000    -0.000942     0.037330    -0.000000     0.016960
   -0.111300    -0.359000    55.740000    -0.000000     0.000000    -0.000000    -0.000000    -0.000000     0.000000    -0.000000     0.000000     0.000000     0.002534    -0.103300     0.000000    -0.039970
    0.019630    -0.041820    -0.888300     0.000000    -0.003184    -0.083170     0.067020     0.000000    -0.000000     0.000000    -0.000000     0.000000    -0.000026    -0.008101     0.001149    -0.022950
   -0.000000    -0.000000     1.000000     0.000000     0.000000    -0.000000    -0.000000     0.000000    -0.000000     0.000000    -0.000000     0.000000     0.000000     0.000000     0.000000     0.000000
   -0.000000    -0.000000     0.000000    -0.000000    -0.036890    29.720000   -57.240000     9.810000    -0.000000     0.000000    -0.000000    -0.000000     0.000000    -0.000000    -0.001467    -0.000000
    0.002775    -0.005913    -0.125600    -0.000000    -0.758400   -19.760000    16.000000    -0.000000     0.000000    -0.000000     0.000000    -0.000000    -0.000004    -0.001146     0.273300    -0.003246
    0.000040    -0.000085    -0.001795    -0.000000    -0.005405    -0.845400    -0.391700    -0.000000     0.000000    -0.000000     0.000000    -0.000000    -0.000000    -0.000016     0.006298    -0.000046
   -0.000000    -0.000000     0.000000     0.000000     0.000000     1.000000     0.000000     0.000000    -0.000000     0.000000    -0.000000     0.000000     0.000000     0.000000     0.000000     0.000000
    1.000000     0.000000    -0.000000    28.920000    -0.000000     0.000000     0.000000     0.000000     0.000000    -0.000000     0.000000     0.000000    -0.000000    -0.000000    -0.000000    -0.000000
    0.000000    -0.000000     0.000000    -0.000000     1.000000    -0.000000    -0.000000   -28.920000    -0.000000     0.000000    -0.000000    61.610000     0.000000     0.000000     0.000000     0.000000
   -0.000000     1.000000    -0.000000   -61.610000     0.000000     0.000000     0.000000     0.000000     0.000000    -0.000000     0.000000     0.000000    -0.000000    -0.000000    -0.000000    -0.000000
   -0.000000    -0.000000     0.000000     0.000000     0.000000    -0.000000     1.000000     0.000000    -0.000000     0.000000    -0.000000     0.000000     0.000000     0.000000     0.000000     0.000000

   -0.003008     0.171600   -22.620000    -9.810000     0.000000    -0.000000     0.000000     0.000000     0.000000    -0.000000     0.000000     0.000000    -0.000873     0.036780    -0.000000     0.017210
   -0.078850    -0.473300    94.000000    -0.000000     0.000000     0.000000    -0.000000    -0.000000     0.000000    -0.000000     0.000000     0.000000     0.005416    -0.233000    -0.000000    -0.082300
    0.013320    -0.060860    -1.305000     0.000000    -0.004282    -0.157300     0.081200     0.000000    -0.000000     0.000000    -0.000000     0.000000    -0.000110    -0.021650     0.003645    -0.055580
   -0.000000    -0.000000     1.000000     0.000000     0.000000    -0.000000    -0.000000    -0.000000    -0.000000     0.000000    -0.000000     0.000000     0.000000     0.000000     0.000000     0.000000
   -0.000000    -0.000000    -0.000000    -0.000000    -0.051400    22.550000   -96.230000     9.810000    -0.000000     0.000000    -0.000000    -0.000000    -0.000000     0.000000     0.000637    -0.000000
    0.002232    -0.010200    -0.218600    -0.000000    -0.839800   -30.780000    15.970000    -0.000000     0.000000    -0.000000     0.000000    -0.000000    -0.000018    -0.003628     0.713900    -0.009314
    0.000032    -0.000146    -0.003130    -0.000000     0.002888    -0.793000    -0.679200    -0.000000     0.000000    -0.000000     0.000000    -0.000000    -0.000000    -0.000052     0.011810    -0.000133
   -0.000000    -0.000000     0.000000     0.000000     0.000000     1.000000     0.000000     0.000000    -0.000000     0.000000    -0.000000     0.000000     0.000000     0.000000     0.000000     0.000000
    1.000000     0.000000    -0.000000    22.210000    -0.000000     0.000000     0.000000     0.000000     0.000000    -0.000000     0.000000     0.000000    -0.000000    -0.000000    -0.000000    -0.000000
    0.000000    -0.000000     0.000000    -0.000000     1.000000    -0.000000    -0.000000   -22.210000    -0.000000     0.000000    -0.000000   101.400000     0.000000     0.000000     0.000000     0.000000
   -0.000000     1.000000    -0.000000  -101.400000     0.000000     0.000000     0.000000     0.000000     0.000000    -0.000000     0.000000     0.000000    -0.000000    -0.000000    -0.000000    -0.000000
   -0.000000    -0.000000     0.000000     0.000000     0.000000    -0.000000     1.000000     0.000000    -0.000000     0.000000    -0.000000     0.000000     0.000000     0.000000     0.000000     0.000000

   -0.000490     0.079230   -21.580000    -9.810000     0.000000     0.000000     0.000000     0.000000     0.000000    -0.000000     0.000000     0.000000    -0.000689     0.031210    -0.000000     0.016440
   -0.045080    -0.461800   199.700000    -0.000000    -0.000000     0.000000    -0.000000    -0.000000     0.000000    -0.000000     0.000000     0.000000     0.010550    -0.479200    -0.000000    -0.156800
    0.008905    -0.085810    -1.820000     0.000000    -0.007216    -0.330600     0.124500     0.000000    -0.000000     0.000000    -0.000000     0.000000    -0.000488    -0.067940     0.015780    -0.159400
   -0.000000    -0.000000     1.000000     0.000000     0.000000    -0.000000    -0.000000     0.000000    -0.000000     0.000000    -0.000000     0.000000     0.000000     0.000000     0.000000     0.000000
    0.000000    -0.000000    -0.000000    -0.000000    -0.048150    21.450000  -202.000000     9.810000    -0.000000     0.000000    -0.000000    -0.000000     0.000000    -0.000000     0.004779    -0.000000
    0.002141    -0.020630    -0.437700    -0.000000    -0.916700   -41.910000    15.870000    -0.000000     0.000000    -0.000000     0.000000    -0.000000    -0.000117    -0.016340     2.002000    -0.038340
    0.000031    -0.000297    -0.006300    -0.000000     0.011420    -0.763400    -0.978400    -0.000000     0.000000    -0.000000     0.000000    -0.000000    -0.000002    -0.000235     0.027100    -0.000552
   -0.000000    -0.000000     0.000000    -0.000000     0.000000     1.000000     0.000000     0.000000    -0.000000     0.000000    -0.000000     0.000000     0.000000     0.000000     0.000000     0.000000
    1.000000     0.000000    -0.000000    21.430000    -0.000000     0.000000     0.000000     0.000000     0.000000    -0.000000     0.000000     0.000000    -0.000000    -0.000000    -0.000000    -0.000000
    0.000000    -0.000000     0.000000    -0.000000     1.000000    -0.000000    -0.000000   -21.430000    -0.000000     0.000000    -0.000000   206.500000     0.000000     0.000000     0.000000     0.000000
   -0.000000     1.000000    -0.000000  -206.500000     0.000000     0.000000     0.000000     0.000000     0.000000    -0.000000     0.000000     0.000000    -0.000000    -0.000000    -0.000000    -0.000000
   -0.000000    -0.000000     0.000000    -0.000000     0.000000    -0.000000     1.000000    -0.000000    -0.000000     0.000000    -0.000000     0.000000     0.000000     0.000000     0.000000     0.000000

   -0.000238     0.076180   -15.140000    -9.810000     0.000000     0.000000     0.000000     0.000000     0.000000    -0.000000     0.000000     0.000000    -0.000614     0.028010    -0.000000     0.015730
   -0.047900    -0.613700   198.000000    -0.000000    -0.000000     0.000000     0.000000    -0.000000     0.000000    -0.000000     0.000000     0.000000     0.014040    -0.640600    -0.000000    -0.207800
    0.006154    -0.084970    -1.808000     0.000000    -0.006750    -0.331700     0.111900     0.000000    -0.000000     0.000000    -0.000000     0.000000    -0.000491    -0.068210     0.015910    -0.158500
   -0.000000    -0.000000     1.000000     0.000000     0.000000    -0.000000    -0.000000    -0.000000    -0.000000     0.000000    -0.000000     0.000000     0.000000     0.000000     0.000000     0.000000
    0.000000    -0.000000    -0.000000    -0.000000    -0.064950    14.920000  -201.100000     9.810000    -0.000000     0.000000    -0.000000    -0.000000     0.000000    -0.000000     0.007480    -0.000000
    0.001480    -0.020430    -0.434900    -0.000000    -0.857700   -42.050000    14.270000    -0.000000     0.000000    -0.000000     0.000000    -0.000000    -0.000118    -0.016400     2.018000    -0.038110
    0.000021    -0.000294    -0.006259    -0.000000     0.013630    -0.666400    -0.998900    -0.000000     0.000000    -0.000000     0.000000    -0.000000    -0.000002    -0.000236     0.025830    -0.000549
   -0.000000    -0.000000     0.000000     0.000000     0.000000     1.000000     0.000000     0.000000    -0.000000     0.000000    -0.000000     0.000000     0.000000     0.000000     0.000000     0.000000
    1.000000     0.000000    -0.000000    15.000000    -0.000000     0.000000     0.000000     0.000000     0.000000    -0.000000     0.000000     0.000000    -0.000000    -0.000000    -0.000000    -0.000000
    0.000000    -0.000000     0.000000    -0.000000     1.000000    -0.000000    -0.000000   -15.000000    -0.000000     0.000000    -0.000000   207.100000     0.000000     0.000000     0.000000     0.000000
   -0.000000     1.000000    -0.000000  -207.100000     0.000000     0.000000     0.000000     0.000000     0.000000    -0.000000     0.000000     0.000000    -0.000000    -0.000000    -0.000000    -0.000000
   -0.000000    -0.000000     0.000000     0.000000     0.000000    -0.000000     1.000000     0.000000    -0.000000     0.000000    -0.000000     0.000000     0.000000     0.000000     0.000000     0.000000

   -0.001809     0.167800   -16.450000    -9.810000    -0.000000    -0.000000    -0.000000     0.000000     0.000000    -0.000000     0.000000     0.000000    -0.000835     0.035510     0.000000     0.016900
   -0.081000    -0.628400    92.690000    -0.000000     0.000000     0.000000    -0.000000    -0.000000     0.000000    -0.000000     0.000000     0.000000     0.007256    -0.314800    -0.000000    -0.109300
    0.009395    -0.060080    -1.297000     0.000000    -0.003887    -0.159200     0.070350     0.000000    -0.000000     0.000000    -0.000000     0.000000    -0.000114    -0.022080     0.003749    -0.055680
   -0.000000    -0.000000     1.000000     0.000000     0.000000    -0.000000    -0.000000     0.000000    -0.000000     0.000000    -0.000000     0.000000     0.000000     0.000000     0.000000     0.000000
    0.000000    -0.000000    -0.000000    -0.000000    -0.070350    16.260000   -95.720000     9.810000    -0.000000     0.000000    -0.000000    -0.000000    -0.000000    -0.000000     0.002066    -0.000000
    0.001574    -0.010070    -0.217300    -0.000000    -0.762600   -31.180000    13.840000    -0.000000     0.000000    -0.000000     0.000000    -0.000000    -0.000019    -0.003699     0.734300    -0.009331
    0.000023    -0.000144    -0.003112    -0.000000     0.005987    -0.664600    -0.712700    -0.000000     0.000000    -0.000000     0.000000    -0.000000    -0.000000    -0.000053     0.011030    -0.000134
   -0.000000    -0.000000     0.000000    -0.000000     0.000000     1.000000     0.000000     0.000000    -0.000000     0.000000    -0.000000     0.000000     0.000000     0.000000     0.000000     0.000000
    1.000000     0.000000    -0.000000    16.040000    -0.000000     0.000000     0.000000     0.000000     0.000000    -0.000000     0.000000     0.000000    -0.000000    -0.000000    -0.000000    -0.000000
    0.000000    -0.000000     0.000000    -0.000000     1.000000    -0.000000    -0.000000   -16.040000    -0.000000     0.000000    -0.000000   102.600000     0.000000     0.000000     0.000000     0.000000
   -0.000000     1.000000    -0.000000  -102.600000     0.000000     0.000000     0.000000     0.000000     0.000000    -0.000000     0.000000     0.000000    -0.000000    -0.000000    -0.000000    -0.000000
   -0.000000    -0.000000     0.000000     0.000000     0.000000    -0.000000     1.000000    -0.000000    -0.000000     0.000000    -0.000000     0.000000     0.000000     0.000000     0.000000     0.000000

   -0.007714     0.271400   -21.750000    -9.810000    -0.000000     0.000000     0.000000     0.000000     0.000000    -0.000000     0.000000     0.000000    -0.000943     0.038140    -0.000000     0.017290
   -0.111900    -0.491200    56.660000    -0.000000     0.000000    -0.000000    -0.000000    -0.000000     0.000000    -0.000000     0.000000     0.000000     0.003624    -0.150600     0.000000    -0.056180
    0.013520    -0.041710    -0.898000     0.000000    -0.002797    -0.087690     0.055870     0.000000    -0.000000     0.000000    -0.000000     0.000000    -0.000031    -0.008882     0.001285    -0.024260
   -0.000000    -0.000000     1.000000     0.000000     0.000000    -0.000000    -0.000000    -0.000000    -0.000000     0.000000    -0.000000     0.000000     0.000000     0.000000     0.000000     0.000000
   -0.000000    -0.000000     0.000000    -0.000000    -0.054210    21.660000   -58.850000     9.810000    -0.000000     0.000000    -0.000000    -0.000000     0.000000    -0.000000    -0.000721    -0.000000
    0.001912    -0.005898    -0.127000    -0.000000    -0.666400   -20.850000    13.350000    -0.000000     0.000000    -0.000000     0.000000    -0.000000    -0.000004    -0.001256     0.305800    -0.003430
    0.000027    -0.000084    -0.001815    -0.000000    -0.001155    -0.679600    -0.446700    -0.000000     0.000000    -0.000000     0.000000    -0.000000    -0.000000    -0.000018     0.005925    -0.000049
   -0.000000    -0.000000     0.000000     0.000000     0.000000     1.000000     0.000000     0.000000    -0.000000     0.000000    -0.000000     0.000000     0.000000     0.000000     0.000000     0.000000
    1.000000     0.000000    -0.000000    20.990000    -0.000000     0.000000     0.000000     0.000000     0.000000    -0.000000     0.000000     0.000000    -0.000000    -0.000000    -0.000000    -0.000000
    0.000000    -0.000000     0.000000    -0.000000     1.000000    -0.000000    -0.000000   -20.990000    -0.000000     0.000000    -0.000000    64.740000     0.000000     0.000000     0.000000     0.000000
   -0.000000     1.000000    -0.000000   -64.740000     0.000000     0.000000     0.000000     0.000000     0.000000    -0.000000     0.000000     0.000000    -0.000000    -0.000000    -0.000000    -0.000000
   -0.000000    -0.000000     0.000000     0.000000     0.000000    -0.000000     1.000000     0.000000    -0.000000     0.000000    -0.000000     0.000000     0.000000     0.000000     0.000000     0.000000
