u  w  q  the  v  p  r  phi  x  y  z  psi  |  slat  flap  aileron  elevator
   -0.014550     0.282000   -30.140000    -9.810000    -0.000000     0.000000     0.000000     0.000000     0.000000    -0.000000     0.000000     0.000000    -0.000956     0.037850    -0.000000     0.017920
   -0.108800    -0.357400    55.420000    -0.000000     0.000000    -0.000000    -0.000000    -0.000000     0.000000    -0.000000     0.000000     0.000000     0.002516    -0.102400     0.000000    -0.039780
    0.021210    -0.044230    -0.913600     0.000000    -0.004075    -0.107600     0.085920     0.000000    -0.000000     0.000000    -0.000000     0.000000    -0.000004    -0.008859     0.001467    -0.022990
   -0.000000    -0.000000     1.000000     0.000000     0.000000    -0.000000    -0.000000     0.000000    -0.000000     0.000000    -0.000000     0.000000     0.000000     0.000000     0.000000     0.000000
   -0.000000    -0.000000     0.000000    -0.000000    -0.036470    30.240000   -57.000000     9.810000    -0.000000     0.000000    -0.000000    -0.000000     0.000000    -0.000000    -0.001515    -0.000000
    0.003891    -0.008116    -0.167600    -0.000000    -0.625700   -16.230000    13.400000    -0.000000     0.000000    -0.000000     0.000000    -0.000000    -0.000001    -0.001626     0.223500    -0.004219
    0.000105    -0.000218    -0.004501    -0.000000    -0.003597    -0.803300    -0.426600    -0.000000     0.000000    -0.000000     0.000000    -0.000000    -0.000000    -0.000044     0.005636    -0.000113
   -0.000000    -0.000000     0.000000    -0.000000     0.000000     1.000000     0.000000     0.000000    -0.000000     0.000000    -0.000000     0.000000     0.000000     0.000000     0.000000     0.000000
    1.000000     0.000000    -0.000000    29.420000    -0.000000     0.000000     0.000000     0.000000     0.000000    -0.000000     0.000000     0.000000    -0.000000    -0.000000    -0.000000    -0.000000
    0.000000    -0.000000     0.000000    -0.000000     1.000000    -0.000000    -0.000000   -29.420000    -0.000000     0.000000    -0.000000    61.370000     0.000000     0.000000     0.000000     0.000000
   -0.000000     1.000000    -0.000000   -61.370000     0.000000     0.000000     0.000000     0.000000     0.000000    -0.000000     0.000000     0.000000    -0.000000    -0.000000    -0.000000    -0.000000
   -0.000000    -0.000000     0.000000    -0.000000     0.000000    -0.000000     1.000000    -0.000000    -0.000000     0.000000    -0.000000     0.000000     0.000000     0.000000     0.000000     0.000000

   -0.003682     0.174100   -22.980000    -9.810000     0.000000     0.000000    -0.000000     0.000000     0.000000    -0.000000     0.000000     0.000000    -0.000889     0.037460    -0.000000     0.018380
   -0.077120    -0.472700    93.780000    -0.000000     0.000000     0.000000    -0.000000    -0.000000     0.000000    -0.000000     0.000000     0.000000     0.005407    -0.232600    -0.000000    -0.082280
    0.014460    -0.064830    -1.341000     0.000000    -0.005272    -0.195800     0.099880     0.000000    -0.000000     0.000000    -0.000000     0.000000    -0.000051    -0.023770     0.004516    -0.055740
   -0.000000    -0.000000     1.000000     0.000000     0.000000    -0.000000    -0.000000     0.000000    -0.000000     0.000000    -0.000000     0.000000     0.000000     0.000000     0.000000     0.000000
   -0.000000    -0.000000    -0.000000    -0.000000    -0.051160    22.950000   -96.130000     9.810000    -0.000000     0.000000    -0.000000    -0.000000    -0.000000     0.000000     0.000587    -0.000000
    0.003045    -0.013660    -0.282500    -0.000000    -0.671500   -24.570000    12.970000    -0.000000     0.000000    -0.000000     0.000000    -0.000000    -0.000011    -0.005008     0.569400    -0.011740
    0.000084    -0.000376    -0.007772    -0.000000     0.005169    -0.711700    -0.716000    -0.000000     0.000000    -0.000000     0.000000    -0.000000    -0.000000    -0.000138     0.009880    -0.000323
   -0.000000    -0.000000     0.000000     0.000000     0.000000     1.000000     0.000000     0.000000    -0.000000     0.000000    -0.000000     0.000000     0.000000     0.000000     0.000000     0.000000
    1.000000     0.000000    -0.000000    22.600000    -0.000000     0.000000     0.000000     0.000000     0.000000    -0.000000     0.000000     0.000000    -0.000000    -0.000000    -0.000000    -0.000000
    0.000000    -0.000000     0.000000    -0.000000     1.000000    -0.000000    -0.000000   -22.600000    -0.000000     0.000000    -0.000000   101.400000     0.000000     0.000000     0.000000     0.000000
   -0.000000     1.000000    -0.000000  -101.400000     0.000000     0.000000     0.000000     0.000000     0.000000    -0.000000     0.000000     0.000000    -0.000000    -0.000000    -0.000000    -0.000000
   -0.000000    -0.000000     0.000000     0.000000     0.000000    -0.000000     1.000000    -0.000000    -0.000000     0.000000    -0.000000     0.000000     0.000000     0.000000     0.000000     0.000000

   -0.000661     0.080480   -21.970000    -9.810000     0.000000    -0.000000    -0.000000     0.000000     0.000000    -0.000000     0.000000     0.000000    -0.000705     0.031910    -0.000000     0.017760
   -0.044190    -0.461600   199.500000    -0.000000    -0.000000     0.000000    -0.000000    -0.000000     0.000000    -0.000000     0.000000     0.000000     0.010550    -0.479000    -0.000000    -0.156900
    0.009644    -0.091170    -1.858000     0.000000    -0.008070    -0.374800     0.138400     0.000000    -0.000000     0.000000    -0.000000     0.000000    -0.000311    -0.074050     0.017850    -0.158700
   -0.000000    -0.000000     1.000000    -0.000000     0.000000    -0.000000    -0.000000    -0.000000    -0.000000     0.000000    -0.000000    -0.000000     0.000000     0.000000     0.000000     0.000000
    0.000000    -0.000000    -0.000000    -0.000000    -0.048030    21.870000  -201.900000     9.810000    -0.000000     0.000000    -0.000000    -0.000000     0.000000    -0.000000     0.004735    -0.000000
    0.002680    -0.025330    -0.516400    -0.000000    -0.674500   -30.810000    11.880000    -0.000000     0.000000    -0.000000     0.000000    -0.000000    -0.000087    -0.020580     1.471000    -0.044100
    0.000079    -0.000747    -0.015220    -0.000000     0.014430    -0.613800    -1.014000    -0.000000     0.000000    -0.000000     0.000000    -0.000000    -0.000003    -0.000607     0.020030    -0.001300
   -0.000000    -0.000000     0.000000     0.000000     0.000000     1.000000     0.000000    -0.000000    -0.000000     0.000000    -0.000000    -0.000000     0.000000     0.000000     0.000000     0.000000
    1.000000     0.000000    -0.000000    21.840000    -0.000000     0.000000     0.000000     0.000000     0.000000    -0.000000     0.000000     0.000000    -0.000000    -0.000000    -0.000000    -0.000000
    0.000000    -0.000000     0.000000    -0.000000     1.000000    -0.000000    -0.000000   -21.840000    -0.000000     0.000000    -0.000000   206.500000     0.000000     0.000000     0.000000     0.000000
   -0.000000     1.000000    -0.000000  -206.500000     0.000000     0.000000     0.000000     0.000000     0.000000    -0.000000     0.000000     0.000000    -0.000000    -0.000000    -0.000000    -0.000000
   -0.000000    -0.000000     0.000000     0.000000     0.000000    -0.000000     1.000000    -0.000000    -0.000000     0.000000    -0.000000    -0.000000     0.000000     0.000000     0.000000     0.000000

   -0.000359     0.077420   -15.430000    -9.810000     0.000000     0.000000    -0.000000     0.000000     0.000000    -0.000000     0.000000     0.000000    -0.000630     0.028710    -0.000000     0.017060
   -0.047010    -0.613500   197.800000    -0.000000    -0.000000     0.000000     0.000000    -0.000000     0.000000    -0.000000     0.000000     0.000000     0.014040    -0.640400    -0.000000    -0.207900
    0.006681    -0.090390    -1.846000     0.000000    -0.007535    -0.375600     0.123900     0.000000    -0.000000     0.000000    -0.000000     0.000000    -0.000314    -0.074390     0.017990    -0.157800
   -0.000000    -0.000000     1.000000    -0.000000     0.000000    -0.000000    -0.000000    -0.000000    -0.000000     0.000000    -0.000000    -0.000000     0.000000     0.000000     0.000000     0.000000
    0.000000    -0.000000    -0.000000    -0.000000    -0.064830    15.230000  -201.100000     9.810000    -0.000000     0.000000    -0.000000    -0.000000     0.000000    -0.000000     0.007436    -0.000000
    0.001856    -0.025120    -0.513000    -0.000000    -0.631000   -30.910000    10.690000    -0.000000     0.000000    -0.000000     0.000000    -0.000000    -0.000087    -0.020670     1.483000    -0.043840
    0.000055    -0.000740    -0.015120    -0.000000     0.016430    -0.517200    -1.029000    -0.000000     0.000000    -0.000000     0.000000    -0.000000    -0.000003    -0.000609     0.018710    -0.001292
   -0.000000    -0.000000     0.000000     0.000000     0.000000     1.000000     0.000000    -0.000000    -0.000000     0.000000    -0.000000    -0.000000     0.000000     0.000000     0.000000     0.000000
    1.000000     0.000000    -0.000000    15.300000    -0.000000     0.000000     0.000000     0.000000     0.000000    -0.000000     0.000000     0.000000    -0.000000    -0.000000    -0.000000    -0.000000
    0.000000    -0.000000     0.000000    -0.000000     1.000000    -0.000000    -0.000000   -15.300000    -0.000000     0.000000    -0.000000   207.100000     0.000000     0.000000     0.000000     0.000000
   -0.000000     1.000000    -0.000000  -207.100000     0.000000     0.000000     0.000000     0.000000     0.000000    -0.000000     0.000000     0.000000    -0.000000    -0.000000    -0.000000    -0.000000
   -0.000000    -0.000000     0.000000     0.000000     0.000000    -0.000000     1.000000    -0.000000    -0.000000     0.000000    -0.000000    -0.000000     0.000000     0.000000     0.000000     0.000000

   -0.002293     0.170300   -16.710000    -9.810000     0.000000    -0.000000    -0.000000     0.000000     0.000000    -0.000000     0.000000     0.000000    -0.000852     0.036210     0.000000     0.018110
   -0.079270    -0.628000    92.460000    -0.000000     0.000000     0.000000     0.000000    -0.000000     0.000000    -0.000000     0.000000     0.000000     0.007250    -0.314500    -0.000000    -0.109400
    0.010220    -0.064160    -1.333000     0.000000    -0.004776    -0.198000     0.086230     0.000000    -0.000000     0.000000    -0.000000     0.000000    -0.000054    -0.024280     0.004646    -0.055850
   -0.000000    -0.000000     1.000000     0.000000     0.000000    -0.000000    -0.000000    -0.000000    -0.000000     0.000000    -0.000000     0.000000     0.000000     0.000000     0.000000     0.000000
    0.000000    -0.000000     0.000000    -0.000000    -0.070120    16.570000   -95.660000     9.810000    -0.000000     0.000000    -0.000000    -0.000000     0.000000    -0.000000     0.002017    -0.000000
    0.002153    -0.013510    -0.280800    -0.000000    -0.609700   -24.900000    11.250000    -0.000000     0.000000    -0.000000     0.000000    -0.000000    -0.000011    -0.005113     0.586200    -0.011760
    0.000059    -0.000372    -0.007725    -0.000000     0.008078    -0.581800    -0.744400    -0.000000     0.000000    -0.000000     0.000000    -0.000000    -0.000000    -0.000141     0.009049    -0.000324
   -0.000000    -0.000000     0.000000     0.000000     0.000000     1.000000     0.000000     0.000000    -0.000000     0.000000    -0.000000     0.000000     0.000000     0.000000     0.000000     0.000000
    1.000000     0.000000    -0.000000    16.340000    -0.000000     0.000000     0.000000     0.000000     0.000000    -0.000000     0.000000     0.000000    -0.000000    -0.000000    -0.000000    -0.000000
    0.000000    -0.000000     0.000000    -0.000000     1.000000    -0.000000    -0.000000   -16.340000    -0.000000     0.000000    -0.000000   102.600000     0.000000     0.000000     0.000000     0.000000
   -0.000000     1.000000    -0.000000  -102.600000     0.000000     0.000000     0.000000     0.000000     0.000000    -0.000000     0.000000     0.000000    -0.000000    -0.000000    -0.000000    -0.000000
   -0.000000    -0.000000     0.000000     0.000000     0.000000    -0.000000     1.000000     0.000000    -0.000000     0.000000    -0.000000     0.000000     0.000000     0.000000     0.000000     0.000000

   -0.009192     0.275400   -22.060000    -9.810000    -0.000000     0.000000     0.000000     0.000000     0.000000    -0.000000     0.000000     0.000000    -0.000960     0.038780    -0.000000     0.018350
   -0.109300    -0.490100    56.410000    -0.000000     0.000000    -0.000000    -0.000000    -0.000000     0.000000    -0.000000     0.000000     0.000000     0.003612    -0.150000     0.000000    -0.056080
    0.014660    -0.044360    -0.924500     0.000000    -0.003572    -0.113200     0.071400     0.000000    -0.000000     0.000000    -0.000000     0.000000    -0.000007    -0.009764     0.001646    -0.024360
   -0.000000    -0.000000     1.000000     0.000000     0.000000    -0.000000    -0.000000     0.000000    -0.000000     0.000000    -0.000000     0.000000     0.000000     0.000000     0.000000     0.000000
   -0.000000    -0.000000    -0.000000    -0.000000    -0.053840    22.050000   -58.720000     9.810000    -0.000000     0.000000    -0.000000    -0.000000     0.000000    -0.000000    -0.000772    -0.000000
    0.002691    -0.008141    -0.169600    -0.000000    -0.549900   -17.160000    11.180000    -0.000000     0.000000    -0.000000     0.000000    -0.000000    -0.000001    -0.001792     0.251200    -0.004470
    0.000072    -0.000219    -0.004555    -0.000000     0.000456    -0.633800    -0.475800    -0.000000     0.000000    -0.000000     0.000000    -0.000000    -0.000000    -0.000048     0.005201    -0.000120
   -0.000000    -0.000000     0.000000    -0.000000     0.000000     1.000000     0.000000     0.000000    -0.000000     0.000000    -0.000000     0.000000     0.000000     0.000000     0.000000     0.000000
    1.000000     0.000000    -0.000000    21.360000    -0.000000     0.000000     0.000000     0.000000     0.000000    -0.000000     0.000000     0.000000    -0.000000    -0.000000    -0.000000    -0.000000
    0.000000    -0.000000     0.000000    -0.000000     1.000000    -0.000000    -0.000000   -21.360000    -0.000000     0.000000    -0.000000    64.620000     0.000000     0.000000     0.000000     0.000000
   -0.000000     1.000000    -0.000000   -64.620000     0.000000     0.000000     0.000000     0.000000     0.000000    -0.000000     0.000000     0.000000    -0.000000    -0.000000    -0.000000    -0.000000
   -0.000000    -0.000000     0.000000     0.000000     0.000000    -0.000000     1.000000    -0.000000    -0.000000     0.000000    -0.000000     0.000000     0.000000     0.000000     0.000000     0.000000
