u  w  q  the  v  p  r  phi  x  y  z  psi  |  slat  flap  aileron  elevator
   -0.011380     0.275800   -29.470000    -9.810000    -0.000000     0.000000     0.000000     0.000000     0.000000    -0.000000     0.000000     0.000000    -0.000934     0.037060    -0.000000     0.016480
   -0.112600    -0.359800    55.900000    -0.000000     0.000000    -0.000000    -0.000000    -0.000000     0.000000    -0.000000     0.000000     0.000000     0.002543    -0.103700     0.000000    -0.040070
    0.018490    -0.039830    -0.859800     0.000000    -0.003160    -0.087980     0.062230     0.000000    -0.000000     0.000000    -0.000000     0.000000    -0.000037    -0.007566     0.001177    -0.022500
   -0.000000    -0.000000     1.000000     0.000000     0.000000    -0.000000    -0.000000     0.000000    -0.000000     0.000000    -0.000000     0.000000     0.000000     0.000000     0.000000     0.000000
   -0.000000    -0.000000    -0.000000    -0.000000    -0.037100    29.460000   -57.360000     9.810000    -0.000000     0.000000    -0.000000    -0.000000     0.000000    -0.000000    -0.001443    -0.000000
    0.002653    -0.005712    -0.123300    -0.000000    -0.254900    -6.651000     5.342000    -0.000000     0.000000    -0.000000     0.000000    -0.000000    -0.000005    -0.001085     0.092210    -0.003228
    0.000186    -0.000400    -0.008643    -0.000000     0.000602    -0.630000    -0.479000    -0.000000     0.000000    -0.000000     0.000000    -0.000000    -0.000000    -0.000076     0.003784    -0.000226
   -0.000000    -0.000000     0.000000    -0.000000     0.000000     1.000000     0.000000     0.000000    -0.000000     0.000000    -0.000000     0.000000     0.000000     0.000000     0.000000     0.000000
    1.000000     0.000000    -0.000000    28.670000    -0.000000     0.000000     0.000000     0.000000     0.000000    -0.000000     0.000000     0.000000    -0.000000    -0.000000    -0.000000    -0.000000
    0.000000    -0.000000     0.000000    -0.000000     1.000000    -0.000000    -0.000000   -28.670000    -0.000000     0.000000    -0.000000    61.730000     0.000000     0.000000     0.000000     0.000000
   -0.000000     1.000000    -0.000000   -61.730000     0.000000     0.000000     0.000000     0.000000     0.000000    -0.000000     0.000000     0.000000    -0.000000    -0.000000    -0.000000    -0.000000
   -0.000000    -0.000000     0.000000     0.000000     0.000000    -0.000000     1.000000     0.000000    -0.000000     0.000000    -0.000000     0.000000     0.000000     0.000000     0.000000     0.000000

   -0.002689     0.170300   -22.440000    -9.810000     0.000000    -0.000000    -0.000000     0.000000     0.000000    -0.000000     0.000000     0.000000    -0.000864     0.036440     0.000000     0.016620
   -0.079730    -0.473500    94.110000    -0.000000    -0.000000     0.000000     0.000000    -0.000000     0.000000    -0.000000     0.000000     0.000000     0.005420    -0.233200    -0.000000    -0.082310
    0.012470    -0.057500    -1.258000     0.000000    -0.003690    -0.143700     0.063800     0.000000    -0.000000     0.000000    -0.000000     0.000000    -0.000136    -0.020090     0.003272    -0.054250
   -0.000000    -0.000000     1.000000     0.000000     0.000000    -0.000000    -0.000000     0.000000    -0.000000     0.000000    -0.000000     0.000000     0.000000     0.000000     0.000000     0.000000
    0.000000    -0.000000     0.000000    -0.000000    -0.051530    22.340000   -96.280000     9.810000    -0.000000     0.000000    -0.000000    -0.000000    -0.000000    -0.000000     0.000663    -0.000000
    0.001887    -0.008703    -0.190400    -0.000000    -0.251500    -9.216000     4.749000    -0.000000     0.000000    -0.000000     0.000000    -0.000000    -0.000021    -0.003041     0.213900    -0.008211
    0.000146    -0.000674    -0.014750    -0.000000     0.009004    -0.482000    -0.738500    -0.000000     0.000000    -0.000000     0.000000    -0.000000    -0.000002    -0.000236     0.005245    -0.000636
   -0.000000    -0.000000     0.000000    -0.000000     0.000000     1.000000     0.000000     0.000000    -0.000000     0.000000    -0.000000     0.000000     0.000000     0.000000     0.000000     0.000000
    1.000000     0.000000    -0.000000    22.010000    -0.000000     0.000000     0.000000     0.000000     0.000000    -0.000000     0.000000     0.000000    -0.000000    -0.000000    -0.000000    -0.000000
    0.000000    -0.000000     0.000000    -0.000000     1.000000    -0.000000    -0.000000   -22.010000    -0.000000     0.000000    -0.000000   101.500000     0.000000     0.000000     0.000000     0.000000
   -0.000000     1.000000    -0.000000  -101.500000     0.000000     0.000000     0.000000     0.000000     0.000000    -0.000000     0.000000     0.000000    -0.000000    -0.000000    -0.000000    -0.000000
   -0.000000    -0.000000     0.000000    -0.000000     0.000000    -0.000000     1.000000    -0.000000    -0.000000     0.000000    -0.000000     0.000000     0.000000     0.000000     0.000000     0.000000

   -0.000410     0.078600   -21.380000    -9.810000     0.000000     0.000000     0.000000     0.000000     0.000000    -0.000000     0.000000     0.000000    -0.000681     0.030870    -0.000000     0.015780
   -0.045530    -0.461900   199.800000    -0.000000    -0.000000     0.000000     0.000000    -0.000000     0.000000    -0.000000     0.000000     0.000000     0.010550    -0.479400    -0.000000    -0.156800
    0.008239    -0.080170    -1.740000     0.000000    -0.004576    -0.226700     0.067830     0.000000    -0.000000     0.000000    -0.000000     0.000000    -0.000559    -0.062530     0.010700    -0.154300
   -0.000000    -0.000000     1.000000    -0.000000     0.000000    -0.000000    -0.000000    -0.000000    -0.000000     0.000000    -0.000000    -0.000000     0.000000     0.000000     0.000000     0.000000
    0.000000    -0.000000    -0.000000    -0.000000    -0.048220    21.240000  -202.000000     9.810000    -0.000000     0.000000    -0.000000    -0.000000     0.000000    -0.000000     0.004802    -0.000000
    0.001371    -0.013340    -0.289500    -0.000000    -0.210500    -9.619000     3.619000    -0.000000     0.000000    -0.000000     0.000000    -0.000000    -0.000093    -0.010400     0.459500    -0.025670
    0.000135    -0.001313    -0.028500    -0.000000     0.017200    -0.326600    -0.977200    -0.000000     0.000000    -0.000000     0.000000    -0.000000    -0.000009    -0.001024     0.007508    -0.002527
   -0.000000    -0.000000     0.000000     0.000000     0.000000     1.000000     0.000000    -0.000000    -0.000000     0.000000    -0.000000    -0.000000     0.000000     0.000000     0.000000     0.000000
    1.000000     0.000000    -0.000000    21.230000    -0.000000     0.000000     0.000000     0.000000     0.000000    -0.000000     0.000000     0.000000    -0.000000    -0.000000    -0.000000    -0.000000
    0.000000    -0.000000     0.000000    -0.000000     1.000000    -0.000000    -0.000000   -21.230000    -0.000000     0.000000    -0.000000   206.500000     0.000000     0.000000     0.000000     0.000000
   -0.000000     1.000000    -0.000000  -206.500000     0.000000     0.000000     0.000000     0.000000     0.000000    -0.000000     0.000000     0.000000    -0.000000    -0.000000    -0.000000    -0.000000
   -0.000000    -0.000000     0.000000     0.000000     0.000000    -0.000000     1.000000    -0.000000    -0.000000     0.000000    -0.000000    -0.000000     0.000000     0.000000     0.000000     0.000000

   -0.000183     0.075550   -14.990000    -9.810000     0.000000     0.000000     0.000000     0.000000     0.000000    -0.000000     0.000000     0.000000    -0.000606     0.027660    -0.000000     0.015060
   -0.048350    -0.613800   198.100000    -0.000000    -0.000000    -0.000000     0.000000    -0.000000     0.000000    -0.000000     0.000000     0.000000     0.014040    -0.640700    -0.000000    -0.207700
    0.005687    -0.079330    -1.729000     0.000000    -0.004242    -0.226100     0.059380     0.000000    -0.000000     0.000000    -0.000000     0.000000    -0.000562    -0.062770     0.010770    -0.153400
   -0.000000    -0.000000     1.000000     0.000000     0.000000    -0.000000    -0.000000     0.000000    -0.000000     0.000000    -0.000000     0.000000     0.000000     0.000000     0.000000     0.000000
    0.000000    -0.000000    -0.000000    -0.000000    -0.065010    14.760000  -201.100000     9.810000    -0.000000     0.000000    -0.000000    -0.000000     0.000000    -0.000000     0.007502    -0.000000
    0.000946    -0.013200    -0.287600    -0.000000    -0.197000    -9.651000     3.255000    -0.000000     0.000000    -0.000000     0.000000    -0.000000    -0.000094    -0.010440     0.463200    -0.025520
    0.000093    -0.001300    -0.028320    -0.000000     0.018630    -0.241500    -0.982100    -0.000000     0.000000    -0.000000     0.000000    -0.000000    -0.000009    -0.001028     0.006265    -0.002513
   -0.000000    -0.000000     0.000000     0.000000     0.000000     1.000000     0.000000     0.000000    -0.000000     0.000000    -0.000000     0.000000     0.000000     0.000000     0.000000     0.000000
    1.000000     0.000000    -0.000000    14.840000    -0.000000     0.000000     0.000000     0.000000     0.000000    -0.000000     0.000000     0.000000    -0.000000    -0.000000    -0.000000    -0.000000
    0.000000    -0.000000     0.000000    -0.000000     1.000000    -0.000000    -0.000000   -14.840000    -0.000000     0.000000    -0.000000   207.100000     0.000000     0.000000     0.000000     0.000000
   -0.000000     1.000000    -0.000000  -207.100000     0.000000     0.000000     0.000000     0.000000     0.000000    -0.000000     0.000000     0.000000    -0.000000    -0.000000    -0.000000    -0.000000
   -0.000000    -0.000000     0.000000     0.000000     0.000000    -0.000000     1.000000    -0.000000    -0.000000     0.000000    -0.000000     0.000000     0.000000     0.000000     0.000000     0.000000

   -0.001581     0.166500   -16.320000    -9.810000    -0.000000    -0.000000     0.000000     0.000000     0.000000    -0.000000     0.000000     0.000000    -0.000826     0.035160     0.000000     0.016300
   -0.081870    -0.628700    92.800000    -0.000000     0.000000     0.000000    -0.000000    -0.000000     0.000000    -0.000000     0.000000     0.000000     0.007259    -0.315000    -0.000000    -0.109300
    0.008781    -0.056680    -1.251000     0.000000    -0.003320    -0.144200     0.054140     0.000000    -0.000000     0.000000    -0.000000     0.000000    -0.000141    -0.020480     0.003354    -0.054340
   -0.000000    -0.000000     1.000000     0.000000     0.000000    -0.000000    -0.000000     0.000000    -0.000000     0.000000    -0.000000     0.000000     0.000000     0.000000     0.000000     0.000000
   -0.000000    -0.000000    -0.000000    -0.000000    -0.070470    16.110000   -95.750000     9.810000    -0.000000     0.000000    -0.000000    -0.000000     0.000000    -0.000000     0.002091    -0.000000
    0.001329    -0.008579    -0.189300    -0.000000    -0.228400    -9.334000     4.117000    -0.000000     0.000000    -0.000000     0.000000    -0.000000    -0.000021    -0.003099     0.219900    -0.008225
    0.000103    -0.000665    -0.014660    -0.000000     0.011210    -0.363000    -0.752400    -0.000000     0.000000    -0.000000     0.000000    -0.000000    -0.000002    -0.000240     0.004378    -0.000637
   -0.000000    -0.000000     0.000000     0.000000     0.000000     1.000000     0.000000     0.000000    -0.000000     0.000000    -0.000000     0.000000     0.000000     0.000000     0.000000     0.000000
    1.000000     0.000000    -0.000000    15.900000    -0.000000     0.000000     0.000000     0.000000     0.000000    -0.000000     0.000000     0.000000    -0.000000    -0.000000    -0.000000    -0.000000
    0.000000    -0.000000     0.000000    -0.000000     1.000000    -0.000000    -0.000000   -15.900000    -0.000000     0.000000    -0.000000   102.600000     0.000000     0.000000     0.000000     0.000000
   -0.000000     1.000000    -0.000000  -102.600000     0.000000     0.000000     0.000000     0.000000     0.000000    -0.000000     0.000000     0.000000    -0.000000    -0.000000    -0.000000    -0.000000
   -0.000000    -0.000000     0.000000     0.000000     0.000000    -0.000000     1.000000     0.000000    -0.000000     0.000000    -0.000000     0.000000     0.000000     0.000000     0.000000     0.000000

   -0.007013     0.269500   -21.590000    -9.810000    -0.000000     0.000000     0.000000     0.000000     0.000000    -0.000000     0.000000     0.000000    -0.000935     0.037830    -0.000000     0.016760
   -0.113200    -0.491800    56.780000    -0.000000     0.000000    -0.000000    -0.000000    -0.000000     0.000000    -0.000000     0.000000     0.000000     0.003630    -0.150900     0.000000    -0.056230
    0.012720    -0.039610    -0.868800     0.000000    -0.002749    -0.091090     0.050960     0.000000    -0.000000     0.000000    -0.000000     0.000000    -0.000043    -0.008272     0.001306    -0.023750
   -0.000000    -0.000000     1.000000     0.000000     0.000000    -0.000000    -0.000000     0.000000    -0.000000     0.000000    -0.000000     0.000000     0.000000     0.000000     0.000000     0.000000
   -0.000000    -0.000000     0.000000    -0.000000    -0.054400    21.470000   -58.910000     9.810000    -0.000000     0.000000    -0.000000    -0.000000    -0.000000    -0.000000    -0.000696    -0.000000
    0.001824    -0.005681    -0.124600    -0.000000    -0.224000    -7.012000     4.456000    -0.000000     0.000000    -0.000000     0.000000    -0.000000    -0.000006    -0.001187     0.103000    -0.003407
    0.000128    -0.000398    -0.008734    -0.000000     0.003824    -0.470100    -0.509900    -0.000000     0.000000    -0.000000     0.000000    -0.000000    -0.000000    -0.000083     0.003198    -0.000239
   -0.000000    -0.000000     0.000000    -0.000000     0.000000     1.000000     0.000000     0.000000    -0.000000     0.000000    -0.000000     0.000000     0.000000     0.000000     0.000000     0.000000
    1.000000     0.000000    -0.000000    20.810000    -0.000000     0.000000     0.000000     0.000000     0.000000    -0.000000     0.000000     0.000000    -0.000000    -0.000000    -0.000000    -0.000000
    0.000000    -0.000000     0.000000    -0.000000     1.000000    -0.000000    -0.000000   -20.810000    -0.000000     0.000000    -0.000000    64.800000     0.000000     0.000000     0.000000     0.000000
   -0.000000     1.000000    -0.000000   -64.800000     0.000000     0.000000     0.000000     0.000000     0.000000    -0.000000     0.000000     0.000000    -0.000000    -0.000000    -0.000000    -0.000000
   -0.000000    -0.000000     0.000000    -0.000000     0.000000    -0.000000     1.000000    -0.000000    -0.000000     0.000000    -0.000000     0.000000     0.000000     0.000000     0.000000     0.000000
