u  w  q  the  v  p  r  phi  x  y  z  psi  |  slat  flap  aileron  elevator
   -0.010020     0.273000   -29.150000    -9.810000    -0.000000     0.000000     0.000000     0.000000     0.000000    -0.000000     0.000000     0.000000    -0.000924     0.036690    -0.000000     0.015790
   -0.114400    -0.360900    56.120000    -0.000000     0.000000    -0.000000    -0.000000    -0.000000     0.000000    -0.000000     0.000000     0.000000     0.002556    -0.104300     0.000000    -0.040200
    0.016700    -0.036510    -0.808400     0.000000    -0.001766    -0.055480     0.029900     0.000000    -0.000000     0.000000    -0.000000     0.000000    -0.000051    -0.006723     0.000700    -0.021540
   -0.000000    -0.000000     1.000000    -0.000000     0.000000    -0.000000    -0.000000    -0.000000    -0.000000     0.000000    -0.000000    -0.000000     0.000000     0.000000     0.000000     0.000000
    0.000000    -0.000000     0.000000    -0.000000    -0.037390    29.090000   -57.520000     9.810000    -0.000000     0.000000    -0.000000    -0.000000     0.000000    -0.000000    -0.001410    -0.000000
    0.001412    -0.003086    -0.068330    -0.000000    -0.083530    -2.182000     1.736000    -0.000000     0.000000    -0.000000     0.000000    -0.000000    -0.000004    -0.000568     0.030370    -0.001820
    0.000264    -0.000577    -0.012790    -0.000000     0.002030    -0.470200    -0.423400    -0.000000     0.000000    -0.000000     0.000000    -0.000000    -0.000001    -0.000106     0.002521    -0.000341
   -0.000000    -0.000000     0.000000     0.000000     0.000000     1.000000     0.000000    -0.000000    -0.000000     0.000000    -0.000000    -0.000000     0.000000     0.000000     0.000000     0.000000
    1.000000     0.000000    -0.000000    28.310000    -0.000000     0.000000     0.000000     0.000000     0.000000    -0.000000     0.000000     0.000000    -0.000000    -0.000000    -0.000000    -0.000000
    0.000000    -0.000000     0.000000    -0.000000     1.000000    -0.000000    -0.000000   -28.310000    -0.000000     0.000000    -0.000000    61.890000     0.000000     0.000000     0.000000     0.000000
   -0.000000     1.000000    -0.000000   -61.890000     0.000000     0.000000     0.000000     0.000000     0.000000    -0.000000     0.000000     0.000000    -0.000000    -0.000000    -0.000000    -0.000000
   -0.000000    -0.000000     0.000000     0.000000     0.000000    -0.000000     1.000000    -0.000000    -0.000000     0.000000    -0.000000    -0.000000     0.000000     0.000000     0.000000     0.000000

   -0.002267     0.168500   -22.190000    -9.810000     0.000000    -0.000000    -0.000000     0.000000     0.000000    -0.000000     0.000000     0.000000    -0.000853     0.035970     0.000000     0.015800
   -0.080950    -0.473900    94.260000    -0.000000     0.000000     0.000000     0.000000    -0.000000     0.000000    -0.000000     0.000000     0.000000     0.005426    -0.233500    -0.000000    -0.082320
    0.011120    -0.051930    -1.173000     0.000000    -0.001880    -0.082540     0.025520     0.000000    -0.000000     0.000000    -0.000000     0.000000    -0.000169    -0.017650     0.001818    -0.051420
   -0.000000    -0.000000     1.000000     0.000000     0.000000    -0.000000    -0.000000    -0.000000    -0.000000     0.000000    -0.000000     0.000000     0.000000     0.000000     0.000000     0.000000
   -0.000000    -0.000000    -0.000000    -0.000000    -0.051700    22.060000   -96.340000     9.810000    -0.000000     0.000000    -0.000000    -0.000000    -0.000000    -0.000000     0.000698    -0.000000
    0.000956    -0.004465    -0.100900    -0.000000    -0.079480    -2.911000     1.488000    -0.000000     0.000000    -0.000000     0.000000    -0.000000    -0.000015    -0.001517     0.067640    -0.004421
    0.000201    -0.000939    -0.021220    -0.000000     0.008541    -0.324100    -0.610800    -0.000000     0.000000    -0.000000     0.000000    -0.000000    -0.000003    -0.000319     0.002869    -0.000930
   -0.000000    -0.000000     0.000000     0.000000     0.000000     1.000000     0.000000     0.000000    -0.000000     0.000000    -0.000000     0.000000     0.000000     0.000000     0.000000     0.000000
    1.000000     0.000000    -0.000000    21.730000    -0.000000     0.000000     0.000000     0.000000     0.000000    -0.000000     0.000000     0.000000    -0.000000    -0.000000    -0.000000    -0.000000
    0.000000    -0.000000     0.000000    -0.000000     1.000000    -0.000000    -0.000000   -21.730000    -0.000000     0.000000    -0.000000   101.500000     0.000000     0.000000     0.000000     0.000000
   -0.000000     1.000000    -0.000000  -101.500000     0.000000     0.000000     0.000000     0.000000     0.000000    -0.000000     0.000000     0.000000    -0.000000    -0.000000    -0.000000    -0.000000
   -0.000000    -0.000000     0.000000     0.000000     0.000000    -0.000000     1.000000     0.000000    -0.000000     0.000000    -0.000000     0.000000     0.000000     0.000000     0.000000     0.000000

   -0.000305     0.077730   -21.110000    -9.810000     0.000000     0.000000     0.000000     0.000000     0.000000    -0.000000     0.000000     0.000000    -0.000670     0.030380    -0.000000     0.014860
   -0.046160    -0.462000   199.900000    -0.000000    -0.000000     0.000000    -0.000000    -0.000000     0.000000    -0.000000     0.000000     0.000000     0.010550    -0.479500    -0.000000    -0.156800
    0.007156    -0.070590    -1.587000     0.000000    -0.001991    -0.116500     0.017970     0.000000    -0.000000     0.000000    -0.000000     0.000000    -0.000634    -0.053780     0.005382    -0.143200
   -0.000000    -0.000000     1.000000     0.000000     0.000000    -0.000000    -0.000000     0.000000    -0.000000     0.000000    -0.000000     0.000000     0.000000     0.000000     0.000000     0.000000
    0.000000    -0.000000    -0.000000    -0.000000    -0.048300    20.960000  -202.100000     9.810000    -0.000000     0.000000    -0.000000    -0.000000    -0.000000    -0.000000     0.004833    -0.000000
    0.000633    -0.006242    -0.140400    -0.000000    -0.062330    -2.843000     1.062000    -0.000000     0.000000    -0.000000     0.000000    -0.000000    -0.000056    -0.004755     0.135900    -0.012660
    0.000170    -0.001679    -0.037760    -0.000000     0.013470    -0.184200    -0.725500    -0.000000     0.000000    -0.000000     0.000000    -0.000000    -0.000015    -0.001279     0.002986    -0.003406
   -0.000000    -0.000000     0.000000     0.000000     0.000000     1.000000     0.000000     0.000000    -0.000000     0.000000    -0.000000     0.000000     0.000000     0.000000     0.000000     0.000000
    1.000000     0.000000    -0.000000    20.940000    -0.000000     0.000000     0.000000     0.000000     0.000000    -0.000000     0.000000     0.000000    -0.000000    -0.000000    -0.000000    -0.000000
    0.000000    -0.000000     0.000000    -0.000000     1.000000    -0.000000    -0.000000   -20.940000    -0.000000     0.000000    -0.000000   206.600000     0.000000     0.000000     0.000000     0.000000
   -0.000000     1.000000    -0.000000  -206.600000     0.000000     0.000000     0.000000     0.000000     0.000000    -0.000000     0.000000     0.000000    -0.000000    -0.000000    -0.000000    -0.000000
   -0.000000    -0.000000     0.000000     0.000000     0.000000    -0.000000     1.000000     0.000000    -0.000000     0.000000    -0.000000     0.000000     0.000000     0.000000     0.000000     0.000000

   -0.000109     0.074680   -14.790000    -9.810000     0.000000     0.000000     0.000000     0.000000     0.000000    -0.000000     0.000000     0.000000    -0.000595     0.027170    -0.000000     0.014120
   -0.048970    -0.613900   198.300000    -0.000000    -0.000000     0.000000    -0.000000    -0.000000     0.000000    -0.000000     0.000000     0.000000     0.014040    -0.640800    -0.000000    -0.207700
    0.004930    -0.069780    -1.577000     0.000000    -0.001805    -0.114900     0.013780     0.000000    -0.000000     0.000000    -0.000000     0.000000    -0.000637    -0.053960     0.005395    -0.142300
   -0.000000    -0.000000     1.000000     0.000000     0.000000    -0.000000    -0.000000     0.000000    -0.000000     0.000000    -0.000000     0.000000     0.000000     0.000000     0.000000     0.000000
    0.000000    -0.000000    -0.000000    -0.000000    -0.065090    14.540000  -201.200000     9.810000    -0.000000     0.000000    -0.000000    -0.000000     0.000000    -0.000000     0.007533    -0.000000
    0.000436    -0.006170    -0.139500    -0.000000    -0.058340    -2.853000     0.955700    -0.000000     0.000000    -0.000000     0.000000    -0.000000    -0.000056    -0.004771     0.137000    -0.012590
    0.000117    -0.001660    -0.037530    -0.000000     0.014430    -0.122900    -0.727000    -0.000000     0.000000    -0.000000     0.000000    -0.000000    -0.000015    -0.001284     0.002069    -0.003386
   -0.000000    -0.000000     0.000000     0.000000     0.000000     1.000000     0.000000     0.000000    -0.000000     0.000000    -0.000000     0.000000     0.000000     0.000000     0.000000     0.000000
    1.000000     0.000000    -0.000000    14.630000    -0.000000     0.000000     0.000000     0.000000     0.000000    -0.000000     0.000000     0.000000    -0.000000    -0.000000    -0.000000    -0.000000
    0.000000    -0.000000     0.000000    -0.000000     1.000000    -0.000000    -0.000000   -14.630000    -0.000000     0.000000    -0.000000   207.100000     0.000000     0.000000     0.000000     0.000000
   -0.000000     1.000000    -0.000000  -207.100000     0.000000     0.000000     0.000000     0.000000     0.000000    -0.000000     0.000000     0.000000    -0.000000    -0.000000    -0.000000    -0.000000
   -0.000000    -0.000000     0.000000     0.000000     0.000000    -0.000000     1.000000     0.000000    -0.000000     0.000000    -0.000000     0.000000     0.000000     0.000000     0.000000     0.000000

   -0.001279     0.164800   -16.130000    -9.810000    -0.000000    -0.000000    -0.000000     0.000000     0.000000    -0.000000     0.000000     0.000000    -0.000814     0.034670     0.000000     0.015450
   -0.083080    -0.629000    92.960000    -0.000000     0.000000     0.000000     0.000000    -0.000000     0.000000    -0.000000     0.000000     0.000000     0.007263    -0.315200    -0.000000    -0.109300
    0.007811    -0.051090    -1.166000     0.000000    -0.001657    -0.081480     0.020230     0.000000    -0.000000     0.000000    -0.000000     0.000000    -0.000174    -0.017960     0.001851    -0.051510
   -0.000000    -0.000000     1.000000     0.000000     0.000000    -0.000000    -0.000000     0.000000    -0.000000     0.000000    -0.000000     0.000000     0.000000     0.000000     0.000000     0.000000
   -0.000000    -0.000000    -0.000000    -0.000000    -0.070630    15.900000   -95.800000     9.810000    -0.000000     0.000000    -0.000000    -0.000000     0.000000    -0.000000     0.002126     0.000000
    0.000672    -0.004393    -0.100300    -0.000000    -0.072210    -2.948000     1.290000    -0.000000     0.000000    -0.000000     0.000000    -0.000000    -0.000015    -0.001544     0.069510    -0.004428
    0.000141    -0.000924    -0.021100    -0.000000     0.010130    -0.230000    -0.617900    -0.000000     0.000000    -0.000000     0.000000    -0.000000    -0.000003    -0.000325     0.002150    -0.000932
   -0.000000    -0.000000     0.000000     0.000000     0.000000     1.000000     0.000000     0.000000    -0.000000     0.000000    -0.000000     0.000000     0.000000     0.000000     0.000000     0.000000
    1.000000     0.000000    -0.000000    15.690000    -0.000000     0.000000     0.000000     0.000000     0.000000    -0.000000     0.000000     0.000000    -0.000000    -0.000000    -0.000000    -0.000000
    0.000000    -0.000000     0.000000    -0.000000     1.000000    -0.000000    -0.000000   -15.690000    -0.000000     0.000000    -0.000000   102.700000     0.000000     0.000000     0.000000     0.000000
   -0.000000     1.000000    -0.000000  -102.700000     0.000000     0.000000     0.000000     0.000000     0.000000    -0.000000     0.000000     0.000000    -0.000000    -0.000000    -0.000000    -0.000000
   -0.000000    -0.000000     0.000000     0.000000     0.000000    -0.000000     1.000000     0.000000    -0.000000     0.000000    -0.000000     0.000000     0.000000     0.000000     0.000000     0.000000

   -0.006081     0.266700   -21.370000    -9.810000    -0.000000     0.000000     0.000000     0.000000     0.000000    -0.000000     0.000000     0.000000    -0.000923     0.037380    -0.000000     0.016010
   -0.114900    -0.492500    56.960000    -0.000000     0.000000    -0.000000    -0.000000    -0.000000     0.000000    -0.000000     0.000000     0.000000     0.003639    -0.151300     0.000000    -0.056290
    0.011450    -0.036150    -0.816400     0.000000    -0.001505    -0.055640     0.023340     0.000000    -0.000000     0.000000    -0.000000     0.000000    -0.000058    -0.007322     0.000765    -0.022690
   -0.000000    -0.000000     1.000000     0.000000     0.000000    -0.000000    -0.000000     0.000000    -0.000000     0.000000    -0.000000     0.000000     0.000000     0.000000     0.000000     0.000000
   -0.000000    -0.000000     0.000000    -0.000000    -0.054670    21.200000   -59.000000     9.810000    -0.000000     0.000000    -0.000000    -0.000000    -0.000000    -0.000000    -0.000660    -0.000000
    0.000968    -0.003056    -0.069000    -0.000000    -0.073430    -2.298000     1.448000    -0.000000     0.000000    -0.000000     0.000000    -0.000000    -0.000005    -0.000619     0.033820    -0.001918
    0.000181    -0.000572    -0.012910    -0.000000     0.004454    -0.338500    -0.443100    -0.000000     0.000000    -0.000000     0.000000    -0.000000    -0.000001    -0.000116     0.001976    -0.000359
   -0.000000    -0.000000     0.000000    -0.000000     0.000000     1.000000     0.000000     0.000000    -0.000000     0.000000    -0.000000     0.000000     0.000000     0.000000     0.000000     0.000000
    1.000000     0.000000    -0.000000    20.550000    -0.000000     0.000000     0.000000     0.000000     0.000000    -0.000000     0.000000     0.000000    -0.000000    -0.000000    -0.000000    -0.000000
    0.000000    -0.000000     0.000000    -0.000000     1.000000    -0.000000    -0.000000   -20.550000    -0.000000     0.000000    -0.000000    64.880000     0.000000     0.000000     0.000000     0.000000
   -0.000000     1.000000    -0.000000   -64.880000     0.000000     0.000000     0.000000     0.000000     0.000000    -0.000000     0.000000     0.000000    -0.000000    -0.000000    -0.000000    -0.000000
   -0.000000    -0.000000     0.000000     0.000000     0.000000    -0.000000     1.000000    -0.000000    -0.000000     0.000000    -0.000000     0.000000     0.000000     0.000000     0.000000     0.000000
