u  w  q  the  v  p  r  phi  x  y  z  psi  |  slat  flap  aileron  elevator
   -0.014650     0.282200   -30.160000    -9.810000    -0.000000     0.000000     0.000000     0.000000     0.000000    -0.000000     0.000000     0.000000    -0.000957     0.037870    -0.000000     0.017960
   -0.108700    -0.357300    55.400000    -0.000000     0.000000    -0.000000    -0.000000    -0.000000     0.000000    -0.000000     0.000000     0.000000     0.002515    -0.102400     0.000000    -0.039770
    0.021240    -0.044260    -0.913200     0.000000    -0.001510    -0.037600     0.033450     0.000000    -0.000000     0.000000    -0.000000     0.000000    -0.000003    -0.008876     0.000530    -0.022950
   -0.000000    -0.000000     1.000000    -0.000000     0.000000    -0.000000    -0.000000    -0.000000    -0.000000     0.000000    -0.000000    -0.000000     0.000000     0.000000     0.000000     0.000000
   -0.000000    -0.000000    -0.000000    -0.000000    -0.036450    30.260000   -56.990000     9.810000    -0.000000     0.000000    -0.000000    -0.000000     0.000000    -0.000000    -0.001517    -0.000000
    0.001435    -0.002990    -0.061700    -0.000000    -0.903800   -23.440000    19.360000    -0.000000     0.000000    -0.000000     0.000000    -0.000000    -0.000000    -0.000600     0.322700    -0.001551
   -0.000031     0.000065     0.001337    -0.000000    -0.006977    -0.899200    -0.359800    -0.000000     0.000000    -0.000000     0.000000    -0.000000     0.000000     0.000013     0.006892     0.000034
   -0.000000    -0.000000     0.000000     0.000000     0.000000     1.000000     0.000000    -0.000000    -0.000000     0.000000    -0.000000    -0.000000     0.000000     0.000000     0.000000     0.000000
    1.000000     0.000000    -0.000000    29.450000    -0.000000     0.000000     0.000000     0.000000     0.000000    -0.000000     0.000000     0.000000    -0.000000    -0.000000    -0.000000    -0.000000
    0.000000    -0.000000     0.000000    -0.000000     1.000000    -0.000000    -0.000000   -29.450000    -0.000000     0.000000    -0.000000    61.360000     0.000000     0.000000     0.000000     0.000000
   -0.000000     1.000000    -0.000000   -61.360000     0.000000     0.000000     0.000000     0.000000     0.000000    -0.000000     0.000000     0.000000    -0.000000    -0.000000    -0.000000    -0.000000
   -0.000000    -0.000000     0.000000     0.000000     0.000000    -0.000000     1.000000    -0.000000    -0.000000     0.000000    -0.000000    -0.000000     0.000000     0.000000     0.000000     0.000000

   -0.003712     0.174200   -23.000000    -9.810000    -0.000000    -0.000000     0.000000     0.000000     0.000000    -0.000000     0.000000     0.000000    -0.000890     0.037480     0.000000     0.018430
   -0.077040    -0.472700    93.770000    -0.000000     0.000000     0.000000     0.000000    -0.000000     0.000000    -0.000000     0.000000     0.000000     0.005407    -0.232500    -0.000000    -0.082280
    0.014470    -0.064860    -1.340000     0.000000    -0.002124    -0.075340     0.042700     0.000000    -0.000000     0.000000    -0.000000     0.000000    -0.000049    -0.023810     0.001763    -0.055630
   -0.000000    -0.000000     1.000000     0.000000     0.000000    -0.000000    -0.000000     0.000000    -0.000000     0.000000    -0.000000     0.000000     0.000000     0.000000     0.000000     0.000000
   -0.000000    -0.000000    -0.000000    -0.000000    -0.051150    22.970000   -96.120000     9.810000    -0.000000     0.000000    -0.000000    -0.000000     0.000000     0.000000     0.000585    -0.000000
    0.001202    -0.005385    -0.111200    -0.000000    -1.038000   -37.990000    20.060000    -0.000000     0.000000    -0.000000     0.000000    -0.000000    -0.000004    -0.001977     0.880000    -0.004619
   -0.000025     0.000114     0.002346    -0.000000     0.000856    -0.881900    -0.640800    -0.000000     0.000000    -0.000000     0.000000    -0.000000     0.000000     0.000042     0.013730     0.000097
   -0.000000    -0.000000     0.000000     0.000000     0.000000     1.000000     0.000000     0.000000    -0.000000     0.000000    -0.000000     0.000000     0.000000     0.000000     0.000000     0.000000
    1.000000     0.000000    -0.000000    22.620000    -0.000000     0.000000     0.000000     0.000000     0.000000    -0.000000     0.000000     0.000000    -0.000000    -0.000000    -0.000000    -0.000000
    0.000000    -0.000000     0.000000    -0.000000     1.000000    -0.000000    -0.000000   -22.620000    -0.000000     0.000000    -0.000000   101.400000     0.000000     0.000000     0.000000     0.000000
   -0.000000     1.000000    -0.000000  -101.400000     0.000000     0.000000     0.000000     0.000000     0.000000    -0.000000     0.000000     0.000000    -0.000000    -0.000000    -0.000000    -0.000000
   -0.000000    -0.000000     0.000000     0.000000     0.000000    -0.000000     1.000000     0.000000    -0.000000     0.000000    -0.000000     0.000000     0.000000     0.000000     0.000000     0.000000

   -0.000668     0.080530   -21.990000    -9.810000    -0.000000    -0.000000     0.000000     0.000000     0.000000    -0.000000     0.000000     0.000000    -0.000705     0.031930    -0.000000     0.017810
   -0.044150    -0.461600   199.500000    -0.000000    -0.000000     0.000000     0.000000    -0.000000     0.000000    -0.000000     0.000000     0.000000     0.010550    -0.479000    -0.000000    -0.156900
    0.009638    -0.091030    -1.853000     0.000000    -0.003982    -0.176700     0.073270     0.000000    -0.000000     0.000000    -0.000000     0.000000    -0.000303    -0.074020     0.008473    -0.158100
   -0.000000    -0.000000     1.000000     0.000000     0.000000    -0.000000    -0.000000    -0.000000    -0.000000     0.000000    -0.000000     0.000000     0.000000     0.000000     0.000000     0.000000
    0.000000    -0.000000    -0.000000    -0.000000    -0.048030    21.880000  -201.900000     9.810000    -0.000000     0.000000    -0.000000    -0.000000    -0.000000    -0.000000     0.004733    -0.000000
    0.001280    -0.012090    -0.246100    -0.000000    -1.262000   -57.640000    22.230000    -0.000000     0.000000    -0.000000     0.000000    -0.000000    -0.000040    -0.009830     2.752000    -0.020990
   -0.000025     0.000234     0.004766    -0.000000     0.007778    -0.943300    -0.911600    -0.000000     0.000000    -0.000000     0.000000    -0.000000     0.000001     0.000190     0.035570     0.000407
   -0.000000    -0.000000     0.000000     0.000000     0.000000     1.000000     0.000000     0.000000    -0.000000     0.000000    -0.000000     0.000000     0.000000     0.000000     0.000000     0.000000
    1.000000     0.000000    -0.000000    21.860000    -0.000000     0.000000     0.000000     0.000000     0.000000    -0.000000     0.000000     0.000000    -0.000000    -0.000000    -0.000000    -0.000000
    0.000000    -0.000000     0.000000    -0.000000     1.000000    -0.000000    -0.000000   -21.860000    -0.000000     0.000000    -0.000000   206.500000     0.000000     0.000000     0.000000     0.000000
   -0.000000     1.000000    -0.000000  -206.500000     0.000000     0.000000     0.000000     0.000000     0.000000    -0.000000     0.000000     0.000000    -0.000000    -0.000000    -0.000000    -0.000000
   -0.000000    -0.000000     0.000000     0.000000     0.000000    -0.000000     1.000000     0.000000    -0.000000     0.000000    -0.000000     0.000000     0.000000     0.000000     0.000000     0.000000

   -0.000364     0.077480   -15.440000    -9.810000     0.000000     0.000000     0.000000     0.000000     0.000000    -0.000000     0.000000     0.000000    -0.000630     0.028740    -0.000000     0.017120
   -0.046970    -0.613500   197.800000    -0.000000    -0.000000     0.000000     0.000000    -0.000000     0.000000    -0.000000     0.000000     0.000000     0.014040    -0.640400    -0.000000    -0.207900
    0.006677    -0.090260    -1.841000     0.000000    -0.003737    -0.177700     0.066420     0.000000    -0.000000     0.000000    -0.000000     0.000000    -0.000305    -0.074350     0.008551    -0.157100
   -0.000000    -0.000000     1.000000     0.000000     0.000000    -0.000000    -0.000000    -0.000000    -0.000000     0.000000    -0.000000     0.000000     0.000000     0.000000     0.000000     0.000000
   -0.000000    -0.000000    -0.000000    -0.000000    -0.064830    15.240000  -201.100000     9.810000    -0.000000     0.000000    -0.000000    -0.000000    -0.000000    -0.000000     0.007435    -0.000000
    0.000887    -0.011990    -0.244500    -0.000000    -1.180000   -57.840000    20.000000    -0.000000     0.000000    -0.000000     0.000000    -0.000000    -0.000041    -0.009874     2.775000    -0.020870
   -0.000017     0.000232     0.004735    -0.000000     0.010270    -0.845900    -0.939600    -0.000000     0.000000    -0.000000     0.000000    -0.000000     0.000001     0.000191     0.034360     0.000404
   -0.000000    -0.000000     0.000000     0.000000     0.000000     1.000000     0.000000     0.000000    -0.000000     0.000000    -0.000000     0.000000     0.000000     0.000000     0.000000     0.000000
    1.000000     0.000000    -0.000000    15.320000    -0.000000     0.000000     0.000000     0.000000     0.000000    -0.000000     0.000000     0.000000    -0.000000    -0.000000    -0.000000    -0.000000
    0.000000    -0.000000     0.000000    -0.000000     1.000000    -0.000000    -0.000000   -15.320000    -0.000000     0.000000    -0.000000   207.100000     0.000000     0.000000     0.000000     0.000000
   -0.000000     1.000000    -0.000000  -207.100000     0.000000     0.000000     0.000000     0.000000     0.000000    -0.000000     0.000000     0.000000    -0.000000    -0.000000    -0.000000    -0.000000
   -0.000000    -0.000000     0.000000     0.000000     0.000000    -0.000000     1.000000     0.000000    -0.000000     0.000000    -0.000000     0.000000     0.000000     0.000000     0.000000     0.000000

   -0.002314     0.170400   -16.720000    -9.810000     0.000000     0.000000     0.000000     0.000000     0.000000    -0.000000     0.000000     0.000000    -0.000852     0.036240     0.000000     0.018160
   -0.079200    -0.628000    92.450000    -0.000000     0.000000     0.000000     0.000000    -0.000000     0.000000    -0.000000     0.000000     0.000000     0.007250    -0.314500    -0.000000    -0.109400
    0.010230    -0.064190    -1.332000     0.000000    -0.001938    -0.076720     0.037360     0.000000    -0.000000     0.000000    -0.000000     0.000000    -0.000052    -0.024320     0.001818    -0.055740
   -0.000000    -0.000000     1.000000     0.000000     0.000000    -0.000000    -0.000000     0.000000    -0.000000     0.000000    -0.000000     0.000000     0.000000     0.000000     0.000000     0.000000
   -0.000000    -0.000000    -0.000000    -0.000000    -0.070110    16.580000   -95.650000     9.810000    -0.000000     0.000000    -0.000000    -0.000000    -0.000000    -0.000000     0.002014     0.000000
    0.000850    -0.005330    -0.110600    -0.000000    -0.942400   -38.490000    17.400000    -0.000000     0.000000    -0.000000     0.000000    -0.000000    -0.000004    -0.002019     0.906100    -0.004628
   -0.000018     0.000112     0.002332    -0.000000     0.004209    -0.752400    -0.680800    -0.000000     0.000000    -0.000000     0.000000    -0.000000     0.000000     0.000043     0.013000     0.000098
   -0.000000    -0.000000     0.000000    -0.000000     0.000000     1.000000     0.000000     0.000000    -0.000000     0.000000    -0.000000     0.000000     0.000000     0.000000     0.000000     0.000000
    1.000000     0.000000    -0.000000    16.350000    -0.000000     0.000000     0.000000     0.000000     0.000000    -0.000000     0.000000     0.000000    -0.000000    -0.000000    -0.000000    -0.000000
    0.000000    -0.000000     0.000000    -0.000000     1.000000    -0.000000    -0.000000   -16.350000    -0.000000     0.000000    -0.000000   102.600000     0.000000     0.000000     0.000000     0.000000
   -0.000000     1.000000    -0.000000  -102.600000     0.000000     0.000000     0.000000     0.000000     0.000000    -0.000000     0.000000     0.000000    -0.000000    -0.000000    -0.000000    -0.000000
   -0.000000    -0.000000     0.000000     0.000000     0.000000    -0.000000     1.000000     0.000000    -0.000000     0.000000    -0.000000     0.000000     0.000000     0.000000     0.000000     0.000000

   -0.009257     0.275600   -22.080000    -9.810000     0.000000     0.000000     0.000000     0.000000     0.000000    -0.000000     0.000000     0.000000    -0.000960     0.038800    -0.000000     0.018390
   -0.109200    -0.490000    56.400000    -0.000000     0.000000     0.000000    -0.000000    -0.000000     0.000000    -0.000000     0.000000     0.000000     0.003611    -0.149900     0.000000    -0.056080
    0.014690    -0.044400    -0.924100     0.000000    -0.001335    -0.040230     0.028180     0.000000    -0.000000     0.000000    -0.000000     0.000000    -0.000006    -0.009785     0.000598    -0.024320
   -0.000000    -0.000000     1.000000     0.000000     0.000000    -0.000000    -0.000000     0.000000    -0.000000     0.000000    -0.000000     0.000000     0.000000     0.000000     0.000000     0.000000
   -0.000000    -0.000000     0.000000    -0.000000    -0.053820    22.060000   -58.720000     9.810000    -0.000000     0.000000    -0.000000    -0.000000    -0.000000    -0.000000    -0.000775    -0.000000
    0.000992    -0.003000    -0.062440    -0.000000    -0.794300   -24.790000    16.160000    -0.000000     0.000000    -0.000000     0.000000    -0.000000    -0.000000    -0.000661     0.362800    -0.001644
   -0.000022     0.000065     0.001353    -0.000000    -0.002473    -0.732700    -0.421300    -0.000000     0.000000    -0.000000     0.000000    -0.000000     0.000000     0.000014     0.006601     0.000036
   -0.000000    -0.000000     0.000000     0.000000     0.000000     1.000000     0.000000     0.000000    -0.000000     0.000000    -0.000000     0.000000     0.000000     0.000000     0.000000     0.000000
    1.000000     0.000000    -0.000000    21.370000    -0.000000     0.000000     0.000000     0.000000     0.000000    -0.000000     0.000000     0.000000    -0.000000    -0.000000    -0.000000    -0.000000
    0.000000    -0.000000     0.000000    -0.000000     1.000000    -0.000000    -0.000000   -21.370000    -0.000000     0.000000    -0.000000    64.620000     0.000000     0.000000     0.000000     0.000000
   -0.000000     1.000000    -0.000000   -64.620000     0.000000     0.000000     0.000000     0.000000     0.000000    -0.000000     0.000000     0.000000    -0.000000    -0.000000    -0.000000    -0.000000
   -0.000000    -0.000000     0.000000     0.000000     0.000000    -0.000000     1.000000    -0.000000    -0.000000     0.000000    -0.000000     0.000000     0.000000     0.000000     0.000000     0.000000
