u  w  q  the  v  p  r  phi  x  y  z  psi  |  slat  flap  aileron  elevator
   -0.012210     0.277500   -29.650000    -9.810000    -0.000000     0.000000     0.000000     0.000000     0.000000    -0.000000     0.000000     0.000000    -0.000940     0.037280    -0.000000     0.016870
   -0.111600    -0.359100    55.770000    -0.000000     0.000000    -0.000000     0.000000    -0.000000     0.000000    -0.000000     0.000000     0.000000     0.002536    -0.103300     0.000000    -0.039990
    0.019440    -0.041500    -0.883900     0.000000    -0.001024    -0.024730     0.022970     0.000000    -0.000000     0.000000    -0.000000     0.000000    -0.000028    -0.008012     0.000357    -0.022890
   -0.000000    -0.000000     1.000000     0.000000     0.000000    -0.000000    -0.000000     0.000000    -0.000000     0.000000    -0.000000     0.000000     0.000000     0.000000     0.000000     0.000000
   -0.000000     0.000000     0.000000    -0.000000    -0.036930    29.670000   -57.260000     9.810000    -0.000000     0.000000    -0.000000    -0.000000     0.000000    -0.000000    -0.001463    -0.000000
    0.000875    -0.001869    -0.039810    -0.000000    -0.915500   -23.870000    19.290000    -0.000000     0.000000    -0.000000     0.000000    -0.000000    -0.000001    -0.000361     0.330200    -0.001031
   -0.000046     0.000098     0.002083    -0.000000    -0.007362    -0.897900    -0.352200    -0.000000     0.000000    -0.000000     0.000000    -0.000000     0.000000     0.000019     0.007017     0.000054
   -0.000000    -0.000000     0.000000     0.000000     0.000000     1.000000     0.000000     0.000000    -0.000000     0.000000    -0.000000     0.000000     0.000000     0.000000     0.000000     0.000000
    1.000000     0.000000    -0.000000    28.870000    -0.000000     0.000000     0.000000     0.000000     0.000000    -0.000000     0.000000     0.000000    -0.000000    -0.000000    -0.000000    -0.000000
    0.000000    -0.000000     0.000000    -0.000000     1.000000    -0.000000    -0.000000   -28.870000    -0.000000     0.000000    -0.000000    61.630000     0.000000     0.000000     0.000000     0.000000
   -0.000000     1.000000    -0.000000   -61.630000     0.000000     0.000000     0.000000     0.000000     0.000000    -0.000000     0.000000     0.000000    -0.000000    -0.000000    -0.000000    -0.000000
   -0.000000    -0.000000     0.000000     0.000000     0.000000    -0.000000     1.000000     0.000000    -0.000000     0.000000    -0.000000     0.000000     0.000000     0.000000     0.000000     0.000000

   -0.002950     0.171300   -22.590000    -9.810000     0.000000    -0.000000     0.000000     0.000000     0.000000    -0.000000     0.000000     0.000000    -0.000871     0.036720     0.000000     0.017100
   -0.079010    -0.473300    94.020000    -0.000000     0.000000     0.000000    -0.000000    -0.000000     0.000000    -0.000000     0.000000     0.000000     0.005416    -0.233000    -0.000000    -0.082300
    0.013180    -0.060300    -1.297000     0.000000    -0.001461    -0.050550     0.029860     0.000000    -0.000000     0.000000    -0.000000     0.000000    -0.000115    -0.021390     0.001195    -0.055390
   -0.000000    -0.000000     1.000000    -0.000000     0.000000    -0.000000    -0.000000    -0.000000    -0.000000     0.000000    -0.000000    -0.000000     0.000000     0.000000     0.000000     0.000000
   -0.000000    -0.000000     0.000000    -0.000000    -0.051420    22.510000   -96.240000     9.810000    -0.000000     0.000000    -0.000000    -0.000000    -0.000000    -0.000000     0.000642    -0.000000
    0.000732    -0.003348    -0.072020    -0.000000    -1.054000   -38.650000    20.010000    -0.000000     0.000000    -0.000000     0.000000    -0.000000    -0.000006    -0.001187     0.896300    -0.003075
   -0.000037     0.000171     0.003683    -0.000000     0.000251    -0.892400    -0.631800    -0.000000     0.000000    -0.000000     0.000000    -0.000000     0.000000     0.000061     0.014100     0.000157
   -0.000000    -0.000000     0.000000     0.000000     0.000000     1.000000     0.000000    -0.000000    -0.000000     0.000000    -0.000000    -0.000000     0.000000     0.000000     0.000000     0.000000
    1.000000     0.000000    -0.000000    22.170000    -0.000000     0.000000     0.000000     0.000000     0.000000    -0.000000     0.000000     0.000000    -0.000000    -0.000000    -0.000000    -0.000000
    0.000000    -0.000000     0.000000    -0.000000     1.000000    -0.000000    -0.000000   -22.170000    -0.000000     0.000000    -0.000000   101.500000     0.000000     0.000000     0.000000     0.000000
   -0.000000     1.000000    -0.000000  -101.500000     0.000000     0.000000     0.000000     0.000000     0.000000    -0.000000     0.000000     0.000000    -0.000000    -0.000000    -0.000000    -0.000000
   -0.000000    -0.000000     0.000000     0.000000     0.000000    -0.000000     1.000000    -0.000000    -0.000000     0.000000    -0.000000    -0.000000     0.000000     0.000000     0.000000     0.000000

   -0.000475     0.079110   -21.550000    -9.810000     0.000000     0.000000    -0.000000     0.000000     0.000000    -0.000000     0.000000     0.000000    -0.000688     0.031150    -0.000000     0.016320
   -0.045160    -0.461800   199.700000    -0.000000    -0.000000     0.000000     0.000000    -0.000000     0.000000    -0.000000     0.000000     0.000000     0.010550    -0.479300    -0.000000    -0.156800
    0.008792    -0.084860    -1.807000     0.000000    -0.002803    -0.121500     0.052520     0.000000    -0.000000     0.000000    -0.000000     0.000000    -0.000501    -0.067020     0.005850    -0.158600
   -0.000000    -0.000000     1.000000     0.000000     0.000000    -0.000000    -0.000000     0.000000    -0.000000     0.000000    -0.000000     0.000000     0.000000     0.000000     0.000000     0.000000
    0.000000    -0.000000    -0.000000    -0.000000    -0.048170    21.420000  -202.000000     9.810000    -0.000000     0.000000    -0.000000    -0.000000     0.000000    -0.000000     0.004783    -0.000000
    0.000788    -0.007608    -0.162000    -0.000000    -1.294000   -59.160000    22.350000    -0.000000     0.000000    -0.000000     0.000000    -0.000000    -0.000045    -0.006008     2.825000    -0.014220
   -0.000037     0.000362     0.007706    -0.000000     0.006864    -0.979200    -0.905200    -0.000000     0.000000    -0.000000     0.000000    -0.000000     0.000002     0.000286     0.037360     0.000677
   -0.000000    -0.000000     0.000000     0.000000     0.000000     1.000000     0.000000     0.000000    -0.000000     0.000000    -0.000000     0.000000     0.000000     0.000000     0.000000     0.000000
    1.000000     0.000000    -0.000000    21.390000    -0.000000     0.000000     0.000000     0.000000     0.000000    -0.000000     0.000000     0.000000    -0.000000    -0.000000    -0.000000    -0.000000
    0.000000    -0.000000     0.000000    -0.000000     1.000000    -0.000000    -0.000000   -21.390000    -0.000000     0.000000    -0.000000   206.500000     0.000000     0.000000     0.000000     0.000000
   -0.000000     1.000000    -0.000000  -206.500000     0.000000     0.000000     0.000000     0.000000     0.000000    -0.000000     0.000000     0.000000    -0.000000    -0.000000    -0.000000    -0.000000
   -0.000000    -0.000000     0.000000     0.000000     0.000000    -0.000000     1.000000     0.000000    -0.000000     0.000000    -0.000000     0.000000     0.000000     0.000000     0.000000     0.000000

   -0.000228     0.076070   -15.110000    -9.810000     0.000000     0.000000     0.000000     0.000000     0.000000    -0.000000     0.000000     0.000000    -0.000612     0.027950    -0.000000     0.015610
   -0.047980    -0.613700   198.000000    -0.000000    -0.000000     0.000000     0.000000    -0.000000     0.000000    -0.000000     0.000000     0.000000     0.014040    -0.640600    -0.000000    -0.207800
    0.006074    -0.084030    -1.796000     0.000000    -0.002638    -0.122400     0.047860     0.000000    -0.000000     0.000000    -0.000000     0.000000    -0.000504    -0.067280     0.005906    -0.157700
   -0.000000    -0.000000     1.000000     0.000000     0.000000    -0.000000    -0.000000    -0.000000    -0.000000     0.000000    -0.000000     0.000000     0.000000     0.000000     0.000000     0.000000
    0.000000    -0.000000    -0.000000    -0.000000    -0.064960    14.890000  -201.100000     9.810000    -0.000000     0.000000    -0.000000    -0.000000     0.000000    -0.000000     0.007484    -0.000000
    0.000545    -0.007533    -0.161000    -0.000000    -1.210000   -59.360000    20.100000    -0.000000     0.000000    -0.000000     0.000000    -0.000000    -0.000045    -0.006032     2.848000    -0.014140
   -0.000026     0.000358     0.007657    -0.000000     0.009383    -0.882400    -0.933800    -0.000000     0.000000    -0.000000     0.000000    -0.000000     0.000002     0.000287     0.036160     0.000673
   -0.000000    -0.000000     0.000000     0.000000     0.000000     1.000000     0.000000     0.000000    -0.000000     0.000000    -0.000000     0.000000     0.000000     0.000000     0.000000     0.000000
    1.000000     0.000000    -0.000000    14.970000    -0.000000     0.000000     0.000000     0.000000     0.000000    -0.000000     0.000000     0.000000    -0.000000    -0.000000    -0.000000    -0.000000
    0.000000    -0.000000     0.000000    -0.000000     1.000000    -0.000000    -0.000000   -14.970000    -0.000000     0.000000    -0.000000   207.100000     0.000000     0.000000     0.000000     0.000000
   -0.000000     1.000000    -0.000000  -207.100000     0.000000     0.000000     0.000000     0.000000     0.000000    -0.000000     0.000000     0.000000    -0.000000    -0.000000    -0.000000    -0.000000
   -0.000000    -0.000000     0.000000     0.000000     0.000000    -0.000000     1.000000     0.000000    -0.000000     0.000000    -0.000000     0.000000     0.000000     0.000000     0.000000     0.000000

   -0.001767     0.167500   -16.420000    -9.810000    -0.000000    -0.000000     0.000000     0.000000     0.000000    -0.000000     0.000000     0.000000    -0.000833     0.035440     0.000000     0.016800
   -0.081160    -0.628500    92.710000    -0.000000    -0.000000     0.000000     0.000000    -0.000000     0.000000    -0.000000     0.000000     0.000000     0.007257    -0.314900    -0.000000    -0.109300
    0.009292    -0.059520    -1.290000     0.000000    -0.001338    -0.051670     0.026300     0.000000    -0.000000     0.000000    -0.000000     0.000000    -0.000119    -0.021810     0.001232    -0.055490
   -0.000000    -0.000000     1.000000     0.000000     0.000000    -0.000000    -0.000000    -0.000000    -0.000000     0.000000    -0.000000     0.000000     0.000000     0.000000     0.000000     0.000000
   -0.000000    -0.000000    -0.000000    -0.000000    -0.070370    16.240000   -95.730000     9.810000    -0.000000     0.000000    -0.000000    -0.000000    -0.000000     0.000000     0.002071    -0.000000
    0.000516    -0.003304    -0.071590    -0.000000    -0.957200   -39.140000    17.350000    -0.000000     0.000000    -0.000000     0.000000    -0.000000    -0.000007    -0.001210     0.921900    -0.003080
   -0.000026     0.000169     0.003661    -0.000000     0.003602    -0.764800    -0.672100    -0.000000     0.000000    -0.000000     0.000000    -0.000000     0.000000     0.000062     0.013380     0.000158
   -0.000000    -0.000000     0.000000     0.000000     0.000000     1.000000     0.000000     0.000000    -0.000000     0.000000    -0.000000     0.000000     0.000000     0.000000     0.000000     0.000000
    1.000000     0.000000    -0.000000    16.020000    -0.000000     0.000000     0.000000     0.000000     0.000000    -0.000000     0.000000     0.000000    -0.000000    -0.000000    -0.000000    -0.000000
    0.000000    -0.000000     0.000000    -0.000000     1.000000    -0.000000    -0.000000   -16.020000    -0.000000     0.000000    -0.000000   102.600000     0.000000     0.000000     0.000000     0.000000
   -0.000000     1.000000    -0.000000  -102.600000     0.000000     0.000000     0.000000     0.000000     0.000000    -0.000000     0.000000     0.000000    -0.000000    -0.000000    -0.000000    -0.000000
   -0.000000    -0.000000     0.000000     0.000000     0.000000    -0.000000     1.000000     0.000000    -0.000000     0.000000    -0.000000     0.000000     0.000000     0.000000     0.000000     0.000000

   -0.007586     0.271100   -21.720000    -9.810000    -0.000000     0.000000     0.000000     0.000000     0.000000    -0.000000     0.000000     0.000000    -0.000942     0.038090    -0.000000     0.017190
   -0.112100    -0.491300    56.680000    -0.000000     0.000000    -0.000000    -0.000000    -0.000000     0.000000    -0.000000     0.000000     0.000000     0.003625    -0.150600     0.000000    -0.056190
    0.013390    -0.041370    -0.893500     0.000000    -0.000909    -0.026680     0.019490     0.000000    -0.000000     0.000000    -0.000000     0.000000    -0.000034    -0.008779     0.000403    -0.024190
   -0.000000    -0.000000     1.000000     0.000000     0.000000    -0.000000    -0.000000     0.000000    -0.000000     0.000000    -0.000000     0.000000     0.000000     0.000000     0.000000     0.000000
   -0.000000    -0.000000     0.000000    -0.000000    -0.054250    21.630000   -58.860000     9.810000    -0.000000     0.000000    -0.000000    -0.000000     0.000000    -0.000000    -0.000717    -0.000000
    0.000603    -0.001863    -0.040240    -0.000000    -0.804500   -25.180000    16.090000    -0.000000     0.000000    -0.000000     0.000000    -0.000000    -0.000002    -0.000395     0.369300    -0.001089
   -0.000032     0.000097     0.002106    -0.000000    -0.002867    -0.734600    -0.414100    -0.000000     0.000000    -0.000000     0.000000    -0.000000     0.000000     0.000021     0.006725     0.000057
   -0.000000    -0.000000     0.000000    -0.000000     0.000000     1.000000     0.000000     0.000000    -0.000000     0.000000    -0.000000     0.000000     0.000000     0.000000     0.000000     0.000000
    1.000000     0.000000    -0.000000    20.960000    -0.000000     0.000000     0.000000     0.000000     0.000000    -0.000000     0.000000     0.000000    -0.000000    -0.000000    -0.000000    -0.000000
    0.000000    -0.000000     0.000000    -0.000000     1.000000    -0.000000    -0.000000   -20.960000    -0.000000     0.000000    -0.000000    64.750000     0.000000     0.000000     0.000000     0.000000
   -0.000000     1.000000    -0.000000   -64.750000     0.000000     0.000000     0.000000     0.000000     0.000000    -0.000000     0.000000     0.000000    -0.000000    -0.000000    -0.000000    -0.000000
   -0.000000    -0.000000     0.000000     0.000000     0.000000    -0.000000     1.000000    -0.000000    -0.000000     0.000000    -0.000000     0.000000     0.000000     0.000000     0.000000     0.000000
