u  w  q  the  v  p  r  phi  x  y  z  psi  |  slat  flap  aileron  elevator
   -0.012440     0.278000   -29.700000    -9.810000     0.000000     0.000000     0.000000     0.000000     0.000000    -0.000000     0.000000     0.000000    -0.000942     0.037340    -0.000000     0.016980
   -0.111300    -0.359000    55.730000    -0.000000     0.000000     0.000000    -0.000000    -0.000000     0.000000    -0.000000     0.000000     0.000000     0.002534    -0.103300     0.000000    -0.039970
    0.019630    -0.041800    -0.887300     0.000000    -0.003384    -0.088650     0.071090     0.000000    -0.000000     0.000000    -0.000000     0.000000    -0.000026    -0.008102     0.001222    -0.022920
   -0.000000    -0.000000     1.000000    -0.000000     0.000000    -0.000000    -0.000000    -0.000000    -0.000000     0.000000    -0.000000    -0.000000     0.000000     0.000000     0.000000     0.000000
    0.000000     0.000000     0.000000    -0.000000    -0.036880    29.730000   -57.230000     9.810000    -0.000000     0.000000    -0.000000    -0.000000     0.000000    -0.000000    -0.001468    -0.000000
    0.002957    -0.006297    -0.133700    -0.000000    -0.742200   -19.340000    15.660000    -0.000000     0.000000    -0.000000     0.000000    -0.000000    -0.000004    -0.001221     0.267400    -0.003452
    0.000049    -0.000105    -0.002229    -0.000000    -0.005192    -0.838300    -0.395000    -0.000000     0.000000    -0.000000     0.000000    -0.000000    -0.000000    -0.000020     0.006211    -0.000058
   -0.000000    -0.000000     0.000000     0.000000     0.000000     1.000000     0.000000    -0.000000    -0.000000     0.000000    -0.000000    -0.000000     0.000000     0.000000     0.000000     0.000000
    1.000000     0.000000    -0.000000    28.930000    -0.000000     0.000000     0.000000     0.000000     0.000000    -0.000000     0.000000     0.000000    -0.000000    -0.000000    -0.000000    -0.000000
    0.000000    -0.000000     0.000000    -0.000000     1.000000    -0.000000    -0.000000   -28.930000    -0.000000     0.000000    -0.000000    61.610000     0.000000     0.000000     0.000000     0.000000
   -0.000000     1.000000    -0.000000   -61.610000     0.000000     0.000000     0.000000     0.000000     0.000000    -0.000000     0.000000     0.000000    -0.000000    -0.000000    -0.000000    -0.000000
   -0.000000    -0.000000     0.000000     0.000000     0.000000    -0.000000     1.000000    -0.000000    -0.000000     0.000000    -0.000000    -0.000000     0.000000     0.000000     0.000000     0.000000

   -0.003020     0.171600   -22.630000    -9.810000    -0.000000    -0.000000     0.000000     0.000000     0.000000    -0.000000     0.000000     0.000000    -0.000873     0.036790     0.000000     0.017230
   -0.078820    -0.473200    94.000000    -0.000000     0.000000     0.000000    -0.000000    -0.000000     0.000000    -0.000000     0.000000     0.000000     0.005416    -0.233000    -0.000000    -0.082300
    0.013320    -0.060810    -1.303000     0.000000    -0.004529    -0.166700     0.085650     0.000000    -0.000000     0.000000    -0.000000     0.000000    -0.000108    -0.021650     0.003861    -0.055470
   -0.000000    -0.000000     1.000000     0.000000     0.000000    -0.000000    -0.000000     0.000000    -0.000000     0.000000    -0.000000     0.000000     0.000000     0.000000     0.000000     0.000000
   -0.000000    -0.000000    -0.000000    -0.000000    -0.051400    22.550000   -96.230000     9.810000    -0.000000     0.000000    -0.000000    -0.000000    -0.000000     0.000000     0.000636    -0.000000
    0.002368    -0.010810    -0.231700    -0.000000    -0.818800   -30.010000    15.570000    -0.000000     0.000000    -0.000000     0.000000    -0.000000    -0.000019    -0.003849     0.696000    -0.009865
    0.000040    -0.000181    -0.003882    -0.000000     0.003139    -0.781300    -0.682100    -0.000000     0.000000    -0.000000     0.000000    -0.000000    -0.000000    -0.000064     0.011560    -0.000165
   -0.000000    -0.000000     0.000000    -0.000000     0.000000     1.000000     0.000000     0.000000    -0.000000     0.000000    -0.000000     0.000000     0.000000     0.000000     0.000000     0.000000
    1.000000     0.000000    -0.000000    22.210000    -0.000000     0.000000     0.000000     0.000000     0.000000    -0.000000     0.000000     0.000000    -0.000000    -0.000000    -0.000000    -0.000000
    0.000000    -0.000000     0.000000    -0.000000     1.000000    -0.000000    -0.000000   -22.210000    -0.000000     0.000000    -0.000000   101.400000     0.000000     0.000000     0.000000     0.000000
   -0.000000     1.000000    -0.000000  -101.400000     0.000000     0.000000     0.000000     0.000000     0.000000    -0.000000     0.000000     0.000000    -0.000000    -0.000000    -0.000000    -0.000000
   -0.000000    -0.000000     0.000000     0.000000     0.000000    -0.000000     1.000000     0.000000    -0.000000     0.000000    -0.000000     0.000000     0.000000     0.000000     0.000000     0.000000

   -0.000493     0.079250   -21.590000    -9.810000     0.000000     0.000000     0.000000     0.000000     0.000000    -0.000000     0.000000     0.000000    -0.000689     0.031230    -0.000000     0.016460
   -0.045070    -0.461800   199.700000    -0.000000    -0.000000     0.000000    -0.000000    -0.000000     0.000000    -0.000000     0.000000     0.000000     0.010550    -0.479200    -0.000000    -0.156900
    0.008892    -0.085660    -1.815000     0.000000    -0.007535    -0.346000     0.129500     0.000000    -0.000000     0.000000    -0.000000     0.000000    -0.000483    -0.067850     0.016510    -0.158900
   -0.000000    -0.000000     1.000000     0.000000     0.000000    -0.000000    -0.000000     0.000000    -0.000000     0.000000    -0.000000     0.000000     0.000000     0.000000     0.000000     0.000000
    0.000000    -0.000000    -0.000000    -0.000000    -0.048150    21.460000  -202.000000     9.810000    -0.000000     0.000000    -0.000000    -0.000000     0.000000    -0.000000     0.004779    -0.000000
    0.002245    -0.021620    -0.458200    -0.000000    -0.884200   -40.420000    15.310000    -0.000000     0.000000    -0.000000     0.000000    -0.000000    -0.000122    -0.017130     1.930000    -0.040120
    0.000038    -0.000368    -0.007790    -0.000000     0.011760    -0.741900    -0.980700    -0.000000     0.000000    -0.000000     0.000000    -0.000000    -0.000002    -0.000291     0.026120    -0.000682
   -0.000000    -0.000000     0.000000     0.000000     0.000000     1.000000     0.000000     0.000000    -0.000000     0.000000    -0.000000     0.000000     0.000000     0.000000     0.000000     0.000000
    1.000000     0.000000    -0.000000    21.440000    -0.000000     0.000000     0.000000     0.000000     0.000000    -0.000000     0.000000     0.000000    -0.000000    -0.000000    -0.000000    -0.000000
    0.000000    -0.000000     0.000000    -0.000000     1.000000    -0.000000    -0.000000   -21.440000    -0.000000     0.000000    -0.000000   206.500000     0.000000     0.000000     0.000000     0.000000
   -0.000000     1.000000    -0.000000  -206.500000     0.000000     0.000000     0.000000     0.000000     0.000000    -0.000000     0.000000     0.000000    -0.000000    -0.000000    -0.000000    -0.000000
   -0.000000    -0.000000     0.000000     0.000000     0.000000    -0.000000     1.000000     0.000000    -0.000000     0.000000    -0.000000     0.000000     0.000000     0.000000     0.000000     0.000000

   -0.000241     0.076200   -15.150000    -9.810000     0.000000    -0.000000     0.000000     0.000000     0.000000    -0.000000     0.000000     0.000000    -0.000614     0.028030    -0.000000     0.015750
   -0.047880    -0.613700   198.000000    -0.000000    -0.000000     0.000000    -0.000000    -0.000000     0.000000    -0.000000     0.000000     0.000000     0.014040    -0.640600    -0.000000    -0.207800
    0.006146    -0.084820    -1.804000     0.000000    -0.007046    -0.347100     0.116300     0.000000    -0.000000     0.000000    -0.000000     0.000000    -0.000486    -0.068120     0.016650    -0.158000
   -0.000000    -0.000000     1.000000     0.000000     0.000000    -0.000000    -0.000000     0.000000    -0.000000     0.000000    -0.000000     0.000000     0.000000     0.000000     0.000000     0.000000
    0.000000    -0.000000    -0.000000    -0.000000    -0.064950    14.920000  -201.100000     9.810000    -0.000000     0.000000    -0.000000    -0.000000    -0.000000    -0.000000     0.007480    -0.000000
    0.001551    -0.021410    -0.455300    -0.000000    -0.827300   -40.560000    13.770000    -0.000000     0.000000    -0.000000     0.000000    -0.000000    -0.000123    -0.017200     1.946000    -0.039880
    0.000026    -0.000364    -0.007740    -0.000000     0.013940    -0.645300    -1.000000    -0.000000     0.000000    -0.000000     0.000000    -0.000000    -0.000002    -0.000292     0.024840    -0.000678
   -0.000000    -0.000000     0.000000     0.000000     0.000000     1.000000     0.000000     0.000000    -0.000000     0.000000    -0.000000     0.000000     0.000000     0.000000     0.000000     0.000000
    1.000000     0.000000    -0.000000    15.000000    -0.000000     0.000000     0.000000     0.000000     0.000000    -0.000000     0.000000     0.000000    -0.000000    -0.000000    -0.000000    -0.000000
    0.000000    -0.000000     0.000000    -0.000000     1.000000    -0.000000    -0.000000   -15.000000    -0.000000     0.000000    -0.000000   207.100000     0.000000     0.000000     0.000000     0.000000
   -0.000000     1.000000    -0.000000  -207.100000     0.000000     0.000000     0.000000     0.000000     0.000000    -0.000000     0.000000     0.000000    -0.000000    -0.000000    -0.000000    -0.000000
   -0.000000    -0.000000     0.000000     0.000000     0.000000    -0.000000     1.000000    -0.000000    -0.000000     0.000000    -0.000000     0.000000     0.000000     0.000000     0.000000     0.000000

   -0.001818     0.167800   -16.450000    -9.810000     0.000000    -0.000000    -0.000000     0.000000     0.000000    -0.000000     0.000000     0.000000    -0.000835     0.035520     0.000000     0.016930
   -0.080970    -0.628400    92.680000    -0.000000     0.000000     0.000000     0.000000    -0.000000     0.000000    -0.000000     0.000000     0.000000     0.007256    -0.314800    -0.000000    -0.109300
    0.009391    -0.060040    -1.295000     0.000000    -0.004109    -0.168700     0.074140     0.000000    -0.000000     0.000000    -0.000000     0.000000    -0.000112    -0.022070     0.003970    -0.055570
   -0.000000    -0.000000     1.000000     0.000000     0.000000    -0.000000    -0.000000     0.000000    -0.000000     0.000000    -0.000000     0.000000     0.000000     0.000000     0.000000     0.000000
   -0.000000    -0.000000    -0.000000    -0.000000    -0.070350    16.270000   -95.720000     9.810000    -0.000000     0.000000    -0.000000    -0.000000    -0.000000     0.000000     0.002066    -0.000000
    0.001670    -0.010680    -0.230300    -0.000000    -0.743400   -30.400000    13.500000    -0.000000     0.000000    -0.000000     0.000000    -0.000000    -0.000020    -0.003925     0.715900    -0.009883
    0.000028    -0.000179    -0.003858    -0.000000     0.006206    -0.653100    -0.714800    -0.000000     0.000000    -0.000000     0.000000    -0.000000    -0.000000    -0.000066     0.010770    -0.000166
   -0.000000    -0.000000     0.000000    -0.000000     0.000000     1.000000     0.000000     0.000000    -0.000000     0.000000    -0.000000     0.000000     0.000000     0.000000     0.000000     0.000000
    1.000000     0.000000    -0.000000    16.050000    -0.000000     0.000000     0.000000     0.000000     0.000000    -0.000000     0.000000     0.000000    -0.000000    -0.000000    -0.000000    -0.000000
    0.000000    -0.000000     0.000000    -0.000000     1.000000    -0.000000    -0.000000   -16.050000    -0.000000     0.000000    -0.000000   102.600000     0.000000     0.000000     0.000000     0.000000
   -0.000000     1.000000    -0.000000  -102.600000     0.000000     0.000000     0.000000     0.000000     0.000000    -0.000000     0.000000     0.000000    -0.000000    -0.000000    -0.000000    -0.000000
   -0.000000    -0.000000     0.000000     0.000000     0.000000    -0.000000     1.000000     0.000000    -0.000000     0.000000    -0.000000     0.000000     0.000000     0.000000     0.000000     0.000000

   -0.007740     0.271500   -21.760000    -9.810000    -0.000000     0.000000     0.000000     0.000000     0.000000    -0.000000     0.000000     0.000000    -0.000944     0.038160    -0.000000     0.017310
   -0.111800    -0.491200    56.650000    -0.000000     0.000000    -0.000000    -0.000000    -0.000000     0.000000    -0.000000     0.000000     0.000000     0.003624    -0.150500     0.000000    -0.056180
    0.013520    -0.041700    -0.897000     0.000000    -0.002972    -0.093400     0.059230     0.000000    -0.000000     0.000000    -0.000000     0.000000    -0.000031    -0.008884     0.001367    -0.024220
   -0.000000    -0.000000     1.000000    -0.000000     0.000000    -0.000000    -0.000000    -0.000000    -0.000000     0.000000    -0.000000    -0.000000     0.000000     0.000000     0.000000     0.000000
   -0.000000     0.000000     0.000000    -0.000000    -0.054210    21.670000   -58.850000     9.810000    -0.000000     0.000000    -0.000000    -0.000000    -0.000000    -0.000000    -0.000722    -0.000000
    0.002037    -0.006281    -0.135100    -0.000000    -0.652200   -20.410000    13.070000    -0.000000     0.000000    -0.000000     0.000000    -0.000000    -0.000005    -0.001338     0.299200    -0.003648
    0.000034    -0.000105    -0.002253    -0.000000    -0.000977    -0.672600    -0.449100    -0.000000     0.000000    -0.000000     0.000000    -0.000000    -0.000000    -0.000022     0.005831    -0.000061
   -0.000000    -0.000000     0.000000     0.000000     0.000000     1.000000     0.000000    -0.000000    -0.000000     0.000000    -0.000000    -0.000000     0.000000     0.000000     0.000000     0.000000
    1.000000     0.000000    -0.000000    21.000000    -0.000000     0.000000     0.000000     0.000000     0.000000    -0.000000     0.000000     0.000000    -0.000000    -0.000000    -0.000000    -0.000000
    0.000000    -0.000000     0.000000    -0.000000     1.000000    -0.000000    -0.000000   -21.000000    -0.000000     0.000000    -0.000000    64.740000     0.000000     0.000000     0.000000     0.000000
   -0.000000     1.000000    -0.000000   -64.740000     0.000000     0.000000     0.000000     0.000000     0.000000    -0.000000     0.000000     0.000000    -0.000000    -0.000000    -0.000000    -0.000000
   -0.000000    -0.000000     0.000000     0.000000     0.000000    -0.000000     1.000000    -0.000000    -0.000000     0.000000    -0.000000    -0.000000     0.000000     0.000000     0.000000     0.000000
