u  w  q  the  v  p  r  phi  x  y  z  psi  |  slat  flap  aileron  elevator
   -0.008254     0.269100   -28.720000    -9.810000    -0.000000    -0.000000     0.000000     0.000000     0.000000    -0.000000     0.000000     0.000000    -0.000910     0.036160    -0.000000     0.014840
   -0.117000    -0.362400    56.430000    -0.000000     0.000000    -0.000000     0.000000    -0.000000     0.000000    -0.000000     0.000000     0.000000     0.002573    -0.105000     0.000000    -0.040370
    0.015700    -0.035040    -0.808200     0.000000    -0.000798    -0.018990     0.017760     0.000000    -0.000000     0.000000    -0.000000     0.000000    -0.000075    -0.006119     0.000280    -0.022050
   -0.000000    -0.000000     1.000000     0.000000     0.000000    -0.000000    -0.000000     0.000000    -0.000000     0.000000    -0.000000     0.000000     0.000000     0.000000     0.000000     0.000000
   -0.000000    -0.000000     0.000000    -0.000000    -0.037810    28.590000   -57.740000     9.810000    -0.000000     0.000000    -0.000000    -0.000000     0.000000    -0.000000    -0.001363    -0.000000
    0.000554    -0.001235    -0.028500    -0.000000    -0.934800   -24.580000    19.100000    -0.000000     0.000000    -0.000000     0.000000    -0.000000    -0.000003    -0.000216     0.342900    -0.000778
   -0.000043     0.000095     0.002202    -0.000000    -0.007803    -0.866800    -0.328800    -0.000000     0.000000    -0.000000     0.000000    -0.000000     0.000000     0.000017     0.007014     0.000060
   -0.000000    -0.000000     0.000000    -0.000000     0.000000     1.000000     0.000000     0.000000    -0.000000     0.000000    -0.000000     0.000000     0.000000     0.000000     0.000000     0.000000
    1.000000     0.000000    -0.000000    27.830000    -0.000000     0.000000     0.000000     0.000000     0.000000    -0.000000     0.000000     0.000000    -0.000000    -0.000000    -0.000000    -0.000000
    0.000000    -0.000000     0.000000    -0.000000     1.000000    -0.000000    -0.000000   -27.830000    -0.000000     0.000000    -0.000000    62.110000     0.000000     0.000000     0.000000     0.000000
   -0.000000     1.000000    -0.000000   -62.110000     0.000000     0.000000     0.000000     0.000000     0.000000    -0.000000     0.000000     0.000000    -0.000000    -0.000000    -0.000000    -0.000000
   -0.000000    -0.000000     0.000000     0.000000     0.000000    -0.000000     1.000000     0.000000    -0.000000     0.000000    -0.000000     0.000000     0.000000     0.000000     0.000000     0.000000

   -0.001722     0.166000   -21.840000    -9.810000     0.000000    -0.000000    -0.000000     0.000000     0.000000    -0.000000     0.000000     0.000000    -0.000836     0.035310     0.000000     0.014650
   -0.082640    -0.474500    94.470000    -0.000000     0.000000     0.000000     0.000000    -0.000000     0.000000    -0.000000     0.000000     0.000000     0.005434    -0.233900    -0.000000    -0.082330
    0.010430    -0.049630    -1.181000     0.000000    -0.001149    -0.039160     0.023320     0.000000    -0.000000     0.000000    -0.000000     0.000000    -0.000232    -0.016080     0.000932    -0.052900
   -0.000000    -0.000000     1.000000     0.000000     0.000000    -0.000000    -0.000000     0.000000    -0.000000     0.000000    -0.000000     0.000000     0.000000     0.000000     0.000000     0.000000
   -0.000000    -0.000000    -0.000000    -0.000000    -0.051940    21.670000   -96.440000     9.810000    -0.000000     0.000000    -0.000000    -0.000000    -0.000000    -0.000000     0.000747    -0.000000
    0.000456    -0.002168    -0.051570    -0.000000    -1.081000   -39.740000    19.860000    -0.000000     0.000000    -0.000000     0.000000    -0.000000    -0.000010    -0.000702     0.923500    -0.002311
   -0.000034     0.000163     0.003871    -0.000000    -0.000845    -0.876300    -0.592700    -0.000000     0.000000    -0.000000     0.000000    -0.000000     0.000001     0.000053     0.014200     0.000173
   -0.000000    -0.000000     0.000000    -0.000000     0.000000     1.000000     0.000000     0.000000    -0.000000     0.000000    -0.000000     0.000000     0.000000     0.000000     0.000000     0.000000
    1.000000     0.000000    -0.000000    21.350000    -0.000000     0.000000     0.000000     0.000000     0.000000    -0.000000     0.000000     0.000000    -0.000000    -0.000000    -0.000000    -0.000000
    0.000000    -0.000000     0.000000    -0.000000     1.000000    -0.000000    -0.000000   -21.350000    -0.000000     0.000000    -0.000000   101.600000     0.000000     0.000000     0.000000     0.000000
   -0.000000     1.000000    -0.000000  -101.600000     0.000000     0.000000     0.000000     0.000000     0.000000    -0.000000     0.000000     0.000000    -0.000000    -0.000000    -0.000000    -0.000000
   -0.000000    -0.000000     0.000000    -0.000000     0.000000    -0.000000     1.000000    -0.000000    -0.000000     0.000000    -0.000000     0.000000     0.000000     0.000000     0.000000     0.000000

   -0.000171     0.076510   -20.730000    -9.810000     0.000000     0.000000     0.000000     0.000000     0.000000    -0.000000     0.000000     0.000000    -0.000655     0.029710    -0.000000     0.013570
   -0.047030    -0.462200   200.100000    -0.000000    -0.000000     0.000000     0.000000    -0.000000     0.000000    -0.000000     0.000000     0.000000     0.010560    -0.479700    -0.000000    -0.156700
    0.006823    -0.068620    -1.635000     0.000000    -0.002235    -0.095550     0.041530     0.000000    -0.000000     0.000000    -0.000000     0.000000    -0.000841    -0.050230     0.004615    -0.150800
   -0.000000    -0.000000     1.000000     0.000000     0.000000    -0.000000    -0.000000    -0.000000    -0.000000     0.000000    -0.000000     0.000000     0.000000     0.000000     0.000000     0.000000
   -0.000000    -0.000000    -0.000000    -0.000000    -0.048420    20.550000  -202.100000     9.810000    -0.000000     0.000000    -0.000000    -0.000000     0.000000    -0.000000     0.004876    -0.000000
    0.000489    -0.004921    -0.117200    -0.000000    -1.349000   -61.740000    22.490000    -0.000000     0.000000    -0.000000     0.000000    -0.000000    -0.000060    -0.003602     2.950000    -0.010810
   -0.000034     0.000337     0.008027    -0.000000     0.004805    -0.986100    -0.842700    -0.000000     0.000000    -0.000000     0.000000    -0.000000     0.000004     0.000247     0.038360     0.000740
   -0.000000    -0.000000     0.000000     0.000000     0.000000     1.000000     0.000000     0.000000    -0.000000     0.000000    -0.000000     0.000000     0.000000     0.000000     0.000000     0.000000
    1.000000     0.000000    -0.000000    20.540000    -0.000000     0.000000     0.000000     0.000000     0.000000    -0.000000     0.000000     0.000000    -0.000000    -0.000000    -0.000000    -0.000000
    0.000000    -0.000000     0.000000    -0.000000     1.000000    -0.000000    -0.000000   -20.540000    -0.000000     0.000000    -0.000000   206.600000     0.000000     0.000000     0.000000     0.000000
   -0.000000     1.000000    -0.000000  -206.600000     0.000000     0.000000     0.000000     0.000000     0.000000    -0.000000     0.000000     0.000000    -0.000000    -0.000000    -0.000000    -0.000000
   -0.000000    -0.000000     0.000000     0.000000     0.000000    -0.000000     1.000000     0.000000    -0.000000     0.000000    -0.000000     0.000000     0.000000     0.000000     0.000000     0.000000

   -0.000017     0.073470   -14.510000    -9.810000     0.000000    -0.000000     0.000000     0.000000     0.000000    -0.000000     0.000000     0.000000    -0.000580     0.026490     0.000000     0.012830
   -0.049840    -0.614000   198.400000    -0.000000    -0.000000    -0.000000     0.000000    -0.000000     0.000000    -0.000000     0.000000     0.000000     0.014050    -0.641000    -0.000000    -0.207600
    0.004686    -0.067710    -1.625000     0.000000    -0.002107    -0.096370     0.037950     0.000000    -0.000000     0.000000    -0.000000     0.000000    -0.000845    -0.050370     0.004658    -0.149900
   -0.000000    -0.000000     1.000000     0.000000     0.000000    -0.000000    -0.000000     0.000000    -0.000000     0.000000    -0.000000     0.000000     0.000000     0.000000     0.000000     0.000000
    0.000000    -0.000000    -0.000000    -0.000000    -0.065210    14.240000  -201.200000     9.810000    -0.000000     0.000000    -0.000000    -0.000000     0.000000    -0.000000     0.007576    -0.000000
    0.000336    -0.004856    -0.116500    -0.000000    -1.262000   -61.930000    20.210000    -0.000000     0.000000    -0.000000     0.000000    -0.000000    -0.000061    -0.003612     2.973000    -0.010750
   -0.000023     0.000333     0.007977    -0.000000     0.007223    -0.895900    -0.870700    -0.000000     0.000000    -0.000000     0.000000    -0.000000     0.000004     0.000247     0.037240     0.000736
   -0.000000    -0.000000     0.000000    -0.000000     0.000000     1.000000     0.000000     0.000000    -0.000000     0.000000    -0.000000     0.000000     0.000000     0.000000     0.000000     0.000000
    1.000000     0.000000    -0.000000    14.330000    -0.000000     0.000000     0.000000     0.000000     0.000000    -0.000000     0.000000     0.000000    -0.000000    -0.000000    -0.000000    -0.000000
    0.000000    -0.000000     0.000000    -0.000000     1.000000    -0.000000    -0.000000   -14.330000    -0.000000     0.000000    -0.000000   207.100000     0.000000     0.000000     0.000000     0.000000
   -0.000000     1.000000    -0.000000  -207.100000     0.000000     0.000000     0.000000     0.000000     0.000000    -0.000000     0.000000     0.000000    -0.000000    -0.000000    -0.000000    -0.000000
   -0.000000    -0.000000     0.000000    -0.000000     0.000000    -0.000000     1.000000    -0.000000    -0.000000     0.000000    -0.000000     0.000000     0.000000     0.000000     0.000000     0.000000

   -0.000892     0.162300   -15.880000    -9.810000     0.000000     0.000000    -0.000000     0.000000     0.000000    -0.000000     0.000000     0.000000    -0.000798     0.033980     0.000000     0.014280
   -0.084770    -0.629400    93.170000    -0.000000     0.000000     0.000000     0.000000    -0.000000     0.000000    -0.000000     0.000000     0.000000     0.007269    -0.315500    -0.000000    -0.109300
    0.007303    -0.048670    -1.174000     0.000000    -0.001055    -0.040100     0.020630     0.000000    -0.000000     0.000000    -0.000000     0.000000    -0.000239    -0.016340     0.000961    -0.052990
   -0.000000    -0.000000     1.000000     0.000000     0.000000    -0.000000    -0.000000     0.000000    -0.000000     0.000000    -0.000000     0.000000     0.000000     0.000000     0.000000     0.000000
   -0.000000     0.000000    -0.000000    -0.000000    -0.070870    15.610000   -95.860000     9.810000    -0.000000     0.000000    -0.000000    -0.000000    -0.000000    -0.000000     0.002174     0.000000
    0.000319    -0.002126    -0.051270    -0.000000    -0.981800   -40.220000    17.200000    -0.000000     0.000000    -0.000000     0.000000    -0.000000    -0.000010    -0.000714     0.948200    -0.002314
   -0.000024     0.000160     0.003849    -0.000000     0.002366    -0.757000    -0.631700    -0.000000     0.000000    -0.000000     0.000000    -0.000000     0.000001     0.000054     0.013520     0.000174
   -0.000000    -0.000000     0.000000    -0.000000     0.000000     1.000000     0.000000     0.000000    -0.000000     0.000000    -0.000000     0.000000     0.000000     0.000000     0.000000     0.000000
    1.000000     0.000000    -0.000000    15.410000    -0.000000     0.000000     0.000000     0.000000     0.000000    -0.000000     0.000000     0.000000    -0.000000    -0.000000    -0.000000    -0.000000
    0.000000    -0.000000     0.000000    -0.000000     1.000000    -0.000000    -0.000000   -15.410000    -0.000000     0.000000    -0.000000   102.700000     0.000000     0.000000     0.000000     0.000000
   -0.000000     1.000000    -0.000000  -102.700000     0.000000     0.000000     0.000000     0.000000     0.000000    -0.000000     0.000000     0.000000    -0.000000    -0.000000    -0.000000    -0.000000
   -0.000000    -0.000000     0.000000     0.000000     0.000000    -0.000000     1.000000     0.000000    -0.000000     0.000000    -0.000000     0.000000     0.000000     0.000000     0.000000     0.000000

   -0.004872     0.262900   -21.070000    -9.810000    -0.000000     0.000000     0.000000     0.000000     0.000000    -0.000000     0.000000     0.000000    -0.000907     0.036760    -0.000000     0.014960
   -0.117500    -0.493600    57.200000    -0.000000     0.000000    -0.000000    -0.000000    -0.000000     0.000000    -0.000000     0.000000     0.000000     0.003650    -0.151800     0.000000    -0.056370
    0.010710    -0.034460    -0.815700     0.000000    -0.000711    -0.020540     0.015140     0.000000    -0.000000     0.000000    -0.000000     0.000000    -0.000084    -0.006627     0.000314    -0.023180
   -0.000000    -0.000000     1.000000    -0.000000     0.000000    -0.000000    -0.000000    -0.000000    -0.000000     0.000000    -0.000000    -0.000000     0.000000     0.000000     0.000000     0.000000
   -0.000000    -0.000000     0.000000    -0.000000    -0.055050    20.830000   -59.120000     9.810000    -0.000000     0.000000    -0.000000    -0.000000    -0.000000    -0.000000    -0.000610    -0.000000
    0.000378    -0.001215    -0.028760    -0.000000    -0.821300   -25.820000    15.910000    -0.000000     0.000000    -0.000000     0.000000    -0.000000    -0.000003    -0.000234     0.380300    -0.000817
   -0.000029     0.000094     0.002222    -0.000000    -0.003481    -0.714200    -0.388900    -0.000000     0.000000    -0.000000     0.000000    -0.000000     0.000000     0.000018     0.006728     0.000063
   -0.000000    -0.000000     0.000000     0.000000     0.000000     1.000000     0.000000    -0.000000    -0.000000     0.000000    -0.000000    -0.000000     0.000000     0.000000     0.000000     0.000000
    1.000000     0.000000    -0.000000    20.200000    -0.000000     0.000000     0.000000     0.000000     0.000000    -0.000000     0.000000     0.000000    -0.000000    -0.000000    -0.000000    -0.000000
    0.000000    -0.000000     0.000000    -0.000000     1.000000    -0.000000    -0.000000   -20.200000    -0.000000     0.000000    -0.000000    64.990000     0.000000     0.000000     0.000000     0.000000
   -0.000000     1.000000    -0.000000   -64.990000     0.000000     0.000000     0.000000     0.000000     0.000000    -0.000000     0.000000     0.000000    -0.000000    -0.000000    -0.000000    -0.000000
   -0.000000    -0.000000     0.000000     0.000000     0.000000    -0.000000     1.000000    -0.000000    -0.000000     0.000000    -0.000000    -0.000000     0.000000     0.000000     0.000000     0.000000
