u  w  q  the  v  p  r  phi  x  y  z  psi  |  slat  flap  aileron  elevator
   -0.011870     0.276800   -29.580000    -9.810000    -0.000000    -0.000000     0.000000     0.000000     0.000000    -0.000000     0.000000     0.000000    -0.000938     0.037190    -0.000000     0.016710
   -0.112000    -0.359400    55.820000    -0.000000     0.000000     0.000000    -0.000000    -0.000000     0.000000    -0.000000     0.000000     0.000000     0.002539    -0.103500     0.000000    -0.040020
    0.018510    -0.039660    -0.849400     0.000000    -0.004668    -0.130400     0.091910     0.000000    -0.000000     0.000000    -0.000000     0.000000    -0.000031    -0.007608     0.001739    -0.022100
   -0.000000    -0.000000     1.000000     0.000000     0.000000    -0.000000    -0.000000     0.000000    -0.000000     0.000000    -0.000000     0.000000     0.000000     0.000000     0.000000     0.000000
   -0.000000    -0.000000     0.000000    -0.000000    -0.037000    29.580000   -57.300000     9.810000    -0.000000     0.000000    -0.000000    -0.000000    -0.000000    -0.000000    -0.001455    -0.000000
    0.004011    -0.008594    -0.184100    -0.000000    -0.268000    -6.987000     5.638000    -0.000000     0.000000    -0.000000     0.000000    -0.000000    -0.000007    -0.001648     0.096770    -0.004788
    0.000295    -0.000632    -0.013530    -0.000000     0.000435    -0.626200    -0.468200    -0.000000     0.000000    -0.000000     0.000000    -0.000000    -0.000000    -0.000121     0.003787    -0.000352
   -0.000000    -0.000000     0.000000     0.000000     0.000000     1.000000     0.000000     0.000000    -0.000000     0.000000    -0.000000     0.000000     0.000000     0.000000     0.000000     0.000000
    1.000000     0.000000    -0.000000    28.790000    -0.000000     0.000000     0.000000     0.000000     0.000000    -0.000000     0.000000     0.000000    -0.000000    -0.000000    -0.000000    -0.000000
    0.000000    -0.000000     0.000000    -0.000000     1.000000    -0.000000    -0.000000   -28.790000    -0.000000     0.000000    -0.000000    61.670000     0.000000     0.000000     0.000000     0.000000
   -0.000000     1.000000    -0.000000   -61.670000     0.000000     0.000000     0.000000     0.000000     0.000000    -0.000000     0.000000     0.000000    -0.000000    -0.000000    -0.000000    -0.000000
   -0.000000    -0.000000     0.000000     0.000000     0.000000    -0.000000     1.000000     0.000000    -0.000000     0.000000    -0.000000     0.000000     0.000000     0.000000     0.000000     0.000000

   -0.002841     0.170900   -22.530000    -9.810000    -0.000000    -0.000000     0.000000     0.000000     0.000000    -0.000000     0.000000     0.000000    -0.000868     0.036600     0.000000     0.016900
   -0.079310    -0.473400    94.060000    -0.000000     0.000000     0.000000     0.000000    -0.000000     0.000000    -0.000000     0.000000     0.000000     0.005418    -0.233100    -0.000000    -0.082300
    0.012450    -0.057160    -1.238000     0.000000    -0.005436    -0.212300     0.093880     0.000000    -0.000000     0.000000    -0.000000     0.000000    -0.000120    -0.020150     0.004830    -0.053080
   -0.000000    -0.000000     1.000000     0.000000     0.000000    -0.000000    -0.000000     0.000000    -0.000000     0.000000    -0.000000     0.000000     0.000000     0.000000     0.000000     0.000000
   -0.000000    -0.000000    -0.000000    -0.000000    -0.051470    22.440000   -96.250000     9.810000    -0.000000     0.000000    -0.000000    -0.000000     0.000000    -0.000000     0.000650    -0.000000
    0.002855    -0.013100    -0.283900    -0.000000    -0.265300    -9.721000     5.031000    -0.000000     0.000000    -0.000000     0.000000    -0.000000    -0.000027    -0.004620     0.225600    -0.012170
    0.000231    -0.001060    -0.022960    -0.000000     0.008676    -0.480700    -0.721400    -0.000000     0.000000    -0.000000     0.000000    -0.000000    -0.000002    -0.000374     0.005308    -0.000984
   -0.000000    -0.000000     0.000000     0.000000     0.000000     1.000000     0.000000     0.000000    -0.000000     0.000000    -0.000000     0.000000     0.000000     0.000000     0.000000     0.000000
    1.000000     0.000000    -0.000000    22.100000    -0.000000     0.000000     0.000000     0.000000     0.000000    -0.000000     0.000000     0.000000    -0.000000    -0.000000    -0.000000    -0.000000
    0.000000    -0.000000     0.000000    -0.000000     1.000000    -0.000000    -0.000000   -22.100000    -0.000000     0.000000    -0.000000   101.500000     0.000000     0.000000     0.000000     0.000000
   -0.000000     1.000000    -0.000000  -101.500000     0.000000     0.000000     0.000000     0.000000     0.000000    -0.000000     0.000000     0.000000    -0.000000    -0.000000    -0.000000    -0.000000
   -0.000000    -0.000000     0.000000     0.000000     0.000000    -0.000000     1.000000     0.000000    -0.000000     0.000000    -0.000000     0.000000     0.000000     0.000000     0.000000     0.000000

   -0.000448     0.078900   -21.480000    -9.810000     0.000000    -0.000000     0.000000     0.000000     0.000000    -0.000000     0.000000     0.000000    -0.000685     0.031030    -0.000000     0.016100
   -0.045320    -0.461900   199.700000    -0.000000    -0.000000     0.000000    -0.000000    -0.000000     0.000000    -0.000000     0.000000     0.000000     0.010550    -0.479300    -0.000000    -0.156800
    0.008133    -0.078760    -1.690000     0.000000    -0.006681    -0.332100     0.098880     0.000000    -0.000000     0.000000    -0.000000     0.000000    -0.000499    -0.061890     0.015670    -0.149000
   -0.000000    -0.000000     1.000000    -0.000000     0.000000    -0.000000    -0.000000    -0.000000    -0.000000     0.000000    -0.000000    -0.000000     0.000000     0.000000     0.000000     0.000000
   -0.000000    -0.000000    -0.000000    -0.000000    -0.048190    21.340000  -202.000000     9.810000    -0.000000     0.000000    -0.000000    -0.000000     0.000000    -0.000000     0.004791    -0.000000
    0.002060    -0.019950    -0.428100    -0.000000    -0.223700   -10.220000     3.860000    -0.000000     0.000000    -0.000000     0.000000    -0.000000    -0.000126    -0.015680     0.488100    -0.037740
    0.000209    -0.002025    -0.043460    -0.000000     0.016530    -0.327600    -0.946100    -0.000000     0.000000    -0.000000     0.000000    -0.000000    -0.000013    -0.001592     0.007766    -0.003831
   -0.000000    -0.000000     0.000000     0.000000     0.000000     1.000000     0.000000    -0.000000    -0.000000     0.000000    -0.000000    -0.000000     0.000000     0.000000     0.000000     0.000000
    1.000000     0.000000    -0.000000    21.320000    -0.000000     0.000000     0.000000     0.000000     0.000000    -0.000000     0.000000     0.000000    -0.000000    -0.000000    -0.000000    -0.000000
    0.000000    -0.000000     0.000000    -0.000000     1.000000    -0.000000    -0.000000   -21.320000    -0.000000     0.000000    -0.000000   206.500000     0.000000     0.000000     0.000000     0.000000
   -0.000000     1.000000    -0.000000  -206.500000     0.000000     0.000000     0.000000     0.000000     0.000000    -0.000000     0.000000     0.000000    -0.000000    -0.000000    -0.000000    -0.000000
   -0.000000    -0.000000     0.000000     0.000000     0.000000    -0.000000     1.000000    -0.000000    -0.000000     0.000000    -0.000000    -0.000000     0.000000     0.000000     0.000000     0.000000

   -0.000209     0.075850   -15.060000    -9.810000     0.000000     0.000000     0.000000     0.000000     0.000000    -0.000000     0.000000     0.000000    -0.000610     0.027830    -0.000000     0.015380
   -0.048130    -0.613700   198.100000    -0.000000    -0.000000    -0.000000     0.000000    -0.000000     0.000000    -0.000000     0.000000     0.000000     0.014040    -0.640700    -0.000000    -0.207800
    0.005617    -0.077970    -1.679000     0.000000    -0.006190    -0.331200     0.086460     0.000000    -0.000000     0.000000    -0.000000     0.000000    -0.000502    -0.062130     0.015770    -0.148100
   -0.000000    -0.000000     1.000000     0.000000     0.000000    -0.000000    -0.000000     0.000000    -0.000000     0.000000    -0.000000     0.000000     0.000000     0.000000     0.000000     0.000000
   -0.000000    -0.000000    -0.000000    -0.000000    -0.064980    14.840000  -201.100000     9.810000    -0.000000     0.000000    -0.000000    -0.000000     0.000000    -0.000000     0.007492    -0.000000
    0.001423    -0.019750    -0.425400    -0.000000    -0.209300   -10.250000     3.473000    -0.000000     0.000000    -0.000000     0.000000    -0.000000    -0.000127    -0.015740     0.492100    -0.037520
    0.000144    -0.002005    -0.043180    -0.000000     0.017950    -0.244800    -0.951300    -0.000000     0.000000    -0.000000     0.000000    -0.000000    -0.000013    -0.001598     0.006562    -0.003809
   -0.000000    -0.000000     0.000000    -0.000000     0.000000     1.000000     0.000000     0.000000    -0.000000     0.000000    -0.000000     0.000000     0.000000     0.000000     0.000000     0.000000
    1.000000     0.000000    -0.000000    14.920000    -0.000000     0.000000     0.000000     0.000000     0.000000    -0.000000     0.000000     0.000000    -0.000000    -0.000000    -0.000000    -0.000000
    0.000000    -0.000000     0.000000    -0.000000     1.000000    -0.000000    -0.000000   -14.920000    -0.000000     0.000000    -0.000000   207.100000     0.000000     0.000000     0.000000     0.000000
   -0.000000     1.000000    -0.000000  -207.100000     0.000000     0.000000     0.000000     0.000000     0.000000    -0.000000     0.000000     0.000000    -0.000000    -0.000000    -0.000000    -0.000000
   -0.000000    -0.000000     0.000000     0.000000     0.000000    -0.000000     1.000000     0.000000    -0.000000     0.000000    -0.000000     0.000000     0.000000     0.000000     0.000000     0.000000

   -0.001689     0.167100   -16.380000    -9.810000     0.000000    -0.000000    -0.000000     0.000000     0.000000    -0.000000     0.000000     0.000000    -0.000830     0.035330     0.000000     0.016590
   -0.081450    -0.628600    92.750000    -0.000000     0.000000     0.000000    -0.000000    -0.000000     0.000000    -0.000000     0.000000     0.000000     0.007258    -0.314900    -0.000000    -0.109300
    0.008774    -0.056380    -1.231000     0.000000    -0.004887    -0.213000     0.079570     0.000000    -0.000000     0.000000    -0.000000     0.000000    -0.000124    -0.020540     0.004950    -0.053170
   -0.000000    -0.000000     1.000000     0.000000     0.000000    -0.000000    -0.000000     0.000000    -0.000000     0.000000    -0.000000     0.000000     0.000000     0.000000     0.000000     0.000000
    0.000000    -0.000000    -0.000000    -0.000000    -0.070410    16.180000   -95.740000     9.810000    -0.000000     0.000000    -0.000000    -0.000000    -0.000000    -0.000000     0.002079    -0.000000
    0.002012    -0.012930    -0.282200    -0.000000    -0.241000    -9.847000     4.361000    -0.000000     0.000000    -0.000000     0.000000    -0.000000    -0.000028    -0.004709     0.232000    -0.012190
    0.000163    -0.001045    -0.022820    -0.000000     0.010860    -0.363700    -0.735600    -0.000000     0.000000    -0.000000     0.000000    -0.000000    -0.000002    -0.000381     0.004461    -0.000986
   -0.000000    -0.000000     0.000000     0.000000     0.000000     1.000000     0.000000     0.000000    -0.000000     0.000000    -0.000000     0.000000     0.000000     0.000000     0.000000     0.000000
    1.000000     0.000000    -0.000000    15.970000    -0.000000     0.000000     0.000000     0.000000     0.000000    -0.000000     0.000000     0.000000    -0.000000    -0.000000    -0.000000    -0.000000
    0.000000    -0.000000     0.000000    -0.000000     1.000000    -0.000000    -0.000000   -15.970000    -0.000000     0.000000    -0.000000   102.600000     0.000000     0.000000     0.000000     0.000000
   -0.000000     1.000000    -0.000000  -102.600000     0.000000     0.000000     0.000000     0.000000     0.000000    -0.000000     0.000000     0.000000    -0.000000    -0.000000    -0.000000    -0.000000
   -0.000000    -0.000000     0.000000     0.000000     0.000000    -0.000000     1.000000     0.000000    -0.000000     0.000000    -0.000000     0.000000     0.000000     0.000000     0.000000     0.000000

   -0.007347     0.270400   -21.670000    -9.810000    -0.000000    -0.000000     0.000000     0.000000     0.000000    -0.000000     0.000000     0.000000    -0.000939     0.037980    -0.000000     0.017010
   -0.112500    -0.491500    56.720000    -0.000000     0.000000    -0.000000    -0.000000    -0.000000     0.000000    -0.000000     0.000000     0.000000     0.003627    -0.150700     0.000000    -0.056200
    0.012740    -0.039500    -0.858500     0.000000    -0.004058    -0.134900     0.075190     0.000000    -0.000000     0.000000    -0.000000     0.000000    -0.000037    -0.008329     0.001930    -0.023340
   -0.000000    -0.000000     1.000000     0.000000     0.000000    -0.000000    -0.000000     0.000000    -0.000000     0.000000    -0.000000     0.000000     0.000000     0.000000     0.000000     0.000000
   -0.000000    -0.000000     0.000000    -0.000000    -0.054310    21.560000   -58.880000     9.810000    -0.000000     0.000000    -0.000000    -0.000000     0.000000    -0.000000    -0.000708    -0.000000
    0.002761    -0.008559    -0.186000    -0.000000    -0.235600    -7.370000     4.704000    -0.000000     0.000000    -0.000000     0.000000    -0.000000    -0.000008    -0.001805     0.108200    -0.005056
    0.000203    -0.000629    -0.013670    -0.000000     0.003635    -0.468600    -0.499400    -0.000000     0.000000    -0.000000     0.000000    -0.000000    -0.000001    -0.000133     0.003219    -0.000372
   -0.000000    -0.000000     0.000000     0.000000     0.000000     1.000000     0.000000     0.000000    -0.000000     0.000000    -0.000000     0.000000     0.000000     0.000000     0.000000     0.000000
    1.000000     0.000000    -0.000000    20.900000    -0.000000     0.000000     0.000000     0.000000     0.000000    -0.000000     0.000000     0.000000    -0.000000    -0.000000    -0.000000    -0.000000
    0.000000    -0.000000     0.000000    -0.000000     1.000000    -0.000000    -0.000000   -20.900000    -0.000000     0.000000    -0.000000    64.770000     0.000000     0.000000     0.000000     0.000000
   -0.000000     1.000000    -0.000000   -64.770000     0.000000     0.000000     0.000000     0.000000     0.000000    -0.000000     0.000000     0.000000    -0.000000    -0.000000    -0.000000    -0.000000
   -0.000000    -0.000000     0.000000     0.000000     0.000000    -0.000000     1.000000     0.000000    -0.000000     0.000000    -0.000000     0.000000     0.000000     0.000000     0.000000     0.000000
