u  w  q  the  v  p  r  phi  x  y  z  psi  |  slat  flap  aileron  elevator
   -0.010520     0.274100   -29.270000    -9.810000    -0.000000     0.000000     0.000000     0.000000     0.000000    -0.000000     0.000000     0.000000    -0.000928     0.036830    -0.000000     0.016050
   -0.113800    -0.360500    56.040000    -0.000000     0.000000    -0.000000    -0.000000    -0.000000     0.000000    -0.000000     0.000000     0.000000     0.002551    -0.104000     0.000000    -0.040150
    0.017290    -0.037570    -0.823700     0.000000    -0.002636    -0.079050     0.047540     0.000000    -0.000000     0.000000    -0.000000     0.000000    -0.000046    -0.007004     0.001020    -0.021800
   -0.000000    -0.000000     1.000000     0.000000     0.000000    -0.000000    -0.000000     0.000000    -0.000000     0.000000    -0.000000     0.000000     0.000000     0.000000     0.000000     0.000000
   -0.000000    -0.000000     0.000000    -0.000000    -0.037280    29.230000   -57.460000     9.810000    -0.000000     0.000000    -0.000000    -0.000000     0.000000    -0.000000    -0.001422    -0.000000
    0.002146    -0.004665    -0.102300    -0.000000    -0.123300    -3.221000     2.570000    -0.000000     0.000000    -0.000000     0.000000    -0.000000    -0.000006    -0.000870     0.044750    -0.002707
    0.000301    -0.000655    -0.014360    -0.000000     0.001807    -0.523300    -0.452000    -0.000000     0.000000    -0.000000     0.000000    -0.000000    -0.000001    -0.000122     0.002891    -0.000380
   -0.000000    -0.000000     0.000000     0.000000     0.000000     1.000000     0.000000     0.000000    -0.000000     0.000000    -0.000000     0.000000     0.000000     0.000000     0.000000     0.000000
    1.000000     0.000000    -0.000000    28.450000    -0.000000     0.000000     0.000000     0.000000     0.000000    -0.000000     0.000000     0.000000    -0.000000    -0.000000    -0.000000    -0.000000
    0.000000    -0.000000     0.000000    -0.000000     1.000000    -0.000000    -0.000000   -28.450000    -0.000000     0.000000    -0.000000    61.830000     0.000000     0.000000     0.000000     0.000000
   -0.000000     1.000000    -0.000000   -61.830000     0.000000     0.000000     0.000000     0.000000     0.000000    -0.000000     0.000000     0.000000    -0.000000    -0.000000    -0.000000    -0.000000
   -0.000000    -0.000000     0.000000     0.000000     0.000000    -0.000000     1.000000     0.000000    -0.000000     0.000000    -0.000000     0.000000     0.000000     0.000000     0.000000     0.000000

   -0.002422     0.169200   -22.280000    -9.810000    -0.000000    -0.000000     0.000000     0.000000     0.000000    -0.000000     0.000000     0.000000    -0.000857     0.036140     0.000000     0.016100
   -0.080490    -0.473800    94.210000    -0.000000     0.000000     0.000000    -0.000000    -0.000000     0.000000    -0.000000     0.000000     0.000000     0.005424    -0.233400    -0.000000    -0.082310
    0.011550    -0.053700    -1.198000     0.000000    -0.002890    -0.121100     0.043600     0.000000    -0.000000     0.000000    -0.000000     0.000000    -0.000156    -0.018450     0.002701    -0.052200
   -0.000000    -0.000000     1.000000     0.000000     0.000000    -0.000000    -0.000000    -0.000000    -0.000000     0.000000    -0.000000     0.000000     0.000000     0.000000     0.000000     0.000000
   -0.000000    -0.000000    -0.000000    -0.000000    -0.051630    22.170000   -96.320000     9.810000    -0.000000     0.000000    -0.000000    -0.000000     0.000000    -0.000000     0.000685    -0.000000
    0.001471    -0.006838    -0.152600    -0.000000    -0.118300    -4.335000     2.222000    -0.000000     0.000000    -0.000000     0.000000    -0.000000    -0.000020    -0.002349     0.100700    -0.006647
    0.000232    -0.001080    -0.024110    -0.000000     0.009042    -0.372100    -0.665700    -0.000000     0.000000    -0.000000     0.000000    -0.000000    -0.000003    -0.000371     0.003494    -0.001050
   -0.000000    -0.000000     0.000000     0.000000     0.000000     1.000000     0.000000     0.000000    -0.000000     0.000000    -0.000000     0.000000     0.000000     0.000000     0.000000     0.000000
    1.000000     0.000000    -0.000000    21.840000    -0.000000     0.000000     0.000000     0.000000     0.000000    -0.000000     0.000000     0.000000    -0.000000    -0.000000    -0.000000    -0.000000
    0.000000    -0.000000     0.000000    -0.000000     1.000000    -0.000000    -0.000000   -21.840000    -0.000000     0.000000    -0.000000   101.500000     0.000000     0.000000     0.000000     0.000000
   -0.000000     1.000000    -0.000000  -101.500000     0.000000     0.000000     0.000000     0.000000     0.000000    -0.000000     0.000000     0.000000    -0.000000    -0.000000    -0.000000    -0.000000
   -0.000000    -0.000000     0.000000     0.000000     0.000000    -0.000000     1.000000     0.000000    -0.000000     0.000000    -0.000000     0.000000     0.000000     0.000000     0.000000     0.000000

   -0.000343     0.078050   -21.210000    -9.810000     0.000000    -0.000000     0.000000     0.000000     0.000000    -0.000000     0.000000     0.000000    -0.000674     0.030560    -0.000000     0.015200
   -0.045920    -0.462000   199.900000    -0.000000    -0.000000    -0.000000    -0.000000    -0.000000     0.000000    -0.000000     0.000000     0.000000     0.010550    -0.479500    -0.000000    -0.156800
    0.007490    -0.073500    -1.630000     0.000000    -0.003207    -0.176000     0.036540     0.000000    -0.000000     0.000000    -0.000000     0.000000    -0.000602    -0.056520     0.008195    -0.146100
   -0.000000    -0.000000     1.000000     0.000000     0.000000    -0.000000    -0.000000     0.000000    -0.000000     0.000000    -0.000000     0.000000     0.000000     0.000000     0.000000     0.000000
    0.000000    -0.000000    -0.000000    -0.000000    -0.048270    21.060000  -202.000000     9.810000    -0.000000     0.000000    -0.000000    -0.000000     0.000000    -0.000000     0.004821    -0.000000
    0.000995    -0.009768    -0.216600    -0.000000    -0.094160    -4.299000     1.609000    -0.000000     0.000000    -0.000000     0.000000    -0.000000    -0.000080    -0.007511     0.205400    -0.019420
    0.000204    -0.001998    -0.044310    -0.000000     0.015070    -0.224100    -0.820900    -0.000000     0.000000    -0.000000     0.000000    -0.000000    -0.000016    -0.001536     0.004068    -0.003971
   -0.000000    -0.000000     0.000000    -0.000000     0.000000     1.000000     0.000000     0.000000    -0.000000     0.000000    -0.000000     0.000000     0.000000     0.000000     0.000000     0.000000
    1.000000     0.000000    -0.000000    21.050000    -0.000000     0.000000     0.000000     0.000000     0.000000    -0.000000     0.000000     0.000000    -0.000000    -0.000000    -0.000000    -0.000000
    0.000000    -0.000000     0.000000    -0.000000     1.000000    -0.000000    -0.000000   -21.050000    -0.000000     0.000000    -0.000000   206.500000     0.000000     0.000000     0.000000     0.000000
   -0.000000     1.000000    -0.000000  -206.500000     0.000000     0.000000     0.000000     0.000000     0.000000    -0.000000     0.000000     0.000000    -0.000000    -0.000000    -0.000000    -0.000000
   -0.000000    -0.000000     0.000000     0.000000     0.000000    -0.000000     1.000000    -0.000000    -0.000000     0.000000    -0.000000     0.000000     0.000000     0.000000     0.000000     0.000000

   -0.000136     0.075010   -14.870000    -9.810000     0.000000     0.000000     0.000000     0.000000     0.000000    -0.000000     0.000000     0.000000    -0.000599     0.027360    -0.000000     0.014470
   -0.048740    -0.613900   198.200000    -0.000000    -0.000000    -0.000000    -0.000000    -0.000000     0.000000    -0.000000     0.000000     0.000000     0.014040    -0.640800    -0.000000    -0.207700
    0.005163    -0.072690    -1.620000     0.000000    -0.002935    -0.174300     0.030120     0.000000    -0.000000     0.000000    -0.000000     0.000000    -0.000606    -0.056720     0.008226    -0.145300
   -0.000000    -0.000000     1.000000    -0.000000     0.000000    -0.000000    -0.000000    -0.000000    -0.000000     0.000000    -0.000000    -0.000000     0.000000     0.000000     0.000000     0.000000
    0.000000    -0.000000    -0.000000    -0.000000    -0.065060    14.620000  -201.100000     9.810000    -0.000000     0.000000    -0.000000    -0.000000     0.000000    -0.000000     0.007522    -0.000000
    0.000686    -0.009660    -0.215300    -0.000000    -0.088130    -4.313000     1.448000    -0.000000     0.000000    -0.000000     0.000000    -0.000000    -0.000081    -0.007538     0.207100    -0.019310
    0.000140    -0.001976    -0.044030    -0.000000     0.016180    -0.154100    -0.823100    -0.000000     0.000000    -0.000000     0.000000    -0.000000    -0.000016    -0.001542     0.003030    -0.003949
   -0.000000    -0.000000     0.000000     0.000000     0.000000     1.000000     0.000000    -0.000000    -0.000000     0.000000    -0.000000    -0.000000     0.000000     0.000000     0.000000     0.000000
    1.000000     0.000000    -0.000000    14.710000    -0.000000     0.000000     0.000000     0.000000     0.000000    -0.000000     0.000000     0.000000    -0.000000    -0.000000    -0.000000    -0.000000
    0.000000    -0.000000     0.000000    -0.000000     1.000000    -0.000000    -0.000000   -14.710000    -0.000000     0.000000    -0.000000   207.100000     0.000000     0.000000     0.000000     0.000000
   -0.000000     1.000000    -0.000000  -207.100000     0.000000     0.000000     0.000000     0.000000     0.000000    -0.000000     0.000000     0.000000    -0.000000    -0.000000    -0.000000    -0.000000
   -0.000000    -0.000000     0.000000     0.000000     0.000000    -0.000000     1.000000    -0.000000    -0.000000     0.000000    -0.000000    -0.000000     0.000000     0.000000     0.000000     0.000000

   -0.001390     0.165400   -16.200000    -9.810000     0.000000    -0.000000     0.000000     0.000000     0.000000    -0.000000     0.000000     0.000000    -0.000819     0.034850    -0.000000     0.015770
   -0.082630    -0.628900    92.900000    -0.000000     0.000000     0.000000    -0.000000    -0.000000     0.000000    -0.000000     0.000000     0.000000     0.007262    -0.315100    -0.000000    -0.109300
    0.008123    -0.052870    -1.191000     0.000000    -0.002569    -0.120300     0.035700     0.000000    -0.000000     0.000000    -0.000000     0.000000    -0.000161    -0.018790     0.002757    -0.052290
   -0.000000    -0.000000     1.000000     0.000000     0.000000    -0.000000    -0.000000     0.000000    -0.000000     0.000000    -0.000000     0.000000     0.000000     0.000000     0.000000     0.000000
   -0.000000    -0.000000    -0.000000    -0.000000    -0.070570    15.980000   -95.780000     9.810000    -0.000000     0.000000    -0.000000    -0.000000    -0.000000    -0.000000     0.002113    -0.000000
    0.001034    -0.006733    -0.151700    -0.000000    -0.107500    -4.390000     1.926000    -0.000000     0.000000    -0.000000     0.000000    -0.000000    -0.000021    -0.002392     0.103500    -0.006658
    0.000163    -0.001064    -0.023970    -0.000000     0.010830    -0.268400    -0.674500    -0.000000     0.000000    -0.000000     0.000000    -0.000000    -0.000003    -0.000378     0.002712    -0.001052
   -0.000000    -0.000000     0.000000     0.000000     0.000000     1.000000     0.000000     0.000000    -0.000000     0.000000    -0.000000     0.000000     0.000000     0.000000     0.000000     0.000000
    1.000000     0.000000    -0.000000    15.770000    -0.000000     0.000000     0.000000     0.000000     0.000000    -0.000000     0.000000     0.000000    -0.000000    -0.000000    -0.000000    -0.000000
    0.000000    -0.000000     0.000000    -0.000000     1.000000    -0.000000    -0.000000   -15.770000    -0.000000     0.000000    -0.000000   102.600000     0.000000     0.000000     0.000000     0.000000
   -0.000000     1.000000    -0.000000  -102.600000     0.000000     0.000000     0.000000     0.000000     0.000000    -0.000000     0.000000     0.000000    -0.000000    -0.000000    -0.000000    -0.000000
   -0.000000    -0.000000     0.000000     0.000000     0.000000    -0.000000     1.000000    -0.000000    -0.000000     0.000000    -0.000000     0.000000     0.000000     0.000000     0.000000     0.000000

   -0.006424     0.267700   -21.460000    -9.810000    -0.000000    -0.000000     0.000000     0.000000     0.000000    -0.000000     0.000000     0.000000    -0.000928     0.037550    -0.000000     0.016290
   -0.114300    -0.492200    56.890000    -0.000000     0.000000    -0.000000    -0.000000    -0.000000     0.000000    -0.000000     0.000000     0.000000     0.003636    -0.151100     0.000000    -0.056260
    0.011870    -0.037270    -0.832100     0.000000    -0.002265    -0.080220     0.037910     0.000000    -0.000000     0.000000    -0.000000     0.000000    -0.000053    -0.007639     0.001121    -0.022990
   -0.000000    -0.000000     1.000000     0.000000     0.000000    -0.000000    -0.000000     0.000000    -0.000000     0.000000    -0.000000     0.000000     0.000000     0.000000     0.000000     0.000000
   -0.000000    -0.000000     0.000000    -0.000000    -0.054570    21.300000   -58.970000     9.810000    -0.000000     0.000000    -0.000000    -0.000000     0.000000    -0.000000    -0.000673    -0.000000
    0.001473    -0.004627    -0.103300    -0.000000    -0.108400    -3.393000     2.144000    -0.000000     0.000000    -0.000000     0.000000    -0.000000    -0.000007    -0.000948     0.049880    -0.002854
    0.000207    -0.000649    -0.014500    -0.000000     0.004500    -0.380300    -0.474900    -0.000000     0.000000    -0.000000     0.000000    -0.000000    -0.000001    -0.000133     0.002316    -0.000401
   -0.000000    -0.000000     0.000000     0.000000     0.000000     1.000000     0.000000     0.000000    -0.000000     0.000000    -0.000000     0.000000     0.000000     0.000000     0.000000     0.000000
    1.000000     0.000000    -0.000000    20.650000    -0.000000     0.000000     0.000000     0.000000     0.000000    -0.000000     0.000000     0.000000    -0.000000    -0.000000    -0.000000    -0.000000
    0.000000    -0.000000     0.000000    -0.000000     1.000000    -0.000000    -0.000000   -20.650000    -0.000000     0.000000    -0.000000    64.850000     0.000000     0.000000     0.000000     0.000000
   -0.000000     1.000000    -0.000000   -64.850000     0.000000     0.000000     0.000000     0.000000     0.000000    -0.000000     0.000000     0.000000    -0.000000    -0.000000    -0.000000    -0.000000
   -0.000000    -0.000000     0.000000     0.000000     0.000000    -0.000000     1.000000     0.000000    -0.000000     0.000000    -0.000000     0.000000     0.000000     0.000000     0.000000     0.000000
