u  w  q  the  v  p  r  phi  x  y  z  psi  |  slat  flap  aileron  elevator
   -0.008905     0.270500   -28.880000    -9.810000    -0.000000     0.000000     0.000000     0.000000     0.000000    -0.000000     0.000000     0.000000    -0.000915     0.036360    -0.000000     0.015200
   -0.116000    -0.361800    56.310000    -0.000000     0.000000    -0.000000    -0.000000    -0.000000     0.000000    -0.000000     0.000000     0.000000     0.002566    -0.104700     0.000000    -0.040300
    0.015070    -0.033370    -0.757100     0.000000    -0.001728    -0.058860     0.025610     0.000000    -0.000000     0.000000    -0.000000     0.000000    -0.000062    -0.005954     0.000717    -0.020480
   -0.000000    -0.000000     1.000000     0.000000     0.000000    -0.000000    -0.000000     0.000000    -0.000000     0.000000    -0.000000     0.000000     0.000000     0.000000     0.000000     0.000000
   -0.000000    -0.000000     0.000000    -0.000000    -0.037650    28.780000   -57.650000     9.810000    -0.000000     0.000000    -0.000000    -0.000000     0.000000    -0.000000    -0.001381    -0.000000
    0.001317    -0.002916    -0.066170    -0.000000    -0.051640    -1.351000     1.064000    -0.000000     0.000000    -0.000000     0.000000    -0.000000    -0.000005    -0.000520     0.018860    -0.001789
    0.000362    -0.000801    -0.018170    -0.000000     0.001920    -0.389100    -0.362200    -0.000000     0.000000    -0.000000     0.000000    -0.000000    -0.000001    -0.000143     0.002048    -0.000491
   -0.000000    -0.000000     0.000000     0.000000     0.000000     1.000000     0.000000     0.000000    -0.000000     0.000000    -0.000000     0.000000     0.000000     0.000000     0.000000     0.000000
    1.000000     0.000000    -0.000000    28.010000    -0.000000     0.000000     0.000000     0.000000     0.000000    -0.000000     0.000000     0.000000    -0.000000    -0.000000    -0.000000    -0.000000
    0.000000    -0.000000     0.000000    -0.000000     1.000000    -0.000000    -0.000000   -28.010000    -0.000000     0.000000    -0.000000    62.030000     0.000000     0.000000     0.000000     0.000000
   -0.000000     1.000000    -0.000000   -62.030000     0.000000     0.000000     0.000000     0.000000     0.000000    -0.000000     0.000000     0.000000    -0.000000    -0.000000    -0.000000    -0.000000
   -0.000000    -0.000000     0.000000     0.000000     0.000000    -0.000000     1.000000     0.000000    -0.000000     0.000000    -0.000000     0.000000     0.000000     0.000000     0.000000     0.000000

   -0.001923     0.167000   -21.970000    -9.810000    -0.000000    -0.000000     0.000000     0.000000     0.000000    -0.000000     0.000000     0.000000    -0.000843     0.035560    -0.000000     0.015080
   -0.082000    -0.474300    94.390000    -0.000000     0.000000     0.000000    -0.000000    -0.000000     0.000000    -0.000000     0.000000     0.000000     0.005431    -0.233800    -0.000000    -0.082320
    0.009888    -0.046730    -1.089000     0.000000    -0.001749    -0.083460     0.018620     0.000000    -0.000000     0.000000    -0.000000     0.000000    -0.000192    -0.015440     0.001799    -0.048390
   -0.000000    -0.000000     1.000000     0.000000     0.000000    -0.000000    -0.000000     0.000000    -0.000000     0.000000    -0.000000     0.000000     0.000000     0.000000     0.000000     0.000000
    0.000000    -0.000000     0.000000    -0.000000    -0.051850    21.820000   -96.400000     9.810000    -0.000000     0.000000    -0.000000    -0.000000    -0.000000    -0.000000     0.000728    -0.000000
    0.000873    -0.004125    -0.096140    -0.000000    -0.048820    -1.788000     0.906300    -0.000000     0.000000    -0.000000     0.000000    -0.000000    -0.000017    -0.001363     0.041580    -0.004272
    0.000266    -0.001258    -0.029330    -0.000000     0.007203    -0.259400    -0.507900    -0.000000     0.000000    -0.000000     0.000000    -0.000000    -0.000005    -0.000416     0.002204    -0.001303
   -0.000000    -0.000000     0.000000    -0.000000     0.000000     1.000000     0.000000     0.000000    -0.000000     0.000000    -0.000000     0.000000     0.000000     0.000000     0.000000     0.000000
    1.000000     0.000000    -0.000000    21.500000    -0.000000     0.000000     0.000000     0.000000     0.000000    -0.000000     0.000000     0.000000    -0.000000    -0.000000    -0.000000    -0.000000
    0.000000    -0.000000     0.000000    -0.000000     1.000000    -0.000000    -0.000000   -21.500000    -0.000000     0.000000    -0.000000   101.600000     0.000000     0.000000     0.000000     0.000000
   -0.000000     1.000000    -0.000000  -101.600000     0.000000     0.000000     0.000000     0.000000     0.000000    -0.000000     0.000000     0.000000    -0.000000    -0.000000    -0.000000    -0.000000
   -0.000000    -0.000000     0.000000     0.000000     0.000000    -0.000000     1.000000    -0.000000    -0.000000     0.000000    -0.000000     0.000000     0.000000     0.000000     0.000000     0.000000

   -0.000220     0.076970   -20.870000    -9.810000    -0.000000     0.000000     0.000000     0.000000     0.000000    -0.000000     0.000000     0.000000    -0.000661     0.029970    -0.000000     0.014060
   -0.046700    -0.462100   200.000000    -0.000000    -0.000000     0.000000    -0.000000    -0.000000     0.000000    -0.000000     0.000000     0.000000     0.010560    -0.479700    -0.000000    -0.156700
    0.006188    -0.061780    -1.438000     0.000000    -0.001712    -0.111800     0.007746     0.000000    -0.000000     0.000000    -0.000000     0.000000    -0.000675    -0.045960     0.005098    -0.131500
   -0.000000    -0.000000     1.000000     0.000000     0.000000    -0.000000    -0.000000     0.000000    -0.000000     0.000000    -0.000000     0.000000     0.000000     0.000000     0.000000     0.000000
    0.000000    -0.000000    -0.000000    -0.000000    -0.048370    20.710000  -202.100000     9.810000    -0.000000     0.000000    -0.000000    -0.000000     0.000000    -0.000000     0.004860    -0.000000
    0.000555    -0.005545    -0.129100    -0.000000    -0.037870    -1.727000     0.639200    -0.000000     0.000000    -0.000000     0.000000    -0.000000    -0.000061    -0.004126     0.082580    -0.011810
    0.000209    -0.002086    -0.048550    -0.000000     0.010600    -0.138800    -0.569600    -0.000000     0.000000    -0.000000     0.000000    -0.000000    -0.000023    -0.001552     0.002104    -0.004441
   -0.000000    -0.000000     0.000000    -0.000000     0.000000     1.000000     0.000000     0.000000    -0.000000     0.000000    -0.000000     0.000000     0.000000     0.000000     0.000000     0.000000
    1.000000     0.000000    -0.000000    20.690000    -0.000000     0.000000     0.000000     0.000000     0.000000    -0.000000     0.000000     0.000000    -0.000000    -0.000000    -0.000000    -0.000000
    0.000000    -0.000000     0.000000    -0.000000     1.000000    -0.000000    -0.000000   -20.690000    -0.000000     0.000000    -0.000000   206.600000     0.000000     0.000000     0.000000     0.000000
   -0.000000     1.000000    -0.000000  -206.600000     0.000000     0.000000     0.000000     0.000000     0.000000    -0.000000     0.000000     0.000000    -0.000000    -0.000000    -0.000000    -0.000000
   -0.000000    -0.000000     0.000000     0.000000     0.000000    -0.000000     1.000000     0.000000    -0.000000     0.000000    -0.000000     0.000000     0.000000     0.000000     0.000000     0.000000

   -0.000051     0.073930   -14.610000    -9.810000     0.000000     0.000000    -0.000000     0.000000     0.000000    -0.000000     0.000000     0.000000    -0.000585     0.026750    -0.000000     0.013320
   -0.049510    -0.614000   198.400000    -0.000000    -0.000000     0.000000     0.000000    -0.000000     0.000000    -0.000000     0.000000     0.000000     0.014050    -0.640900    -0.000000    -0.207600
    0.004255    -0.061010    -1.429000     0.000000    -0.001527    -0.109600     0.003826     0.000000    -0.000000     0.000000    -0.000000     0.000000    -0.000679    -0.046100     0.005099    -0.130800
   -0.000000    -0.000000     1.000000     0.000000     0.000000    -0.000000    -0.000000     0.000000    -0.000000     0.000000    -0.000000     0.000000     0.000000     0.000000     0.000000     0.000000
    0.000000    -0.000000    -0.000000    -0.000000    -0.065170    14.360000  -201.200000     9.810000    -0.000000     0.000000    -0.000000    -0.000000     0.000000    -0.000000     0.007560    -0.000000
    0.000382    -0.005476    -0.128300    -0.000000    -0.035460    -1.733000     0.575000    -0.000000     0.000000    -0.000000     0.000000    -0.000000    -0.000061    -0.004138     0.083230    -0.011740
    0.000144    -0.002060    -0.048250    -0.000000     0.011330    -0.091010    -0.570500    -0.000000     0.000000    -0.000000     0.000000    -0.000000    -0.000023    -0.001557     0.001387    -0.004416
   -0.000000    -0.000000     0.000000     0.000000     0.000000     1.000000     0.000000     0.000000    -0.000000     0.000000    -0.000000     0.000000     0.000000     0.000000     0.000000     0.000000
    1.000000     0.000000    -0.000000    14.450000    -0.000000     0.000000     0.000000     0.000000     0.000000    -0.000000     0.000000     0.000000    -0.000000    -0.000000    -0.000000    -0.000000
    0.000000    -0.000000     0.000000    -0.000000     1.000000    -0.000000    -0.000000   -14.450000    -0.000000     0.000000    -0.000000   207.100000     0.000000     0.000000     0.000000     0.000000
   -0.000000     1.000000    -0.000000  -207.100000     0.000000     0.000000     0.000000     0.000000     0.000000    -0.000000     0.000000     0.000000    -0.000000    -0.000000    -0.000000    -0.000000
   -0.000000    -0.000000     0.000000     0.000000     0.000000    -0.000000     1.000000    -0.000000    -0.000000     0.000000    -0.000000     0.000000     0.000000     0.000000     0.000000     0.000000

   -0.001034     0.163200   -15.980000    -9.810000     0.000000    -0.000000     0.000000     0.000000     0.000000    -0.000000     0.000000     0.000000    -0.000804     0.034240    -0.000000     0.014720
   -0.084130    -0.629200    93.090000    -0.000000     0.000000     0.000000    -0.000000    -0.000000     0.000000    -0.000000     0.000000     0.000000     0.007267    -0.315400    -0.000000    -0.109300
    0.006934    -0.045890    -1.083000     0.000000    -0.001518    -0.081530     0.013440     0.000000    -0.000000     0.000000    -0.000000     0.000000    -0.000198    -0.015700     0.001824    -0.048470
   -0.000000    -0.000000     1.000000     0.000000     0.000000    -0.000000    -0.000000     0.000000    -0.000000     0.000000    -0.000000     0.000000     0.000000     0.000000     0.000000     0.000000
   -0.000000    -0.000000     0.000000    -0.000000    -0.070780    15.720000   -95.840000     9.810000    -0.000000     0.000000    -0.000000    -0.000000    -0.000000    -0.000000     0.002156     0.000000
    0.000612    -0.004051    -0.095570    -0.000000    -0.044360    -1.811000     0.785700    -0.000000     0.000000    -0.000000     0.000000    -0.000000    -0.000017    -0.001386     0.042710    -0.004279
    0.000187    -0.001236    -0.029150    -0.000000     0.008488    -0.182000    -0.513200    -0.000000     0.000000    -0.000000     0.000000    -0.000000    -0.000005    -0.000423     0.001607    -0.001305
   -0.000000    -0.000000     0.000000    -0.000000     0.000000     1.000000     0.000000     0.000000    -0.000000     0.000000    -0.000000     0.000000     0.000000     0.000000     0.000000     0.000000
    1.000000     0.000000    -0.000000    15.520000    -0.000000     0.000000     0.000000     0.000000     0.000000    -0.000000     0.000000     0.000000    -0.000000    -0.000000    -0.000000    -0.000000
    0.000000    -0.000000     0.000000    -0.000000     1.000000    -0.000000    -0.000000   -15.520000    -0.000000     0.000000    -0.000000   102.700000     0.000000     0.000000     0.000000     0.000000
   -0.000000     1.000000    -0.000000  -102.700000     0.000000     0.000000     0.000000     0.000000     0.000000    -0.000000     0.000000     0.000000    -0.000000    -0.000000    -0.000000    -0.000000
   -0.000000    -0.000000     0.000000     0.000000     0.000000    -0.000000     1.000000    -0.000000    -0.000000     0.000000    -0.000000     0.000000     0.000000     0.000000     0.000000     0.000000

   -0.005318     0.264300   -21.180000    -9.810000    -0.000000     0.000000     0.000000     0.000000     0.000000    -0.000000     0.000000     0.000000    -0.000913     0.037000    -0.000000     0.015360
   -0.116500    -0.493200    57.110000    -0.000000    -0.000000    -0.000000     0.000000    -0.000000     0.000000    -0.000000     0.000000     0.000000     0.003646    -0.151600     0.000000    -0.056340
    0.010300    -0.032910    -0.764300     0.000000    -0.001450    -0.057860     0.019010     0.000000    -0.000000     0.000000    -0.000000     0.000000    -0.000070    -0.006463     0.000774    -0.021540
   -0.000000    -0.000000     1.000000     0.000000     0.000000    -0.000000    -0.000000     0.000000    -0.000000     0.000000    -0.000000     0.000000     0.000000     0.000000     0.000000     0.000000
   -0.000000    -0.000000     0.000000    -0.000000    -0.054910    20.970000   -59.080000     9.810000    -0.000000     0.000000    -0.000000    -0.000000     0.000000    -0.000000    -0.000629    -0.000000
    0.000900    -0.002876    -0.066790    -0.000000    -0.045390    -1.422000     0.888000    -0.000000     0.000000    -0.000000     0.000000    -0.000000    -0.000006    -0.000565     0.020950    -0.001883
    0.000247    -0.000790    -0.018340    -0.000000     0.003930    -0.278200    -0.377900    -0.000000     0.000000    -0.000000     0.000000    -0.000000    -0.000002    -0.000155     0.001577    -0.000517
   -0.000000    -0.000000     0.000000     0.000000     0.000000     1.000000     0.000000     0.000000    -0.000000     0.000000    -0.000000     0.000000     0.000000     0.000000     0.000000     0.000000
    1.000000     0.000000    -0.000000    20.330000    -0.000000     0.000000     0.000000     0.000000     0.000000    -0.000000     0.000000     0.000000    -0.000000    -0.000000    -0.000000    -0.000000
    0.000000    -0.000000     0.000000    -0.000000     1.000000    -0.000000    -0.000000   -20.330000    -0.000000     0.000000    -0.000000    64.950000     0.000000     0.000000     0.000000     0.000000
   -0.000000     1.000000    -0.000000   -64.950000     0.000000     0.000000     0.000000     0.000000     0.000000    -0.000000     0.000000     0.000000    -0.000000    -0.000000    -0.000000    -0.000000
   -0.000000    -0.000000     0.000000     0.000000     0.000000    -0.000000     1.000000    -0.000000    -0.000000     0.000000    -0.000000     0.000000     0.000000     0.000000     0.000000     0.000000
