u  w  q  the  v  p  r  phi  x  y  z  psi  |  slat  flap  aileron  elevator
   -0.009616     0.272100   -29.060000    -9.810000    -0.000000     0.000000     0.000000     0.000000     0.000000    -0.000000     0.000000     0.000000    -0.000921     0.036570    -0.000000     0.015580
   -0.115000    -0.361200    56.190000    -0.000000     0.000000    -0.000000     0.000000    -0.000000     0.000000    -0.000000     0.000000     0.000000     0.002560    -0.104400     0.000000    -0.040230
    0.016050    -0.035240    -0.786900     0.000000    -0.002115    -0.068210     0.034390     0.000000    -0.000000     0.000000    -0.000000     0.000000    -0.000055    -0.006420     0.000851    -0.021080
   -0.000000    -0.000000     1.000000    -0.000000     0.000000    -0.000000    -0.000000    -0.000000    -0.000000     0.000000    -0.000000    -0.000000     0.000000     0.000000     0.000000     0.000000
   -0.000000    -0.000000     0.000000    -0.000000    -0.037490    28.980000   -57.570000     9.810000    -0.000000     0.000000    -0.000000    -0.000000     0.000000    -0.000000    -0.001399    -0.000000
    0.001662    -0.003649    -0.081480    -0.000000    -0.073050    -1.910000     1.513000    -0.000000     0.000000    -0.000000     0.000000    -0.000000    -0.000006    -0.000665     0.026600    -0.002183
    0.000357    -0.000783    -0.017490    -0.000000     0.001990    -0.444200    -0.403800    -0.000000     0.000000    -0.000000     0.000000    -0.000000    -0.000001    -0.000143     0.002371    -0.000469
   -0.000000    -0.000000     0.000000     0.000000     0.000000     1.000000     0.000000    -0.000000    -0.000000     0.000000    -0.000000    -0.000000     0.000000     0.000000     0.000000     0.000000
    1.000000     0.000000    -0.000000    28.210000    -0.000000     0.000000     0.000000     0.000000     0.000000    -0.000000     0.000000     0.000000    -0.000000    -0.000000    -0.000000    -0.000000
    0.000000    -0.000000     0.000000    -0.000000     1.000000    -0.000000    -0.000000   -28.210000    -0.000000     0.000000    -0.000000    61.940000     0.000000     0.000000     0.000000     0.000000
   -0.000000     1.000000    -0.000000   -61.940000     0.000000     0.000000     0.000000     0.000000     0.000000    -0.000000     0.000000     0.000000    -0.000000    -0.000000    -0.000000    -0.000000
   -0.000000    -0.000000     0.000000     0.000000     0.000000    -0.000000     1.000000    -0.000000    -0.000000     0.000000    -0.000000    -0.000000     0.000000     0.000000     0.000000     0.000000

   -0.002142     0.168000   -22.110000    -9.810000    -0.000000    -0.000000    -0.000000     0.000000     0.000000    -0.000000     0.000000     0.000000    -0.000849     0.035820    -0.000000     0.015540
   -0.081320    -0.474100    94.310000    -0.000000     0.000000     0.000000     0.000000    -0.000000     0.000000    -0.000000     0.000000     0.000000     0.005427    -0.233600    -0.000000    -0.082320
    0.010620    -0.049810    -1.138000     0.000000    -0.002214    -0.099800     0.028020     0.000000    -0.000000     0.000000    -0.000000     0.000000    -0.000177    -0.016770     0.002183    -0.050110
   -0.000000    -0.000000     1.000000     0.000000     0.000000    -0.000000    -0.000000     0.000000    -0.000000     0.000000    -0.000000     0.000000     0.000000     0.000000     0.000000     0.000000
   -0.000000    -0.000000     0.000000    -0.000000    -0.051750    21.980000   -96.370000     9.810000    -0.000000     0.000000    -0.000000    -0.000000    -0.000000    -0.000000     0.000709    -0.000000
    0.001116    -0.005235    -0.119500    -0.000000    -0.069370    -2.541000     1.295000    -0.000000     0.000000    -0.000000     0.000000    -0.000000    -0.000019    -0.001762     0.059060    -0.005265
    0.000268    -0.001259    -0.028750    -0.000000     0.008096    -0.303300    -0.577300    -0.000000     0.000000    -0.000000     0.000000    -0.000000    -0.000004    -0.000424     0.002661    -0.001267
   -0.000000    -0.000000     0.000000    -0.000000     0.000000     1.000000     0.000000     0.000000    -0.000000     0.000000    -0.000000     0.000000     0.000000     0.000000     0.000000     0.000000
    1.000000     0.000000    -0.000000    21.650000    -0.000000     0.000000     0.000000     0.000000     0.000000    -0.000000     0.000000     0.000000    -0.000000    -0.000000    -0.000000    -0.000000
    0.000000    -0.000000     0.000000    -0.000000     1.000000    -0.000000    -0.000000   -21.650000    -0.000000     0.000000    -0.000000   101.600000     0.000000     0.000000     0.000000     0.000000
   -0.000000     1.000000    -0.000000  -101.600000     0.000000     0.000000     0.000000     0.000000     0.000000    -0.000000     0.000000     0.000000    -0.000000    -0.000000    -0.000000    -0.000000
   -0.000000    -0.000000     0.000000     0.000000     0.000000    -0.000000     1.000000    -0.000000    -0.000000     0.000000    -0.000000     0.000000     0.000000     0.000000     0.000000     0.000000

   -0.000274     0.077460   -21.020000    -9.810000     0.000000    -0.000000     0.000000     0.000000     0.000000    -0.000000     0.000000     0.000000    -0.000667     0.030230    -0.000000     0.014570
   -0.046350    -0.462100   199.900000    -0.000000    -0.000000     0.000000    -0.000000    -0.000000     0.000000    -0.000000     0.000000     0.000000     0.010550    -0.479600    -0.000000    -0.156700
    0.006753    -0.066900    -1.522000     0.000000    -0.002278    -0.138100     0.017380     0.000000    -0.000000     0.000000    -0.000000     0.000000    -0.000646    -0.050560     0.006352    -0.138000
   -0.000000    -0.000000     1.000000    -0.000000     0.000000    -0.000000    -0.000000    -0.000000    -0.000000     0.000000    -0.000000    -0.000000     0.000000     0.000000     0.000000     0.000000
    0.000000    -0.000000    -0.000000    -0.000000    -0.048330    20.870000  -202.100000     9.810000    -0.000000     0.000000    -0.000000    -0.000000     0.000000    -0.000000     0.004843    -0.000000
    0.000727    -0.007203    -0.163900    -0.000000    -0.054220    -2.474000     0.920300    -0.000000     0.000000    -0.000000     0.000000    -0.000000    -0.000069    -0.005444     0.118200    -0.014860
    0.000221    -0.002191    -0.049850    -0.000000     0.012490    -0.170000    -0.673100    -0.000000     0.000000    -0.000000     0.000000    -0.000000    -0.000021    -0.001656     0.002738    -0.004519
   -0.000000    -0.000000     0.000000     0.000000     0.000000     1.000000     0.000000    -0.000000    -0.000000     0.000000    -0.000000    -0.000000     0.000000     0.000000     0.000000     0.000000
    1.000000     0.000000    -0.000000    20.850000    -0.000000     0.000000     0.000000     0.000000     0.000000    -0.000000     0.000000     0.000000    -0.000000    -0.000000    -0.000000    -0.000000
    0.000000    -0.000000     0.000000    -0.000000     1.000000    -0.000000    -0.000000   -20.850000    -0.000000     0.000000    -0.000000   206.600000     0.000000     0.000000     0.000000     0.000000
   -0.000000     1.000000    -0.000000  -206.600000     0.000000     0.000000     0.000000     0.000000     0.000000    -0.000000     0.000000     0.000000    -0.000000    -0.000000    -0.000000    -0.000000
   -0.000000    -0.000000     0.000000     0.000000     0.000000    -0.000000     1.000000    -0.000000    -0.000000     0.000000    -0.000000    -0.000000     0.000000     0.000000     0.000000     0.000000

   -0.000088     0.074410   -14.730000    -9.810000     0.000000     0.000000     0.000000     0.000000     0.000000    -0.000000     0.000000     0.000000    -0.000592     0.027020    -0.000000     0.013840
   -0.049170    -0.613900   198.300000    -0.000000    -0.000000    -0.000000     0.000000    -0.000000     0.000000    -0.000000     0.000000     0.000000     0.014040    -0.640900    -0.000000    -0.207700
    0.004649    -0.066110    -1.513000     0.000000    -0.002055    -0.135900     0.012450     0.000000    -0.000000     0.000000    -0.000000     0.000000    -0.000649    -0.050720     0.006362    -0.137200
   -0.000000    -0.000000     1.000000     0.000000     0.000000    -0.000000    -0.000000     0.000000    -0.000000     0.000000    -0.000000     0.000000     0.000000     0.000000     0.000000     0.000000
    0.000000    -0.000000    -0.000000    -0.000000    -0.065120    14.480000  -201.200000     9.810000    -0.000000     0.000000    -0.000000    -0.000000     0.000000    -0.000000     0.007543    -0.000000
    0.000501    -0.007118    -0.162900    -0.000000    -0.050750    -2.483000     0.827900    -0.000000     0.000000    -0.000000     0.000000    -0.000000    -0.000070    -0.005461     0.119200    -0.014770
    0.000152    -0.002165    -0.049540    -0.000000     0.013370    -0.113200    -0.674400    -0.000000     0.000000    -0.000000     0.000000    -0.000000    -0.000021    -0.001661     0.001889    -0.004493
   -0.000000    -0.000000     0.000000    -0.000000     0.000000     1.000000     0.000000     0.000000    -0.000000     0.000000    -0.000000     0.000000     0.000000     0.000000     0.000000     0.000000
    1.000000     0.000000    -0.000000    14.560000    -0.000000     0.000000     0.000000     0.000000     0.000000    -0.000000     0.000000     0.000000    -0.000000    -0.000000    -0.000000    -0.000000
    0.000000    -0.000000     0.000000    -0.000000     1.000000    -0.000000    -0.000000   -14.560000    -0.000000     0.000000    -0.000000   207.100000     0.000000     0.000000     0.000000     0.000000
   -0.000000     1.000000    -0.000000  -207.100000     0.000000     0.000000     0.000000     0.000000     0.000000    -0.000000     0.000000     0.000000    -0.000000    -0.000000    -0.000000    -0.000000
   -0.000000    -0.000000     0.000000     0.000000     0.000000    -0.000000     1.000000     0.000000    -0.000000     0.000000    -0.000000     0.000000     0.000000     0.000000     0.000000     0.000000

   -0.001190     0.164200   -16.080000    -9.810000    -0.000000    -0.000000    -0.000000     0.000000     0.000000    -0.000000     0.000000     0.000000    -0.000811     0.034510    -0.000000     0.015190
   -0.083460    -0.629100    93.000000    -0.000000     0.000000     0.000000    -0.000000    -0.000000     0.000000    -0.000000     0.000000     0.000000     0.007264    -0.315300    -0.000000    -0.109300
    0.007457    -0.048980    -1.131000     0.000000    -0.001941    -0.098180     0.021700     0.000000    -0.000000     0.000000    -0.000000     0.000000    -0.000182    -0.017060     0.002219    -0.050190
   -0.000000    -0.000000     1.000000     0.000000     0.000000    -0.000000    -0.000000     0.000000    -0.000000     0.000000    -0.000000     0.000000     0.000000     0.000000     0.000000     0.000000
   -0.000000    -0.000000     0.000000    -0.000000    -0.070680    15.830000   -95.810000     9.810000    -0.000000     0.000000    -0.000000    -0.000000     0.000000    -0.000000     0.002137     0.000000
    0.000784    -0.005147    -0.118800    -0.000000    -0.063020    -2.573000     1.122000    -0.000000     0.000000    -0.000000     0.000000    -0.000000    -0.000019    -0.001793     0.060680    -0.005274
    0.000189    -0.001238    -0.028580    -0.000000     0.009587    -0.214700    -0.583800    -0.000000     0.000000    -0.000000     0.000000    -0.000000    -0.000005    -0.000431     0.001982    -0.001269
   -0.000000    -0.000000     0.000000     0.000000     0.000000     1.000000     0.000000     0.000000    -0.000000     0.000000    -0.000000     0.000000     0.000000     0.000000     0.000000     0.000000
    1.000000     0.000000    -0.000000    15.630000    -0.000000     0.000000     0.000000     0.000000     0.000000    -0.000000     0.000000     0.000000    -0.000000    -0.000000    -0.000000    -0.000000
    0.000000    -0.000000     0.000000    -0.000000     1.000000    -0.000000    -0.000000   -15.630000    -0.000000     0.000000    -0.000000   102.700000     0.000000     0.000000     0.000000     0.000000
   -0.000000     1.000000    -0.000000  -102.700000     0.000000     0.000000     0.000000     0.000000     0.000000    -0.000000     0.000000     0.000000    -0.000000    -0.000000    -0.000000    -0.000000
   -0.000000    -0.000000     0.000000     0.000000     0.000000    -0.000000     1.000000     0.000000    -0.000000     0.000000    -0.000000     0.000000     0.000000     0.000000     0.000000     0.000000

   -0.005805     0.265900   -21.300000    -9.810000     0.000000     0.000000     0.000000     0.000000     0.000000    -0.000000     0.000000     0.000000    -0.000920     0.037250    -0.000000     0.015780
   -0.115500    -0.492800    57.010000    -0.000000     0.000000    -0.000000    -0.000000    -0.000000     0.000000    -0.000000     0.000000     0.000000     0.003641    -0.151400     0.000000    -0.056310
    0.010990    -0.034850    -0.794500     0.000000    -0.001794    -0.067950     0.026470     0.000000    -0.000000     0.000000    -0.000000     0.000000    -0.000062    -0.006984     0.000926    -0.022200
   -0.000000    -0.000000     1.000000     0.000000     0.000000    -0.000000    -0.000000    -0.000000    -0.000000     0.000000    -0.000000     0.000000     0.000000     0.000000     0.000000     0.000000
   -0.000000    -0.000000     0.000000    -0.000000    -0.054760    21.120000   -59.030000     9.810000    -0.000000     0.000000    -0.000000    -0.000000    -0.000000    -0.000000    -0.000649    -0.000000
    0.001138    -0.003608    -0.082280    -0.000000    -0.064210    -2.011000     1.262000    -0.000000     0.000000    -0.000000     0.000000    -0.000000    -0.000006    -0.000723     0.029600    -0.002298
    0.000244    -0.000775    -0.017660    -0.000000     0.004281    -0.319200    -0.422200    -0.000000     0.000000    -0.000000     0.000000    -0.000000    -0.000001    -0.000155     0.001850    -0.000494
   -0.000000    -0.000000     0.000000     0.000000     0.000000     1.000000     0.000000     0.000000    -0.000000     0.000000    -0.000000     0.000000     0.000000     0.000000     0.000000     0.000000
    1.000000     0.000000    -0.000000    20.470000    -0.000000     0.000000     0.000000     0.000000     0.000000    -0.000000     0.000000     0.000000    -0.000000    -0.000000    -0.000000    -0.000000
    0.000000    -0.000000     0.000000    -0.000000     1.000000    -0.000000    -0.000000   -20.470000    -0.000000     0.000000    -0.000000    64.910000     0.000000     0.000000     0.000000     0.000000
   -0.000000     1.000000    -0.000000   -64.910000     0.000000     0.000000     0.000000     0.000000     0.000000    -0.000000     0.000000     0.000000    -0.000000    -0.000000    -0.000000    -0.000000
   -0.000000    -0.000000     0.000000     0.000000     0.000000    -0.000000     1.000000     0.000000    -0.000000     0.000000    -0.000000     0.000000     0.000000     0.000000     0.000000     0.000000
