u  w  q  the  v  p  r  phi  x  y  z  psi  |  slat  flap  aileron  elevator
   -0.013080     0.279200   -29.840000    -9.810000    -0.000000     0.000000     0.000000     0.000000     0.000000    -0.000000     0.000000     0.000000    -0.000946     0.037500    -0.000000     0.017270
   -0.110500    -0.358500    55.640000    -0.000000     0.000000    -0.000000    -0.000000    -0.000000     0.000000    -0.000000     0.000000     0.000000     0.002528    -0.103000     0.000000    -0.039910
    0.020190    -0.042730    -0.898900     0.000000    -0.003127    -0.088410     0.061260     0.000000    -0.000000     0.000000    -0.000000     0.000000    -0.000019    -0.008374     0.001167    -0.023030
   -0.000000    -0.000000     1.000000     0.000000     0.000000    -0.000000    -0.000000     0.000000    -0.000000     0.000000    -0.000000     0.000000     0.000000     0.000000     0.000000     0.000000
   -0.000000    -0.000000     0.000000    -0.000000    -0.036750    29.890000   -57.160000     9.810000    -0.000000     0.000000    -0.000000    -0.000000     0.000000    -0.000000    -0.001482    -0.000000
    0.002841    -0.006011    -0.126500    -0.000000    -0.213500    -5.550000     4.528000    -0.000000     0.000000    -0.000000     0.000000    -0.000000    -0.000003    -0.001178     0.076680    -0.003240
    0.000243    -0.000515    -0.010830    -0.000000     0.001157    -0.626800    -0.494200    -0.000000     0.000000    -0.000000     0.000000    -0.000000    -0.000000    -0.000101     0.003630    -0.000277
   -0.000000    -0.000000     0.000000     0.000000     0.000000     1.000000     0.000000     0.000000    -0.000000     0.000000    -0.000000     0.000000     0.000000     0.000000     0.000000     0.000000
    1.000000     0.000000    -0.000000    29.080000    -0.000000     0.000000     0.000000     0.000000     0.000000    -0.000000     0.000000     0.000000    -0.000000    -0.000000    -0.000000    -0.000000
    0.000000    -0.000000     0.000000    -0.000000     1.000000    -0.000000    -0.000000   -29.080000    -0.000000     0.000000    -0.000000    61.530000     0.000000     0.000000     0.000000     0.000000
   -0.000000     1.000000    -0.000000   -61.530000     0.000000     0.000000     0.000000     0.000000     0.000000    -0.000000     0.000000     0.000000    -0.000000    -0.000000    -0.000000    -0.000000
   -0.000000    -0.000000     0.000000     0.000000     0.000000    -0.000000     1.000000    -0.000000    -0.000000     0.000000    -0.000000     0.000000     0.000000     0.000000     0.000000     0.000000

   -0.003220     0.172400   -22.740000    -9.810000     0.000000    -0.000000     0.000000     0.000000     0.000000    -0.000000     0.000000     0.000000    -0.000878     0.037000     0.000000     0.017590
   -0.078290    -0.473100    93.930000    -0.000000     0.000000     0.000000    -0.000000    -0.000000     0.000000    -0.000000     0.000000     0.000000     0.005413    -0.232900    -0.000000    -0.082290
    0.013740    -0.062370    -1.321000     0.000000    -0.003603    -0.142700     0.061440     0.000000    -0.000000     0.000000    -0.000000     0.000000    -0.000091    -0.022420     0.003230    -0.055820
   -0.000000    -0.000000     1.000000     0.000000     0.000000    -0.000000    -0.000000     0.000000    -0.000000     0.000000    -0.000000     0.000000     0.000000     0.000000     0.000000     0.000000
   -0.000000    -0.000000    -0.000000    -0.000000    -0.051320    22.680000   -96.200000     9.810000    -0.000000     0.000000    -0.000000    -0.000000    -0.000000    -0.000000     0.000621    -0.000000
    0.002021    -0.009176    -0.194300    -0.000000    -0.208800    -7.643000     3.994000    -0.000000     0.000000    -0.000000     0.000000    -0.000000    -0.000013    -0.003298     0.177200    -0.008212
    0.000193    -0.000878    -0.018590    -0.000000     0.009688    -0.469700    -0.755000    -0.000000     0.000000    -0.000000     0.000000    -0.000000    -0.000001    -0.000316     0.004849    -0.000786
   -0.000000    -0.000000     0.000000    -0.000000     0.000000     1.000000     0.000000     0.000000    -0.000000     0.000000    -0.000000     0.000000     0.000000     0.000000     0.000000     0.000000
    1.000000     0.000000    -0.000000    22.330000    -0.000000     0.000000     0.000000     0.000000     0.000000    -0.000000     0.000000     0.000000    -0.000000    -0.000000    -0.000000    -0.000000
    0.000000    -0.000000     0.000000    -0.000000     1.000000    -0.000000    -0.000000   -22.330000    -0.000000     0.000000    -0.000000   101.400000     0.000000     0.000000     0.000000     0.000000
   -0.000000     1.000000    -0.000000  -101.400000     0.000000     0.000000     0.000000     0.000000     0.000000    -0.000000     0.000000     0.000000    -0.000000    -0.000000    -0.000000    -0.000000
   -0.000000    -0.000000     0.000000     0.000000     0.000000    -0.000000     1.000000     0.000000    -0.000000     0.000000    -0.000000     0.000000     0.000000     0.000000     0.000000     0.000000

   -0.000543     0.079630   -21.710000    -9.810000     0.000000     0.000000     0.000000     0.000000     0.000000    -0.000000     0.000000     0.000000    -0.000694     0.031440    -0.000000     0.016870
   -0.044790    -0.461700   199.600000    -0.000000    -0.000000     0.000000     0.000000    -0.000000     0.000000    -0.000000     0.000000     0.000000     0.010550    -0.479200    -0.000000    -0.156900
    0.009191    -0.088010    -1.842000     0.000000    -0.004374    -0.222500     0.062470     0.000000    -0.000000     0.000000    -0.000000     0.000000    -0.000432    -0.070300     0.010460    -0.160000
   -0.000000    -0.000000     1.000000     0.000000     0.000000    -0.000000    -0.000000     0.000000    -0.000000     0.000000    -0.000000     0.000000     0.000000     0.000000     0.000000     0.000000
    0.000000    -0.000000    -0.000000    -0.000000    -0.048120    21.590000  -202.000000     9.810000    -0.000000     0.000000    -0.000000    -0.000000     0.000000    -0.000000     0.004765    -0.000000
    0.001461    -0.014000    -0.292800    -0.000000    -0.171900    -7.850000     2.996000    -0.000000     0.000000    -0.000000     0.000000    -0.000000    -0.000069    -0.011180     0.374900    -0.025440
    0.000181    -0.001737    -0.036350    -0.000000     0.017880    -0.309500    -0.991600    -0.000000     0.000000    -0.000000     0.000000    -0.000000    -0.000009    -0.001388     0.006581    -0.003158
   -0.000000    -0.000000     0.000000    -0.000000     0.000000     1.000000     0.000000     0.000000    -0.000000     0.000000    -0.000000     0.000000     0.000000     0.000000     0.000000     0.000000
    1.000000     0.000000    -0.000000    21.560000    -0.000000     0.000000     0.000000     0.000000     0.000000    -0.000000     0.000000     0.000000    -0.000000    -0.000000    -0.000000    -0.000000
    0.000000    -0.000000     0.000000    -0.000000     1.000000    -0.000000    -0.000000   -21.560000    -0.000000     0.000000    -0.000000   206.500000     0.000000     0.000000     0.000000     0.000000
   -0.000000     1.000000    -0.000000  -206.500000     0.000000     0.000000     0.000000     0.000000     0.000000    -0.000000     0.000000     0.000000    -0.000000    -0.000000    -0.000000    -0.000000
   -0.000000    -0.000000     0.000000     0.000000     0.000000    -0.000000     1.000000     0.000000    -0.000000     0.000000    -0.000000     0.000000     0.000000     0.000000     0.000000     0.000000

   -0.000276     0.076580   -15.230000    -9.810000     0.000000    -0.000000    -0.000000     0.000000     0.000000    -0.000000     0.000000     0.000000    -0.000619     0.028240    -0.000000     0.016160
   -0.047610    -0.613600   198.000000    -0.000000    -0.000000    -0.000000    -0.000000    -0.000000     0.000000    -0.000000     0.000000     0.000000     0.014040    -0.640600    -0.000000    -0.207800
    0.006357    -0.087190    -1.830000     0.000000    -0.004041    -0.221500     0.054110     0.000000    -0.000000     0.000000    -0.000000     0.000000    -0.000435    -0.070590     0.010520    -0.159100
   -0.000000    -0.000000     1.000000    -0.000000     0.000000    -0.000000    -0.000000    -0.000000    -0.000000     0.000000    -0.000000    -0.000000     0.000000     0.000000     0.000000     0.000000
    0.000000    -0.000000    -0.000000    -0.000000    -0.064910    15.020000  -201.100000     9.810000    -0.000000     0.000000    -0.000000    -0.000000     0.000000    -0.000000     0.007466    -0.000000
    0.001011    -0.013860    -0.290900    -0.000000    -0.160800    -7.877000     2.696000    -0.000000     0.000000    -0.000000     0.000000    -0.000000    -0.000069    -0.011230     0.378000    -0.025290
    0.000125    -0.001721    -0.036120    -0.000000     0.019310    -0.223300    -0.996000    -0.000000     0.000000    -0.000000     0.000000    -0.000000    -0.000009    -0.001393     0.005319    -0.003140
   -0.000000    -0.000000     0.000000     0.000000     0.000000     1.000000     0.000000    -0.000000    -0.000000     0.000000    -0.000000    -0.000000     0.000000     0.000000     0.000000     0.000000
    1.000000     0.000000    -0.000000    15.100000    -0.000000     0.000000     0.000000     0.000000     0.000000    -0.000000     0.000000     0.000000    -0.000000    -0.000000    -0.000000    -0.000000
    0.000000    -0.000000     0.000000    -0.000000     1.000000    -0.000000    -0.000000   -15.100000    -0.000000     0.000000    -0.000000   207.100000     0.000000     0.000000     0.000000     0.000000
   -0.000000     1.000000    -0.000000  -207.100000     0.000000     0.000000     0.000000     0.000000     0.000000    -0.000000     0.000000     0.000000    -0.000000    -0.000000    -0.000000    -0.000000
   -0.000000    -0.000000     0.000000     0.000000     0.000000    -0.000000     1.000000    -0.000000    -0.000000     0.000000    -0.000000    -0.000000     0.000000     0.000000     0.000000     0.000000

   -0.001961     0.168600   -16.530000    -9.810000     0.000000    -0.000000    -0.000000     0.000000     0.000000    -0.000000     0.000000     0.000000    -0.000840     0.035730     0.000000     0.017300
   -0.080440    -0.628300    92.610000    -0.000000    -0.000000     0.000000     0.000000    -0.000000     0.000000    -0.000000     0.000000     0.000000     0.007254    -0.314700    -0.000000    -0.109400
    0.009694    -0.061620    -1.313000     0.000000    -0.003231    -0.142900     0.051800     0.000000    -0.000000     0.000000    -0.000000     0.000000    -0.000095    -0.022870     0.003310    -0.055930
   -0.000000    -0.000000     1.000000     0.000000     0.000000    -0.000000    -0.000000     0.000000    -0.000000     0.000000    -0.000000     0.000000     0.000000     0.000000     0.000000     0.000000
   -0.000000    -0.000000    -0.000000    -0.000000    -0.070270    16.360000   -95.700000     9.810000    -0.000000     0.000000    -0.000000    -0.000000     0.000000     0.000000     0.002050    -0.000000
    0.001426    -0.009065    -0.193100    -0.000000    -0.189600    -7.743000     3.463000    -0.000000     0.000000    -0.000000     0.000000    -0.000000    -0.000014    -0.003365     0.182400    -0.008228
    0.000137    -0.000867    -0.018480    -0.000000     0.011890    -0.348500    -0.768000    -0.000000     0.000000    -0.000000     0.000000    -0.000000    -0.000001    -0.000322     0.003961    -0.000787
   -0.000000    -0.000000     0.000000    -0.000000     0.000000     1.000000     0.000000     0.000000    -0.000000     0.000000    -0.000000     0.000000     0.000000     0.000000     0.000000     0.000000
    1.000000     0.000000    -0.000000    16.140000    -0.000000     0.000000     0.000000     0.000000     0.000000    -0.000000     0.000000     0.000000    -0.000000    -0.000000    -0.000000    -0.000000
    0.000000    -0.000000     0.000000    -0.000000     1.000000    -0.000000    -0.000000   -16.140000    -0.000000     0.000000    -0.000000   102.600000     0.000000     0.000000     0.000000     0.000000
   -0.000000     1.000000    -0.000000  -102.600000     0.000000     0.000000     0.000000     0.000000     0.000000    -0.000000     0.000000     0.000000    -0.000000    -0.000000    -0.000000    -0.000000
   -0.000000    -0.000000     0.000000     0.000000     0.000000    -0.000000     1.000000     0.000000    -0.000000     0.000000    -0.000000     0.000000     0.000000     0.000000     0.000000     0.000000

   -0.008180     0.272700   -21.850000    -9.810000    -0.000000     0.000000     0.000000     0.000000     0.000000    -0.000000     0.000000     0.000000    -0.000949     0.038350    -0.000000     0.017630
   -0.111000    -0.490800    56.580000    -0.000000     0.000000    -0.000000    -0.000000    -0.000000     0.000000    -0.000000     0.000000     0.000000     0.003620    -0.150400     0.000000    -0.056150
    0.013930    -0.042700    -0.909000     0.000000    -0.002712    -0.091220     0.049920     0.000000    -0.000000     0.000000    -0.000000     0.000000    -0.000023    -0.009196     0.001296    -0.024360
   -0.000000    -0.000000     1.000000    -0.000000     0.000000    -0.000000    -0.000000    -0.000000    -0.000000     0.000000    -0.000000    -0.000000     0.000000     0.000000     0.000000     0.000000
   -0.000000    -0.000000     0.000000    -0.000000    -0.054090    21.790000   -58.810000     9.810000    -0.000000     0.000000    -0.000000    -0.000000     0.000000    -0.000000    -0.000738    -0.000000
    0.001960    -0.006007    -0.127900    -0.000000    -0.187600    -5.861000     3.779000    -0.000000     0.000000    -0.000000     0.000000    -0.000000    -0.000003    -0.001294     0.085920    -0.003427
    0.000168    -0.000514    -0.010950    -0.000000     0.004367    -0.463300    -0.523800    -0.000000     0.000000    -0.000000     0.000000    -0.000000    -0.000000    -0.000111     0.003022    -0.000293
   -0.000000    -0.000000     0.000000     0.000000     0.000000     1.000000     0.000000    -0.000000    -0.000000     0.000000    -0.000000    -0.000000     0.000000     0.000000     0.000000     0.000000
    1.000000     0.000000    -0.000000    21.110000    -0.000000     0.000000     0.000000     0.000000     0.000000    -0.000000     0.000000     0.000000    -0.000000    -0.000000    -0.000000    -0.000000
    0.000000    -0.000000     0.000000    -0.000000     1.000000    -0.000000    -0.000000   -21.110000    -0.000000     0.000000    -0.000000    64.700000     0.000000     0.000000     0.000000     0.000000
   -0.000000     1.000000    -0.000000   -64.700000     0.000000     0.000000     0.000000     0.000000     0.000000    -0.000000     0.000000     0.000000    -0.000000    -0.000000    -0.000000    -0.000000
   -0.000000    -0.000000     0.000000     0.000000     0.000000    -0.000000     1.000000    -0.000000    -0.000000     0.000000    -0.000000    -0.000000     0.000000     0.000000     0.000000     0.000000
