u  w  q  the  v  p  r  phi  x  y  z  psi  |  slat  flap  aileron  elevator
   -0.014960     0.282800   -30.220000    -9.810000    -0.000000     0.000000     0.000000     0.000000     0.000000    -0.000000     0.000000     0.000000    -0.000959     0.037940    -0.000000     0.018090
   -0.108300    -0.357100    55.360000    -0.000000     0.000000    -0.000000    -0.000000    -0.000000     0.000000    -0.000000     0.000000     0.000000     0.002512    -0.102300     0.000000    -0.039740
    0.021410    -0.044490    -0.914800     0.000000    -0.001666    -0.041760     0.036750     0.000000    -0.000000     0.000000    -0.000000     0.000000     0.000000    -0.008958     0.000585    -0.022910
   -0.000000    -0.000000     1.000000     0.000000     0.000000    -0.000000    -0.000000     0.000000    -0.000000     0.000000    -0.000000     0.000000     0.000000     0.000000     0.000000     0.000000
   -0.000000    -0.000000     0.000000    -0.000000    -0.036400    30.340000   -56.950000     9.810000    -0.000000     0.000000    -0.000000    -0.000000     0.000000    -0.000000    -0.001523    -0.000000
    0.001604    -0.003333    -0.068520    -0.000000    -0.892700   -23.140000    19.160000    -0.000000     0.000000    -0.000000     0.000000    -0.000000     0.000000    -0.000671     0.318400    -0.001716
   -0.000025     0.000052     0.001061    -0.000000    -0.006796    -0.894000    -0.362200    -0.000000     0.000000    -0.000000     0.000000    -0.000000    -0.000000     0.000010     0.006817     0.000027
   -0.000000    -0.000000     0.000000     0.000000     0.000000     1.000000     0.000000     0.000000    -0.000000     0.000000    -0.000000     0.000000     0.000000     0.000000     0.000000     0.000000
    1.000000     0.000000    -0.000000    29.520000    -0.000000     0.000000     0.000000     0.000000     0.000000    -0.000000     0.000000     0.000000    -0.000000    -0.000000    -0.000000    -0.000000
    0.000000    -0.000000     0.000000    -0.000000     1.000000    -0.000000    -0.000000   -29.520000    -0.000000     0.000000    -0.000000    61.330000     0.000000     0.000000     0.000000     0.000000
   -0.000000     1.000000    -0.000000   -61.330000     0.000000     0.000000     0.000000     0.000000     0.000000    -0.000000     0.000000     0.000000    -0.000000    -0.000000    -0.000000    -0.000000
   -0.000000    -0.000000     0.000000     0.000000     0.000000    -0.000000     1.000000    -0.000000    -0.000000     0.000000    -0.000000     0.000000     0.000000     0.000000     0.000000     0.000000

   -0.003810     0.174600   -23.050000    -9.810000     0.000000    -0.000000     0.000000     0.000000     0.000000    -0.000000     0.000000     0.000000    -0.000892     0.037580     0.000000     0.018590
   -0.076800    -0.472600    93.740000    -0.000000     0.000000     0.000000     0.000000    -0.000000     0.000000    -0.000000     0.000000     0.000000     0.005406    -0.232500    -0.000000    -0.082270
    0.014590    -0.065230    -1.341000     0.000000    -0.002331    -0.083120     0.046630     0.000000    -0.000000     0.000000    -0.000000     0.000000    -0.000041    -0.024040     0.001941    -0.055500
   -0.000000    -0.000000     1.000000     0.000000     0.000000    -0.000000    -0.000000     0.000000    -0.000000     0.000000    -0.000000     0.000000     0.000000     0.000000     0.000000     0.000000
   -0.000000    -0.000000     0.000000    -0.000000    -0.051120    23.020000   -96.110000     9.810000    -0.000000     0.000000    -0.000000    -0.000000    -0.000000    -0.000000     0.000578    -0.000000
    0.001340    -0.005988    -0.123100    -0.000000    -1.022000   -37.410000    19.800000    -0.000000     0.000000    -0.000000     0.000000    -0.000000    -0.000004    -0.002207     0.866500    -0.005095
   -0.000020     0.000090     0.001857    -0.000000     0.001088    -0.871900    -0.643000    -0.000000     0.000000    -0.000000     0.000000    -0.000000     0.000000     0.000033     0.013510     0.000077
   -0.000000    -0.000000     0.000000     0.000000     0.000000     1.000000     0.000000     0.000000    -0.000000     0.000000    -0.000000     0.000000     0.000000     0.000000     0.000000     0.000000
    1.000000     0.000000    -0.000000    22.670000    -0.000000     0.000000     0.000000     0.000000     0.000000    -0.000000     0.000000     0.000000    -0.000000    -0.000000    -0.000000    -0.000000
    0.000000    -0.000000     0.000000    -0.000000     1.000000    -0.000000    -0.000000   -22.670000    -0.000000     0.000000    -0.000000   101.300000     0.000000     0.000000     0.000000     0.000000
   -0.000000     1.000000    -0.000000  -101.300000     0.000000     0.000000     0.000000     0.000000     0.000000    -0.000000     0.000000     0.000000    -0.000000    -0.000000    -0.000000    -0.000000
   -0.000000    -0.000000     0.000000     0.000000     0.000000    -0.000000     1.000000     0.000000    -0.000000     0.000000    -0.000000     0.000000     0.000000     0.000000     0.000000     0.000000

   -0.000693     0.080700   -22.040000    -9.810000     0.000000     0.000000    -0.000000     0.000000     0.000000    -0.000000     0.000000     0.000000    -0.000708     0.032030    -0.000000     0.018000
   -0.044030    -0.461600   199.500000    -0.000000    -0.000000    -0.000000     0.000000    -0.000000     0.000000    -0.000000     0.000000     0.000000     0.010540    -0.478900    -0.000000    -0.156900
    0.009701    -0.091390    -1.851000     0.000000    -0.004316    -0.192400     0.079010     0.000000    -0.000000     0.000000    -0.000000     0.000000    -0.000278    -0.074540     0.009220    -0.157300
   -0.000000    -0.000000     1.000000     0.000000     0.000000    -0.000000    -0.000000     0.000000    -0.000000     0.000000    -0.000000     0.000000     0.000000     0.000000     0.000000     0.000000
   -0.000000    -0.000000    -0.000000    -0.000000    -0.048010    21.940000  -201.900000     9.810000    -0.000000     0.000000    -0.000000    -0.000000     0.000000    -0.000000     0.004727    -0.000000
    0.001412    -0.013300    -0.269300    -0.000000    -1.232000   -56.260000    21.750000    -0.000000     0.000000    -0.000000     0.000000    -0.000000    -0.000040    -0.010850     2.686000    -0.022890
   -0.000020     0.000185     0.003740    -0.000000     0.008156    -0.920500    -0.913400    -0.000000     0.000000    -0.000000     0.000000    -0.000000     0.000001     0.000151     0.034520     0.000318
   -0.000000    -0.000000     0.000000    -0.000000     0.000000     1.000000     0.000000     0.000000    -0.000000     0.000000    -0.000000     0.000000     0.000000     0.000000     0.000000     0.000000
    1.000000     0.000000    -0.000000    21.910000    -0.000000     0.000000     0.000000     0.000000     0.000000    -0.000000     0.000000     0.000000    -0.000000    -0.000000    -0.000000    -0.000000
    0.000000    -0.000000     0.000000    -0.000000     1.000000    -0.000000    -0.000000   -21.910000    -0.000000     0.000000    -0.000000   206.500000     0.000000     0.000000     0.000000     0.000000
   -0.000000     1.000000    -0.000000  -206.500000     0.000000     0.000000     0.000000     0.000000     0.000000    -0.000000     0.000000     0.000000    -0.000000    -0.000000    -0.000000    -0.000000
   -0.000000    -0.000000     0.000000     0.000000     0.000000    -0.000000     1.000000    -0.000000    -0.000000     0.000000    -0.000000     0.000000     0.000000     0.000000     0.000000     0.000000

   -0.000382     0.077650   -15.480000    -9.810000     0.000000    -0.000000    -0.000000     0.000000     0.000000    -0.000000     0.000000     0.000000    -0.000633     0.028840    -0.000000     0.017300
   -0.046840    -0.613500   197.800000    -0.000000    -0.000000    -0.000000     0.000000    -0.000000     0.000000    -0.000000     0.000000     0.000000     0.014040    -0.640400    -0.000000    -0.207900
    0.006723    -0.090630    -1.839000     0.000000    -0.004048    -0.193400     0.071530     0.000000    -0.000000     0.000000    -0.000000     0.000000    -0.000280    -0.074880     0.009304    -0.156400
   -0.000000    -0.000000     1.000000     0.000000     0.000000    -0.000000    -0.000000     0.000000    -0.000000     0.000000    -0.000000     0.000000     0.000000     0.000000     0.000000     0.000000
    0.000000    -0.000000    -0.000000    -0.000000    -0.064810    15.280000  -201.100000     9.810000    -0.000000     0.000000    -0.000000    -0.000000     0.000000    -0.000000     0.007428    -0.000000
    0.000978    -0.013190    -0.267600    -0.000000    -1.152000   -56.460000    19.580000    -0.000000     0.000000    -0.000000     0.000000    -0.000000    -0.000041    -0.010900     2.709000    -0.022760
   -0.000014     0.000183     0.003716    -0.000000     0.010610    -0.823400    -0.940600    -0.000000     0.000000    -0.000000     0.000000    -0.000000     0.000001     0.000151     0.033310     0.000316
   -0.000000    -0.000000     0.000000     0.000000     0.000000     1.000000     0.000000     0.000000    -0.000000     0.000000    -0.000000     0.000000     0.000000     0.000000     0.000000     0.000000
    1.000000     0.000000    -0.000000    15.360000    -0.000000     0.000000     0.000000     0.000000     0.000000    -0.000000     0.000000     0.000000    -0.000000    -0.000000    -0.000000    -0.000000
    0.000000    -0.000000     0.000000    -0.000000     1.000000    -0.000000    -0.000000   -15.360000    -0.000000     0.000000    -0.000000   207.000000     0.000000     0.000000     0.000000     0.000000
   -0.000000     1.000000    -0.000000  -207.000000     0.000000     0.000000     0.000000     0.000000     0.000000    -0.000000     0.000000     0.000000    -0.000000    -0.000000    -0.000000    -0.000000
   -0.000000    -0.000000     0.000000     0.000000     0.000000    -0.000000     1.000000     0.000000    -0.000000     0.000000    -0.000000     0.000000     0.000000     0.000000     0.000000     0.000000

   -0.002385     0.170700   -16.750000    -9.810000     0.000000    -0.000000     0.000000     0.000000     0.000000    -0.000000     0.000000     0.000000    -0.000855     0.036340     0.000000     0.018330
   -0.078960    -0.627900    92.420000    -0.000000     0.000000     0.000000     0.000000    -0.000000     0.000000    -0.000000     0.000000     0.000000     0.007249    -0.314500    -0.000000    -0.109400
    0.010320    -0.064570    -1.333000     0.000000    -0.002125    -0.084570     0.040740     0.000000    -0.000000     0.000000    -0.000000     0.000000    -0.000044    -0.024550     0.002002    -0.055620
   -0.000000    -0.000000     1.000000     0.000000     0.000000    -0.000000    -0.000000     0.000000    -0.000000     0.000000    -0.000000     0.000000     0.000000     0.000000     0.000000     0.000000
   -0.000000    -0.000000    -0.000000    -0.000000    -0.070070    16.620000   -95.650000     9.810000    -0.000000     0.000000    -0.000000    -0.000000    -0.000000    -0.000000     0.002008    -0.000000
    0.000947    -0.005928    -0.122400    -0.000000    -0.928200   -37.910000    17.180000    -0.000000     0.000000    -0.000000     0.000000    -0.000000    -0.000004    -0.002254     0.892300    -0.005105
   -0.000014     0.000089     0.001846    -0.000000     0.004415    -0.742500    -0.682400    -0.000000     0.000000    -0.000000     0.000000    -0.000000     0.000000     0.000034     0.012770     0.000077
   -0.000000    -0.000000     0.000000     0.000000     0.000000     1.000000     0.000000     0.000000    -0.000000     0.000000    -0.000000     0.000000     0.000000     0.000000     0.000000     0.000000
    1.000000     0.000000    -0.000000    16.390000    -0.000000     0.000000     0.000000     0.000000     0.000000    -0.000000     0.000000     0.000000    -0.000000    -0.000000    -0.000000    -0.000000
    0.000000    -0.000000     0.000000    -0.000000     1.000000    -0.000000    -0.000000   -16.390000    -0.000000     0.000000    -0.000000   102.500000     0.000000     0.000000     0.000000     0.000000
   -0.000000     1.000000    -0.000000  -102.500000     0.000000     0.000000     0.000000     0.000000     0.000000    -0.000000     0.000000     0.000000    -0.000000    -0.000000    -0.000000    -0.000000
   -0.000000    -0.000000     0.000000     0.000000     0.000000    -0.000000     1.000000     0.000000    -0.000000     0.000000    -0.000000     0.000000     0.000000     0.000000     0.000000     0.000000

   -0.009471     0.276100   -22.120000    -9.810000    -0.000000     0.000000     0.000000     0.000000     0.000000    -0.000000     0.000000     0.000000    -0.000963     0.038890    -0.000000     0.018540
   -0.108900    -0.489800    56.360000    -0.000000     0.000000    -0.000000    -0.000000    -0.000000     0.000000    -0.000000     0.000000     0.000000     0.003609    -0.149800     0.000000    -0.056060
    0.014810    -0.044660    -0.925900     0.000000    -0.001471    -0.044610     0.030910     0.000000    -0.000000     0.000000    -0.000000     0.000000    -0.000002    -0.009883     0.000661    -0.024290
   -0.000000    -0.000000     1.000000     0.000000     0.000000    -0.000000    -0.000000     0.000000    -0.000000     0.000000    -0.000000     0.000000     0.000000     0.000000     0.000000     0.000000
   -0.000000    -0.000000     0.000000    -0.000000    -0.053770    22.120000   -58.700000     9.810000    -0.000000     0.000000    -0.000000    -0.000000     0.000000    -0.000000    -0.000782    -0.000000
    0.001110    -0.003346    -0.069360    -0.000000    -0.784600   -24.480000    15.990000    -0.000000     0.000000    -0.000000     0.000000    -0.000000    -0.000000    -0.000740     0.358100    -0.001819
   -0.000017     0.000052     0.001074    -0.000000    -0.002316    -0.727400    -0.423200    -0.000000     0.000000    -0.000000     0.000000    -0.000000     0.000000     0.000011     0.006522     0.000028
   -0.000000    -0.000000     0.000000     0.000000     0.000000     1.000000     0.000000     0.000000    -0.000000     0.000000    -0.000000     0.000000     0.000000     0.000000     0.000000     0.000000
    1.000000     0.000000    -0.000000    21.430000    -0.000000     0.000000     0.000000     0.000000     0.000000    -0.000000     0.000000     0.000000    -0.000000    -0.000000    -0.000000    -0.000000
    0.000000    -0.000000     0.000000    -0.000000     1.000000    -0.000000    -0.000000   -21.430000    -0.000000     0.000000    -0.000000    64.600000     0.000000     0.000000     0.000000     0.000000
   -0.000000     1.000000    -0.000000   -64.600000     0.000000     0.000000     0.000000     0.000000     0.000000    -0.000000     0.000000     0.000000    -0.000000    -0.000000    -0.000000    -0.000000
   -0.000000    -0.000000     0.000000     0.000000     0.000000    -0.000000     1.000000     0.000000    -0.000000     0.000000    -0.000000     0.000000     0.000000     0.000000     0.000000     0.000000
