u  w  q  the  v  p  r  phi  x  y  z  psi  |  slat  flap  aileron  elevator
   -0.010660     0.274300   -29.300000    -9.810000    -0.000000     0.000000     0.000000     0.000000     0.000000    -0.000000     0.000000     0.000000    -0.000929     0.036870    -0.000000     0.016120
   -0.113600    -0.360400    56.020000    -0.000000     0.000000    -0.000000    -0.000000    -0.000000     0.000000    -0.000000     0.000000     0.000000     0.002550    -0.104000     0.000000    -0.040140
    0.017510    -0.038010    -0.831100     0.000000    -0.002619    -0.077550     0.048010     0.000000    -0.000000     0.000000    -0.000000     0.000000    -0.000044    -0.007107     0.001007    -0.021960
   -0.000000    -0.000000     1.000000    -0.000000     0.000000    -0.000000    -0.000000    -0.000000    -0.000000     0.000000    -0.000000    -0.000000     0.000000     0.000000     0.000000     0.000000
   -0.000000    -0.000000     0.000000    -0.000000    -0.037250    29.270000   -57.440000     9.810000    -0.000000     0.000000    -0.000000    -0.000000     0.000000    -0.000000    -0.001425    -0.000000
    0.002143    -0.004651    -0.101700    -0.000000    -0.136000    -3.551000     2.837000    -0.000000     0.000000    -0.000000     0.000000    -0.000000    -0.000005    -0.000870     0.049320    -0.002687
    0.000274    -0.000595    -0.013010    -0.000000     0.001728    -0.538500    -0.459500    -0.000000     0.000000    -0.000000     0.000000    -0.000000    -0.000001    -0.000111     0.003000    -0.000344
   -0.000000    -0.000000     0.000000     0.000000     0.000000     1.000000     0.000000    -0.000000    -0.000000     0.000000    -0.000000    -0.000000     0.000000     0.000000     0.000000     0.000000
    1.000000     0.000000    -0.000000    28.480000    -0.000000     0.000000     0.000000     0.000000     0.000000    -0.000000     0.000000     0.000000    -0.000000    -0.000000    -0.000000    -0.000000
    0.000000    -0.000000     0.000000    -0.000000     1.000000    -0.000000    -0.000000   -28.480000    -0.000000     0.000000    -0.000000    61.810000     0.000000     0.000000     0.000000     0.000000
   -0.000000     1.000000    -0.000000   -61.810000     0.000000     0.000000     0.000000     0.000000     0.000000    -0.000000     0.000000     0.000000    -0.000000    -0.000000    -0.000000    -0.000000
   -0.000000    -0.000000     0.000000     0.000000     0.000000    -0.000000     1.000000    -0.000000    -0.000000     0.000000    -0.000000    -0.000000     0.000000     0.000000     0.000000     0.000000

   -0.002465     0.169400   -22.310000    -9.810000     0.000000    -0.000000     0.000000     0.000000     0.000000    -0.000000     0.000000     0.000000    -0.000858     0.036190     0.000000     0.016190
   -0.080370    -0.473800    94.190000    -0.000000     0.000000     0.000000     0.000000    -0.000000     0.000000    -0.000000     0.000000     0.000000     0.005423    -0.233400    -0.000000    -0.082310
    0.011720    -0.054430    -1.211000     0.000000    -0.002898    -0.119900     0.044860     0.000000    -0.000000     0.000000    -0.000000     0.000000    -0.000153    -0.018750     0.002683    -0.052650
   -0.000000    -0.000000     1.000000    -0.000000     0.000000    -0.000000    -0.000000    -0.000000    -0.000000     0.000000    -0.000000    -0.000000     0.000000     0.000000     0.000000     0.000000
   -0.000000    -0.000000    -0.000000    -0.000000    -0.051620    22.200000   -96.310000     9.810000    -0.000000     0.000000    -0.000000    -0.000000    -0.000000    -0.000000     0.000681    -0.000000
    0.001475    -0.006850    -0.152400    -0.000000    -0.130800    -4.793000     2.459000    -0.000000     0.000000    -0.000000     0.000000    -0.000000    -0.000019    -0.002360     0.111300    -0.006626
    0.000212    -0.000986    -0.021930    -0.000000     0.009169    -0.386100    -0.680800    -0.000000     0.000000    -0.000000     0.000000    -0.000000    -0.000003    -0.000340     0.003683    -0.000954
   -0.000000    -0.000000     0.000000     0.000000     0.000000     1.000000     0.000000    -0.000000    -0.000000     0.000000    -0.000000    -0.000000     0.000000     0.000000     0.000000     0.000000
    1.000000     0.000000    -0.000000    21.870000    -0.000000     0.000000     0.000000     0.000000     0.000000    -0.000000     0.000000     0.000000    -0.000000    -0.000000    -0.000000    -0.000000
    0.000000    -0.000000     0.000000    -0.000000     1.000000    -0.000000    -0.000000   -21.870000    -0.000000     0.000000    -0.000000   101.500000     0.000000     0.000000     0.000000     0.000000
   -0.000000     1.000000    -0.000000  -101.500000     0.000000     0.000000     0.000000     0.000000     0.000000    -0.000000     0.000000     0.000000    -0.000000    -0.000000    -0.000000    -0.000000
   -0.000000    -0.000000     0.000000     0.000000     0.000000    -0.000000     1.000000    -0.000000    -0.000000     0.000000    -0.000000    -0.000000     0.000000     0.000000     0.000000     0.000000

   -0.000354     0.078140   -21.240000    -9.810000     0.000000     0.000000     0.000000     0.000000     0.000000    -0.000000     0.000000     0.000000    -0.000675     0.030610    -0.000000     0.015290
   -0.045860    -0.462000   199.900000    -0.000000    -0.000000    -0.000000    -0.000000    -0.000000     0.000000    -0.000000     0.000000     0.000000     0.010550    -0.479400    -0.000000    -0.156800
    0.007634    -0.074810    -1.653000     0.000000    -0.003267    -0.176200     0.039220     0.000000    -0.000000     0.000000    -0.000000     0.000000    -0.000598    -0.057660     0.008222    -0.147900
   -0.000000    -0.000000     1.000000     0.000000     0.000000    -0.000000    -0.000000     0.000000    -0.000000     0.000000    -0.000000     0.000000     0.000000     0.000000     0.000000     0.000000
    0.000000    -0.000000    -0.000000    -0.000000    -0.048260    21.090000  -202.000000     9.810000    -0.000000     0.000000    -0.000000    -0.000000    -0.000000    -0.000000     0.004818    -0.000000
    0.001007    -0.009873    -0.218200    -0.000000    -0.104600    -4.774000     1.789000    -0.000000     0.000000    -0.000000     0.000000    -0.000000    -0.000079    -0.007610     0.228100    -0.019520
    0.000188    -0.001844    -0.040740    -0.000000     0.015530    -0.235800    -0.848800    -0.000000     0.000000    -0.000000     0.000000    -0.000000    -0.000015    -0.001421     0.004388    -0.003645
   -0.000000    -0.000000     0.000000     0.000000     0.000000     1.000000     0.000000     0.000000    -0.000000     0.000000    -0.000000     0.000000     0.000000     0.000000     0.000000     0.000000
    1.000000     0.000000    -0.000000    21.080000    -0.000000     0.000000     0.000000     0.000000     0.000000    -0.000000     0.000000     0.000000    -0.000000    -0.000000    -0.000000    -0.000000
    0.000000    -0.000000     0.000000    -0.000000     1.000000    -0.000000    -0.000000   -21.080000    -0.000000     0.000000    -0.000000   206.500000     0.000000     0.000000     0.000000     0.000000
   -0.000000     1.000000    -0.000000  -206.500000     0.000000     0.000000     0.000000     0.000000     0.000000    -0.000000     0.000000     0.000000    -0.000000    -0.000000    -0.000000    -0.000000
   -0.000000    -0.000000     0.000000     0.000000     0.000000    -0.000000     1.000000     0.000000    -0.000000     0.000000    -0.000000     0.000000     0.000000     0.000000     0.000000     0.000000

   -0.000143     0.075100   -14.890000    -9.810000     0.000000     0.000000    -0.000000     0.000000     0.000000    -0.000000     0.000000     0.000000    -0.000600     0.027410    -0.000000     0.014570
   -0.048680    -0.613800   198.200000    -0.000000     0.000000    -0.000000    -0.000000    -0.000000     0.000000    -0.000000     0.000000     0.000000     0.014040    -0.640800    -0.000000    -0.207700
    0.005263    -0.073990    -1.643000     0.000000    -0.002996    -0.174700     0.032770     0.000000    -0.000000     0.000000    -0.000000     0.000000    -0.000601    -0.057870     0.008257    -0.147100
   -0.000000    -0.000000     1.000000     0.000000     0.000000    -0.000000    -0.000000     0.000000    -0.000000     0.000000    -0.000000     0.000000     0.000000     0.000000     0.000000     0.000000
    0.000000    -0.000000    -0.000000    -0.000000    -0.065050    14.650000  -201.100000     9.810000    -0.000000     0.000000    -0.000000    -0.000000     0.000000    -0.000000     0.007519    -0.000000
    0.000695    -0.009765    -0.216800    -0.000000    -0.097870    -4.790000     1.609000    -0.000000     0.000000    -0.000000     0.000000    -0.000000    -0.000079    -0.007637     0.230000    -0.019410
    0.000130    -0.001824    -0.040490    -0.000000     0.016690    -0.163300    -0.851300    -0.000000     0.000000    -0.000000     0.000000    -0.000000    -0.000015    -0.001426     0.003313    -0.003624
   -0.000000    -0.000000     0.000000     0.000000     0.000000     1.000000     0.000000     0.000000    -0.000000     0.000000    -0.000000     0.000000     0.000000     0.000000     0.000000     0.000000
    1.000000     0.000000    -0.000000    14.730000    -0.000000     0.000000     0.000000     0.000000     0.000000    -0.000000     0.000000     0.000000    -0.000000    -0.000000    -0.000000    -0.000000
    0.000000    -0.000000     0.000000    -0.000000     1.000000    -0.000000    -0.000000   -14.730000    -0.000000     0.000000    -0.000000   207.100000     0.000000     0.000000     0.000000     0.000000
   -0.000000     1.000000    -0.000000  -207.100000     0.000000     0.000000     0.000000     0.000000     0.000000    -0.000000     0.000000     0.000000    -0.000000    -0.000000    -0.000000    -0.000000
   -0.000000    -0.000000     0.000000     0.000000     0.000000    -0.000000     1.000000     0.000000    -0.000000     0.000000    -0.000000     0.000000     0.000000     0.000000     0.000000     0.000000

   -0.001420     0.165600   -16.220000    -9.810000     0.000000     0.000000     0.000000     0.000000     0.000000    -0.000000     0.000000     0.000000    -0.000820     0.034900     0.000000     0.015860
   -0.082500    -0.628800    92.880000    -0.000000     0.000000     0.000000     0.000000    -0.000000     0.000000    -0.000000     0.000000     0.000000     0.007261    -0.315100    -0.000000    -0.109300
    0.008247    -0.053600    -1.203000     0.000000    -0.002582    -0.119300     0.037000     0.000000    -0.000000     0.000000    -0.000000     0.000000    -0.000159    -0.019100     0.002741    -0.052740
   -0.000000    -0.000000     1.000000     0.000000     0.000000    -0.000000    -0.000000     0.000000    -0.000000     0.000000    -0.000000     0.000000     0.000000     0.000000     0.000000     0.000000
   -0.000000    -0.000000    -0.000000    -0.000000    -0.070550    16.000000   -95.780000     9.810000    -0.000000     0.000000    -0.000000    -0.000000    -0.000000    -0.000000     0.002110    -0.000000
    0.001038    -0.006746    -0.151400    -0.000000    -0.118800    -4.854000     2.132000    -0.000000     0.000000    -0.000000     0.000000    -0.000000    -0.000020    -0.002404     0.114400    -0.006637
    0.000149    -0.000971    -0.021800    -0.000000     0.011020    -0.279700    -0.690200    -0.000000     0.000000    -0.000000     0.000000    -0.000000    -0.000003    -0.000346     0.002883    -0.000955
   -0.000000    -0.000000     0.000000     0.000000     0.000000     1.000000     0.000000     0.000000    -0.000000     0.000000    -0.000000     0.000000     0.000000     0.000000     0.000000     0.000000
    1.000000     0.000000    -0.000000    15.790000    -0.000000     0.000000     0.000000     0.000000     0.000000    -0.000000     0.000000     0.000000    -0.000000    -0.000000    -0.000000    -0.000000
    0.000000    -0.000000     0.000000    -0.000000     1.000000    -0.000000    -0.000000   -15.790000    -0.000000     0.000000    -0.000000   102.600000     0.000000     0.000000     0.000000     0.000000
   -0.000000     1.000000    -0.000000  -102.600000     0.000000     0.000000     0.000000     0.000000     0.000000    -0.000000     0.000000     0.000000    -0.000000    -0.000000    -0.000000    -0.000000
   -0.000000    -0.000000     0.000000     0.000000     0.000000    -0.000000     1.000000    -0.000000    -0.000000     0.000000    -0.000000     0.000000     0.000000     0.000000     0.000000     0.000000

   -0.006518     0.268000   -21.480000    -9.810000    -0.000000     0.000000     0.000000     0.000000     0.000000    -0.000000     0.000000     0.000000    -0.000929     0.037590    -0.000000     0.016360
   -0.114100    -0.492200    56.880000    -0.000000     0.000000    -0.000000    -0.000000    -0.000000     0.000000    -0.000000     0.000000     0.000000     0.003635    -0.151100     0.000000    -0.056260
    0.012020    -0.037710    -0.839500     0.000000    -0.002255    -0.078970     0.038480     0.000000    -0.000000     0.000000    -0.000000     0.000000    -0.000051    -0.007755     0.001108    -0.023150
   -0.000000    -0.000000     1.000000     0.000000     0.000000    -0.000000    -0.000000     0.000000    -0.000000     0.000000    -0.000000     0.000000     0.000000     0.000000     0.000000     0.000000
   -0.000000    -0.000000     0.000000    -0.000000    -0.054540    21.330000   -58.960000     9.810000    -0.000000     0.000000    -0.000000    -0.000000     0.000000    -0.000000    -0.000677    -0.000000
    0.001471    -0.004615    -0.102700    -0.000000    -0.119500    -3.741000     2.366000    -0.000000     0.000000    -0.000000     0.000000    -0.000000    -0.000006    -0.000949     0.054990    -0.002833
    0.000188    -0.000590    -0.013140    -0.000000     0.004497    -0.392400    -0.483400    -0.000000     0.000000    -0.000000     0.000000    -0.000000    -0.000001    -0.000121     0.002417    -0.000362
   -0.000000    -0.000000     0.000000    -0.000000     0.000000     1.000000     0.000000     0.000000    -0.000000     0.000000    -0.000000     0.000000     0.000000     0.000000     0.000000     0.000000
    1.000000     0.000000    -0.000000    20.670000    -0.000000     0.000000     0.000000     0.000000     0.000000    -0.000000     0.000000     0.000000    -0.000000    -0.000000    -0.000000    -0.000000
    0.000000    -0.000000     0.000000    -0.000000     1.000000    -0.000000    -0.000000   -20.670000    -0.000000     0.000000    -0.000000    64.840000     0.000000     0.000000     0.000000     0.000000
   -0.000000     1.000000    -0.000000   -64.840000     0.000000     0.000000     0.000000     0.000000     0.000000    -0.000000     0.000000     0.000000    -0.000000    -0.000000    -0.000000    -0.000000
   -0.000000    -0.000000     0.000000     0.000000     0.000000    -0.000000     1.000000    -0.000000    -0.000000     0.000000    -0.000000     0.000000     0.000000     0.000000     0.000000     0.000000
