u  w  q  the  v  p  r  phi  x  y  z  psi  |  slat  flap  aileron  elevator
   -0.016410     0.285400   -30.500000    -9.810000    -0.000000     0.000000     0.000000     0.000000     0.000000    -0.000000     0.000000     0.000000    -0.000968     0.038270    -0.000000     0.018680
   -0.106700    -0.356100    55.150000    -0.000000     0.000000    -0.000000    -0.000000    -0.000000     0.000000    -0.000000     0.000000     0.000000     0.002500    -0.101700     0.000000    -0.039620
    0.022250    -0.045620    -0.924700     0.000000    -0.005424    -0.145200     0.113900     0.000000    -0.000000     0.000000    -0.000000     0.000000     0.000014    -0.009345     0.001954    -0.022770
   -0.000000    -0.000000     1.000000    -0.000000     0.000000    -0.000000    -0.000000    -0.000000    -0.000000     0.000000    -0.000000    -0.000000     0.000000     0.000000     0.000000     0.000000
   -0.000000    -0.000000     0.000000    -0.000000    -0.036140    30.670000   -56.800000     9.810000    -0.000000     0.000000    -0.000000    -0.000000     0.000000    -0.000000    -0.001553    -0.000000
    0.005559    -0.011400    -0.231000    -0.000000    -0.488900   -12.630000    10.590000    -0.000000     0.000000    -0.000000     0.000000    -0.000000     0.000003    -0.002335     0.173300    -0.005688
    0.000231    -0.000473    -0.009589    -0.000000    -0.001826    -0.749400    -0.454000    -0.000000     0.000000    -0.000000     0.000000    -0.000000     0.000000    -0.000097     0.004925    -0.000236
   -0.000000    -0.000000     0.000000     0.000000     0.000000     1.000000     0.000000    -0.000000    -0.000000     0.000000    -0.000000    -0.000000     0.000000     0.000000     0.000000     0.000000
    1.000000     0.000000    -0.000000    29.830000    -0.000000     0.000000     0.000000     0.000000     0.000000    -0.000000     0.000000     0.000000    -0.000000    -0.000000    -0.000000    -0.000000
    0.000000    -0.000000     0.000000    -0.000000     1.000000    -0.000000    -0.000000   -29.830000    -0.000000     0.000000    -0.000000    61.170000     0.000000     0.000000     0.000000     0.000000
   -0.000000     1.000000    -0.000000   -61.170000     0.000000     0.000000     0.000000     0.000000     0.000000    -0.000000     0.000000     0.000000    -0.000000    -0.000000    -0.000000    -0.000000
   -0.000000    -0.000000     0.000000     0.000000     0.000000    -0.000000     1.000000    -0.000000    -0.000000     0.000000    -0.000000    -0.000000     0.000000     0.000000     0.000000     0.000000

   -0.004264     0.176200   -23.270000    -9.810000     0.000000    -0.000000    -0.000000     0.000000     0.000000    -0.000000     0.000000     0.000000    -0.000903     0.038000     0.000000     0.019320
   -0.075720    -0.472200    93.610000    -0.000000     0.000000     0.000000     0.000000    -0.000000     0.000000    -0.000000     0.000000     0.000000     0.005400    -0.232200    -0.000000    -0.082260
    0.015180    -0.067090    -1.354000     0.000000    -0.006729    -0.253700     0.126400     0.000000    -0.000000     0.000000    -0.000000     0.000000    -0.000006    -0.025120     0.005816    -0.055150
   -0.000000    -0.000000     1.000000     0.000000     0.000000    -0.000000    -0.000000     0.000000    -0.000000     0.000000    -0.000000     0.000000     0.000000     0.000000     0.000000     0.000000
    0.000000    -0.000000    -0.000000    -0.000000    -0.050960    23.280000   -96.050000     9.810000    -0.000000     0.000000    -0.000000    -0.000000    -0.000000    -0.000000     0.000546    -0.000000
    0.004216    -0.018630    -0.376100    -0.000000    -0.508600   -18.580000     9.950000    -0.000000     0.000000    -0.000000     0.000000    -0.000000    -0.000002    -0.006975     0.430300    -0.015320
    0.000184    -0.000813    -0.016410    -0.000000     0.007070    -0.625600    -0.735900    -0.000000     0.000000    -0.000000     0.000000    -0.000000    -0.000000    -0.000304     0.007984    -0.000669
   -0.000000    -0.000000     0.000000    -0.000000     0.000000     1.000000     0.000000     0.000000    -0.000000     0.000000    -0.000000     0.000000     0.000000     0.000000     0.000000     0.000000
    1.000000     0.000000    -0.000000    22.920000    -0.000000     0.000000     0.000000     0.000000     0.000000    -0.000000     0.000000     0.000000    -0.000000    -0.000000    -0.000000    -0.000000
    0.000000    -0.000000     0.000000    -0.000000     1.000000    -0.000000    -0.000000   -22.920000    -0.000000     0.000000    -0.000000   101.300000     0.000000     0.000000     0.000000     0.000000
   -0.000000     1.000000    -0.000000  -101.300000     0.000000     0.000000     0.000000     0.000000     0.000000    -0.000000     0.000000     0.000000    -0.000000    -0.000000    -0.000000    -0.000000
   -0.000000    -0.000000     0.000000    -0.000000     0.000000    -0.000000     1.000000    -0.000000    -0.000000     0.000000    -0.000000     0.000000     0.000000     0.000000     0.000000     0.000000

   -0.000810     0.081490   -22.290000    -9.810000     0.000000     0.000000     0.000000     0.000000     0.000000    -0.000000     0.000000     0.000000    -0.000718     0.032460    -0.000000     0.018820
   -0.043470    -0.461500   199.400000    -0.000000     0.000000     0.000000    -0.000000    -0.000000     0.000000    -0.000000     0.000000     0.000000     0.010540    -0.478800    -0.000000    -0.157000
    0.010040    -0.093520    -1.855000     0.000000    -0.009364    -0.443500     0.157600     0.000000    -0.000000     0.000000    -0.000000     0.000000    -0.000171    -0.077310     0.021050    -0.155200
   -0.000000    -0.000000     1.000000     0.000000     0.000000    -0.000000    -0.000000     0.000000    -0.000000     0.000000    -0.000000     0.000000     0.000000     0.000000     0.000000     0.000000
    0.000000    -0.000000    -0.000000    -0.000000    -0.047940    22.200000  -201.900000     9.810000    -0.000000     0.000000    -0.000000    -0.000000    -0.000000    -0.000000     0.004699    -0.000000
    0.003413    -0.031780    -0.630300    -0.000000    -0.474600   -21.650000     8.473000    -0.000000     0.000000    -0.000000     0.000000    -0.000000    -0.000058    -0.026270     1.034000    -0.052720
    0.000170    -0.001583    -0.031400    -0.000000     0.016200    -0.486200    -1.011000    -0.000000     0.000000    -0.000000     0.000000    -0.000000    -0.000003    -0.001308     0.014260    -0.002626
   -0.000000    -0.000000     0.000000     0.000000     0.000000     1.000000     0.000000     0.000000    -0.000000     0.000000    -0.000000     0.000000     0.000000     0.000000     0.000000     0.000000
    1.000000     0.000000    -0.000000    22.170000    -0.000000     0.000000     0.000000     0.000000     0.000000    -0.000000     0.000000     0.000000    -0.000000    -0.000000    -0.000000    -0.000000
    0.000000    -0.000000     0.000000    -0.000000     1.000000    -0.000000    -0.000000   -22.170000    -0.000000     0.000000    -0.000000   206.400000     0.000000     0.000000     0.000000     0.000000
   -0.000000     1.000000    -0.000000  -206.400000     0.000000     0.000000     0.000000     0.000000     0.000000    -0.000000     0.000000     0.000000    -0.000000    -0.000000    -0.000000    -0.000000
   -0.000000    -0.000000     0.000000     0.000000     0.000000    -0.000000     1.000000     0.000000    -0.000000     0.000000    -0.000000     0.000000     0.000000     0.000000     0.000000     0.000000

   -0.000464     0.078430   -15.660000    -9.810000     0.000000     0.000000    -0.000000     0.000000     0.000000    -0.000000     0.000000     0.000000    -0.000642     0.029280    -0.000000     0.018130
   -0.046280    -0.613400   197.700000    -0.000000    -0.000000     0.000000     0.000000    -0.000000     0.000000    -0.000000     0.000000     0.000000     0.014040    -0.640300    -0.000000    -0.208000
    0.006971    -0.092810    -1.843000     0.000000    -0.008722    -0.443900     0.140400     0.000000    -0.000000     0.000000    -0.000000     0.000000    -0.000173    -0.077680     0.021220    -0.154200
   -0.000000    -0.000000     1.000000    -0.000000     0.000000    -0.000000    -0.000000    -0.000000    -0.000000     0.000000    -0.000000    -0.000000     0.000000     0.000000     0.000000     0.000000
    0.000000    -0.000000    -0.000000    -0.000000    -0.064740    15.480000  -201.000000     9.810000    -0.000000     0.000000    -0.000000    -0.000000     0.000000    -0.000000     0.007401    -0.000000
    0.002368    -0.031530    -0.626200    -0.000000    -0.443900   -21.730000     7.628000    -0.000000     0.000000    -0.000000     0.000000    -0.000000    -0.000059    -0.026390     1.043000    -0.052390
    0.000118    -0.001571    -0.031190    -0.000000     0.017990    -0.392800    -1.022000    -0.000000     0.000000    -0.000000     0.000000    -0.000000    -0.000003    -0.001315     0.012960    -0.002610
   -0.000000    -0.000000     0.000000     0.000000     0.000000     1.000000     0.000000    -0.000000    -0.000000     0.000000    -0.000000    -0.000000     0.000000     0.000000     0.000000     0.000000
    1.000000     0.000000    -0.000000    15.550000    -0.000000     0.000000     0.000000     0.000000     0.000000    -0.000000     0.000000     0.000000    -0.000000    -0.000000    -0.000000    -0.000000
    0.000000    -0.000000     0.000000    -0.000000     1.000000    -0.000000    -0.000000   -15.550000    -0.000000     0.000000    -0.000000   207.000000     0.000000     0.000000     0.000000     0.000000
   -0.000000     1.000000    -0.000000  -207.000000     0.000000     0.000000     0.000000     0.000000     0.000000    -0.000000     0.000000     0.000000    -0.000000    -0.000000    -0.000000    -0.000000
   -0.000000    -0.000000     0.000000     0.000000     0.000000    -0.000000     1.000000    -0.000000    -0.000000     0.000000    -0.000000    -0.000000     0.000000     0.000000     0.000000     0.000000

   -0.002712     0.172300   -16.910000    -9.810000    -0.000000    -0.000000    -0.000000     0.000000     0.000000    -0.000000     0.000000     0.000000    -0.000865     0.036770    -0.000000     0.019080
   -0.077880    -0.627600    92.280000    -0.000000     0.000000     0.000000    -0.000000    -0.000000     0.000000    -0.000000     0.000000     0.000000     0.007246    -0.314300    -0.000000    -0.109400
    0.010750    -0.066500    -1.346000     0.000000    -0.006080    -0.256000     0.108600     0.000000    -0.000000     0.000000    -0.000000     0.000000    -0.000008    -0.025670     0.005983    -0.055270
   -0.000000    -0.000000     1.000000     0.000000     0.000000    -0.000000    -0.000000     0.000000    -0.000000     0.000000    -0.000000     0.000000     0.000000     0.000000     0.000000     0.000000
   -0.000000    -0.000000    -0.000000    -0.000000    -0.069930    16.810000   -95.600000     9.810000    -0.000000     0.000000    -0.000000    -0.000000    -0.000000    -0.000000     0.001976    -0.000000
    0.002986    -0.018470    -0.373800    -0.000000    -0.461700   -18.840000     8.633000    -0.000000     0.000000    -0.000000     0.000000    -0.000000    -0.000002    -0.007130     0.443300    -0.015350
    0.000130    -0.000806    -0.016320    -0.000000     0.009750    -0.497100    -0.758800    -0.000000     0.000000    -0.000000     0.000000    -0.000000    -0.000000    -0.000311     0.007126    -0.000670
   -0.000000    -0.000000     0.000000    -0.000000     0.000000     1.000000     0.000000     0.000000    -0.000000     0.000000    -0.000000     0.000000     0.000000     0.000000     0.000000     0.000000
    1.000000     0.000000    -0.000000    16.570000    -0.000000     0.000000     0.000000     0.000000     0.000000    -0.000000     0.000000     0.000000    -0.000000    -0.000000    -0.000000    -0.000000
    0.000000    -0.000000     0.000000    -0.000000     1.000000    -0.000000    -0.000000   -16.570000    -0.000000     0.000000    -0.000000   102.500000     0.000000     0.000000     0.000000     0.000000
   -0.000000     1.000000    -0.000000  -102.500000     0.000000     0.000000     0.000000     0.000000     0.000000    -0.000000     0.000000     0.000000    -0.000000    -0.000000    -0.000000    -0.000000
   -0.000000    -0.000000     0.000000     0.000000     0.000000    -0.000000     1.000000    -0.000000    -0.000000     0.000000    -0.000000     0.000000     0.000000     0.000000     0.000000     0.000000

   -0.010460     0.278600   -22.320000    -9.810000     0.000000    -0.000000     0.000000     0.000000     0.000000    -0.000000     0.000000     0.000000    -0.000973     0.039280    -0.000000     0.019200
   -0.107300    -0.489100    56.200000    -0.000000     0.000000    -0.000000    -0.000000    -0.000000     0.000000    -0.000000     0.000000     0.000000     0.003601    -0.149500     0.000000    -0.056000
    0.015420    -0.045950    -0.936600     0.000000    -0.004742    -0.152300     0.094270     0.000000    -0.000000     0.000000    -0.000000     0.000000     0.000012    -0.010340     0.002196    -0.024180
   -0.000000    -0.000000     1.000000     0.000000     0.000000    -0.000000    -0.000000     0.000000    -0.000000     0.000000    -0.000000     0.000000     0.000000     0.000000     0.000000     0.000000
   -0.000000    -0.000000     0.000000    -0.000000    -0.053530    22.360000   -58.620000     9.810000    -0.000000     0.000000    -0.000000    -0.000000     0.000000    -0.000000    -0.000814    -0.000000
    0.003853    -0.011480    -0.234000    -0.000000    -0.429700   -13.380000     8.845000    -0.000000     0.000000    -0.000000     0.000000    -0.000000     0.000003    -0.002584     0.195500    -0.006041
    0.000160    -0.000476    -0.009712    -0.000000     0.001967    -0.579300    -0.496500    -0.000000     0.000000    -0.000000     0.000000    -0.000000     0.000000    -0.000107     0.004433    -0.000251
   -0.000000    -0.000000     0.000000    -0.000000     0.000000     1.000000     0.000000     0.000000    -0.000000     0.000000    -0.000000     0.000000     0.000000     0.000000     0.000000     0.000000
    1.000000     0.000000    -0.000000    21.660000    -0.000000     0.000000     0.000000     0.000000     0.000000    -0.000000     0.000000     0.000000    -0.000000    -0.000000    -0.000000    -0.000000
    0.000000    -0.000000     0.000000    -0.000000     1.000000    -0.000000    -0.000000   -21.660000    -0.000000     0.000000    -0.000000    64.520000     0.000000     0.000000     0.000000     0.000000
   -0.000000     1.000000    -0.000000   -64.520000     0.000000     0.000000     0.000000     0.000000     0.000000    -0.000000     0.000000     0.000000    -0.000000    -0.000000    -0.000000    -0.000000
   -0.000000    -0.000000     0.000000     0.000000     0.000000    -0.000000     1.000000    -0.000000    -0.000000     0.000000    -0.000000     0.000000     0.000000     0.000000     0.000000     0.000000
