u  w  q  the  v  p  r  phi  x  y  z  psi  |  slat  flap  aileron  elevator
   -0.009220     0.271200   -28.960000    -9.810000    -0.000000     0.000000     0.000000     0.000000     0.000000    -0.000000     0.000000     0.000000    -0.000918     0.036460    -0.000000     0.015370
   -0.115500    -0.361500    56.260000    -0.000000     0.000000    -0.000000    -0.000000    -0.000000     0.000000    -0.000000     0.000000     0.000000     0.002563    -0.104600     0.000000    -0.040270
    0.015530    -0.034250    -0.771500     0.000000    -0.001743    -0.058170     0.026810     0.000000    -0.000000     0.000000    -0.000000     0.000000    -0.000059    -0.006170     0.000714    -0.020780
   -0.000000    -0.000000     1.000000     0.000000     0.000000    -0.000000    -0.000000     0.000000    -0.000000     0.000000    -0.000000     0.000000     0.000000     0.000000     0.000000     0.000000
   -0.000000    -0.000000    -0.000000    -0.000000    -0.037580    28.870000   -57.610000     9.810000    -0.000000     0.000000    -0.000000    -0.000000     0.000000    -0.000000    -0.001389    -0.000000
    0.001348    -0.002973    -0.066970    -0.000000    -0.058190    -1.522000     1.202000    -0.000000     0.000000    -0.000000     0.000000    -0.000000    -0.000005    -0.000536     0.021220    -0.001804
    0.000339    -0.000748    -0.016850    -0.000000     0.001972    -0.409700    -0.378700    -0.000000     0.000000    -0.000000     0.000000    -0.000000    -0.000001    -0.000135     0.002163    -0.000454
   -0.000000    -0.000000     0.000000    -0.000000     0.000000     1.000000     0.000000     0.000000    -0.000000     0.000000    -0.000000     0.000000     0.000000     0.000000     0.000000     0.000000
    1.000000     0.000000    -0.000000    28.100000    -0.000000     0.000000     0.000000     0.000000     0.000000    -0.000000     0.000000     0.000000    -0.000000    -0.000000    -0.000000    -0.000000
    0.000000    -0.000000     0.000000    -0.000000     1.000000    -0.000000    -0.000000   -28.100000    -0.000000     0.000000    -0.000000    61.990000     0.000000     0.000000     0.000000     0.000000
   -0.000000     1.000000    -0.000000   -61.990000     0.000000     0.000000     0.000000     0.000000     0.000000    -0.000000     0.000000     0.000000    -0.000000    -0.000000    -0.000000    -0.000000
   -0.000000    -0.000000     0.000000    -0.000000     0.000000    -0.000000     1.000000    -0.000000    -0.000000     0.000000    -0.000000     0.000000     0.000000     0.000000     0.000000     0.000000

   -0.002020     0.167400   -22.030000    -9.810000    -0.000000    -0.000000     0.000000     0.000000     0.000000    -0.000000     0.000000     0.000000    -0.000845     0.035680     0.000000     0.015290
   -0.081700    -0.474200    94.360000    -0.000000     0.000000     0.000000    -0.000000    -0.000000     0.000000    -0.000000     0.000000     0.000000     0.005429    -0.233700    -0.000000    -0.082320
    0.010230    -0.048180    -1.112000     0.000000    -0.001788    -0.083490     0.020430     0.000000    -0.000000     0.000000    -0.000000     0.000000    -0.000186    -0.016050     0.001809    -0.049240
   -0.000000    -0.000000     1.000000     0.000000     0.000000    -0.000000    -0.000000     0.000000    -0.000000     0.000000    -0.000000     0.000000     0.000000     0.000000     0.000000     0.000000
   -0.000000    -0.000000     0.000000    -0.000000    -0.051800    21.890000   -96.390000     9.810000    -0.000000     0.000000    -0.000000    -0.000000    -0.000000    -0.000000     0.000719    -0.000000
    0.000898    -0.004231    -0.097700    -0.000000    -0.055090    -2.018000     1.025000    -0.000000     0.000000    -0.000000     0.000000    -0.000000    -0.000016    -0.001410     0.046910    -0.004324
    0.000252    -0.001187    -0.027410    -0.000000     0.007569    -0.275300    -0.534800    -0.000000     0.000000    -0.000000     0.000000    -0.000000    -0.000005    -0.000396     0.002357    -0.001213
   -0.000000    -0.000000     0.000000    -0.000000     0.000000     1.000000     0.000000     0.000000    -0.000000     0.000000    -0.000000     0.000000     0.000000     0.000000     0.000000     0.000000
    1.000000     0.000000    -0.000000    21.570000    -0.000000     0.000000     0.000000     0.000000     0.000000    -0.000000     0.000000     0.000000    -0.000000    -0.000000    -0.000000    -0.000000
    0.000000    -0.000000     0.000000    -0.000000     1.000000    -0.000000    -0.000000   -21.570000    -0.000000     0.000000    -0.000000   101.600000     0.000000     0.000000     0.000000     0.000000
   -0.000000     1.000000    -0.000000  -101.600000     0.000000     0.000000     0.000000     0.000000     0.000000    -0.000000     0.000000     0.000000    -0.000000    -0.000000    -0.000000    -0.000000
   -0.000000    -0.000000     0.000000     0.000000     0.000000    -0.000000     1.000000    -0.000000    -0.000000     0.000000    -0.000000     0.000000     0.000000     0.000000     0.000000     0.000000

   -0.000244     0.077190   -20.940000    -9.810000     0.000000     0.000000     0.000000     0.000000     0.000000    -0.000000     0.000000     0.000000    -0.000664     0.030090    -0.000000     0.014290
   -0.046540    -0.462100   200.000000    -0.000000    -0.000000     0.000000     0.000000    -0.000000     0.000000    -0.000000     0.000000     0.000000     0.010560    -0.479600     0.000000    -0.156700
    0.006453    -0.064200    -1.479000     0.000000    -0.001784    -0.113300     0.010200     0.000000    -0.000000     0.000000    -0.000000     0.000000    -0.000664    -0.048110     0.005185    -0.134700
   -0.000000    -0.000000     1.000000    -0.000000     0.000000    -0.000000    -0.000000    -0.000000    -0.000000     0.000000    -0.000000    -0.000000     0.000000     0.000000     0.000000     0.000000
    0.000000    -0.000000    -0.000000    -0.000000    -0.048350    20.780000  -202.100000     9.810000    -0.000000     0.000000    -0.000000    -0.000000     0.000000    -0.000000     0.004852    -0.000000
    0.000577    -0.005746    -0.132400    -0.000000    -0.042830    -1.953000     0.725000    -0.000000     0.000000    -0.000000     0.000000    -0.000000    -0.000059    -0.004305     0.093370    -0.012060
    0.000202    -0.002008    -0.046260    -0.000000     0.011330    -0.149400    -0.608500    -0.000000     0.000000    -0.000000     0.000000    -0.000000    -0.000021    -0.001505     0.002292    -0.004214
   -0.000000    -0.000000     0.000000     0.000000     0.000000     1.000000     0.000000    -0.000000    -0.000000     0.000000    -0.000000    -0.000000     0.000000     0.000000     0.000000     0.000000
    1.000000     0.000000    -0.000000    20.760000    -0.000000     0.000000     0.000000     0.000000     0.000000    -0.000000     0.000000     0.000000    -0.000000    -0.000000    -0.000000    -0.000000
    0.000000    -0.000000     0.000000    -0.000000     1.000000    -0.000000    -0.000000   -20.760000    -0.000000     0.000000    -0.000000   206.600000     0.000000     0.000000     0.000000     0.000000
   -0.000000     1.000000    -0.000000  -206.600000     0.000000     0.000000     0.000000     0.000000     0.000000    -0.000000     0.000000     0.000000    -0.000000    -0.000000    -0.000000    -0.000000
   -0.000000    -0.000000     0.000000     0.000000     0.000000    -0.000000     1.000000    -0.000000    -0.000000     0.000000    -0.000000    -0.000000     0.000000     0.000000     0.000000     0.000000

   -0.000067     0.074150   -14.660000    -9.810000     0.000000     0.000000     0.000000     0.000000     0.000000    -0.000000     0.000000     0.000000    -0.000588     0.026870    -0.000000     0.013550
   -0.049360    -0.614000   198.300000    -0.000000    -0.000000     0.000000     0.000000    -0.000000     0.000000    -0.000000     0.000000     0.000000     0.014040    -0.640900    -0.000000    -0.207600
    0.004439    -0.063420    -1.470000     0.000000    -0.001598    -0.111300     0.006201     0.000000    -0.000000     0.000000    -0.000000     0.000000    -0.000668    -0.048260     0.005189    -0.134000
   -0.000000    -0.000000     1.000000     0.000000     0.000000    -0.000000    -0.000000     0.000000    -0.000000     0.000000    -0.000000     0.000000     0.000000     0.000000     0.000000     0.000000
    0.000000    -0.000000    -0.000000    -0.000000    -0.065150    14.410000  -201.200000     9.810000    -0.000000     0.000000    -0.000000    -0.000000     0.000000    -0.000000     0.007552    -0.000000
    0.000397    -0.005676    -0.131500    -0.000000    -0.040100    -1.960000     0.652200    -0.000000     0.000000    -0.000000     0.000000    -0.000000    -0.000060    -0.004319     0.094120    -0.011990
    0.000139    -0.001983    -0.045970    -0.000000     0.012110    -0.098250    -0.609500    -0.000000     0.000000    -0.000000     0.000000    -0.000000    -0.000021    -0.001509     0.001525    -0.004191
   -0.000000    -0.000000     0.000000    -0.000000     0.000000     1.000000     0.000000     0.000000    -0.000000     0.000000    -0.000000     0.000000     0.000000     0.000000     0.000000     0.000000
    1.000000     0.000000    -0.000000    14.500000    -0.000000     0.000000     0.000000     0.000000     0.000000    -0.000000     0.000000     0.000000    -0.000000    -0.000000    -0.000000    -0.000000
    0.000000    -0.000000     0.000000    -0.000000     1.000000    -0.000000    -0.000000   -14.500000    -0.000000     0.000000    -0.000000   207.100000     0.000000     0.000000     0.000000     0.000000
   -0.000000     1.000000    -0.000000  -207.100000     0.000000     0.000000     0.000000     0.000000     0.000000    -0.000000     0.000000     0.000000    -0.000000    -0.000000    -0.000000    -0.000000
   -0.000000    -0.000000     0.000000     0.000000     0.000000    -0.000000     1.000000     0.000000    -0.000000     0.000000    -0.000000     0.000000     0.000000     0.000000     0.000000     0.000000

   -0.001103     0.163700   -16.020000    -9.810000    -0.000000    -0.000000    -0.000000     0.000000     0.000000    -0.000000     0.000000     0.000000    -0.000807     0.034360     0.000000     0.014930
   -0.083830    -0.629200    93.050000    -0.000000     0.000000     0.000000     0.000000    -0.000000     0.000000    -0.000000     0.000000     0.000000     0.007266    -0.315400    -0.000000    -0.109300
    0.007178    -0.047340    -1.106000     0.000000    -0.001557    -0.081770     0.015200     0.000000    -0.000000     0.000000    -0.000000     0.000000    -0.000191    -0.016330     0.001836    -0.049320
   -0.000000    -0.000000     1.000000     0.000000     0.000000    -0.000000    -0.000000     0.000000    -0.000000     0.000000    -0.000000     0.000000     0.000000     0.000000     0.000000     0.000000
   -0.000000    -0.000000    -0.000000    -0.000000    -0.070740    15.770000   -95.820000     9.810000    -0.000000     0.000000    -0.000000    -0.000000     0.000000    -0.000000     0.002148    -0.000000
    0.000630    -0.004157    -0.097120    -0.000000    -0.050050    -2.043000     0.889000    -0.000000     0.000000    -0.000000     0.000000    -0.000000    -0.000017    -0.001434     0.048190    -0.004332
    0.000177    -0.001166    -0.027250    -0.000000     0.008931    -0.193600    -0.540500    -0.000000     0.000000    -0.000000     0.000000    -0.000000    -0.000005    -0.000402     0.001729    -0.001215
   -0.000000    -0.000000     0.000000     0.000000     0.000000     1.000000     0.000000     0.000000    -0.000000     0.000000    -0.000000     0.000000     0.000000     0.000000     0.000000     0.000000
    1.000000     0.000000    -0.000000    15.570000    -0.000000     0.000000     0.000000     0.000000     0.000000    -0.000000     0.000000     0.000000    -0.000000    -0.000000    -0.000000    -0.000000
    0.000000    -0.000000     0.000000    -0.000000     1.000000    -0.000000    -0.000000   -15.570000    -0.000000     0.000000    -0.000000   102.700000     0.000000     0.000000     0.000000     0.000000
   -0.000000     1.000000    -0.000000  -102.700000     0.000000     0.000000     0.000000     0.000000     0.000000    -0.000000     0.000000     0.000000    -0.000000    -0.000000    -0.000000    -0.000000
   -0.000000    -0.000000     0.000000     0.000000     0.000000    -0.000000     1.000000     0.000000    -0.000000     0.000000    -0.000000     0.000000     0.000000     0.000000     0.000000     0.000000

   -0.005534     0.265000   -21.240000    -9.810000    -0.000000     0.000000     0.000000     0.000000     0.000000    -0.000000     0.000000     0.000000    -0.000916     0.037110    -0.000000     0.015550
   -0.116100    -0.493000    57.060000    -0.000000     0.000000    -0.000000    -0.000000    -0.000000     0.000000    -0.000000     0.000000     0.000000     0.003644    -0.151500     0.000000    -0.056330
    0.010620    -0.033820    -0.778900     0.000000    -0.001468    -0.057470     0.020200     0.000000    -0.000000     0.000000    -0.000000     0.000000    -0.000066    -0.006704     0.000774    -0.021870
   -0.000000    -0.000000     1.000000     0.000000     0.000000    -0.000000    -0.000000     0.000000    -0.000000     0.000000    -0.000000     0.000000     0.000000     0.000000     0.000000     0.000000
   -0.000000    -0.000000     0.000000    -0.000000    -0.054840    21.040000   -59.050000     9.810000    -0.000000     0.000000    -0.000000    -0.000000     0.000000    -0.000000    -0.000638    -0.000000
    0.000922    -0.002936    -0.067610    -0.000000    -0.051160    -1.602000     1.003000    -0.000000     0.000000    -0.000000     0.000000    -0.000000    -0.000006    -0.000582     0.023590    -0.001898
    0.000232    -0.000739    -0.017010    -0.000000     0.004087    -0.293400    -0.395400    -0.000000     0.000000    -0.000000     0.000000    -0.000000    -0.000001    -0.000146     0.001672    -0.000478
   -0.000000    -0.000000     0.000000    -0.000000     0.000000     1.000000     0.000000     0.000000    -0.000000     0.000000    -0.000000     0.000000     0.000000     0.000000     0.000000     0.000000
    1.000000     0.000000    -0.000000    20.390000    -0.000000     0.000000     0.000000     0.000000     0.000000    -0.000000     0.000000     0.000000    -0.000000    -0.000000    -0.000000    -0.000000
    0.000000    -0.000000     0.000000    -0.000000     1.000000    -0.000000    -0.000000   -20.390000    -0.000000     0.000000    -0.000000    64.930000     0.000000     0.000000     0.000000     0.000000
   -0.000000     1.000000    -0.000000   -64.930000     0.000000     0.000000     0.000000     0.000000     0.000000    -0.000000     0.000000     0.000000    -0.000000    -0.000000    -0.000000    -0.000000
   -0.000000    -0.000000     0.000000     0.000000     0.000000    -0.000000     1.000000    -0.000000    -0.000000     0.000000    -0.000000     0.000000     0.000000     0.000000     0.000000     0.000000
