u  w  q  the  v  p  r  phi  x  y  z  psi  |  slat  flap  aileron  elevator
   -0.019430     0.290500   -31.060000    -9.810000    -0.000000     0.000000     0.000000     0.000000     0.000000    -0.000000     0.000000     0.000000    -0.000985     0.038900    -0.000000     0.019830
   -0.103600    -0.354000    54.740000    -0.000000     0.000000    -0.000000    -0.000000    -0.000000     0.000000    -0.000000     0.000000     0.000000     0.002477    -0.100600     0.000000    -0.039360
    0.024160    -0.048260    -0.955600     0.000000    -0.000719    -0.016300     0.017340     0.000000    -0.000000     0.000000    -0.000000     0.000000     0.000039    -0.010170     0.000239    -0.022750
   -0.000000    -0.000000     1.000000    -0.000000     0.000000    -0.000000    -0.000000    -0.000000    -0.000000     0.000000    -0.000000    -0.000000     0.000000     0.000000     0.000000     0.000000
   -0.000000    -0.000000     0.000000    -0.000000    -0.035630    31.320000   -56.490000     9.810000    -0.000000     0.000000    -0.000000    -0.000000     0.000000    -0.000000    -0.001612    -0.000000
    0.000795    -0.001588    -0.031430    -0.000000    -0.940100   -24.140000    20.730000    -0.000000     0.000000    -0.000000     0.000000    -0.000000     0.000001    -0.000334     0.329500    -0.000748
   -0.000065     0.000131     0.002584    -0.000000    -0.006912    -0.909200    -0.354900    -0.000000     0.000000    -0.000000     0.000000    -0.000000    -0.000000     0.000028     0.006837     0.000062
   -0.000000    -0.000000     0.000000     0.000000     0.000000     1.000000     0.000000    -0.000000    -0.000000     0.000000    -0.000000    -0.000000     0.000000     0.000000     0.000000     0.000000
    1.000000     0.000000    -0.000000    30.470000    -0.000000     0.000000     0.000000     0.000000     0.000000    -0.000000     0.000000     0.000000    -0.000000    -0.000000    -0.000000    -0.000000
    0.000000    -0.000000     0.000000    -0.000000     1.000000    -0.000000    -0.000000   -30.470000    -0.000000     0.000000    -0.000000    60.860000     0.000000     0.000000     0.000000     0.000000
   -0.000000     1.000000    -0.000000   -60.860000     0.000000     0.000000     0.000000     0.000000     0.000000    -0.000000     0.000000     0.000000    -0.000000    -0.000000    -0.000000    -0.000000
   -0.000000    -0.000000     0.000000     0.000000     0.000000    -0.000000     1.000000    -0.000000    -0.000000     0.000000    -0.000000    -0.000000     0.000000     0.000000     0.000000     0.000000

   -0.005215     0.179300   -23.710000    -9.810000     0.000000     0.000000     0.000000     0.000000     0.000000    -0.000000     0.000000     0.000000    -0.000923     0.038830     0.000000     0.020750
   -0.073600    -0.471500    93.330000    -0.000000     0.000000     0.000000     0.000000    -0.000000     0.000000    -0.000000     0.000000     0.000000     0.005389    -0.231600    -0.000000    -0.082230
    0.016520    -0.071430    -1.398000     0.000000    -0.001034    -0.034460     0.022780     0.000000    -0.000000     0.000000    -0.000000     0.000000     0.000061    -0.027460     0.000821    -0.055170
   -0.000000    -0.000000     1.000000     0.000000     0.000000    -0.000000    -0.000000    -0.000000    -0.000000     0.000000    -0.000000     0.000000     0.000000     0.000000     0.000000     0.000000
    0.000000    -0.000000    -0.000000    -0.000000    -0.050670    23.780000   -95.920000     9.810000    -0.000000     0.000000    -0.000000    -0.000000     0.000000     0.000000     0.000483    -0.000000
    0.000674    -0.002915    -0.057070    -0.000000    -1.090000   -39.760000    21.730000    -0.000000     0.000000    -0.000000     0.000000    -0.000000     0.000002    -0.001121     0.919400    -0.002252
   -0.000053     0.000231     0.004514    -0.000000     0.000911    -0.887100    -0.629600    -0.000000     0.000000    -0.000000     0.000000    -0.000000    -0.000000     0.000089     0.013720     0.000178
   -0.000000    -0.000000     0.000000     0.000000     0.000000     1.000000     0.000000     0.000000    -0.000000     0.000000    -0.000000     0.000000     0.000000     0.000000     0.000000     0.000000
    1.000000     0.000000    -0.000000    23.410000    -0.000000     0.000000     0.000000     0.000000     0.000000    -0.000000     0.000000     0.000000    -0.000000    -0.000000    -0.000000    -0.000000
    0.000000    -0.000000     0.000000    -0.000000     1.000000    -0.000000    -0.000000   -23.410000    -0.000000     0.000000    -0.000000   101.200000     0.000000     0.000000     0.000000     0.000000
   -0.000000     1.000000    -0.000000  -101.200000     0.000000     0.000000     0.000000     0.000000     0.000000    -0.000000     0.000000     0.000000    -0.000000    -0.000000    -0.000000    -0.000000
   -0.000000    -0.000000     0.000000     0.000000     0.000000    -0.000000     1.000000    -0.000000    -0.000000     0.000000    -0.000000     0.000000     0.000000     0.000000     0.000000     0.000000

   -0.001056     0.083030   -22.770000    -9.810000     0.000000     0.000000     0.000000     0.000000     0.000000    -0.000000     0.000000     0.000000    -0.000737     0.033310    -0.000000     0.020430
   -0.042370    -0.461200   199.200000    -0.000000    -0.000000     0.000000    -0.000000    -0.000000     0.000000    -0.000000     0.000000     0.000000     0.010540    -0.478500    -0.000000    -0.157100
    0.010870    -0.098910    -1.896000     0.000000    -0.001975    -0.083240     0.039910     0.000000    -0.000000     0.000000    -0.000000     0.000000     0.000024    -0.083620     0.004022    -0.153500
   -0.000000    -0.000000     1.000000    -0.000000     0.000000    -0.000000    -0.000000    -0.000000    -0.000000     0.000000    -0.000000    -0.000000     0.000000     0.000000     0.000000     0.000000
    0.000000    -0.000000    -0.000000    -0.000000    -0.047790    22.710000  -201.800000     9.810000    -0.000000     0.000000    -0.000000    -0.000000     0.000000    -0.000000     0.004644    -0.000000
    0.000732    -0.006662    -0.127700    -0.000000    -1.365000   -62.250000    24.880000    -0.000000     0.000000    -0.000000     0.000000    -0.000000     0.000002    -0.005631     2.971000    -0.010340
   -0.000051     0.000467     0.008950    -0.000000     0.007288    -0.948800    -0.872400    -0.000000     0.000000    -0.000000     0.000000    -0.000000    -0.000000     0.000395     0.035890     0.000725
   -0.000000    -0.000000     0.000000     0.000000     0.000000     1.000000     0.000000    -0.000000    -0.000000     0.000000    -0.000000    -0.000000     0.000000     0.000000     0.000000     0.000000
    1.000000     0.000000    -0.000000    22.670000    -0.000000     0.000000     0.000000     0.000000     0.000000    -0.000000     0.000000     0.000000    -0.000000    -0.000000    -0.000000    -0.000000
    0.000000    -0.000000     0.000000    -0.000000     1.000000    -0.000000    -0.000000   -22.670000    -0.000000     0.000000    -0.000000   206.400000     0.000000     0.000000     0.000000     0.000000
   -0.000000     1.000000    -0.000000  -206.400000     0.000000     0.000000     0.000000     0.000000     0.000000    -0.000000     0.000000     0.000000    -0.000000    -0.000000    -0.000000    -0.000000
   -0.000000    -0.000000     0.000000     0.000000     0.000000    -0.000000     1.000000    -0.000000    -0.000000     0.000000    -0.000000    -0.000000     0.000000     0.000000     0.000000     0.000000

   -0.000639     0.079970   -16.020000    -9.810000     0.000000     0.000000     0.000000     0.000000     0.000000    -0.000000     0.000000     0.000000    -0.000662     0.030140    -0.000000     0.019770
   -0.045190    -0.613200   197.400000    -0.000000    -0.000000    -0.000000    -0.000000    -0.000000     0.000000    -0.000000     0.000000     0.000000     0.014030    -0.640100    -0.000000    -0.208100
    0.007561    -0.098270    -1.884000     0.000000    -0.001863    -0.084080     0.036570     0.000000    -0.000000     0.000000    -0.000000     0.000000     0.000024    -0.084060     0.004066    -0.152500
   -0.000000    -0.000000     1.000000     0.000000     0.000000    -0.000000    -0.000000     0.000000    -0.000000     0.000000    -0.000000     0.000000     0.000000     0.000000     0.000000     0.000000
    0.000000    -0.000000    -0.000000    -0.000000    -0.064590    15.860000  -201.000000     9.810000    -0.000000     0.000000    -0.000000    -0.000000     0.000000    -0.000000     0.007347    -0.000000
    0.000509    -0.006618    -0.126900    -0.000000    -1.277000   -62.480000    22.410000    -0.000000     0.000000    -0.000000     0.000000    -0.000000     0.000002    -0.005661     2.997000    -0.010270
   -0.000036     0.000464     0.008891    -0.000000     0.009802    -0.852700    -0.901900    -0.000000     0.000000    -0.000000     0.000000    -0.000000    -0.000000     0.000397     0.034730     0.000720
   -0.000000    -0.000000     0.000000    -0.000000     0.000000     1.000000     0.000000     0.000000    -0.000000     0.000000    -0.000000     0.000000     0.000000     0.000000     0.000000     0.000000
    1.000000     0.000000    -0.000000    15.930000    -0.000000     0.000000     0.000000     0.000000     0.000000    -0.000000     0.000000     0.000000    -0.000000    -0.000000    -0.000000    -0.000000
    0.000000    -0.000000     0.000000    -0.000000     1.000000    -0.000000    -0.000000   -15.930000    -0.000000     0.000000    -0.000000   207.000000     0.000000     0.000000     0.000000     0.000000
   -0.000000     1.000000    -0.000000  -207.000000     0.000000     0.000000     0.000000     0.000000     0.000000    -0.000000     0.000000     0.000000    -0.000000    -0.000000    -0.000000    -0.000000
   -0.000000    -0.000000     0.000000     0.000000     0.000000    -0.000000     1.000000    -0.000000    -0.000000     0.000000    -0.000000     0.000000     0.000000     0.000000     0.000000     0.000000

   -0.003399     0.175400   -17.230000    -9.810000     0.000000    -0.000000    -0.000000     0.000000     0.000000    -0.000000     0.000000     0.000000    -0.000886     0.037630     0.000000     0.020560
   -0.075760    -0.627000    92.000000    -0.000000    -0.000000     0.000000    -0.000000    -0.000000     0.000000    -0.000000     0.000000     0.000000     0.007238    -0.313800    -0.000000    -0.109400
    0.011730    -0.070980    -1.390000     0.000000    -0.000951    -0.035470     0.020220     0.000000    -0.000000     0.000000    -0.000000     0.000000     0.000060    -0.028110     0.000851    -0.055310
   -0.000000    -0.000000     1.000000    -0.000000     0.000000    -0.000000    -0.000000    -0.000000    -0.000000     0.000000    -0.000000    -0.000000     0.000000     0.000000     0.000000     0.000000
   -0.000000    -0.000000    -0.000000    -0.000000    -0.069650    17.180000   -95.520000     9.810000    -0.000000     0.000000    -0.000000    -0.000000     0.000000    -0.000000     0.001915    -0.000000
    0.000479    -0.002897    -0.056740    -0.000000    -0.989500   -40.330000    18.860000    -0.000000     0.000000    -0.000000     0.000000    -0.000000     0.000002    -0.001147     0.948400    -0.002257
   -0.000038     0.000229     0.004488    -0.000000     0.004308    -0.756500    -0.671000    -0.000000     0.000000    -0.000000     0.000000    -0.000000    -0.000000     0.000091     0.013010     0.000179
   -0.000000    -0.000000     0.000000     0.000000     0.000000     1.000000     0.000000    -0.000000    -0.000000     0.000000    -0.000000    -0.000000     0.000000     0.000000     0.000000     0.000000
    1.000000     0.000000    -0.000000    16.930000    -0.000000     0.000000     0.000000     0.000000     0.000000    -0.000000     0.000000     0.000000    -0.000000    -0.000000    -0.000000    -0.000000
    0.000000    -0.000000     0.000000    -0.000000     1.000000    -0.000000    -0.000000   -16.930000    -0.000000     0.000000    -0.000000   102.500000     0.000000     0.000000     0.000000     0.000000
   -0.000000     1.000000    -0.000000  -102.500000     0.000000     0.000000     0.000000     0.000000     0.000000    -0.000000     0.000000     0.000000    -0.000000    -0.000000    -0.000000    -0.000000
   -0.000000    -0.000000     0.000000     0.000000     0.000000    -0.000000     1.000000    -0.000000    -0.000000     0.000000    -0.000000    -0.000000     0.000000     0.000000     0.000000     0.000000

   -0.012530     0.283600   -22.700000    -9.810000    -0.000000     0.000000     0.000000     0.000000     0.000000    -0.000000     0.000000     0.000000    -0.000993     0.040050    -0.000000     0.020480
   -0.104200    -0.487700    55.890000    -0.000000     0.000000    -0.000000    -0.000000    -0.000000     0.000000    -0.000000     0.000000     0.000000     0.003585    -0.148700     0.000000    -0.055870
    0.016800    -0.048900    -0.969400     0.000000    -0.000643    -0.017990     0.014840     0.000000    -0.000000     0.000000    -0.000000     0.000000     0.000041    -0.011330     0.000275    -0.024240
   -0.000000    -0.000000     1.000000     0.000000     0.000000    -0.000000    -0.000000     0.000000    -0.000000     0.000000    -0.000000     0.000000     0.000000     0.000000     0.000000     0.000000
   -0.000000    -0.000000     0.000000    -0.000000    -0.053080    22.830000   -58.450000     9.810000    -0.000000     0.000000    -0.000000    -0.000000     0.000000    -0.000000    -0.000877    -0.000000
    0.000553    -0.001609    -0.031890    -0.000000    -0.826300   -25.650000    17.310000    -0.000000     0.000000    -0.000000     0.000000    -0.000000     0.000001    -0.000373     0.373800    -0.000798
   -0.000045     0.000132     0.002622    -0.000000    -0.002366    -0.740000    -0.417400    -0.000000     0.000000    -0.000000     0.000000    -0.000000    -0.000000     0.000031     0.006583     0.000066
   -0.000000    -0.000000     0.000000    -0.000000     0.000000     1.000000     0.000000     0.000000    -0.000000     0.000000    -0.000000     0.000000     0.000000     0.000000     0.000000     0.000000
    1.000000     0.000000    -0.000000    22.110000    -0.000000     0.000000     0.000000     0.000000     0.000000    -0.000000     0.000000     0.000000    -0.000000    -0.000000    -0.000000    -0.000000
    0.000000    -0.000000     0.000000    -0.000000     1.000000    -0.000000    -0.000000   -22.110000    -0.000000     0.000000    -0.000000    64.370000     0.000000     0.000000     0.000000     0.000000
   -0.000000     1.000000    -0.000000   -64.370000     0.000000     0.000000     0.000000     0.000000     0.000000    -0.000000     0.000000     0.000000    -0.000000    -0.000000    -0.000000    -0.000000
   -0.000000    -0.000000     0.000000     0.000000     0.000000    -0.000000     1.000000     0.000000    -0.000000     0.000000    -0.000000     0.000000     0.000000     0.000000     0.000000     0.000000
