u  w  q  the  v  p  r  phi  x  y  z  psi  |  slat  flap  aileron  elevator
   -0.009476     0.271800   -29.020000    -9.810000    -0.000000    -0.000000     0.000000     0.000000     0.000000    -0.000000     0.000000     0.000000    -0.000920     0.036530    -0.000000     0.015510
   -0.115200    -0.361300    56.220000    -0.000000     0.000000    -0.000000    -0.000000    -0.000000     0.000000    -0.000000     0.000000     0.000000     0.002561    -0.104500     0.000000    -0.040250
    0.015900    -0.034970    -0.783200     0.000000    -0.001754    -0.057480     0.027800     0.000000    -0.000000     0.000000    -0.000000     0.000000    -0.000056    -0.006347     0.000712    -0.021020
   -0.000000    -0.000000     1.000000     0.000000     0.000000    -0.000000    -0.000000     0.000000    -0.000000     0.000000    -0.000000     0.000000     0.000000     0.000000     0.000000     0.000000
   -0.000000    -0.000000     0.000000    -0.000000    -0.037520    28.940000   -57.580000     9.810000    -0.000000     0.000000    -0.000000    -0.000000     0.000000    -0.000000    -0.001396    -0.000000
    0.001371    -0.003016    -0.067540    -0.000000    -0.064660    -1.690000     1.338000    -0.000000     0.000000    -0.000000     0.000000    -0.000000    -0.000005    -0.000547     0.023560    -0.001813
    0.000318    -0.000700    -0.015670    -0.000000     0.002006    -0.427700    -0.392600    -0.000000     0.000000    -0.000000     0.000000    -0.000000    -0.000001    -0.000127     0.002267    -0.000420
   -0.000000    -0.000000     0.000000    -0.000000     0.000000     1.000000     0.000000     0.000000    -0.000000     0.000000    -0.000000     0.000000     0.000000     0.000000     0.000000     0.000000
    1.000000     0.000000    -0.000000    28.170000    -0.000000     0.000000     0.000000     0.000000     0.000000    -0.000000     0.000000     0.000000    -0.000000    -0.000000    -0.000000    -0.000000
    0.000000    -0.000000     0.000000    -0.000000     1.000000    -0.000000    -0.000000   -28.170000    -0.000000     0.000000    -0.000000    61.960000     0.000000     0.000000     0.000000     0.000000
   -0.000000     1.000000    -0.000000   -61.960000     0.000000     0.000000     0.000000     0.000000     0.000000    -0.000000     0.000000     0.000000    -0.000000    -0.000000    -0.000000    -0.000000
   -0.000000    -0.000000     0.000000     0.000000     0.000000    -0.000000     1.000000     0.000000    -0.000000     0.000000    -0.000000     0.000000     0.000000     0.000000     0.000000     0.000000

   -0.002099     0.167800   -22.080000    -9.810000     0.000000     0.000000    -0.000000     0.000000     0.000000    -0.000000     0.000000     0.000000    -0.000848     0.035770     0.000000     0.015450
   -0.081450    -0.474100    94.330000    -0.000000     0.000000     0.000000     0.000000    -0.000000     0.000000    -0.000000     0.000000     0.000000     0.005428    -0.233600    -0.000000    -0.082320
    0.010510    -0.049370    -1.132000     0.000000    -0.001818    -0.083370     0.021980     0.000000    -0.000000     0.000000    -0.000000     0.000000    -0.000180    -0.016560     0.001815    -0.049940
   -0.000000    -0.000000     1.000000     0.000000     0.000000    -0.000000    -0.000000     0.000000    -0.000000     0.000000    -0.000000     0.000000     0.000000     0.000000     0.000000     0.000000
   -0.000000    -0.000000    -0.000000    -0.000000    -0.051770    21.950000   -96.370000     9.810000    -0.000000     0.000000    -0.000000    -0.000000    -0.000000    -0.000000     0.000713    -0.000000
    0.000918    -0.004313    -0.098860    -0.000000    -0.061290    -2.245000     1.143000    -0.000000     0.000000    -0.000000     0.000000    -0.000000    -0.000016    -0.001447     0.052180    -0.004362
    0.000238    -0.001119    -0.025650    -0.000000     0.007876    -0.289400    -0.558000    -0.000000     0.000000    -0.000000     0.000000    -0.000000    -0.000004    -0.000375     0.002499    -0.001132
   -0.000000    -0.000000     0.000000    -0.000000     0.000000     1.000000     0.000000     0.000000    -0.000000     0.000000    -0.000000     0.000000     0.000000     0.000000     0.000000     0.000000
    1.000000     0.000000    -0.000000    21.620000    -0.000000     0.000000     0.000000     0.000000     0.000000    -0.000000     0.000000     0.000000    -0.000000    -0.000000    -0.000000    -0.000000
    0.000000    -0.000000     0.000000    -0.000000     1.000000    -0.000000    -0.000000   -21.620000    -0.000000     0.000000    -0.000000   101.600000     0.000000     0.000000     0.000000     0.000000
   -0.000000     1.000000    -0.000000  -101.600000     0.000000     0.000000     0.000000     0.000000     0.000000    -0.000000     0.000000     0.000000    -0.000000    -0.000000    -0.000000    -0.000000
   -0.000000    -0.000000     0.000000     0.000000     0.000000    -0.000000     1.000000     0.000000    -0.000000     0.000000    -0.000000     0.000000     0.000000     0.000000     0.000000     0.000000

   -0.000263     0.077360   -20.990000    -9.810000     0.000000    -0.000000     0.000000     0.000000     0.000000    -0.000000     0.000000     0.000000    -0.000666     0.030180    -0.000000     0.014470
   -0.046420    -0.462100   200.000000    -0.000000    -0.000000    -0.000000     0.000000    -0.000000     0.000000    -0.000000     0.000000     0.000000     0.010560    -0.479600    -0.000000    -0.156700
    0.006673    -0.066210    -1.513000     0.000000    -0.001847    -0.114500     0.012430     0.000000    -0.000000     0.000000    -0.000000     0.000000    -0.000655    -0.049890     0.005253    -0.137400
   -0.000000    -0.000000     1.000000     0.000000     0.000000    -0.000000    -0.000000     0.000000    -0.000000     0.000000    -0.000000     0.000000     0.000000     0.000000     0.000000     0.000000
   -0.000000    -0.000000    -0.000000    -0.000000    -0.048340    20.830000  -202.100000     9.810000    -0.000000     0.000000    -0.000000    -0.000000     0.000000    -0.000000     0.004846    -0.000000
    0.000595    -0.005908    -0.135000    -0.000000    -0.047750    -2.178000     0.810200    -0.000000     0.000000    -0.000000     0.000000    -0.000000    -0.000058    -0.004452     0.104100    -0.012260
    0.000194    -0.001925    -0.044000    -0.000000     0.011960    -0.159100    -0.642900    -0.000000     0.000000    -0.000000     0.000000    -0.000000    -0.000019    -0.001451     0.002473    -0.003995
   -0.000000    -0.000000     0.000000     0.000000     0.000000     1.000000     0.000000     0.000000    -0.000000     0.000000    -0.000000     0.000000     0.000000     0.000000     0.000000     0.000000
    1.000000     0.000000    -0.000000    20.820000    -0.000000     0.000000     0.000000     0.000000     0.000000    -0.000000     0.000000     0.000000    -0.000000    -0.000000    -0.000000    -0.000000
    0.000000    -0.000000     0.000000    -0.000000     1.000000    -0.000000    -0.000000   -20.820000    -0.000000     0.000000    -0.000000   206.600000     0.000000     0.000000     0.000000     0.000000
   -0.000000     1.000000    -0.000000  -206.600000     0.000000     0.000000     0.000000     0.000000     0.000000    -0.000000     0.000000     0.000000    -0.000000    -0.000000    -0.000000    -0.000000
   -0.000000    -0.000000     0.000000     0.000000     0.000000    -0.000000     1.000000    -0.000000    -0.000000     0.000000    -0.000000     0.000000     0.000000     0.000000     0.000000     0.000000

   -0.000081     0.074320   -14.710000    -9.810000     0.000000     0.000000     0.000000     0.000000     0.000000    -0.000000     0.000000     0.000000    -0.000590     0.026970    -0.000000     0.013740
   -0.049230    -0.613900   198.300000    -0.000000    -0.000000    -0.000000    -0.000000    -0.000000     0.000000    -0.000000     0.000000     0.000000     0.014040    -0.640900    -0.000000    -0.207700
    0.004593    -0.065420    -1.504000     0.000000    -0.001660    -0.112600     0.008368     0.000000    -0.000000     0.000000    -0.000000     0.000000    -0.000658    -0.050050     0.005259    -0.136600
   -0.000000    -0.000000     1.000000     0.000000     0.000000    -0.000000    -0.000000     0.000000    -0.000000     0.000000    -0.000000     0.000000     0.000000     0.000000     0.000000     0.000000
    0.000000    -0.000000    -0.000000    -0.000000    -0.065130    14.450000  -201.200000     9.810000    -0.000000     0.000000    -0.000000    -0.000000     0.000000    -0.000000     0.007546    -0.000000
    0.000410    -0.005837    -0.134200    -0.000000    -0.044700    -2.185000     0.728900    -0.000000     0.000000    -0.000000     0.000000    -0.000000    -0.000059    -0.004466     0.104900    -0.012190
    0.000134    -0.001902    -0.043720    -0.000000     0.012800    -0.105000    -0.644000    -0.000000     0.000000    -0.000000     0.000000    -0.000000    -0.000019    -0.001455     0.001662    -0.003973
   -0.000000    -0.000000     0.000000     0.000000     0.000000     1.000000     0.000000     0.000000    -0.000000     0.000000    -0.000000     0.000000     0.000000     0.000000     0.000000     0.000000
    1.000000     0.000000    -0.000000    14.540000    -0.000000     0.000000     0.000000     0.000000     0.000000    -0.000000     0.000000     0.000000    -0.000000    -0.000000    -0.000000    -0.000000
    0.000000    -0.000000     0.000000    -0.000000     1.000000    -0.000000    -0.000000   -14.540000    -0.000000     0.000000    -0.000000   207.100000     0.000000     0.000000     0.000000     0.000000
   -0.000000     1.000000    -0.000000  -207.100000     0.000000     0.000000     0.000000     0.000000     0.000000    -0.000000     0.000000     0.000000    -0.000000    -0.000000    -0.000000    -0.000000
   -0.000000    -0.000000     0.000000     0.000000     0.000000    -0.000000     1.000000    -0.000000    -0.000000     0.000000    -0.000000     0.000000     0.000000     0.000000     0.000000     0.000000

   -0.001160     0.164000   -16.060000    -9.810000     0.000000    -0.000000    -0.000000     0.000000     0.000000    -0.000000     0.000000     0.000000    -0.000809     0.034460     0.000000     0.015100
   -0.083590    -0.629100    93.020000    -0.000000     0.000000     0.000000     0.000000    -0.000000     0.000000    -0.000000     0.000000     0.000000     0.007265    -0.315300    -0.000000    -0.109300
    0.007378    -0.048530    -1.125000     0.000000    -0.001590    -0.081850     0.016730     0.000000    -0.000000     0.000000    -0.000000     0.000000    -0.000186    -0.016850     0.001844    -0.050020
   -0.000000    -0.000000     1.000000     0.000000     0.000000    -0.000000    -0.000000     0.000000    -0.000000     0.000000    -0.000000     0.000000     0.000000     0.000000     0.000000     0.000000
   -0.000000    -0.000000    -0.000000    -0.000000    -0.070700    15.810000   -95.820000     9.810000    -0.000000     0.000000    -0.000000    -0.000000    -0.000000    -0.000000     0.002141    -0.000000
    0.000644    -0.004239    -0.098280    -0.000000    -0.055680    -2.273000     0.991000    -0.000000     0.000000    -0.000000     0.000000    -0.000000    -0.000016    -0.001472     0.053610    -0.004369
    0.000167    -0.001100    -0.025500    -0.000000     0.009305    -0.204000    -0.564000    -0.000000     0.000000    -0.000000     0.000000    -0.000000    -0.000004    -0.000382     0.001843    -0.001134
   -0.000000    -0.000000     0.000000     0.000000     0.000000     1.000000     0.000000     0.000000    -0.000000     0.000000    -0.000000     0.000000     0.000000     0.000000     0.000000     0.000000
    1.000000     0.000000    -0.000000    15.610000    -0.000000     0.000000     0.000000     0.000000     0.000000    -0.000000     0.000000     0.000000    -0.000000    -0.000000    -0.000000    -0.000000
    0.000000    -0.000000     0.000000    -0.000000     1.000000    -0.000000    -0.000000   -15.610000    -0.000000     0.000000    -0.000000   102.700000     0.000000     0.000000     0.000000     0.000000
   -0.000000     1.000000    -0.000000  -102.700000     0.000000     0.000000     0.000000     0.000000     0.000000    -0.000000     0.000000     0.000000    -0.000000    -0.000000    -0.000000    -0.000000
   -0.000000    -0.000000     0.000000     0.000000     0.000000    -0.000000     1.000000     0.000000    -0.000000     0.000000    -0.000000     0.000000     0.000000     0.000000     0.000000     0.000000

   -0.005709     0.265600   -21.280000    -9.810000     0.000000     0.000000     0.000000     0.000000     0.000000    -0.000000     0.000000     0.000000    -0.000919     0.037200    -0.000000     0.015700
   -0.115700    -0.492900    57.030000    -0.000000    -0.000000    -0.000000    -0.000000    -0.000000     0.000000    -0.000000     0.000000     0.000000     0.003642    -0.151400     0.000000    -0.056310
    0.010890    -0.034560    -0.790800     0.000000    -0.001482    -0.057030     0.021190     0.000000    -0.000000     0.000000    -0.000000     0.000000    -0.000064    -0.006901     0.000773    -0.022130
   -0.000000    -0.000000     1.000000     0.000000     0.000000    -0.000000    -0.000000     0.000000    -0.000000     0.000000    -0.000000     0.000000     0.000000     0.000000     0.000000     0.000000
   -0.000000    -0.000000    -0.000000    -0.000000    -0.054780    21.090000   -59.040000     9.810000    -0.000000     0.000000    -0.000000    -0.000000    -0.000000    -0.000000    -0.000645    -0.000000
    0.000939    -0.002980    -0.068190    -0.000000    -0.056840    -1.779000     1.117000    -0.000000     0.000000    -0.000000     0.000000    -0.000000    -0.000006    -0.000595     0.026200    -0.001908
    0.000218    -0.000691    -0.015820    -0.000000     0.004213    -0.306700    -0.410200    -0.000000     0.000000    -0.000000     0.000000    -0.000000    -0.000001    -0.000138     0.001758    -0.000443
   -0.000000    -0.000000     0.000000    -0.000000     0.000000     1.000000     0.000000     0.000000    -0.000000     0.000000    -0.000000     0.000000     0.000000     0.000000     0.000000     0.000000
    1.000000     0.000000    -0.000000    20.450000    -0.000000     0.000000     0.000000     0.000000     0.000000    -0.000000     0.000000     0.000000    -0.000000    -0.000000    -0.000000    -0.000000
    0.000000    -0.000000     0.000000    -0.000000     1.000000    -0.000000    -0.000000   -20.450000    -0.000000     0.000000    -0.000000    64.920000     0.000000     0.000000     0.000000     0.000000
   -0.000000     1.000000    -0.000000   -64.920000     0.000000     0.000000     0.000000     0.000000     0.000000    -0.000000     0.000000     0.000000    -0.000000    -0.000000    -0.000000    -0.000000
   -0.000000    -0.000000     0.000000     0.000000     0.000000    -0.000000     1.000000     0.000000    -0.000000     0.000000    -0.000000     0.000000     0.000000     0.000000     0.000000     0.000000
