u  w  q  the  v  p  r  phi  x  y  z  psi  |  slat  flap  aileron  elevator
   -0.012830     0.278800   -29.780000    -9.810000    -0.000000     0.000000     0.000000     0.000000     0.000000    -0.000000     0.000000     0.000000    -0.000945     0.037430    -0.000000     0.017160
   -0.110800    -0.358700    55.670000    -0.000000     0.000000    -0.000000    -0.000000    -0.000000     0.000000    -0.000000     0.000000     0.000000     0.002530    -0.103100     0.000000    -0.039930
    0.020080    -0.042590    -0.899100     0.000000    -0.002969    -0.082320     0.059230     0.000000    -0.000000     0.000000    -0.000000     0.000000    -0.000022    -0.008313     0.001099    -0.023110
   -0.000000    -0.000000     1.000000     0.000000     0.000000    -0.000000    -0.000000    -0.000000    -0.000000     0.000000    -0.000000     0.000000     0.000000     0.000000     0.000000     0.000000
   -0.000000    -0.000000     0.000000    -0.000000    -0.036800    29.820000   -57.190000     9.810000    -0.000000     0.000000    -0.000000    -0.000000    -0.000000    -0.000000    -0.001477    -0.000000
    0.002661    -0.005644    -0.119200    -0.000000    -0.259100    -6.742000     5.486000    -0.000000     0.000000    -0.000000     0.000000    -0.000000    -0.000003    -0.001102     0.093170    -0.003062
    0.000180    -0.000382    -0.008071    -0.000000     0.000655    -0.653400    -0.493900    -0.000000     0.000000    -0.000000     0.000000    -0.000000    -0.000000    -0.000075     0.003898    -0.000207
   -0.000000    -0.000000     0.000000     0.000000     0.000000     1.000000     0.000000     0.000000    -0.000000     0.000000    -0.000000     0.000000     0.000000     0.000000     0.000000     0.000000
    1.000000     0.000000    -0.000000    29.020000    -0.000000     0.000000     0.000000     0.000000     0.000000    -0.000000     0.000000     0.000000    -0.000000    -0.000000    -0.000000    -0.000000
    0.000000    -0.000000     0.000000    -0.000000     1.000000    -0.000000    -0.000000   -29.020000    -0.000000     0.000000    -0.000000    61.560000     0.000000     0.000000     0.000000     0.000000
   -0.000000     1.000000    -0.000000   -61.560000     0.000000     0.000000     0.000000     0.000000     0.000000    -0.000000     0.000000     0.000000    -0.000000    -0.000000    -0.000000    -0.000000
   -0.000000    -0.000000     0.000000     0.000000     0.000000    -0.000000     1.000000     0.000000    -0.000000     0.000000    -0.000000     0.000000     0.000000     0.000000     0.000000     0.000000

   -0.003143     0.172100   -22.700000    -9.810000    -0.000000    -0.000000     0.000000     0.000000     0.000000    -0.000000     0.000000     0.000000    -0.000876     0.036920     0.000000     0.017450
   -0.078490    -0.473100    93.960000    -0.000000    -0.000000     0.000000     0.000000    -0.000000     0.000000    -0.000000     0.000000     0.000000     0.005414    -0.232900    -0.000000    -0.082290
    0.013660    -0.062160    -1.322000     0.000000    -0.003485    -0.135400     0.061160     0.000000    -0.000000     0.000000    -0.000000     0.000000    -0.000098    -0.022260     0.003083    -0.056040
   -0.000000    -0.000000     1.000000     0.000000     0.000000    -0.000000    -0.000000     0.000000    -0.000000     0.000000    -0.000000     0.000000     0.000000     0.000000     0.000000     0.000000
   -0.000000    -0.000000    -0.000000    -0.000000    -0.051350    22.630000   -96.210000     9.810000    -0.000000     0.000000    -0.000000    -0.000000    -0.000000    -0.000000     0.000627    -0.000000
    0.001912    -0.008701    -0.185100    -0.000000    -0.255900    -9.370000     4.885000    -0.000000     0.000000    -0.000000     0.000000    -0.000000    -0.000014    -0.003116     0.217300    -0.007844
    0.000143    -0.000652    -0.013880    -0.000000     0.009402    -0.501000    -0.764800    -0.000000     0.000000    -0.000000     0.000000    -0.000000    -0.000001    -0.000234     0.005425    -0.000588
   -0.000000    -0.000000     0.000000     0.000000     0.000000     1.000000     0.000000     0.000000    -0.000000     0.000000    -0.000000     0.000000     0.000000     0.000000     0.000000     0.000000
    1.000000     0.000000    -0.000000    22.290000    -0.000000     0.000000     0.000000     0.000000     0.000000    -0.000000     0.000000     0.000000    -0.000000    -0.000000    -0.000000    -0.000000
    0.000000    -0.000000     0.000000    -0.000000     1.000000    -0.000000    -0.000000   -22.290000    -0.000000     0.000000    -0.000000   101.400000     0.000000     0.000000     0.000000     0.000000
   -0.000000     1.000000    -0.000000  -101.400000     0.000000     0.000000     0.000000     0.000000     0.000000    -0.000000     0.000000     0.000000    -0.000000    -0.000000    -0.000000    -0.000000
   -0.000000    -0.000000     0.000000     0.000000     0.000000    -0.000000     1.000000    -0.000000    -0.000000     0.000000    -0.000000     0.000000     0.000000     0.000000     0.000000     0.000000

   -0.000524     0.079480   -21.660000    -9.810000     0.000000    -0.000000     0.000000     0.000000     0.000000    -0.000000     0.000000     0.000000    -0.000692     0.031360    -0.000000     0.016710
   -0.044900    -0.461800   199.700000    -0.000000    -0.000000     0.000000    -0.000000    -0.000000     0.000000    -0.000000     0.000000     0.000000     0.010550    -0.479200    -0.000000    -0.156900
    0.009164    -0.087950    -1.849000     0.000000    -0.004378    -0.216600     0.066060     0.000000    -0.000000     0.000000    -0.000000     0.000000    -0.000456    -0.070030     0.010220    -0.161100
   -0.000000    -0.000000     1.000000     0.000000     0.000000    -0.000000    -0.000000     0.000000    -0.000000     0.000000    -0.000000     0.000000     0.000000     0.000000     0.000000     0.000000
    0.000000    -0.000000    -0.000000    -0.000000    -0.048130    21.540000  -202.000000     9.810000    -0.000000     0.000000    -0.000000    -0.000000     0.000000    -0.000000     0.004770    -0.000000
    0.001413    -0.013560    -0.285000    -0.000000    -0.214500    -9.799000     3.731000    -0.000000     0.000000    -0.000000     0.000000    -0.000000    -0.000070    -0.010790     0.468000    -0.024840
    0.000135    -0.001300    -0.027330    -0.000000     0.018120    -0.342000    -1.023000    -0.000000     0.000000    -0.000000     0.000000    -0.000000    -0.000007    -0.001035     0.007817    -0.002381
   -0.000000    -0.000000     0.000000     0.000000     0.000000     1.000000     0.000000     0.000000    -0.000000     0.000000    -0.000000     0.000000     0.000000     0.000000     0.000000     0.000000
    1.000000     0.000000    -0.000000    21.520000    -0.000000     0.000000     0.000000     0.000000     0.000000    -0.000000     0.000000     0.000000    -0.000000    -0.000000    -0.000000    -0.000000
    0.000000    -0.000000     0.000000    -0.000000     1.000000    -0.000000    -0.000000   -21.520000    -0.000000     0.000000    -0.000000   206.500000     0.000000     0.000000     0.000000     0.000000
   -0.000000     1.000000    -0.000000  -206.500000     0.000000     0.000000     0.000000     0.000000     0.000000    -0.000000     0.000000     0.000000    -0.000000    -0.000000    -0.000000    -0.000000
   -0.000000    -0.000000     0.000000     0.000000     0.000000    -0.000000     1.000000    -0.000000    -0.000000     0.000000    -0.000000     0.000000     0.000000     0.000000     0.000000     0.000000

   -0.000262     0.076440   -15.200000    -9.810000     0.000000    -0.000000     0.000000     0.000000     0.000000    -0.000000     0.000000     0.000000    -0.000617     0.028160    -0.000000     0.016000
   -0.047720    -0.613700   198.000000    -0.000000    -0.000000    -0.000000    -0.000000    -0.000000     0.000000    -0.000000     0.000000     0.000000     0.014040    -0.640600    -0.000000    -0.207800
    0.006336    -0.087120    -1.837000     0.000000    -0.004058    -0.216000     0.057900     0.000000    -0.000000     0.000000    -0.000000     0.000000    -0.000459    -0.070320     0.010290    -0.160200
   -0.000000    -0.000000     1.000000     0.000000     0.000000    -0.000000    -0.000000     0.000000    -0.000000     0.000000    -0.000000     0.000000     0.000000     0.000000     0.000000     0.000000
    0.000000    -0.000000    -0.000000    -0.000000    -0.064930    14.980000  -201.100000     9.810000    -0.000000     0.000000    -0.000000    -0.000000    -0.000000    -0.000000     0.007471    -0.000000
    0.000977    -0.013430    -0.283200    -0.000000    -0.200700    -9.833000     3.356000    -0.000000     0.000000    -0.000000     0.000000    -0.000000    -0.000071    -0.010840     0.471900    -0.024690
    0.000094    -0.001288    -0.027150    -0.000000     0.019640    -0.252500    -1.028000    -0.000000     0.000000    -0.000000     0.000000    -0.000000    -0.000007    -0.001039     0.006514    -0.002367
   -0.000000    -0.000000     0.000000     0.000000     0.000000     1.000000     0.000000     0.000000    -0.000000     0.000000    -0.000000     0.000000     0.000000     0.000000     0.000000     0.000000
    1.000000     0.000000    -0.000000    15.060000    -0.000000     0.000000     0.000000     0.000000     0.000000    -0.000000     0.000000     0.000000    -0.000000    -0.000000    -0.000000    -0.000000
    0.000000    -0.000000     0.000000    -0.000000     1.000000    -0.000000    -0.000000   -15.060000    -0.000000     0.000000    -0.000000   207.100000     0.000000     0.000000     0.000000     0.000000
   -0.000000     1.000000    -0.000000  -207.100000     0.000000     0.000000     0.000000     0.000000     0.000000    -0.000000     0.000000     0.000000    -0.000000    -0.000000    -0.000000    -0.000000
   -0.000000    -0.000000     0.000000     0.000000     0.000000    -0.000000     1.000000    -0.000000    -0.000000     0.000000    -0.000000     0.000000     0.000000     0.000000     0.000000     0.000000

   -0.001906     0.168300   -16.500000    -9.810000    -0.000000    -0.000000    -0.000000     0.000000     0.000000    -0.000000     0.000000     0.000000    -0.000838     0.035650     0.000000     0.017150
   -0.080640    -0.628300    92.640000    -0.000000     0.000000     0.000000     0.000000    -0.000000     0.000000    -0.000000     0.000000     0.000000     0.007255    -0.314800    -0.000000    -0.109400
    0.009638    -0.061400    -1.314000     0.000000    -0.003136    -0.136000     0.051960     0.000000    -0.000000     0.000000    -0.000000     0.000000    -0.000102    -0.022710     0.003162    -0.056150
   -0.000000    -0.000000     1.000000     0.000000     0.000000    -0.000000    -0.000000     0.000000    -0.000000     0.000000    -0.000000     0.000000     0.000000     0.000000     0.000000     0.000000
   -0.000000    -0.000000    -0.000000    -0.000000    -0.070300    16.330000   -95.710000     9.810000    -0.000000     0.000000    -0.000000    -0.000000    -0.000000    -0.000000     0.002056     0.000000
    0.001349    -0.008594    -0.183900    -0.000000    -0.232300    -9.493000     4.235000    -0.000000     0.000000    -0.000000     0.000000    -0.000000    -0.000014    -0.003179     0.223600    -0.007859
    0.000101    -0.000644    -0.013790    -0.000000     0.011700    -0.377000    -0.779400    -0.000000     0.000000    -0.000000     0.000000    -0.000000    -0.000001    -0.000238     0.004527    -0.000589
   -0.000000    -0.000000     0.000000     0.000000     0.000000     1.000000     0.000000     0.000000    -0.000000     0.000000    -0.000000     0.000000     0.000000     0.000000     0.000000     0.000000
    1.000000     0.000000    -0.000000    16.100000    -0.000000     0.000000     0.000000     0.000000     0.000000    -0.000000     0.000000     0.000000    -0.000000    -0.000000    -0.000000    -0.000000
    0.000000    -0.000000     0.000000    -0.000000     1.000000    -0.000000    -0.000000   -16.100000    -0.000000     0.000000    -0.000000   102.600000     0.000000     0.000000     0.000000     0.000000
   -0.000000     1.000000    -0.000000  -102.600000     0.000000     0.000000     0.000000     0.000000     0.000000    -0.000000     0.000000     0.000000    -0.000000    -0.000000    -0.000000    -0.000000
   -0.000000    -0.000000     0.000000     0.000000     0.000000    -0.000000     1.000000     0.000000    -0.000000     0.000000    -0.000000     0.000000     0.000000     0.000000     0.000000     0.000000

   -0.008011     0.272300   -21.820000    -9.810000    -0.000000     0.000000     0.000000     0.000000     0.000000    -0.000000     0.000000     0.000000    -0.000947     0.038280    -0.000000     0.017510
   -0.111300    -0.491000    56.610000    -0.000000     0.000000     0.000000    -0.000000    -0.000000     0.000000    -0.000000     0.000000     0.000000     0.003622    -0.150400     0.000000    -0.056160
    0.013850    -0.042540    -0.909100     0.000000    -0.002583    -0.085380     0.048560     0.000000    -0.000000     0.000000    -0.000000     0.000000    -0.000026    -0.009124     0.001223    -0.024430
   -0.000000    -0.000000     1.000000     0.000000     0.000000    -0.000000    -0.000000    -0.000000    -0.000000     0.000000    -0.000000     0.000000     0.000000     0.000000     0.000000     0.000000
   -0.000000    -0.000000     0.000000    -0.000000    -0.054140    21.740000   -58.820000     9.810000    -0.000000     0.000000    -0.000000    -0.000000     0.000000    -0.000000    -0.000732    -0.000000
    0.001835    -0.005637    -0.120500    -0.000000    -0.227700    -7.118000     4.577000    -0.000000     0.000000    -0.000000     0.000000    -0.000000    -0.000004    -0.001209     0.104300    -0.003238
    0.000124    -0.000382    -0.008161    -0.000000     0.003995    -0.487300    -0.525900    -0.000000     0.000000    -0.000000     0.000000    -0.000000    -0.000000    -0.000082     0.003298    -0.000219
   -0.000000    -0.000000     0.000000     0.000000     0.000000     1.000000     0.000000     0.000000    -0.000000     0.000000    -0.000000     0.000000     0.000000     0.000000     0.000000     0.000000
    1.000000     0.000000    -0.000000    21.070000    -0.000000     0.000000     0.000000     0.000000     0.000000    -0.000000     0.000000     0.000000    -0.000000    -0.000000    -0.000000    -0.000000
    0.000000    -0.000000     0.000000    -0.000000     1.000000    -0.000000    -0.000000   -21.070000    -0.000000     0.000000    -0.000000    64.720000     0.000000     0.000000     0.000000     0.000000
   -0.000000     1.000000    -0.000000   -64.720000     0.000000     0.000000     0.000000     0.000000     0.000000    -0.000000     0.000000     0.000000    -0.000000    -0.000000    -0.000000    -0.000000
   -0.000000    -0.000000     0.000000     0.000000     0.000000    -0.000000     1.000000     0.000000    -0.000000     0.000000    -0.000000     0.000000     0.000000     0.000000     0.000000     0.000000
