u  w  q  the  v  p  r  phi  x  y  z  psi  |  slat  flap  aileron  elevator
   -0.010990     0.275000   -29.380000    -9.810000    -0.000000     0.000000     0.000000     0.000000     0.000000    -0.000000     0.000000     0.000000    -0.000931     0.036960    -0.000000     0.016290
   -0.113100    -0.360100    55.960000    -0.000000     0.000000    -0.000000     0.000000    -0.000000     0.000000    -0.000000     0.000000     0.000000     0.002547    -0.103800     0.000000    -0.040100
    0.017690    -0.038260    -0.831500     0.000000    -0.003441    -0.100400     0.064290     0.000000    -0.000000     0.000000    -0.000000     0.000000    -0.000040    -0.007208     0.001312    -0.021880
   -0.000000    -0.000000     1.000000     0.000000     0.000000    -0.000000    -0.000000     0.000000    -0.000000     0.000000    -0.000000     0.000000     0.000000     0.000000     0.000000     0.000000
   -0.000000     0.000000     0.000000    -0.000000    -0.037180    29.350000   -57.400000     9.810000    -0.000000     0.000000    -0.000000    -0.000000     0.000000    -0.000000    -0.001434    -0.000000
    0.002856    -0.006175    -0.134200    -0.000000    -0.161200    -4.207000     3.370000    -0.000000     0.000000    -0.000000     0.000000    -0.000000    -0.000007    -0.001163     0.058380    -0.003531
    0.000325    -0.000703    -0.015280    -0.000000     0.001490    -0.557100    -0.462700    -0.000000     0.000000    -0.000000     0.000000    -0.000000    -0.000001    -0.000132     0.003160    -0.000402
   -0.000000    -0.000000     0.000000    -0.000000     0.000000     1.000000     0.000000     0.000000    -0.000000     0.000000    -0.000000     0.000000     0.000000     0.000000     0.000000     0.000000
    1.000000     0.000000    -0.000000    28.570000    -0.000000     0.000000     0.000000     0.000000     0.000000    -0.000000     0.000000     0.000000    -0.000000    -0.000000    -0.000000    -0.000000
    0.000000    -0.000000     0.000000    -0.000000     1.000000    -0.000000    -0.000000   -28.570000    -0.000000     0.000000    -0.000000    61.770000     0.000000     0.000000     0.000000     0.000000
   -0.000000     1.000000    -0.000000   -61.770000     0.000000     0.000000     0.000000     0.000000     0.000000    -0.000000     0.000000     0.000000    -0.000000    -0.000000    -0.000000    -0.000000
   -0.000000    -0.000000     0.000000     0.000000     0.000000    -0.000000     1.000000    -0.000000    -0.000000     0.000000    -0.000000     0.000000     0.000000     0.000000     0.000000     0.000000

   -0.002568     0.169800   -22.370000    -9.810000     0.000000    -0.000000    -0.000000     0.000000     0.000000    -0.000000     0.000000     0.000000    -0.000861     0.036310     0.000000     0.016390
   -0.080070    -0.473700    94.150000    -0.000000    -0.000000     0.000000     0.000000    -0.000000     0.000000    -0.000000     0.000000     0.000000     0.005422    -0.233300    -0.000000    -0.082310
    0.011850    -0.054830    -1.210000     0.000000    -0.003846    -0.156800     0.061360     0.000000    -0.000000     0.000000    -0.000000     0.000000    -0.000143    -0.019020     0.003523    -0.052420
   -0.000000    -0.000000     1.000000    -0.000000     0.000000    -0.000000    -0.000000    -0.000000    -0.000000     0.000000    -0.000000    -0.000000     0.000000     0.000000     0.000000     0.000000
   -0.000000    -0.000000    -0.000000    -0.000000    -0.051570    22.270000   -96.300000     9.810000    -0.000000     0.000000    -0.000000    -0.000000     0.000000    -0.000000     0.000673    -0.000000
    0.001977    -0.009150    -0.201900    -0.000000    -0.155900    -5.712000     2.937000    -0.000000     0.000000    -0.000000     0.000000    -0.000000    -0.000024    -0.003174     0.132600    -0.008748
    0.000252    -0.001168    -0.025780    -0.000000     0.009115    -0.405400    -0.691000    -0.000000     0.000000    -0.000000     0.000000    -0.000000    -0.000003    -0.000405     0.004001    -0.001117
   -0.000000    -0.000000     0.000000     0.000000     0.000000     1.000000     0.000000    -0.000000    -0.000000     0.000000    -0.000000    -0.000000     0.000000     0.000000     0.000000     0.000000
    1.000000     0.000000    -0.000000    21.930000    -0.000000     0.000000     0.000000     0.000000     0.000000    -0.000000     0.000000     0.000000    -0.000000    -0.000000    -0.000000    -0.000000
    0.000000    -0.000000     0.000000    -0.000000     1.000000    -0.000000    -0.000000   -21.930000    -0.000000     0.000000    -0.000000   101.500000     0.000000     0.000000     0.000000     0.000000
   -0.000000     1.000000    -0.000000  -101.500000     0.000000     0.000000     0.000000     0.000000     0.000000    -0.000000     0.000000     0.000000    -0.000000    -0.000000    -0.000000    -0.000000
   -0.000000    -0.000000     0.000000     0.000000     0.000000    -0.000000     1.000000    -0.000000    -0.000000     0.000000    -0.000000    -0.000000     0.000000     0.000000     0.000000     0.000000

   -0.000380     0.078350   -21.310000    -9.810000     0.000000     0.000000     0.000000     0.000000     0.000000    -0.000000     0.000000     0.000000    -0.000678     0.030730    -0.000000     0.015520
   -0.045710    -0.461900   199.800000    -0.000000    -0.000000     0.000000    -0.000000    -0.000000     0.000000    -0.000000     0.000000     0.000000     0.010550    -0.479400    -0.000000    -0.156800
    0.007695    -0.075160    -1.647000     0.000000    -0.004402    -0.232400     0.056150     0.000000    -0.000000     0.000000    -0.000000     0.000000    -0.000564    -0.058260     0.010880    -0.146700
   -0.000000    -0.000000     1.000000     0.000000     0.000000    -0.000000    -0.000000     0.000000    -0.000000     0.000000    -0.000000     0.000000     0.000000     0.000000     0.000000     0.000000
    0.000000    -0.000000    -0.000000    -0.000000    -0.048240    21.160000  -202.000000     9.810000    -0.000000     0.000000    -0.000000    -0.000000     0.000000    -0.000000     0.004811    -0.000000
    0.001360    -0.013280    -0.290900    -0.000000    -0.125900    -5.750000     2.158000    -0.000000     0.000000    -0.000000     0.000000    -0.000000    -0.000100    -0.010290     0.274700    -0.025920
    0.000224    -0.002189    -0.047960    -0.000000     0.015790    -0.254100    -0.870700    -0.000000     0.000000    -0.000000     0.000000    -0.000000    -0.000016    -0.001697     0.005044    -0.004273
   -0.000000    -0.000000     0.000000     0.000000     0.000000     1.000000     0.000000     0.000000    -0.000000     0.000000    -0.000000     0.000000     0.000000     0.000000     0.000000     0.000000
    1.000000     0.000000    -0.000000    21.150000    -0.000000     0.000000     0.000000     0.000000     0.000000    -0.000000     0.000000     0.000000    -0.000000    -0.000000    -0.000000    -0.000000
    0.000000    -0.000000     0.000000    -0.000000     1.000000    -0.000000    -0.000000   -21.150000    -0.000000     0.000000    -0.000000   206.500000     0.000000     0.000000     0.000000     0.000000
   -0.000000     1.000000    -0.000000  -206.500000     0.000000     0.000000     0.000000     0.000000     0.000000    -0.000000     0.000000     0.000000    -0.000000    -0.000000    -0.000000    -0.000000
   -0.000000    -0.000000     0.000000     0.000000     0.000000    -0.000000     1.000000    -0.000000    -0.000000     0.000000    -0.000000     0.000000     0.000000     0.000000     0.000000     0.000000

   -0.000161     0.075310   -14.940000    -9.810000     0.000000    -0.000000     0.000000     0.000000     0.000000    -0.000000     0.000000     0.000000    -0.000603     0.027530    -0.000000     0.014800
   -0.048520    -0.613800   198.200000    -0.000000    -0.000000    -0.000000     0.000000    -0.000000     0.000000    -0.000000     0.000000     0.000000     0.014040    -0.640700    -0.000000    -0.207700
    0.005308    -0.074360    -1.636000     0.000000    -0.004048    -0.230800     0.047600     0.000000    -0.000000     0.000000    -0.000000     0.000000    -0.000568    -0.058470     0.010930    -0.145900
   -0.000000    -0.000000     1.000000     0.000000     0.000000    -0.000000    -0.000000    -0.000000    -0.000000     0.000000    -0.000000     0.000000     0.000000     0.000000     0.000000     0.000000
   -0.000000    -0.000000    -0.000000    -0.000000    -0.065030    14.700000  -201.100000     9.810000    -0.000000     0.000000    -0.000000    -0.000000    -0.000000     0.000000     0.007511    -0.000000
    0.000938    -0.013140    -0.289100    -0.000000    -0.117800    -5.769000     1.942000    -0.000000     0.000000    -0.000000     0.000000    -0.000000    -0.000100    -0.010330     0.276900    -0.025780
    0.000155    -0.002166    -0.047660    -0.000000     0.017010    -0.179400    -0.873700    -0.000000     0.000000    -0.000000     0.000000    -0.000000    -0.000017    -0.001703     0.003940    -0.004249
   -0.000000    -0.000000     0.000000     0.000000     0.000000     1.000000     0.000000     0.000000    -0.000000     0.000000    -0.000000     0.000000     0.000000     0.000000     0.000000     0.000000
    1.000000     0.000000    -0.000000    14.780000    -0.000000     0.000000     0.000000     0.000000     0.000000    -0.000000     0.000000     0.000000    -0.000000    -0.000000    -0.000000    -0.000000
    0.000000    -0.000000     0.000000    -0.000000     1.000000    -0.000000    -0.000000   -14.780000    -0.000000     0.000000    -0.000000   207.100000     0.000000     0.000000     0.000000     0.000000
   -0.000000     1.000000    -0.000000  -207.100000     0.000000     0.000000     0.000000     0.000000     0.000000    -0.000000     0.000000     0.000000    -0.000000    -0.000000    -0.000000    -0.000000
   -0.000000    -0.000000     0.000000     0.000000     0.000000    -0.000000     1.000000     0.000000    -0.000000     0.000000    -0.000000     0.000000     0.000000     0.000000     0.000000     0.000000

   -0.001494     0.166000   -16.270000    -9.810000    -0.000000    -0.000000     0.000000     0.000000     0.000000    -0.000000     0.000000     0.000000    -0.000823     0.035020     0.000000     0.016060
   -0.082210    -0.628800    92.840000    -0.000000     0.000000     0.000000    -0.000000    -0.000000     0.000000    -0.000000     0.000000     0.000000     0.007260    -0.315100    -0.000000    -0.109300
    0.008338    -0.054020    -1.203000     0.000000    -0.003434    -0.156300     0.051000     0.000000    -0.000000     0.000000    -0.000000     0.000000    -0.000148    -0.019370     0.003602    -0.052510
   -0.000000    -0.000000     1.000000     0.000000     0.000000    -0.000000    -0.000000     0.000000    -0.000000     0.000000    -0.000000     0.000000     0.000000     0.000000     0.000000     0.000000
   -0.000000    -0.000000    -0.000000    -0.000000    -0.070510    16.050000   -95.770000     9.810000    -0.000000     0.000000    -0.000000    -0.000000     0.000000    -0.000000     0.002101    -0.000000
    0.001391    -0.009016    -0.200700    -0.000000    -0.141600    -5.786000     2.546000    -0.000000     0.000000    -0.000000     0.000000    -0.000000    -0.000025    -0.003233     0.136300    -0.008763
    0.000178    -0.001151    -0.025620    -0.000000     0.011040    -0.296600    -0.701300    -0.000000     0.000000    -0.000000     0.000000    -0.000000    -0.000003    -0.000413     0.003189    -0.001119
   -0.000000    -0.000000     0.000000    -0.000000     0.000000     1.000000     0.000000     0.000000    -0.000000     0.000000    -0.000000     0.000000     0.000000     0.000000     0.000000     0.000000
    1.000000     0.000000    -0.000000    15.840000    -0.000000     0.000000     0.000000     0.000000     0.000000    -0.000000     0.000000     0.000000    -0.000000    -0.000000    -0.000000    -0.000000
    0.000000    -0.000000     0.000000    -0.000000     1.000000    -0.000000    -0.000000   -15.840000    -0.000000     0.000000    -0.000000   102.600000     0.000000     0.000000     0.000000     0.000000
   -0.000000     1.000000    -0.000000  -102.600000     0.000000     0.000000     0.000000     0.000000     0.000000    -0.000000     0.000000     0.000000    -0.000000    -0.000000    -0.000000    -0.000000
   -0.000000    -0.000000     0.000000     0.000000     0.000000    -0.000000     1.000000     0.000000    -0.000000     0.000000    -0.000000     0.000000     0.000000     0.000000     0.000000     0.000000

   -0.006746     0.268700   -21.530000    -9.810000    -0.000000    -0.000000     0.000000     0.000000     0.000000    -0.000000     0.000000     0.000000    -0.000932     0.037700    -0.000000     0.016550
   -0.113700    -0.492000    56.830000    -0.000000     0.000000     0.000000    -0.000000    -0.000000     0.000000    -0.000000     0.000000     0.000000     0.003633    -0.151000     0.000000    -0.056240
    0.012160    -0.038000    -0.840100     0.000000    -0.002970    -0.102600     0.051820     0.000000    -0.000000     0.000000    -0.000000     0.000000    -0.000047    -0.007873     0.001447    -0.023080
   -0.000000    -0.000000     1.000000    -0.000000     0.000000    -0.000000    -0.000000    -0.000000    -0.000000     0.000000    -0.000000    -0.000000     0.000000     0.000000     0.000000     0.000000
   -0.000000    -0.000000     0.000000    -0.000000    -0.054480    21.390000   -58.940000     9.810000    -0.000000     0.000000    -0.000000    -0.000000     0.000000    -0.000000    -0.000686    -0.000000
    0.001962    -0.006134    -0.135600    -0.000000    -0.141600    -4.434000     2.811000    -0.000000     0.000000    -0.000000     0.000000    -0.000000    -0.000008    -0.001271     0.065140    -0.003725
    0.000223    -0.000699    -0.015440    -0.000000     0.004352    -0.408200    -0.488000    -0.000000     0.000000    -0.000000     0.000000    -0.000000    -0.000001    -0.000145     0.002577    -0.000424
   -0.000000    -0.000000     0.000000     0.000000     0.000000     1.000000     0.000000    -0.000000    -0.000000     0.000000    -0.000000    -0.000000     0.000000     0.000000     0.000000     0.000000
    1.000000     0.000000    -0.000000    20.740000    -0.000000     0.000000     0.000000     0.000000     0.000000    -0.000000     0.000000     0.000000    -0.000000    -0.000000    -0.000000    -0.000000
    0.000000    -0.000000     0.000000    -0.000000     1.000000    -0.000000    -0.000000   -20.740000    -0.000000     0.000000    -0.000000    64.820000     0.000000     0.000000     0.000000     0.000000
   -0.000000     1.000000    -0.000000   -64.820000     0.000000     0.000000     0.000000     0.000000     0.000000    -0.000000     0.000000     0.000000    -0.000000    -0.000000    -0.000000    -0.000000
   -0.000000    -0.000000     0.000000     0.000000     0.000000    -0.000000     1.000000    -0.000000    -0.000000     0.000000    -0.000000    -0.000000     0.000000     0.000000     0.000000     0.000000
