u  w  q  the  v  p  r  phi  x  y  z  psi  |  slat  flap  aileron  elevator
   -0.022510     0.295500   -31.580000    -9.810000    -0.000000     0.000000     0.000000     0.000000     0.000000    -0.000000     0.000000     0.000000    -0.001002     0.039480    -0.000000     0.020900
   -0.100700    -0.352000    54.340000    -0.000000     0.000000    -0.000000    -0.000000    -0.000000     0.000000    -0.000000     0.000000     0.000000     0.002453    -0.099570     0.000000    -0.039110
    0.025510    -0.049710    -0.967900     0.000000    -0.000948    -0.022340     0.022540     0.000000    -0.000000     0.000000    -0.000000     0.000000     0.000061    -0.010700     0.000317    -0.022300
   -0.000000    -0.000000     1.000000     0.000000     0.000000    -0.000000    -0.000000     0.000000    -0.000000     0.000000    -0.000000     0.000000     0.000000     0.000000     0.000000     0.000000
   -0.000000    -0.000000     0.000000    -0.000000    -0.035160    31.940000   -56.190000     9.810000    -0.000000     0.000000    -0.000000    -0.000000     0.000000    -0.000000    -0.001667    -0.000000
    0.001151    -0.002243    -0.043680    -0.000000    -0.916100   -23.380000    20.540000    -0.000000     0.000000    -0.000000     0.000000    -0.000000     0.000003    -0.000483     0.317400    -0.001006
   -0.000055     0.000108     0.002096    -0.000000    -0.006253    -0.887500    -0.358500    -0.000000     0.000000    -0.000000     0.000000    -0.000000    -0.000000     0.000023     0.006518     0.000048
   -0.000000    -0.000000     0.000000    -0.000000     0.000000     1.000000     0.000000     0.000000    -0.000000     0.000000    -0.000000     0.000000     0.000000     0.000000     0.000000     0.000000
    1.000000     0.000000    -0.000000    31.070000    -0.000000     0.000000     0.000000     0.000000     0.000000    -0.000000     0.000000     0.000000    -0.000000    -0.000000    -0.000000    -0.000000
    0.000000    -0.000000     0.000000    -0.000000     1.000000    -0.000000    -0.000000   -31.070000    -0.000000     0.000000    -0.000000    60.550000     0.000000     0.000000     0.000000     0.000000
   -0.000000     1.000000    -0.000000   -60.550000     0.000000     0.000000     0.000000     0.000000     0.000000    -0.000000     0.000000     0.000000    -0.000000    -0.000000    -0.000000    -0.000000
   -0.000000    -0.000000     0.000000     0.000000     0.000000    -0.000000     1.000000     0.000000    -0.000000     0.000000    -0.000000     0.000000     0.000000     0.000000     0.000000     0.000000

   -0.006188     0.182300   -24.120000    -9.810000    -0.000000    -0.000000    -0.000000     0.000000     0.000000    -0.000000     0.000000     0.000000    -0.000942     0.039610    -0.000000     0.022100
   -0.071590    -0.470800    93.070000    -0.000000     0.000000     0.000000    -0.000000    -0.000000     0.000000    -0.000000     0.000000     0.000000     0.005379    -0.231100    -0.000000    -0.082200
    0.017420    -0.073750    -1.411000     0.000000    -0.001334    -0.045760     0.028870     0.000000    -0.000000     0.000000    -0.000000     0.000000     0.000119    -0.028950     0.001078    -0.054010
   -0.000000    -0.000000     1.000000     0.000000     0.000000    -0.000000    -0.000000     0.000000    -0.000000     0.000000    -0.000000     0.000000     0.000000     0.000000     0.000000     0.000000
    0.000000    -0.000000    -0.000000    -0.000000    -0.050400    24.250000   -95.800000     9.810000    -0.000000     0.000000    -0.000000    -0.000000     0.000000    -0.000000     0.000424    -0.000000
    0.000969    -0.004104    -0.078510    -0.000000    -1.056000   -38.430000    21.430000    -0.000000     0.000000    -0.000000     0.000000    -0.000000     0.000007    -0.001611     0.887700    -0.003005
   -0.000045     0.000189     0.003620    -0.000000     0.001638    -0.847300    -0.626500    -0.000000     0.000000    -0.000000     0.000000    -0.000000    -0.000000     0.000074     0.012860     0.000139
   -0.000000    -0.000000     0.000000    -0.000000     0.000000     1.000000     0.000000     0.000000    -0.000000     0.000000    -0.000000     0.000000     0.000000     0.000000     0.000000     0.000000
    1.000000     0.000000    -0.000000    23.870000    -0.000000     0.000000     0.000000     0.000000     0.000000    -0.000000     0.000000     0.000000    -0.000000    -0.000000    -0.000000    -0.000000
    0.000000    -0.000000     0.000000    -0.000000     1.000000    -0.000000    -0.000000   -23.870000    -0.000000     0.000000    -0.000000   101.100000     0.000000     0.000000     0.000000     0.000000
   -0.000000     1.000000    -0.000000  -101.100000     0.000000     0.000000     0.000000     0.000000     0.000000    -0.000000     0.000000     0.000000    -0.000000    -0.000000    -0.000000    -0.000000
   -0.000000    -0.000000     0.000000     0.000000     0.000000    -0.000000     1.000000     0.000000    -0.000000     0.000000    -0.000000     0.000000     0.000000     0.000000     0.000000     0.000000

   -0.001309     0.084490   -23.230000    -9.810000    -0.000000     0.000000     0.000000     0.000000     0.000000    -0.000000     0.000000     0.000000    -0.000755     0.034120    -0.000000     0.021960
   -0.041330    -0.461000   199.000000    -0.000000    -0.000000    -0.000000    -0.000000    -0.000000     0.000000    -0.000000     0.000000     0.000000     0.010530    -0.478200    -0.000000    -0.157100
    0.011280    -0.100600    -1.879000     0.000000    -0.002435    -0.105300     0.048390     0.000000    -0.000000     0.000000    -0.000000     0.000000     0.000192    -0.086530     0.005064    -0.147400
   -0.000000    -0.000000     1.000000     0.000000     0.000000    -0.000000    -0.000000     0.000000    -0.000000     0.000000    -0.000000     0.000000     0.000000     0.000000     0.000000     0.000000
    0.000000    -0.000000    -0.000000    -0.000000    -0.047660    23.200000  -201.800000     9.810000    -0.000000     0.000000    -0.000000    -0.000000     0.000000    -0.000000     0.004591    -0.000000
    0.001015    -0.009046    -0.169000    -0.000000    -1.296000   -59.010000    24.080000    -0.000000     0.000000    -0.000000     0.000000    -0.000000     0.000017    -0.007783     2.815000    -0.013260
   -0.000041     0.000369     0.006893    -0.000000     0.008204    -0.863300    -0.853800    -0.000000     0.000000    -0.000000     0.000000    -0.000000    -0.000001     0.000317     0.032090     0.000541
   -0.000000    -0.000000     0.000000     0.000000     0.000000     1.000000     0.000000     0.000000    -0.000000     0.000000    -0.000000     0.000000     0.000000     0.000000     0.000000     0.000000
    1.000000     0.000000    -0.000000    23.150000    -0.000000     0.000000     0.000000     0.000000     0.000000    -0.000000     0.000000     0.000000    -0.000000    -0.000000    -0.000000    -0.000000
    0.000000    -0.000000     0.000000    -0.000000     1.000000    -0.000000    -0.000000   -23.150000    -0.000000     0.000000    -0.000000   206.300000     0.000000     0.000000     0.000000     0.000000
   -0.000000     1.000000    -0.000000  -206.300000     0.000000     0.000000     0.000000     0.000000     0.000000    -0.000000     0.000000     0.000000    -0.000000    -0.000000    -0.000000    -0.000000
   -0.000000    -0.000000     0.000000     0.000000     0.000000    -0.000000     1.000000    -0.000000    -0.000000     0.000000    -0.000000     0.000000     0.000000     0.000000     0.000000     0.000000

   -0.000821     0.081420   -16.350000    -9.810000     0.000000     0.000000    -0.000000     0.000000     0.000000    -0.000000     0.000000     0.000000    -0.000680     0.030950    -0.000000     0.021320
   -0.044150    -0.613000   197.200000    -0.000000    -0.000000     0.000000     0.000000    -0.000000     0.000000    -0.000000     0.000000     0.000000     0.014030    -0.639800    -0.000000    -0.208200
    0.007868    -0.100000    -1.867000     0.000000    -0.002290    -0.106100     0.044110     0.000000    -0.000000     0.000000    -0.000000     0.000000     0.000193    -0.087020     0.005118    -0.146500
   -0.000000    -0.000000     1.000000     0.000000     0.000000    -0.000000    -0.000000     0.000000    -0.000000     0.000000    -0.000000     0.000000     0.000000     0.000000     0.000000     0.000000
    0.000000    -0.000000    -0.000000    -0.000000    -0.064460    16.220000  -200.900000     9.810000    -0.000000     0.000000    -0.000000    -0.000000     0.000000    -0.000000     0.007295    -0.000000
    0.000708    -0.008996    -0.167900    -0.000000    -1.212000   -59.240000    21.700000    -0.000000     0.000000    -0.000000     0.000000    -0.000000     0.000017    -0.007828     2.842000    -0.013170
   -0.000029     0.000367     0.006847    -0.000000     0.010570    -0.770200    -0.880800    -0.000000     0.000000    -0.000000     0.000000    -0.000000    -0.000001     0.000319     0.030950     0.000537
   -0.000000    -0.000000     0.000000     0.000000     0.000000     1.000000     0.000000     0.000000    -0.000000     0.000000    -0.000000     0.000000     0.000000     0.000000     0.000000     0.000000
    1.000000     0.000000    -0.000000    16.280000    -0.000000     0.000000     0.000000     0.000000     0.000000    -0.000000     0.000000     0.000000    -0.000000    -0.000000    -0.000000    -0.000000
    0.000000    -0.000000     0.000000    -0.000000     1.000000    -0.000000    -0.000000   -16.280000    -0.000000     0.000000    -0.000000   207.000000     0.000000     0.000000     0.000000     0.000000
   -0.000000     1.000000    -0.000000  -207.000000     0.000000     0.000000     0.000000     0.000000     0.000000    -0.000000     0.000000     0.000000    -0.000000    -0.000000    -0.000000    -0.000000
   -0.000000    -0.000000     0.000000     0.000000     0.000000    -0.000000     1.000000     0.000000    -0.000000     0.000000    -0.000000     0.000000     0.000000     0.000000     0.000000     0.000000

   -0.004104     0.178400   -17.530000    -9.810000    -0.000000    -0.000000     0.000000     0.000000     0.000000    -0.000000     0.000000     0.000000    -0.000906     0.038450    -0.000000     0.021950
   -0.073760    -0.626500    91.740000    -0.000000     0.000000     0.000000    -0.000000    -0.000000     0.000000    -0.000000     0.000000     0.000000     0.007231    -0.313500    -0.000000    -0.109400
    0.012390    -0.073440    -1.403000     0.000000    -0.001221    -0.046880     0.025450     0.000000    -0.000000     0.000000    -0.000000     0.000000     0.000120    -0.029680     0.001116    -0.054150
   -0.000000    -0.000000     1.000000     0.000000     0.000000    -0.000000    -0.000000     0.000000    -0.000000     0.000000    -0.000000     0.000000     0.000000     0.000000     0.000000     0.000000
   -0.000000    -0.000000    -0.000000    -0.000000    -0.069380    17.540000   -95.450000     9.810000    -0.000000     0.000000    -0.000000    -0.000000    -0.000000    -0.000000     0.001856    -0.000000
    0.000689    -0.004086    -0.078080    -0.000000    -0.958600   -39.010000    18.610000    -0.000000     0.000000    -0.000000     0.000000    -0.000000     0.000007    -0.001652     0.916700    -0.003013
   -0.000032     0.000188     0.003600    -0.000000     0.004927    -0.718100    -0.665900    -0.000000     0.000000    -0.000000     0.000000    -0.000000    -0.000000     0.000076     0.012150     0.000139
   -0.000000    -0.000000     0.000000    -0.000000     0.000000     1.000000     0.000000     0.000000    -0.000000     0.000000    -0.000000     0.000000     0.000000     0.000000     0.000000     0.000000
    1.000000     0.000000    -0.000000    17.280000    -0.000000     0.000000     0.000000     0.000000     0.000000    -0.000000     0.000000     0.000000    -0.000000    -0.000000    -0.000000    -0.000000
    0.000000    -0.000000     0.000000    -0.000000     1.000000    -0.000000    -0.000000   -17.280000    -0.000000     0.000000    -0.000000   102.400000     0.000000     0.000000     0.000000     0.000000
   -0.000000     1.000000    -0.000000  -102.400000     0.000000     0.000000     0.000000     0.000000     0.000000    -0.000000     0.000000     0.000000    -0.000000    -0.000000    -0.000000    -0.000000
   -0.000000    -0.000000     0.000000    -0.000000     0.000000    -0.000000     1.000000    -0.000000    -0.000000     0.000000    -0.000000     0.000000     0.000000     0.000000     0.000000     0.000000

   -0.014650     0.288300   -23.060000    -9.810000    -0.000000     0.000000     0.000000     0.000000     0.000000    -0.000000     0.000000     0.000000    -0.001012     0.040780    -0.000000     0.021690
   -0.101200    -0.486300    55.590000    -0.000000     0.000000    -0.000000    -0.000000    -0.000000     0.000000    -0.000000     0.000000     0.000000     0.003570    -0.148000     0.000000    -0.055740
    0.017780    -0.050640    -0.983500     0.000000    -0.000843    -0.024390     0.019140     0.000000    -0.000000     0.000000    -0.000000     0.000000     0.000065    -0.011990     0.000365    -0.023850
   -0.000000    -0.000000     1.000000     0.000000     0.000000    -0.000000    -0.000000     0.000000    -0.000000     0.000000    -0.000000     0.000000     0.000000     0.000000     0.000000     0.000000
   -0.000000    -0.000000    -0.000000    -0.000000    -0.052650    23.280000   -58.290000     9.810000    -0.000000     0.000000    -0.000000    -0.000000     0.000000    -0.000000    -0.000937    -0.000000
    0.000802    -0.002285    -0.044380    -0.000000    -0.805300   -24.910000    17.170000    -0.000000     0.000000    -0.000000     0.000000    -0.000000     0.000003    -0.000541     0.362200    -0.001076
   -0.000039     0.000110     0.002130    -0.000000    -0.001821    -0.718600    -0.418500    -0.000000     0.000000    -0.000000     0.000000    -0.000000    -0.000000     0.000026     0.006266     0.000052
   -0.000000    -0.000000     0.000000    -0.000000     0.000000     1.000000     0.000000     0.000000    -0.000000     0.000000    -0.000000     0.000000     0.000000     0.000000     0.000000     0.000000
    1.000000     0.000000    -0.000000    22.540000    -0.000000     0.000000     0.000000     0.000000     0.000000    -0.000000     0.000000     0.000000    -0.000000    -0.000000    -0.000000    -0.000000
    0.000000    -0.000000     0.000000    -0.000000     1.000000    -0.000000    -0.000000   -22.540000    -0.000000     0.000000    -0.000000    64.220000     0.000000     0.000000     0.000000     0.000000
   -0.000000     1.000000    -0.000000   -64.220000     0.000000     0.000000     0.000000     0.000000     0.000000    -0.000000     0.000000     0.000000    -0.000000    -0.000000    -0.000000    -0.000000
   -0.000000    -0.000000     0.000000     0.000000     0.000000    -0.000000     1.000000     0.000000    -0.000000     0.000000    -0.000000     0.000000     0.000000     0.000000     0.000000     0.000000
