u  w  q  the  v  p  r  phi  x  y  z  psi  |  slat  flap  aileron  elevator
   -0.015390     0.283600   -30.310000    -9.810000    -0.000000    -0.000000     0.000000     0.000000     0.000000    -0.000000     0.000000     0.000000    -0.000962     0.038040    -0.000000     0.018270
   -0.107800    -0.356800    55.290000    -0.000000     0.000000    -0.000000    -0.000000    -0.000000     0.000000    -0.000000     0.000000     0.000000     0.002509    -0.102100     0.000000    -0.039710
    0.021910    -0.045340    -0.928000     0.000000    -0.000859    -0.020130     0.020000     0.000000    -0.000000     0.000000    -0.000000     0.000000     0.000004    -0.009178     0.000293    -0.023120
   -0.000000    -0.000000     1.000000     0.000000     0.000000    -0.000000    -0.000000     0.000000    -0.000000     0.000000    -0.000000     0.000000     0.000000     0.000000     0.000000     0.000000
   -0.000000    -0.000000    -0.000000    -0.000000    -0.036320    30.430000   -56.910000     9.810000    -0.000000     0.000000    -0.000000    -0.000000     0.000000    -0.000000    -0.001532    -0.000000
    0.000833    -0.001725    -0.035300    -0.000000    -0.929600   -24.080000    20.010000    -0.000000     0.000000    -0.000000     0.000000    -0.000000     0.000000    -0.000349     0.331000    -0.000880
   -0.000057     0.000118     0.002423    -0.000000    -0.007276    -0.916000    -0.357300    -0.000000     0.000000    -0.000000     0.000000    -0.000000    -0.000000     0.000024     0.007037     0.000060
   -0.000000    -0.000000     0.000000     0.000000     0.000000     1.000000     0.000000     0.000000    -0.000000     0.000000    -0.000000     0.000000     0.000000     0.000000     0.000000     0.000000
    1.000000     0.000000    -0.000000    29.610000    -0.000000     0.000000     0.000000     0.000000     0.000000    -0.000000     0.000000     0.000000    -0.000000    -0.000000    -0.000000    -0.000000
    0.000000    -0.000000     0.000000    -0.000000     1.000000    -0.000000    -0.000000   -29.610000    -0.000000     0.000000    -0.000000    61.280000     0.000000     0.000000     0.000000     0.000000
   -0.000000     1.000000    -0.000000   -61.280000     0.000000     0.000000     0.000000     0.000000     0.000000    -0.000000     0.000000     0.000000    -0.000000    -0.000000    -0.000000    -0.000000
   -0.000000    -0.000000     0.000000     0.000000     0.000000    -0.000000     1.000000    -0.000000    -0.000000     0.000000    -0.000000     0.000000     0.000000     0.000000     0.000000     0.000000

   -0.003945     0.175000   -23.110000    -9.810000    -0.000000    -0.000000     0.000000     0.000000     0.000000    -0.000000     0.000000     0.000000    -0.000895     0.037710    -0.000000     0.018810
   -0.076480    -0.472500    93.700000    -0.000000     0.000000     0.000000    -0.000000    -0.000000     0.000000    -0.000000     0.000000     0.000000     0.005404    -0.232400    -0.000000    -0.082270
    0.014970    -0.066680    -1.363000     0.000000    -0.001237    -0.041950     0.026250     0.000000    -0.000000     0.000000    -0.000000     0.000000    -0.000030    -0.024700     0.000996    -0.056140
   -0.000000    -0.000000     1.000000     0.000000     0.000000    -0.000000    -0.000000     0.000000    -0.000000     0.000000    -0.000000     0.000000     0.000000     0.000000     0.000000     0.000000
   -0.000000    -0.000000    -0.000000    -0.000000    -0.051070    23.100000   -96.090000     9.810000    -0.000000     0.000000    -0.000000    -0.000000    -0.000000     0.000000     0.000568    -0.000000
    0.000704    -0.003138    -0.064150    -0.000000    -1.075000   -39.310000    20.870000    -0.000000     0.000000    -0.000000     0.000000    -0.000000    -0.000001    -0.001162     0.910400    -0.002642
   -0.000047     0.000209     0.004281    -0.000000     0.000535    -0.905700    -0.639900    -0.000000     0.000000    -0.000000     0.000000    -0.000000     0.000000     0.000078     0.014180     0.000176
   -0.000000    -0.000000     0.000000    -0.000000     0.000000     1.000000     0.000000     0.000000    -0.000000     0.000000    -0.000000     0.000000     0.000000     0.000000     0.000000     0.000000
    1.000000     0.000000    -0.000000    22.750000    -0.000000     0.000000     0.000000     0.000000     0.000000    -0.000000     0.000000     0.000000    -0.000000    -0.000000    -0.000000    -0.000000
    0.000000    -0.000000     0.000000    -0.000000     1.000000    -0.000000    -0.000000   -22.750000    -0.000000     0.000000    -0.000000   101.300000     0.000000     0.000000     0.000000     0.000000
   -0.000000     1.000000    -0.000000  -101.300000     0.000000     0.000000     0.000000     0.000000     0.000000    -0.000000     0.000000     0.000000    -0.000000    -0.000000    -0.000000    -0.000000
   -0.000000    -0.000000     0.000000    -0.000000     0.000000    -0.000000     1.000000    -0.000000    -0.000000     0.000000    -0.000000     0.000000     0.000000     0.000000     0.000000     0.000000

   -0.000728     0.080940   -22.120000    -9.810000    -0.000000    -0.000000     0.000000     0.000000     0.000000    -0.000000     0.000000     0.000000    -0.000711     0.032160    -0.000000     0.018240
   -0.043860    -0.461500   199.500000    -0.000000    -0.000000    -0.000000    -0.000000    -0.000000     0.000000    -0.000000     0.000000     0.000000     0.010540    -0.478900    -0.000000    -0.156900
    0.010000    -0.093900    -1.889000     0.000000    -0.002391    -0.102000     0.046610     0.000000    -0.000000     0.000000    -0.000000     0.000000    -0.000250    -0.076910     0.004923    -0.159800
   -0.000000    -0.000000     1.000000     0.000000     0.000000    -0.000000    -0.000000     0.000000    -0.000000     0.000000    -0.000000     0.000000     0.000000     0.000000     0.000000     0.000000
    0.000000    -0.000000    -0.000000    -0.000000    -0.047990    22.020000  -201.900000     9.810000    -0.000000     0.000000    -0.000000    -0.000000     0.000000    -0.000000     0.004718    -0.000000
    0.000769    -0.007221    -0.145300    -0.000000    -1.334000   -60.940000    23.630000    -0.000000     0.000000    -0.000000     0.000000    -0.000000    -0.000019    -0.005914     2.909000    -0.012290
   -0.000047     0.000441     0.008868    -0.000000     0.007164    -0.991900    -0.909300    -0.000000     0.000000    -0.000000     0.000000    -0.000000     0.000001     0.000361     0.037730     0.000750
   -0.000000    -0.000000     0.000000     0.000000     0.000000     1.000000     0.000000     0.000000    -0.000000     0.000000    -0.000000     0.000000     0.000000     0.000000     0.000000     0.000000
    1.000000     0.000000    -0.000000    21.990000    -0.000000     0.000000     0.000000     0.000000     0.000000    -0.000000     0.000000     0.000000    -0.000000    -0.000000    -0.000000    -0.000000
    0.000000    -0.000000     0.000000    -0.000000     1.000000    -0.000000    -0.000000   -21.990000    -0.000000     0.000000    -0.000000   206.400000     0.000000     0.000000     0.000000     0.000000
   -0.000000     1.000000    -0.000000  -206.400000     0.000000     0.000000     0.000000     0.000000     0.000000    -0.000000     0.000000     0.000000    -0.000000    -0.000000    -0.000000    -0.000000
   -0.000000    -0.000000     0.000000     0.000000     0.000000    -0.000000     1.000000    -0.000000    -0.000000     0.000000    -0.000000     0.000000     0.000000     0.000000     0.000000     0.000000

   -0.000406     0.077890   -15.540000    -9.810000    -0.000000    -0.000000     0.000000     0.000000     0.000000    -0.000000     0.000000     0.000000    -0.000635     0.028970    -0.000000     0.017550
   -0.046680    -0.613500   197.700000    -0.000000    -0.000000     0.000000    -0.000000    -0.000000     0.000000    -0.000000     0.000000     0.000000     0.014040    -0.640400    -0.000000    -0.207900
    0.006935    -0.093130    -1.877000     0.000000    -0.002253    -0.102900     0.042600     0.000000    -0.000000     0.000000    -0.000000     0.000000    -0.000252    -0.077260     0.004974    -0.158900
   -0.000000    -0.000000     1.000000     0.000000     0.000000    -0.000000    -0.000000     0.000000    -0.000000     0.000000    -0.000000     0.000000     0.000000     0.000000     0.000000     0.000000
    0.000000    -0.000000    -0.000000    -0.000000    -0.064790    15.340000  -201.000000     9.810000    -0.000000     0.000000    -0.000000    -0.000000     0.000000    -0.000000     0.007420    -0.000000
    0.000533    -0.007162    -0.144300    -0.000000    -1.248000   -61.150000    21.260000    -0.000000     0.000000    -0.000000     0.000000    -0.000000    -0.000019    -0.005942     2.934000    -0.012220
   -0.000033     0.000437     0.008810    -0.000000     0.009748    -0.893100    -0.939200    -0.000000     0.000000    -0.000000     0.000000    -0.000000     0.000001     0.000363     0.036520     0.000746
   -0.000000    -0.000000     0.000000    -0.000000     0.000000     1.000000     0.000000     0.000000    -0.000000     0.000000    -0.000000     0.000000     0.000000     0.000000     0.000000     0.000000
    1.000000     0.000000    -0.000000    15.420000    -0.000000     0.000000     0.000000     0.000000     0.000000    -0.000000     0.000000     0.000000    -0.000000    -0.000000    -0.000000    -0.000000
    0.000000    -0.000000     0.000000    -0.000000     1.000000    -0.000000    -0.000000   -15.420000    -0.000000     0.000000    -0.000000   207.000000     0.000000     0.000000     0.000000     0.000000
   -0.000000     1.000000    -0.000000  -207.000000     0.000000     0.000000     0.000000     0.000000     0.000000    -0.000000     0.000000     0.000000    -0.000000    -0.000000    -0.000000    -0.000000
   -0.000000    -0.000000     0.000000     0.000000     0.000000    -0.000000     1.000000     0.000000    -0.000000     0.000000    -0.000000     0.000000     0.000000     0.000000     0.000000     0.000000

   -0.002482     0.171200   -16.800000    -9.810000    -0.000000     0.000000    -0.000000     0.000000     0.000000    -0.000000     0.000000     0.000000    -0.000858     0.036470    -0.000000     0.018560
   -0.078630    -0.627800    92.380000    -0.000000     0.000000     0.000000     0.000000    -0.000000     0.000000    -0.000000     0.000000     0.000000     0.007248    -0.314400    -0.000000    -0.109400
    0.010590    -0.066040    -1.355000     0.000000    -0.001135    -0.043030     0.023220     0.000000    -0.000000     0.000000    -0.000000     0.000000    -0.000033    -0.025230     0.001030    -0.056260
   -0.000000    -0.000000     1.000000     0.000000     0.000000    -0.000000    -0.000000     0.000000    -0.000000     0.000000    -0.000000     0.000000     0.000000     0.000000     0.000000     0.000000
    0.000000    -0.000000     0.000000    -0.000000    -0.070030    16.680000   -95.630000     9.810000    -0.000000     0.000000    -0.000000    -0.000000    -0.000000     0.000000     0.001998    -0.000000
    0.000498    -0.003108    -0.063770    -0.000000    -0.975500   -39.840000    18.100000    -0.000000     0.000000    -0.000000     0.000000    -0.000000    -0.000002    -0.001187     0.937600    -0.002647
   -0.000033     0.000207     0.004255    -0.000000     0.003967    -0.774700    -0.681400    -0.000000     0.000000    -0.000000     0.000000    -0.000000     0.000000     0.000079     0.013450     0.000177
   -0.000000    -0.000000     0.000000     0.000000     0.000000     1.000000     0.000000     0.000000    -0.000000     0.000000    -0.000000     0.000000     0.000000     0.000000     0.000000     0.000000
    1.000000     0.000000    -0.000000    16.450000    -0.000000     0.000000     0.000000     0.000000     0.000000    -0.000000     0.000000     0.000000    -0.000000    -0.000000    -0.000000    -0.000000
    0.000000    -0.000000     0.000000    -0.000000     1.000000    -0.000000    -0.000000   -16.450000    -0.000000     0.000000    -0.000000   102.500000     0.000000     0.000000     0.000000     0.000000
   -0.000000     1.000000    -0.000000  -102.500000     0.000000     0.000000     0.000000     0.000000     0.000000    -0.000000     0.000000     0.000000    -0.000000    -0.000000    -0.000000    -0.000000
   -0.000000    -0.000000     0.000000     0.000000     0.000000    -0.000000     1.000000     0.000000    -0.000000     0.000000    -0.000000     0.000000     0.000000     0.000000     0.000000     0.000000

   -0.009766     0.276900   -22.180000    -9.810000     0.000000     0.000000     0.000000     0.000000     0.000000    -0.000000     0.000000     0.000000    -0.000966     0.039010    -0.000000     0.018740
   -0.108400    -0.489600    56.320000    -0.000000     0.000000    -0.000000    -0.000000    -0.000000     0.000000    -0.000000     0.000000     0.000000     0.003607    -0.149700     0.000000    -0.056050
    0.015170    -0.045560    -0.939500     0.000000    -0.000766    -0.021950     0.017050     0.000000    -0.000000     0.000000    -0.000000     0.000000     0.000002    -0.010140     0.000333    -0.024520
   -0.000000    -0.000000     1.000000     0.000000     0.000000    -0.000000    -0.000000     0.000000    -0.000000     0.000000    -0.000000     0.000000     0.000000     0.000000     0.000000     0.000000
   -0.000000    -0.000000     0.000000    -0.000000    -0.053700    22.190000   -58.670000     9.810000    -0.000000     0.000000    -0.000000    -0.000000     0.000000    -0.000000    -0.000791    -0.000000
    0.000577    -0.001733    -0.035740    -0.000000    -0.817000   -25.480000    16.700000    -0.000000     0.000000    -0.000000     0.000000    -0.000000     0.000000    -0.000386     0.372600    -0.000933
   -0.000040     0.000119     0.002453    -0.000000    -0.002690    -0.747800    -0.420500    -0.000000     0.000000    -0.000000     0.000000    -0.000000    -0.000000     0.000026     0.006760     0.000064
   -0.000000    -0.000000     0.000000    -0.000000     0.000000     1.000000     0.000000     0.000000    -0.000000     0.000000    -0.000000     0.000000     0.000000     0.000000     0.000000     0.000000
    1.000000     0.000000    -0.000000    21.490000    -0.000000     0.000000     0.000000     0.000000     0.000000    -0.000000     0.000000     0.000000    -0.000000    -0.000000    -0.000000    -0.000000
    0.000000    -0.000000     0.000000    -0.000000     1.000000    -0.000000    -0.000000   -21.490000    -0.000000     0.000000    -0.000000    64.580000     0.000000     0.000000     0.000000     0.000000
   -0.000000     1.000000    -0.000000   -64.580000     0.000000     0.000000     0.000000     0.000000     0.000000    -0.000000     0.000000     0.000000    -0.000000    -0.000000    -0.000000    -0.000000
   -0.000000    -0.000000     0.000000    -0.000000     0.000000    -0.000000     1.000000    -0.000000    -0.000000     0.000000    -0.000000     0.000000     0.000000     0.000000     0.000000     0.000000
