u  w  q  the  v  p  r  phi  x  y  z  psi  |  slat  flap  aileron  elevator
   -0.009306     0.271400   -28.980000    -9.810000    -0.000000    -0.000000     0.000000     0.000000     0.000000    -0.000000     0.000000     0.000000    -0.000918     0.036480    -0.000000     0.015420
   -0.115400    -0.361500    56.240000    -0.000000     0.000000    -0.000000    -0.000000    -0.000000     0.000000    -0.000000     0.000000     0.000000     0.002562    -0.104600     0.000000    -0.040260
    0.015580    -0.034340    -0.772000     0.000000    -0.002102    -0.069280     0.032970     0.000000    -0.000000     0.000000    -0.000000     0.000000    -0.000058    -0.006202     0.000856    -0.020770
   -0.000000    -0.000000     1.000000    -0.000000     0.000000    -0.000000    -0.000000    -0.000000    -0.000000     0.000000    -0.000000    -0.000000     0.000000     0.000000     0.000000     0.000000
   -0.000000    -0.000000    -0.000000    -0.000000    -0.037560    28.890000   -57.600000     9.810000    -0.000000     0.000000    -0.000000    -0.000000     0.000000    -0.000000    -0.001391    -0.000000
    0.001629    -0.003590    -0.080720    -0.000000    -0.063830    -1.670000     1.319000    -0.000000     0.000000    -0.000000     0.000000    -0.000000    -0.000006    -0.000648     0.023280    -0.002171
    0.000388    -0.000856    -0.019240    -0.000000     0.001961    -0.421400    -0.386600    -0.000000     0.000000    -0.000000     0.000000    -0.000000    -0.000001    -0.000154     0.002238    -0.000517
   -0.000000    -0.000000     0.000000     0.000000     0.000000     1.000000     0.000000    -0.000000    -0.000000     0.000000    -0.000000    -0.000000     0.000000     0.000000     0.000000     0.000000
    1.000000     0.000000    -0.000000    28.120000    -0.000000     0.000000     0.000000     0.000000     0.000000    -0.000000     0.000000     0.000000    -0.000000    -0.000000    -0.000000    -0.000000
    0.000000    -0.000000     0.000000    -0.000000     1.000000    -0.000000    -0.000000   -28.120000    -0.000000     0.000000    -0.000000    61.980000     0.000000     0.000000     0.000000     0.000000
   -0.000000     1.000000    -0.000000   -61.980000     0.000000     0.000000     0.000000     0.000000     0.000000    -0.000000     0.000000     0.000000    -0.000000    -0.000000    -0.000000    -0.000000
   -0.000000    -0.000000     0.000000     0.000000     0.000000    -0.000000     1.000000    -0.000000    -0.000000     0.000000    -0.000000    -0.000000     0.000000     0.000000     0.000000     0.000000

   -0.002046     0.167500   -22.050000    -9.810000     0.000000    -0.000000     0.000000     0.000000     0.000000    -0.000000     0.000000     0.000000    -0.000846     0.035710    -0.000000     0.015340
   -0.081620    -0.474200    94.350000    -0.000000     0.000000     0.000000    -0.000000    -0.000000     0.000000    -0.000000     0.000000     0.000000     0.005429    -0.233700    -0.000000    -0.082320
    0.010270    -0.048330    -1.113000     0.000000    -0.002169    -0.100000     0.025750     0.000000    -0.000000     0.000000    -0.000000     0.000000    -0.000183    -0.016140     0.002175    -0.049220
   -0.000000    -0.000000     1.000000     0.000000     0.000000    -0.000000    -0.000000     0.000000    -0.000000     0.000000    -0.000000     0.000000     0.000000     0.000000     0.000000     0.000000
   -0.000000    -0.000000    -0.000000    -0.000000    -0.051790    21.910000   -96.380000     9.810000    -0.000000     0.000000    -0.000000    -0.000000    -0.000000    -0.000000     0.000717    -0.000000
    0.001087    -0.005118    -0.117900    -0.000000    -0.060500    -2.217000     1.126000    -0.000000     0.000000    -0.000000     0.000000    -0.000000    -0.000019    -0.001709     0.051530    -0.005212
    0.000289    -0.001362    -0.031370    -0.000000     0.007721    -0.285200    -0.548500    -0.000000     0.000000    -0.000000     0.000000    -0.000000    -0.000005    -0.000455     0.002473    -0.001387
   -0.000000    -0.000000     0.000000     0.000000     0.000000     1.000000     0.000000     0.000000    -0.000000     0.000000    -0.000000     0.000000     0.000000     0.000000     0.000000     0.000000
    1.000000     0.000000    -0.000000    21.580000    -0.000000     0.000000     0.000000     0.000000     0.000000    -0.000000     0.000000     0.000000    -0.000000    -0.000000    -0.000000    -0.000000
    0.000000    -0.000000     0.000000    -0.000000     1.000000    -0.000000    -0.000000   -21.580000    -0.000000     0.000000    -0.000000   101.600000     0.000000     0.000000     0.000000     0.000000
   -0.000000     1.000000    -0.000000  -101.600000     0.000000     0.000000     0.000000     0.000000     0.000000    -0.000000     0.000000     0.000000    -0.000000    -0.000000    -0.000000    -0.000000
   -0.000000    -0.000000     0.000000     0.000000     0.000000    -0.000000     1.000000     0.000000    -0.000000     0.000000    -0.000000     0.000000     0.000000     0.000000     0.000000     0.000000

   -0.000250     0.077250   -20.960000    -9.810000    -0.000000    -0.000000     0.000000     0.000000     0.000000    -0.000000     0.000000     0.000000    -0.000664     0.030120    -0.000000     0.014350
   -0.046500    -0.462100   200.000000    -0.000000    -0.000000    -0.000000    -0.000000    -0.000000     0.000000    -0.000000     0.000000     0.000000     0.010560    -0.479600    -0.000000    -0.156700
    0.006477    -0.064380    -1.479000     0.000000    -0.002184    -0.136300     0.014020     0.000000    -0.000000     0.000000    -0.000000     0.000000    -0.000656    -0.048340     0.006249    -0.134600
   -0.000000    -0.000000     1.000000     0.000000     0.000000    -0.000000    -0.000000     0.000000    -0.000000     0.000000    -0.000000     0.000000     0.000000     0.000000     0.000000     0.000000
    0.000000    -0.000000    -0.000000    -0.000000    -0.048350    20.800000  -202.100000     9.810000    -0.000000     0.000000    -0.000000    -0.000000     0.000000    -0.000000     0.004850    -0.000000
    0.000700    -0.006962    -0.160000    -0.000000    -0.047140    -2.151000     0.797900    -0.000000     0.000000    -0.000000     0.000000    -0.000000    -0.000071    -0.005227     0.102800    -0.014560
    0.000233    -0.002318    -0.053270    -0.000000     0.011680    -0.157200    -0.629100    -0.000000     0.000000    -0.000000     0.000000    -0.000000    -0.000024    -0.001741     0.002490    -0.004847
   -0.000000    -0.000000     0.000000     0.000000     0.000000     1.000000     0.000000     0.000000    -0.000000     0.000000    -0.000000     0.000000     0.000000     0.000000     0.000000     0.000000
    1.000000     0.000000    -0.000000    20.780000    -0.000000     0.000000     0.000000     0.000000     0.000000    -0.000000     0.000000     0.000000    -0.000000    -0.000000    -0.000000    -0.000000
    0.000000    -0.000000     0.000000    -0.000000     1.000000    -0.000000    -0.000000   -20.780000    -0.000000     0.000000    -0.000000   206.600000     0.000000     0.000000     0.000000     0.000000
   -0.000000     1.000000    -0.000000  -206.600000     0.000000     0.000000     0.000000     0.000000     0.000000    -0.000000     0.000000     0.000000    -0.000000    -0.000000    -0.000000    -0.000000
   -0.000000    -0.000000     0.000000     0.000000     0.000000    -0.000000     1.000000    -0.000000    -0.000000     0.000000    -0.000000     0.000000     0.000000     0.000000     0.000000     0.000000

   -0.000072     0.074200   -14.680000    -9.810000     0.000000    -0.000000     0.000000     0.000000     0.000000    -0.000000     0.000000     0.000000    -0.000589     0.026910    -0.000000     0.013610
   -0.049320    -0.614000   198.300000    -0.000000    -0.000000    -0.000000    -0.000000    -0.000000     0.000000    -0.000000     0.000000     0.000000     0.014040    -0.640900    -0.000000    -0.207600
    0.004457    -0.063600    -1.470000     0.000000    -0.001961    -0.133900     0.009197     0.000000    -0.000000     0.000000    -0.000000     0.000000    -0.000660    -0.048490     0.006256    -0.133900
   -0.000000    -0.000000     1.000000     0.000000     0.000000    -0.000000    -0.000000    -0.000000    -0.000000     0.000000    -0.000000     0.000000     0.000000     0.000000     0.000000     0.000000
    0.000000    -0.000000    -0.000000    -0.000000    -0.065140    14.420000  -201.200000     9.810000    -0.000000     0.000000    -0.000000    -0.000000    -0.000000    -0.000000     0.007550    -0.000000
    0.000482    -0.006877    -0.159000    -0.000000    -0.044130    -2.159000     0.717700    -0.000000     0.000000    -0.000000     0.000000    -0.000000    -0.000071    -0.005243     0.103600    -0.014470
    0.000160    -0.002290    -0.052940    -0.000000     0.012500    -0.104200    -0.630300    -0.000000     0.000000    -0.000000     0.000000    -0.000000    -0.000024    -0.001746     0.001697    -0.004820
   -0.000000    -0.000000     0.000000     0.000000     0.000000     1.000000     0.000000     0.000000    -0.000000     0.000000    -0.000000     0.000000     0.000000     0.000000     0.000000     0.000000
    1.000000     0.000000    -0.000000    14.510000    -0.000000     0.000000     0.000000     0.000000     0.000000    -0.000000     0.000000     0.000000    -0.000000    -0.000000    -0.000000    -0.000000
    0.000000    -0.000000     0.000000    -0.000000     1.000000    -0.000000    -0.000000   -14.510000    -0.000000     0.000000    -0.000000   207.100000     0.000000     0.000000     0.000000     0.000000
   -0.000000     1.000000    -0.000000  -207.100000     0.000000     0.000000     0.000000     0.000000     0.000000    -0.000000     0.000000     0.000000    -0.000000    -0.000000    -0.000000    -0.000000
   -0.000000    -0.000000     0.000000     0.000000     0.000000    -0.000000     1.000000     0.000000    -0.000000     0.000000    -0.000000     0.000000     0.000000     0.000000     0.000000     0.000000

   -0.001122     0.163800   -16.030000    -9.810000    -0.000000    -0.000000    -0.000000     0.000000     0.000000    -0.000000     0.000000     0.000000    -0.000808     0.034400     0.000000     0.014990
   -0.083750    -0.629100    93.040000    -0.000000     0.000000     0.000000     0.000000    -0.000000     0.000000    -0.000000     0.000000     0.000000     0.007265    -0.315300    -0.000000    -0.109300
    0.007207    -0.047490    -1.107000     0.000000    -0.001894    -0.098110     0.019470     0.000000    -0.000000     0.000000    -0.000000     0.000000    -0.000188    -0.016420     0.002208    -0.049300
   -0.000000    -0.000000     1.000000     0.000000     0.000000    -0.000000    -0.000000    -0.000000    -0.000000     0.000000    -0.000000     0.000000     0.000000     0.000000     0.000000     0.000000
   -0.000000    -0.000000    -0.000000    -0.000000    -0.070720    15.780000   -95.820000     9.810000    -0.000000     0.000000    -0.000000    -0.000000    -0.000000    -0.000000     0.002145    -0.000000
    0.000763    -0.005029    -0.117200    -0.000000    -0.054970    -2.245000     0.976400    -0.000000     0.000000    -0.000000     0.000000    -0.000000    -0.000020    -0.001739     0.052930    -0.005221
    0.000203    -0.001338    -0.031180    -0.000000     0.009126    -0.201200    -0.554400    -0.000000     0.000000    -0.000000     0.000000    -0.000000    -0.000005    -0.000463     0.001829    -0.001389
   -0.000000    -0.000000     0.000000     0.000000     0.000000     1.000000     0.000000     0.000000    -0.000000     0.000000    -0.000000     0.000000     0.000000     0.000000     0.000000     0.000000
    1.000000     0.000000    -0.000000    15.580000    -0.000000     0.000000     0.000000     0.000000     0.000000    -0.000000     0.000000     0.000000    -0.000000    -0.000000    -0.000000    -0.000000
    0.000000    -0.000000     0.000000    -0.000000     1.000000    -0.000000    -0.000000   -15.580000    -0.000000     0.000000    -0.000000   102.700000     0.000000     0.000000     0.000000     0.000000
   -0.000000     1.000000    -0.000000  -102.700000     0.000000     0.000000     0.000000     0.000000     0.000000    -0.000000     0.000000     0.000000    -0.000000    -0.000000    -0.000000    -0.000000
   -0.000000    -0.000000     0.000000     0.000000     0.000000    -0.000000     1.000000     0.000000    -0.000000     0.000000    -0.000000     0.000000     0.000000     0.000000     0.000000     0.000000

   -0.005592     0.265200   -21.250000    -9.810000    -0.000000     0.000000     0.000000     0.000000     0.000000    -0.000000     0.000000     0.000000    -0.000917     0.037140    -0.000000     0.015600
   -0.115900    -0.493000    57.050000    -0.000000     0.000000    -0.000000    -0.000000    -0.000000     0.000000    -0.000000     0.000000     0.000000     0.003643    -0.151500     0.000000    -0.056320
    0.010660    -0.033920    -0.779500     0.000000    -0.001775    -0.068640     0.025040     0.000000    -0.000000     0.000000    -0.000000     0.000000    -0.000065    -0.006740     0.000929    -0.021860
   -0.000000    -0.000000     1.000000     0.000000     0.000000    -0.000000    -0.000000     0.000000    -0.000000     0.000000    -0.000000     0.000000     0.000000     0.000000     0.000000     0.000000
   -0.000000    -0.000000     0.000000    -0.000000    -0.054820    21.060000   -59.050000     9.810000    -0.000000     0.000000    -0.000000    -0.000000     0.000000    -0.000000    -0.000640    -0.000000
    0.001115    -0.003546    -0.081500    -0.000000    -0.056110    -1.757000     1.101000    -0.000000     0.000000    -0.000000     0.000000    -0.000000    -0.000007    -0.000705     0.025880    -0.002286
    0.000266    -0.000845    -0.019420    -0.000000     0.004136    -0.302300    -0.404000    -0.000000     0.000000    -0.000000     0.000000    -0.000000    -0.000002    -0.000168     0.001737    -0.000545
   -0.000000    -0.000000     0.000000     0.000000     0.000000     1.000000     0.000000     0.000000    -0.000000     0.000000    -0.000000     0.000000     0.000000     0.000000     0.000000     0.000000
    1.000000     0.000000    -0.000000    20.410000    -0.000000     0.000000     0.000000     0.000000     0.000000    -0.000000     0.000000     0.000000    -0.000000    -0.000000    -0.000000    -0.000000
    0.000000    -0.000000     0.000000    -0.000000     1.000000    -0.000000    -0.000000   -20.410000    -0.000000     0.000000    -0.000000    64.930000     0.000000     0.000000     0.000000     0.000000
   -0.000000     1.000000    -0.000000   -64.930000     0.000000     0.000000     0.000000     0.000000     0.000000    -0.000000     0.000000     0.000000    -0.000000    -0.000000    -0.000000    -0.000000
   -0.000000    -0.000000     0.000000     0.000000     0.000000    -0.000000     1.000000    -0.000000    -0.000000     0.000000    -0.000000     0.000000     0.000000     0.000000     0.000000     0.000000
