u  w  q  the  v  p  r  phi  x  y  z  psi  |  slat  flap  aileron  elevator
   -0.016390     0.285400   -30.500000    -9.810000    -0.000000     0.000000     0.000000     0.000000     0.000000    -0.000000     0.000000     0.000000    -0.000968     0.038270    -0.000000     0.018680
   -0.106700    -0.356100    55.150000    -0.000000     0.000000    -0.000000    -0.000000    -0.000000     0.000000    -0.000000     0.000000     0.000000     0.002501    -0.101700     0.000000    -0.039620
    0.022560    -0.046260    -0.937700     0.000000    -0.000739    -0.016890     0.017570     0.000000    -0.000000     0.000000    -0.000000     0.000000     0.000014    -0.009474     0.000249    -0.023090
   -0.000000    -0.000000     1.000000    -0.000000     0.000000    -0.000000    -0.000000    -0.000000    -0.000000     0.000000    -0.000000    -0.000000     0.000000     0.000000     0.000000     0.000000
   -0.000000    -0.000000     0.000000    -0.000000    -0.036140    30.660000   -56.800000     9.810000    -0.000000     0.000000    -0.000000    -0.000000     0.000000    -0.000000    -0.001553    -0.000000
    0.000741    -0.001520    -0.030810    -0.000000    -0.939900   -24.290000    20.360000    -0.000000     0.000000    -0.000000     0.000000    -0.000000     0.000000    -0.000311     0.333300    -0.000759
   -0.000063     0.000129     0.002619    -0.000000    -0.007295    -0.919500    -0.355800    -0.000000     0.000000    -0.000000     0.000000    -0.000000    -0.000000     0.000026     0.007039     0.000064
   -0.000000    -0.000000     0.000000     0.000000     0.000000     1.000000     0.000000    -0.000000    -0.000000     0.000000    -0.000000    -0.000000     0.000000     0.000000     0.000000     0.000000
    1.000000     0.000000    -0.000000    29.830000    -0.000000     0.000000     0.000000     0.000000     0.000000    -0.000000     0.000000     0.000000    -0.000000    -0.000000    -0.000000    -0.000000
    0.000000    -0.000000     0.000000    -0.000000     1.000000    -0.000000    -0.000000   -29.830000    -0.000000     0.000000    -0.000000    61.170000     0.000000     0.000000     0.000000     0.000000
   -0.000000     1.000000    -0.000000   -61.170000     0.000000     0.000000     0.000000     0.000000     0.000000    -0.000000     0.000000     0.000000    -0.000000    -0.000000    -0.000000    -0.000000
   -0.000000    -0.000000     0.000000     0.000000     0.000000    -0.000000     1.000000    -0.000000    -0.000000     0.000000    -0.000000    -0.000000     0.000000     0.000000     0.000000     0.000000

   -0.004261     0.176200   -23.270000    -9.810000     0.000000    -0.000000     0.000000     0.000000     0.000000    -0.000000     0.000000     0.000000    -0.000902     0.038000    -0.000000     0.019320
   -0.075730    -0.472200    93.610000    -0.000000     0.000000     0.000000    -0.000000    -0.000000     0.000000    -0.000000     0.000000     0.000000     0.005400    -0.232200    -0.000000    -0.082260
    0.015430    -0.068200    -1.377000     0.000000    -0.001071    -0.035740     0.023250     0.000000    -0.000000     0.000000    -0.000000     0.000000    -0.000006    -0.025530     0.000852    -0.056080
   -0.000000    -0.000000     1.000000    -0.000000     0.000000    -0.000000    -0.000000    -0.000000    -0.000000     0.000000    -0.000000    -0.000000     0.000000     0.000000     0.000000     0.000000
    0.000000    -0.000000    -0.000000    -0.000000    -0.050970    23.280000   -96.050000     9.810000    -0.000000     0.000000    -0.000000    -0.000000    -0.000000    -0.000000     0.000546    -0.000000
    0.000629    -0.002779    -0.056100    -0.000000    -1.090000   -39.830000    21.300000    -0.000000     0.000000    -0.000000     0.000000    -0.000000    -0.000000    -0.001040     0.922000    -0.002285
   -0.000052     0.000229     0.004619    -0.000000     0.000507    -0.909100    -0.637000    -0.000000     0.000000    -0.000000     0.000000    -0.000000     0.000000     0.000086     0.014230     0.000188
   -0.000000    -0.000000     0.000000     0.000000     0.000000     1.000000     0.000000    -0.000000    -0.000000     0.000000    -0.000000    -0.000000     0.000000     0.000000     0.000000     0.000000
    1.000000     0.000000    -0.000000    22.920000    -0.000000     0.000000     0.000000     0.000000     0.000000    -0.000000     0.000000     0.000000    -0.000000    -0.000000    -0.000000    -0.000000
    0.000000    -0.000000     0.000000    -0.000000     1.000000    -0.000000    -0.000000   -22.920000    -0.000000     0.000000    -0.000000   101.300000     0.000000     0.000000     0.000000     0.000000
   -0.000000     1.000000    -0.000000  -101.300000     0.000000     0.000000     0.000000     0.000000     0.000000    -0.000000     0.000000     0.000000    -0.000000    -0.000000    -0.000000    -0.000000
   -0.000000    -0.000000     0.000000     0.000000     0.000000    -0.000000     1.000000    -0.000000    -0.000000     0.000000    -0.000000    -0.000000     0.000000     0.000000     0.000000     0.000000

   -0.000809     0.081480   -22.290000    -9.810000     0.000000    -0.000000     0.000000     0.000000     0.000000    -0.000000     0.000000     0.000000    -0.000717     0.032460    -0.000000     0.018810
   -0.043470    -0.461500   199.400000    -0.000000    -0.000000    -0.000000    -0.000000    -0.000000     0.000000    -0.000000     0.000000     0.000000     0.010540    -0.478800    -0.000000    -0.157000
    0.010290    -0.095780    -1.900000     0.000000    -0.002085    -0.087780     0.041550     0.000000    -0.000000     0.000000    -0.000000     0.000000    -0.000176    -0.079160     0.004244    -0.159000
   -0.000000    -0.000000     1.000000     0.000000     0.000000    -0.000000    -0.000000    -0.000000    -0.000000     0.000000    -0.000000     0.000000     0.000000     0.000000     0.000000     0.000000
    0.000000    -0.000000    -0.000000    -0.000000    -0.047940    22.200000  -201.900000     9.810000    -0.000000     0.000000    -0.000000    -0.000000     0.000000    -0.000000     0.004699    -0.000000
    0.000691    -0.006436    -0.127700    -0.000000    -1.365000   -62.300000    24.350000    -0.000000     0.000000    -0.000000     0.000000    -0.000000    -0.000012    -0.005320     2.974000    -0.010680
   -0.000051     0.000479     0.009501    -0.000000     0.006975    -0.998200    -0.899800    -0.000000     0.000000    -0.000000     0.000000    -0.000000     0.000001     0.000396     0.038030     0.000795
   -0.000000    -0.000000     0.000000     0.000000     0.000000     1.000000     0.000000     0.000000    -0.000000     0.000000    -0.000000     0.000000     0.000000     0.000000     0.000000     0.000000
    1.000000     0.000000    -0.000000    22.170000    -0.000000     0.000000     0.000000     0.000000     0.000000    -0.000000     0.000000     0.000000    -0.000000    -0.000000    -0.000000    -0.000000
    0.000000    -0.000000     0.000000    -0.000000     1.000000    -0.000000    -0.000000   -22.170000    -0.000000     0.000000    -0.000000   206.400000     0.000000     0.000000     0.000000     0.000000
   -0.000000     1.000000    -0.000000  -206.400000     0.000000     0.000000     0.000000     0.000000     0.000000    -0.000000     0.000000     0.000000    -0.000000    -0.000000    -0.000000    -0.000000
   -0.000000    -0.000000     0.000000     0.000000     0.000000    -0.000000     1.000000     0.000000    -0.000000     0.000000    -0.000000     0.000000     0.000000     0.000000     0.000000     0.000000

   -0.000464     0.078430   -15.660000    -9.810000     0.000000     0.000000    -0.000000     0.000000     0.000000    -0.000000     0.000000     0.000000    -0.000642     0.029270    -0.000000     0.018130
   -0.046290    -0.613400   197.700000    -0.000000    -0.000000    -0.000000    -0.000000    -0.000000     0.000000    -0.000000     0.000000     0.000000     0.014040    -0.640300    -0.000000    -0.208000
    0.007138    -0.095040    -1.888000     0.000000    -0.001967    -0.088670     0.038070     0.000000    -0.000000     0.000000    -0.000000     0.000000    -0.000178    -0.079550     0.004290    -0.158000
   -0.000000    -0.000000     1.000000     0.000000     0.000000    -0.000000    -0.000000     0.000000    -0.000000     0.000000    -0.000000     0.000000     0.000000     0.000000     0.000000     0.000000
    0.000000    -0.000000    -0.000000    -0.000000    -0.064740    15.480000  -201.000000     9.810000    -0.000000     0.000000    -0.000000    -0.000000     0.000000    -0.000000     0.007401    -0.000000
    0.000480    -0.006387    -0.126900    -0.000000    -1.277000   -62.520000    21.910000    -0.000000     0.000000    -0.000000     0.000000    -0.000000    -0.000012    -0.005345     3.000000    -0.010620
   -0.000036     0.000475     0.009439    -0.000000     0.009572    -0.899500    -0.930300    -0.000000     0.000000    -0.000000     0.000000    -0.000000     0.000001     0.000398     0.036830     0.000790
   -0.000000    -0.000000     0.000000    -0.000000     0.000000     1.000000     0.000000     0.000000    -0.000000     0.000000    -0.000000     0.000000     0.000000     0.000000     0.000000     0.000000
    1.000000     0.000000    -0.000000    15.550000    -0.000000     0.000000     0.000000     0.000000     0.000000    -0.000000     0.000000     0.000000    -0.000000    -0.000000    -0.000000    -0.000000
    0.000000    -0.000000     0.000000    -0.000000     1.000000    -0.000000    -0.000000   -15.550000    -0.000000     0.000000    -0.000000   207.000000     0.000000     0.000000     0.000000     0.000000
   -0.000000     1.000000    -0.000000  -207.000000     0.000000     0.000000     0.000000     0.000000     0.000000    -0.000000     0.000000     0.000000    -0.000000    -0.000000    -0.000000    -0.000000
   -0.000000    -0.000000     0.000000     0.000000     0.000000    -0.000000     1.000000    -0.000000    -0.000000     0.000000    -0.000000     0.000000     0.000000     0.000000     0.000000     0.000000

   -0.002710     0.172300   -16.910000    -9.810000     0.000000    -0.000000    -0.000000     0.000000     0.000000    -0.000000     0.000000     0.000000    -0.000865     0.036770     0.000000     0.019080
   -0.077890    -0.627600    92.280000    -0.000000     0.000000     0.000000     0.000000    -0.000000     0.000000    -0.000000     0.000000     0.000000     0.007246    -0.314300    -0.000000    -0.109400
    0.010930    -0.067600    -1.369000     0.000000    -0.000985    -0.036760     0.020630     0.000000    -0.000000     0.000000    -0.000000     0.000000    -0.000008    -0.026100     0.000882    -0.056200
   -0.000000    -0.000000     1.000000     0.000000     0.000000    -0.000000    -0.000000     0.000000    -0.000000     0.000000    -0.000000     0.000000     0.000000     0.000000     0.000000     0.000000
   -0.000000    -0.000000     0.000000    -0.000000    -0.069930    16.810000   -95.600000     9.810000    -0.000000     0.000000    -0.000000    -0.000000     0.000000    -0.000000     0.001977    -0.000000
    0.000445    -0.002755    -0.055770    -0.000000    -0.989100   -40.370000    18.480000    -0.000000     0.000000    -0.000000     0.000000    -0.000000    -0.000000    -0.001063     0.950000    -0.002290
   -0.000037     0.000227     0.004592    -0.000000     0.003956    -0.777700    -0.679000    -0.000000     0.000000    -0.000000     0.000000    -0.000000     0.000000     0.000088     0.013500     0.000189
   -0.000000    -0.000000     0.000000    -0.000000     0.000000     1.000000     0.000000     0.000000    -0.000000     0.000000    -0.000000     0.000000     0.000000     0.000000     0.000000     0.000000
    1.000000     0.000000    -0.000000    16.570000    -0.000000     0.000000     0.000000     0.000000     0.000000    -0.000000     0.000000     0.000000    -0.000000    -0.000000    -0.000000    -0.000000
    0.000000    -0.000000     0.000000    -0.000000     1.000000    -0.000000    -0.000000   -16.570000    -0.000000     0.000000    -0.000000   102.500000     0.000000     0.000000     0.000000     0.000000
   -0.000000     1.000000    -0.000000  -102.500000     0.000000     0.000000     0.000000     0.000000     0.000000    -0.000000     0.000000     0.000000    -0.000000    -0.000000    -0.000000    -0.000000
   -0.000000    -0.000000     0.000000     0.000000     0.000000    -0.000000     1.000000     0.000000    -0.000000     0.000000    -0.000000     0.000000     0.000000     0.000000     0.000000     0.000000

   -0.010460     0.278600   -22.310000    -9.810000    -0.000000     0.000000     0.000000     0.000000     0.000000    -0.000000     0.000000     0.000000    -0.000973     0.039280    -0.000000     0.019190
   -0.107300    -0.489100    56.210000    -0.000000     0.000000    -0.000000    -0.000000    -0.000000     0.000000    -0.000000     0.000000     0.000000     0.003601    -0.149500     0.000000    -0.056000
    0.015640    -0.046590    -0.949800     0.000000    -0.000661    -0.018570     0.015040     0.000000    -0.000000     0.000000    -0.000000     0.000000     0.000012    -0.010490     0.000284    -0.024520
   -0.000000    -0.000000     1.000000    -0.000000     0.000000    -0.000000    -0.000000    -0.000000    -0.000000     0.000000    -0.000000    -0.000000     0.000000     0.000000     0.000000     0.000000
   -0.000000    -0.000000     0.000000    -0.000000    -0.053540    22.350000   -58.620000     9.810000    -0.000000     0.000000    -0.000000    -0.000000     0.000000    -0.000000    -0.000814    -0.000000
    0.000514    -0.001531    -0.031200    -0.000000    -0.826100   -25.740000    16.990000    -0.000000     0.000000    -0.000000     0.000000    -0.000000     0.000000    -0.000345     0.376000    -0.000806
   -0.000044     0.000130     0.002652    -0.000000    -0.002693    -0.750600    -0.419300    -0.000000     0.000000    -0.000000     0.000000    -0.000000    -0.000000     0.000029     0.006772     0.000068
   -0.000000    -0.000000     0.000000     0.000000     0.000000     1.000000     0.000000    -0.000000    -0.000000     0.000000    -0.000000    -0.000000     0.000000     0.000000     0.000000     0.000000
    1.000000     0.000000    -0.000000    21.650000    -0.000000     0.000000     0.000000     0.000000     0.000000    -0.000000     0.000000     0.000000    -0.000000    -0.000000    -0.000000    -0.000000
    0.000000    -0.000000     0.000000    -0.000000     1.000000    -0.000000    -0.000000   -21.650000    -0.000000     0.000000    -0.000000    64.520000     0.000000     0.000000     0.000000     0.000000
   -0.000000     1.000000    -0.000000   -64.520000     0.000000     0.000000     0.000000     0.000000     0.000000    -0.000000     0.000000     0.000000    -0.000000    -0.000000    -0.000000    -0.000000
   -0.000000    -0.000000     0.000000     0.000000     0.000000    -0.000000     1.000000    -0.000000    -0.000000     0.000000    -0.000000    -0.000000     0.000000     0.000000     0.000000     0.000000
