u  w  q  the  v  p  r  phi  x  y  z  psi  |  slat  flap  aileron  elevator
   -0.014090     0.281200   -30.050000    -9.810000    -0.000000     0.000000     0.000000     0.000000     0.000000    -0.000000     0.000000     0.000000    -0.000953     0.037740    -0.000000     0.017720
   -0.109300    -0.357700    55.480000    -0.000000     0.000000    -0.000000    -0.000000    -0.000000     0.000000    -0.000000     0.000000     0.000000     0.002520    -0.102600     0.000000    -0.039820
    0.020890    -0.043770    -0.909000     0.000000    -0.004024    -0.110500     0.081640     0.000000    -0.000000     0.000000    -0.000000     0.000000    -0.000008    -0.008709     0.001477    -0.023000
   -0.000000    -0.000000     1.000000     0.000000     0.000000    -0.000000    -0.000000     0.000000    -0.000000     0.000000    -0.000000     0.000000     0.000000     0.000000     0.000000     0.000000
   -0.000000    -0.000000     0.000000    -0.000000    -0.036560    30.130000   -57.050000     9.810000    -0.000000     0.000000    -0.000000    -0.000000     0.000000    -0.000000    -0.001505    -0.000000
    0.003794    -0.007949    -0.165100    -0.000000    -0.317400    -8.238000     6.777000    -0.000000     0.000000    -0.000000     0.000000    -0.000000    -0.000002    -0.001582     0.113600    -0.004178
    0.000228    -0.000478    -0.009928    -0.000000     0.000039    -0.681900    -0.486500    -0.000000     0.000000    -0.000000     0.000000    -0.000000    -0.000000    -0.000095     0.004178    -0.000251
   -0.000000    -0.000000     0.000000    -0.000000     0.000000     1.000000     0.000000     0.000000    -0.000000     0.000000    -0.000000     0.000000     0.000000     0.000000     0.000000     0.000000
    1.000000     0.000000    -0.000000    29.320000    -0.000000     0.000000     0.000000     0.000000     0.000000    -0.000000     0.000000     0.000000    -0.000000    -0.000000    -0.000000    -0.000000
    0.000000    -0.000000     0.000000    -0.000000     1.000000    -0.000000    -0.000000   -29.320000    -0.000000     0.000000    -0.000000    61.420000     0.000000     0.000000     0.000000     0.000000
   -0.000000     1.000000    -0.000000   -61.420000     0.000000     0.000000     0.000000     0.000000     0.000000    -0.000000     0.000000     0.000000    -0.000000    -0.000000    -0.000000    -0.000000
   -0.000000    -0.000000     0.000000     0.000000     0.000000    -0.000000     1.000000    -0.000000    -0.000000     0.000000    -0.000000     0.000000     0.000000     0.000000     0.000000     0.000000

   -0.003535     0.173600   -22.900000    -9.810000     0.000000    -0.000000    -0.000000     0.000000     0.000000    -0.000000     0.000000     0.000000    -0.000886     0.037310    -0.000000     0.018130
   -0.077480    -0.472800    93.830000    -0.000000     0.000000     0.000000    -0.000000    -0.000000     0.000000    -0.000000     0.000000     0.000000     0.005409    -0.232700    -0.000000    -0.082280
    0.014230    -0.064070    -1.335000     0.000000    -0.004788    -0.184400     0.085920     0.000000    -0.000000     0.000000    -0.000000     0.000000    -0.000064    -0.023360     0.004206    -0.055770
   -0.000000    -0.000000     1.000000     0.000000     0.000000    -0.000000    -0.000000     0.000000    -0.000000     0.000000    -0.000000     0.000000     0.000000     0.000000     0.000000     0.000000
   -0.000000    -0.000000    -0.000000    -0.000000    -0.051210    22.870000   -96.150000     9.810000    -0.000000     0.000000    -0.000000    -0.000000    -0.000000     0.000000     0.000597    -0.000000
    0.002765    -0.012450    -0.259300    -0.000000    -0.317600   -11.620000     6.117000    -0.000000     0.000000    -0.000000     0.000000    -0.000000    -0.000012    -0.004538     0.269300    -0.010830
    0.000182    -0.000818    -0.017040    -0.000000     0.008909    -0.535000    -0.762400    -0.000000     0.000000    -0.000000     0.000000    -0.000000    -0.000001    -0.000298     0.006083    -0.000712
   -0.000000    -0.000000     0.000000    -0.000000     0.000000     1.000000     0.000000     0.000000    -0.000000     0.000000    -0.000000     0.000000     0.000000     0.000000     0.000000     0.000000
    1.000000     0.000000    -0.000000    22.520000    -0.000000     0.000000     0.000000     0.000000     0.000000    -0.000000     0.000000     0.000000    -0.000000    -0.000000    -0.000000    -0.000000
    0.000000    -0.000000     0.000000    -0.000000     1.000000    -0.000000    -0.000000   -22.520000    -0.000000     0.000000    -0.000000   101.400000     0.000000     0.000000     0.000000     0.000000
   -0.000000     1.000000    -0.000000  -101.400000     0.000000     0.000000     0.000000     0.000000     0.000000    -0.000000     0.000000     0.000000    -0.000000    -0.000000    -0.000000    -0.000000
   -0.000000    -0.000000     0.000000     0.000000     0.000000    -0.000000     1.000000    -0.000000    -0.000000     0.000000    -0.000000     0.000000     0.000000     0.000000     0.000000     0.000000

   -0.000623     0.080210   -21.890000    -9.810000     0.000000     0.000000     0.000000     0.000000     0.000000    -0.000000     0.000000     0.000000    -0.000701     0.031760    -0.000000     0.017480
   -0.044380    -0.461700   199.600000    -0.000000    -0.000000     0.000000    -0.000000    -0.000000     0.000000    -0.000000     0.000000     0.000000     0.010550    -0.479000    -0.000000    -0.156900
    0.009504    -0.090200    -1.853000     0.000000    -0.006152    -0.300500     0.096280     0.000000    -0.000000     0.000000    -0.000000     0.000000    -0.000349    -0.072900     0.014210    -0.159100
   -0.000000    -0.000000     1.000000     0.000000     0.000000    -0.000000    -0.000000     0.000000    -0.000000     0.000000    -0.000000     0.000000     0.000000     0.000000     0.000000     0.000000
    0.000000    -0.000000    -0.000000    -0.000000    -0.048060    21.780000  -202.000000     9.810000    -0.000000     0.000000    -0.000000    -0.000000    -0.000000    -0.000000     0.004744    -0.000000
    0.002084    -0.019780    -0.406400    -0.000000    -0.273100   -12.470000     4.795000    -0.000000     0.000000    -0.000000     0.000000    -0.000000    -0.000076    -0.015990     0.595600    -0.034890
    0.000171    -0.001619    -0.033270    -0.000000     0.017860    -0.378000    -1.028000    -0.000000     0.000000    -0.000000     0.000000    -0.000000    -0.000006    -0.001309     0.009351    -0.002856
   -0.000000    -0.000000     0.000000     0.000000     0.000000     1.000000     0.000000     0.000000    -0.000000     0.000000    -0.000000     0.000000     0.000000     0.000000     0.000000     0.000000
    1.000000     0.000000    -0.000000    21.750000    -0.000000     0.000000     0.000000     0.000000     0.000000    -0.000000     0.000000     0.000000    -0.000000    -0.000000    -0.000000    -0.000000
    0.000000    -0.000000     0.000000    -0.000000     1.000000    -0.000000    -0.000000   -21.750000    -0.000000     0.000000    -0.000000   206.500000     0.000000     0.000000     0.000000     0.000000
   -0.000000     1.000000    -0.000000  -206.500000     0.000000     0.000000     0.000000     0.000000     0.000000    -0.000000     0.000000     0.000000    -0.000000    -0.000000    -0.000000    -0.000000
   -0.000000    -0.000000     0.000000     0.000000     0.000000    -0.000000     1.000000    -0.000000    -0.000000     0.000000    -0.000000     0.000000     0.000000     0.000000     0.000000     0.000000

   -0.000333     0.077160   -15.370000    -9.810000     0.000000    -0.000000     0.000000     0.000000     0.000000    -0.000000     0.000000     0.000000    -0.000626     0.028570    -0.000000     0.016780
   -0.047190    -0.613600   197.900000    -0.000000    -0.000000     0.000000     0.000000    -0.000000     0.000000    -0.000000     0.000000     0.000000     0.014040    -0.640500    -0.000000    -0.207900
    0.006580    -0.089410    -1.841000     0.000000    -0.005711    -0.300000     0.084850     0.000000    -0.000000     0.000000    -0.000000     0.000000    -0.000351    -0.073220     0.014300    -0.158200
   -0.000000    -0.000000     1.000000     0.000000     0.000000    -0.000000    -0.000000     0.000000    -0.000000     0.000000    -0.000000     0.000000     0.000000     0.000000     0.000000     0.000000
    0.000000    -0.000000    -0.000000    -0.000000    -0.064860    15.160000  -201.100000     9.810000    -0.000000     0.000000    -0.000000    -0.000000     0.000000    -0.000000     0.007446    -0.000000
    0.001443    -0.019610    -0.403700    -0.000000    -0.255500   -12.520000     4.315000    -0.000000     0.000000    -0.000000     0.000000    -0.000000    -0.000077    -0.016060     0.600600    -0.034680
    0.000118    -0.001605    -0.033050    -0.000000     0.019450    -0.286700    -1.035000    -0.000000     0.000000    -0.000000     0.000000    -0.000000    -0.000006    -0.001314     0.008037    -0.002839
   -0.000000    -0.000000     0.000000    -0.000000     0.000000     1.000000     0.000000     0.000000    -0.000000     0.000000    -0.000000     0.000000     0.000000     0.000000     0.000000     0.000000
    1.000000     0.000000    -0.000000    15.240000    -0.000000     0.000000     0.000000     0.000000     0.000000    -0.000000     0.000000     0.000000    -0.000000    -0.000000    -0.000000    -0.000000
    0.000000    -0.000000     0.000000    -0.000000     1.000000    -0.000000    -0.000000   -15.240000    -0.000000     0.000000    -0.000000   207.100000     0.000000     0.000000     0.000000     0.000000
   -0.000000     1.000000    -0.000000  -207.100000     0.000000     0.000000     0.000000     0.000000     0.000000    -0.000000     0.000000     0.000000    -0.000000    -0.000000    -0.000000    -0.000000
   -0.000000    -0.000000     0.000000     0.000000     0.000000    -0.000000     1.000000     0.000000    -0.000000     0.000000    -0.000000     0.000000     0.000000     0.000000     0.000000     0.000000

   -0.002188     0.169800   -16.650000    -9.810000    -0.000000    -0.000000     0.000000     0.000000     0.000000    -0.000000     0.000000     0.000000    -0.000848     0.036060    -0.000000     0.017860
   -0.079640    -0.628100    92.510000    -0.000000     0.000000     0.000000    -0.000000    -0.000000     0.000000    -0.000000     0.000000     0.000000     0.007252    -0.314600    -0.000000    -0.109400
    0.010060    -0.063370    -1.327000     0.000000    -0.004313    -0.185400     0.073250     0.000000    -0.000000     0.000000    -0.000000     0.000000    -0.000067    -0.023840     0.004319    -0.055880
   -0.000000    -0.000000     1.000000     0.000000     0.000000    -0.000000    -0.000000    -0.000000    -0.000000     0.000000    -0.000000     0.000000     0.000000     0.000000     0.000000     0.000000
   -0.000000    -0.000000    -0.000000    -0.000000    -0.070170    16.500000   -95.670000     9.810000    -0.000000     0.000000    -0.000000    -0.000000    -0.000000    -0.000000     0.002027    -0.000000
    0.001954    -0.012310    -0.257700    -0.000000    -0.288300   -11.780000     5.305000    -0.000000     0.000000    -0.000000     0.000000    -0.000000    -0.000013    -0.004632     0.277200    -0.010860
    0.000128    -0.000809    -0.016940    -0.000000     0.011320    -0.408900    -0.779300    -0.000000     0.000000    -0.000000     0.000000    -0.000000    -0.000001    -0.000304     0.005188    -0.000714
   -0.000000    -0.000000     0.000000     0.000000     0.000000     1.000000     0.000000     0.000000    -0.000000     0.000000    -0.000000     0.000000     0.000000     0.000000     0.000000     0.000000
    1.000000     0.000000    -0.000000    16.270000    -0.000000     0.000000     0.000000     0.000000     0.000000    -0.000000     0.000000     0.000000    -0.000000    -0.000000    -0.000000    -0.000000
    0.000000    -0.000000     0.000000    -0.000000     1.000000    -0.000000    -0.000000   -16.270000    -0.000000     0.000000    -0.000000   102.600000     0.000000     0.000000     0.000000     0.000000
   -0.000000     1.000000    -0.000000  -102.600000     0.000000     0.000000     0.000000     0.000000     0.000000    -0.000000     0.000000     0.000000    -0.000000    -0.000000    -0.000000    -0.000000
   -0.000000    -0.000000     0.000000     0.000000     0.000000    -0.000000     1.000000     0.000000    -0.000000     0.000000    -0.000000     0.000000     0.000000     0.000000     0.000000     0.000000

   -0.008871     0.274600   -22.000000    -9.810000    -0.000000    -0.000000     0.000000     0.000000     0.000000    -0.000000     0.000000     0.000000    -0.000956     0.038640    -0.000000     0.018120
   -0.109900    -0.490300    56.460000    -0.000000     0.000000    -0.000000    -0.000000    -0.000000     0.000000    -0.000000     0.000000     0.000000     0.003614    -0.150100     0.000000    -0.056100
    0.014430    -0.043850    -0.919600     0.000000    -0.003506    -0.114900     0.067120     0.000000    -0.000000     0.000000    -0.000000     0.000000    -0.000012    -0.009588     0.001648    -0.024360
   -0.000000    -0.000000     1.000000     0.000000     0.000000    -0.000000    -0.000000     0.000000    -0.000000     0.000000    -0.000000     0.000000     0.000000     0.000000     0.000000     0.000000
   -0.000000    -0.000000     0.000000    -0.000000    -0.053920    21.960000   -58.750000     9.810000    -0.000000     0.000000    -0.000000    -0.000000     0.000000    -0.000000    -0.000762    -0.000000
    0.002622    -0.007964    -0.167000    -0.000000    -0.279000    -8.708000     5.656000    -0.000000     0.000000    -0.000000     0.000000    -0.000000    -0.000002    -0.001741     0.127500    -0.004424
    0.000158    -0.000479    -0.010040    -0.000000     0.003515    -0.513700    -0.521400    -0.000000     0.000000    -0.000000     0.000000    -0.000000    -0.000000    -0.000105     0.003602    -0.000266
   -0.000000    -0.000000     0.000000     0.000000     0.000000     1.000000     0.000000     0.000000    -0.000000     0.000000    -0.000000     0.000000     0.000000     0.000000     0.000000     0.000000
    1.000000     0.000000    -0.000000    21.280000    -0.000000     0.000000     0.000000     0.000000     0.000000    -0.000000     0.000000     0.000000    -0.000000    -0.000000    -0.000000    -0.000000
    0.000000    -0.000000     0.000000    -0.000000     1.000000    -0.000000    -0.000000   -21.280000    -0.000000     0.000000    -0.000000    64.650000     0.000000     0.000000     0.000000     0.000000
   -0.000000     1.000000    -0.000000   -64.650000     0.000000     0.000000     0.000000     0.000000     0.000000    -0.000000     0.000000     0.000000    -0.000000    -0.000000    -0.000000    -0.000000
   -0.000000    -0.000000     0.000000     0.000000     0.000000    -0.000000     1.000000     0.000000    -0.000000     0.000000    -0.000000     0.000000     0.000000     0.000000     0.000000     0.000000
