u  w  q  the  v  p  r  phi  x  y  z  psi  |  slat  flap  aileron  elevator
   -0.014040     0.281100   -30.040000    -9.810000    -0.000000     0.000000     0.000000     0.000000     0.000000    -0.000000     0.000000     0.000000    -0.000953     0.037730    -0.000000     0.017700
   -0.109400    -0.357800    55.490000    -0.000000    -0.000000    -0.000000    -0.000000    -0.000000     0.000000    -0.000000     0.000000     0.000000     0.002520    -0.102600     0.000000    -0.039830
    0.020610    -0.043200    -0.897700     0.000000    -0.003379    -0.102100     0.061880     0.000000    -0.000000     0.000000    -0.000000     0.000000    -0.000009    -0.008592     0.001298    -0.022730
   -0.000000    -0.000000     1.000000     0.000000     0.000000    -0.000000    -0.000000     0.000000    -0.000000     0.000000    -0.000000     0.000000     0.000000     0.000000     0.000000     0.000000
   -0.000000    -0.000000     0.000000    -0.000000    -0.036570    30.120000   -57.050000     9.810000    -0.000000     0.000000    -0.000000    -0.000000     0.000000    -0.000000    -0.001504    -0.000000
    0.003229    -0.006768    -0.140600    -0.000000    -0.123600    -3.207000     2.642000    -0.000000     0.000000    -0.000000     0.000000    -0.000000    -0.000001    -0.001346     0.044230    -0.003561
    0.000478    -0.001002    -0.020810    -0.000000     0.001985    -0.555400    -0.474000    -0.000000     0.000000    -0.000000     0.000000    -0.000000    -0.000000    -0.000199     0.003015    -0.000527
   -0.000000    -0.000000     0.000000     0.000000     0.000000     1.000000     0.000000     0.000000    -0.000000     0.000000    -0.000000     0.000000     0.000000     0.000000     0.000000     0.000000
    1.000000     0.000000    -0.000000    29.310000    -0.000000     0.000000     0.000000     0.000000     0.000000    -0.000000     0.000000     0.000000    -0.000000    -0.000000    -0.000000    -0.000000
    0.000000    -0.000000     0.000000    -0.000000     1.000000    -0.000000    -0.000000   -29.310000    -0.000000     0.000000    -0.000000    61.430000     0.000000     0.000000     0.000000     0.000000
   -0.000000     1.000000    -0.000000   -61.430000     0.000000     0.000000     0.000000     0.000000     0.000000    -0.000000     0.000000     0.000000    -0.000000    -0.000000    -0.000000    -0.000000
   -0.000000    -0.000000     0.000000     0.000000     0.000000    -0.000000     1.000000     0.000000    -0.000000     0.000000    -0.000000     0.000000     0.000000     0.000000     0.000000     0.000000

   -0.003522     0.173500   -22.900000    -9.810000     0.000000    -0.000000    -0.000000     0.000000     0.000000    -0.000000     0.000000     0.000000    -0.000885     0.037300     0.000000     0.018110
   -0.077520    -0.472800    93.830000    -0.000000     0.000000     0.000000     0.000000    -0.000000     0.000000    -0.000000     0.000000     0.000000     0.005409    -0.232700    -0.000000    -0.082280
    0.014010    -0.063080    -1.315000     0.000000    -0.003699    -0.156900     0.056450     0.000000    -0.000000     0.000000    -0.000000     0.000000    -0.000064    -0.022980     0.003478    -0.054960
   -0.000000    -0.000000     1.000000     0.000000     0.000000    -0.000000    -0.000000     0.000000    -0.000000     0.000000    -0.000000     0.000000     0.000000     0.000000     0.000000     0.000000
   -0.000000    -0.000000    -0.000000    -0.000000    -0.051210    22.860000   -96.150000     9.810000    -0.000000     0.000000    -0.000000    -0.000000     0.000000    -0.000000     0.000598    -0.000000
    0.002251    -0.010140    -0.211300    -0.000000    -0.118700    -4.341000     2.288000    -0.000000     0.000000    -0.000000     0.000000    -0.000000    -0.000010    -0.003693     0.100600    -0.008832
    0.000376    -0.001694    -0.035300    -0.000000     0.009672    -0.395000    -0.700300    -0.000000     0.000000    -0.000000     0.000000    -0.000000    -0.000002    -0.000617     0.003661    -0.001476
   -0.000000    -0.000000     0.000000     0.000000     0.000000     1.000000     0.000000     0.000000    -0.000000     0.000000    -0.000000     0.000000     0.000000     0.000000     0.000000     0.000000
    1.000000     0.000000    -0.000000    22.510000    -0.000000     0.000000     0.000000     0.000000     0.000000    -0.000000     0.000000     0.000000    -0.000000    -0.000000    -0.000000    -0.000000
    0.000000    -0.000000     0.000000    -0.000000     1.000000    -0.000000    -0.000000   -22.510000    -0.000000     0.000000    -0.000000   101.400000     0.000000     0.000000     0.000000     0.000000
   -0.000000     1.000000    -0.000000  -101.400000     0.000000     0.000000     0.000000     0.000000     0.000000    -0.000000     0.000000     0.000000    -0.000000    -0.000000    -0.000000    -0.000000
   -0.000000    -0.000000     0.000000     0.000000     0.000000    -0.000000     1.000000    -0.000000    -0.000000     0.000000    -0.000000     0.000000     0.000000     0.000000     0.000000     0.000000

   -0.000620     0.080190   -21.880000    -9.810000     0.000000     0.000000     0.000000     0.000000     0.000000    -0.000000     0.000000     0.000000    -0.000701     0.031750    -0.000000     0.017450
   -0.044390    -0.461700   199.600000    -0.000000    -0.000000    -0.000000    -0.000000    -0.000000     0.000000    -0.000000     0.000000     0.000000     0.010550    -0.479000    -0.000000    -0.156900
    0.009283    -0.088140    -1.812000     0.000000    -0.004108    -0.230500     0.046400     0.000000    -0.000000     0.000000    -0.000000     0.000000    -0.000344    -0.071200     0.010690    -0.155700
   -0.000000    -0.000000     1.000000     0.000000     0.000000    -0.000000    -0.000000     0.000000    -0.000000     0.000000    -0.000000     0.000000     0.000000     0.000000     0.000000     0.000000
    0.000000    -0.000000    -0.000000    -0.000000    -0.048060    21.770000  -202.000000     9.810000    -0.000000     0.000000    -0.000000    -0.000000     0.000000    -0.000000     0.004745    -0.000000
    0.001557    -0.014780    -0.303900    -0.000000    -0.094560    -4.316000     1.661000    -0.000000     0.000000    -0.000000     0.000000    -0.000000    -0.000058    -0.011940     0.206100    -0.026110
    0.000339    -0.003221    -0.066220    -0.000000     0.016170    -0.240100    -0.870200    -0.000000     0.000000    -0.000000     0.000000    -0.000000    -0.000013    -0.002602     0.004332    -0.005689
   -0.000000    -0.000000     0.000000     0.000000     0.000000     1.000000     0.000000     0.000000    -0.000000     0.000000    -0.000000     0.000000     0.000000     0.000000     0.000000     0.000000
    1.000000     0.000000    -0.000000    21.750000    -0.000000     0.000000     0.000000     0.000000     0.000000    -0.000000     0.000000     0.000000    -0.000000    -0.000000    -0.000000    -0.000000
    0.000000    -0.000000     0.000000    -0.000000     1.000000    -0.000000    -0.000000   -21.750000    -0.000000     0.000000    -0.000000   206.500000     0.000000     0.000000     0.000000     0.000000
   -0.000000     1.000000    -0.000000  -206.500000     0.000000     0.000000     0.000000     0.000000     0.000000    -0.000000     0.000000     0.000000    -0.000000    -0.000000    -0.000000    -0.000000
   -0.000000    -0.000000     0.000000     0.000000     0.000000    -0.000000     1.000000     0.000000    -0.000000     0.000000    -0.000000     0.000000     0.000000     0.000000     0.000000     0.000000

   -0.000330     0.077140   -15.360000    -9.810000     0.000000     0.000000     0.000000     0.000000     0.000000    -0.000000     0.000000     0.000000    -0.000626     0.028550    -0.000000     0.016750
   -0.047210    -0.613600   197.900000    -0.000000    -0.000000     0.000000    -0.000000    -0.000000     0.000000    -0.000000     0.000000     0.000000     0.014040    -0.640500    -0.000000    -0.207900
    0.006427    -0.087360    -1.800000     0.000000    -0.003745    -0.228000     0.037810     0.000000    -0.000000     0.000000    -0.000000     0.000000    -0.000347    -0.071510     0.010730    -0.154700
   -0.000000    -0.000000     1.000000     0.000000     0.000000    -0.000000    -0.000000    -0.000000    -0.000000     0.000000    -0.000000     0.000000     0.000000     0.000000     0.000000     0.000000
    0.000000    -0.000000    -0.000000    -0.000000    -0.064860    15.160000  -201.100000     9.810000    -0.000000     0.000000    -0.000000    -0.000000     0.000000    -0.000000     0.007447    -0.000000
    0.001078    -0.014650    -0.301900    -0.000000    -0.088480    -4.331000     1.495000    -0.000000     0.000000    -0.000000     0.000000    -0.000000    -0.000058    -0.011990     0.207900    -0.025950
    0.000235    -0.003193    -0.065790    -0.000000     0.017380    -0.165000    -0.873000    -0.000000     0.000000    -0.000000     0.000000    -0.000000    -0.000013    -0.002613     0.003227    -0.005655
   -0.000000    -0.000000     0.000000     0.000000     0.000000     1.000000     0.000000     0.000000    -0.000000     0.000000    -0.000000     0.000000     0.000000     0.000000     0.000000     0.000000
    1.000000     0.000000    -0.000000    15.230000    -0.000000     0.000000     0.000000     0.000000     0.000000    -0.000000     0.000000     0.000000    -0.000000    -0.000000    -0.000000    -0.000000
    0.000000    -0.000000     0.000000    -0.000000     1.000000    -0.000000    -0.000000   -15.230000    -0.000000     0.000000    -0.000000   207.100000     0.000000     0.000000     0.000000     0.000000
   -0.000000     1.000000    -0.000000  -207.100000     0.000000     0.000000     0.000000     0.000000     0.000000    -0.000000     0.000000     0.000000    -0.000000    -0.000000    -0.000000    -0.000000
   -0.000000    -0.000000     0.000000     0.000000     0.000000    -0.000000     1.000000     0.000000    -0.000000     0.000000    -0.000000     0.000000     0.000000     0.000000     0.000000     0.000000

   -0.002178     0.169700   -16.650000    -9.810000     0.000000     0.000000     0.000000     0.000000     0.000000    -0.000000     0.000000     0.000000    -0.000848     0.036050     0.000000     0.017830
   -0.079670    -0.628100    92.510000    -0.000000     0.000000     0.000000    -0.000000    -0.000000     0.000000    -0.000000     0.000000     0.000000     0.007252    -0.314600    -0.000000    -0.109400
    0.009896    -0.062390    -1.307000     0.000000    -0.003278    -0.155700     0.046010     0.000000    -0.000000     0.000000    -0.000000     0.000000    -0.000067    -0.023460     0.003554    -0.055070
   -0.000000    -0.000000     1.000000     0.000000     0.000000    -0.000000    -0.000000     0.000000    -0.000000     0.000000    -0.000000     0.000000     0.000000     0.000000     0.000000     0.000000
   -0.000000    -0.000000    -0.000000    -0.000000    -0.070170    16.500000   -95.670000     9.810000    -0.000000     0.000000    -0.000000    -0.000000    -0.000000    -0.000000     0.002028    -0.000000
    0.001590    -0.010020    -0.210000    -0.000000    -0.107800    -4.400000     1.985000    -0.000000     0.000000    -0.000000     0.000000    -0.000000    -0.000011    -0.003770     0.103600    -0.008849
    0.000266    -0.001675    -0.035090    -0.000000     0.011590    -0.284400    -0.710000    -0.000000     0.000000    -0.000000     0.000000    -0.000000    -0.000002    -0.000630     0.002834    -0.001479
   -0.000000    -0.000000     0.000000    -0.000000     0.000000     1.000000     0.000000     0.000000    -0.000000     0.000000    -0.000000     0.000000     0.000000     0.000000     0.000000     0.000000
    1.000000     0.000000    -0.000000    16.270000    -0.000000     0.000000     0.000000     0.000000     0.000000    -0.000000     0.000000     0.000000    -0.000000    -0.000000    -0.000000    -0.000000
    0.000000    -0.000000     0.000000    -0.000000     1.000000    -0.000000    -0.000000   -16.270000    -0.000000     0.000000    -0.000000   102.600000     0.000000     0.000000     0.000000     0.000000
   -0.000000     1.000000    -0.000000  -102.600000     0.000000     0.000000     0.000000     0.000000     0.000000    -0.000000     0.000000     0.000000    -0.000000    -0.000000    -0.000000    -0.000000
   -0.000000    -0.000000     0.000000     0.000000     0.000000    -0.000000     1.000000     0.000000    -0.000000     0.000000    -0.000000     0.000000     0.000000     0.000000     0.000000     0.000000

   -0.008842     0.274500   -21.990000    -9.810000    -0.000000     0.000000     0.000000     0.000000     0.000000    -0.000000     0.000000     0.000000    -0.000956     0.038630    -0.000000     0.018100
   -0.109900    -0.490300    56.470000    -0.000000     0.000000    -0.000000    -0.000000    -0.000000     0.000000    -0.000000     0.000000     0.000000     0.003615    -0.150100     0.000000    -0.056110
    0.014240    -0.043280    -0.908200     0.000000    -0.002897    -0.103600     0.049210     0.000000    -0.000000     0.000000    -0.000000     0.000000    -0.000012    -0.009458     0.001434    -0.024070
   -0.000000    -0.000000     1.000000     0.000000     0.000000    -0.000000    -0.000000    -0.000000    -0.000000     0.000000    -0.000000     0.000000     0.000000     0.000000     0.000000     0.000000
   -0.000000    -0.000000     0.000000    -0.000000    -0.053920    21.960000   -58.750000     9.810000    -0.000000     0.000000    -0.000000    -0.000000    -0.000000    -0.000000    -0.000761    -0.000000
    0.002231    -0.006780    -0.142300    -0.000000    -0.108700    -3.390000     2.205000    -0.000000     0.000000    -0.000000     0.000000    -0.000000    -0.000002    -0.001482     0.049660    -0.003770
    0.000330    -0.001003    -0.021060    -0.000000     0.004838    -0.403000    -0.498100    -0.000000     0.000000    -0.000000     0.000000    -0.000000    -0.000000    -0.000219     0.002418    -0.000558
   -0.000000    -0.000000     0.000000     0.000000     0.000000     1.000000     0.000000     0.000000    -0.000000     0.000000    -0.000000     0.000000     0.000000     0.000000     0.000000     0.000000
    1.000000     0.000000    -0.000000    21.270000    -0.000000     0.000000     0.000000     0.000000     0.000000    -0.000000     0.000000     0.000000    -0.000000    -0.000000    -0.000000    -0.000000
    0.000000    -0.000000     0.000000    -0.000000     1.000000    -0.000000    -0.000000   -21.270000    -0.000000     0.000000    -0.000000    64.650000     0.000000     0.000000     0.000000     0.000000
   -0.000000     1.000000    -0.000000   -64.650000     0.000000     0.000000     0.000000     0.000000     0.000000    -0.000000     0.000000     0.000000    -0.000000    -0.000000    -0.000000    -0.000000
   -0.000000    -0.000000     0.000000     0.000000     0.000000    -0.000000     1.000000     0.000000    -0.000000     0.000000    -0.000000     0.000000     0.000000     0.000000     0.000000     0.000000
