u  w  q  the  v  p  r  phi  x  y  z  psi  |  slat  flap  aileron  elevator
   -0.014360     0.281700   -30.100000    -9.810000    -0.000000     0.000000     0.000000     0.000000     0.000000    -0.000000     0.000000     0.000000    -0.000955     0.037800    -0.000000     0.017840
   -0.109000    -0.357500    55.440000    -0.000000     0.000000    -0.000000     0.000000    -0.000000     0.000000    -0.000000     0.000000     0.000000     0.002517    -0.102500     0.000000    -0.039800
    0.021040    -0.043970    -0.910200     0.000000    -0.004162    -0.115100     0.083980     0.000000    -0.000000     0.000000    -0.000000     0.000000    -0.000006    -0.008783     0.001531    -0.022960
   -0.000000    -0.000000     1.000000     0.000000     0.000000    -0.000000    -0.000000     0.000000    -0.000000     0.000000    -0.000000     0.000000     0.000000     0.000000     0.000000     0.000000
   -0.000000    -0.000000    -0.000000    -0.000000    -0.036510    30.190000   -57.020000     9.810000    -0.000000     0.000000    -0.000000    -0.000000     0.000000    -0.000000    -0.001511    -0.000000
    0.003971    -0.008298    -0.171800    -0.000000    -0.290600    -7.537000     6.216000    -0.000000     0.000000    -0.000000     0.000000    -0.000000    -0.000001    -0.001658     0.103900    -0.004333
    0.000265    -0.000553    -0.011460    -0.000000     0.000353    -0.668900    -0.489000    -0.000000     0.000000    -0.000000     0.000000    -0.000000    -0.000000    -0.000111     0.004032    -0.000289
   -0.000000    -0.000000     0.000000    -0.000000     0.000000     1.000000     0.000000     0.000000    -0.000000     0.000000    -0.000000     0.000000     0.000000     0.000000     0.000000     0.000000
    1.000000     0.000000    -0.000000    29.380000    -0.000000     0.000000     0.000000     0.000000     0.000000    -0.000000     0.000000     0.000000    -0.000000    -0.000000    -0.000000    -0.000000
    0.000000    -0.000000     0.000000    -0.000000     1.000000    -0.000000    -0.000000   -29.380000    -0.000000     0.000000    -0.000000    61.390000     0.000000     0.000000     0.000000     0.000000
   -0.000000     1.000000    -0.000000   -61.390000     0.000000     0.000000     0.000000     0.000000     0.000000    -0.000000     0.000000     0.000000    -0.000000    -0.000000    -0.000000    -0.000000
   -0.000000    -0.000000     0.000000    -0.000000     0.000000    -0.000000     1.000000    -0.000000    -0.000000     0.000000    -0.000000     0.000000     0.000000     0.000000     0.000000     0.000000

   -0.003622     0.173900   -22.950000    -9.810000    -0.000000    -0.000000     0.000000     0.000000     0.000000    -0.000000     0.000000     0.000000    -0.000888     0.037400     0.000000     0.018280
   -0.077270    -0.472700    93.800000    -0.000000     0.000000     0.000000     0.000000    -0.000000     0.000000    -0.000000     0.000000     0.000000     0.005408    -0.232600    -0.000000    -0.082280
    0.014340    -0.064400    -1.336000     0.000000    -0.004905    -0.190300     0.087250     0.000000    -0.000000     0.000000    -0.000000     0.000000    -0.000056    -0.023560     0.004330    -0.055640
   -0.000000    -0.000000     1.000000    -0.000000     0.000000    -0.000000    -0.000000    -0.000000    -0.000000     0.000000    -0.000000    -0.000000     0.000000     0.000000     0.000000     0.000000
    0.000000    -0.000000    -0.000000    -0.000000    -0.051180    22.920000   -96.140000     9.810000    -0.000000     0.000000    -0.000000    -0.000000    -0.000000    -0.000000     0.000591    -0.000000
    0.002877    -0.012920    -0.268100    -0.000000    -0.289100   -10.580000     5.579000    -0.000000     0.000000    -0.000000     0.000000    -0.000000    -0.000011    -0.004728     0.245100    -0.011170
    0.000211    -0.000947    -0.019650    -0.000000     0.009151    -0.518100    -0.760800    -0.000000     0.000000    -0.000000     0.000000    -0.000000    -0.000001    -0.000347     0.005748    -0.000818
   -0.000000    -0.000000     0.000000     0.000000     0.000000     1.000000     0.000000    -0.000000    -0.000000     0.000000    -0.000000    -0.000000     0.000000     0.000000     0.000000     0.000000
    1.000000     0.000000    -0.000000    22.570000    -0.000000     0.000000     0.000000     0.000000     0.000000    -0.000000     0.000000     0.000000    -0.000000    -0.000000    -0.000000    -0.000000
    0.000000    -0.000000     0.000000    -0.000000     1.000000    -0.000000    -0.000000   -22.570000    -0.000000     0.000000    -0.000000   101.400000     0.000000     0.000000     0.000000     0.000000
   -0.000000     1.000000    -0.000000  -101.400000     0.000000     0.000000     0.000000     0.000000     0.000000    -0.000000     0.000000     0.000000    -0.000000    -0.000000    -0.000000    -0.000000
   -0.000000    -0.000000     0.000000     0.000000     0.000000    -0.000000     1.000000    -0.000000    -0.000000     0.000000    -0.000000    -0.000000     0.000000     0.000000     0.000000     0.000000

   -0.000645     0.080370   -21.940000    -9.810000     0.000000    -0.000000     0.000000     0.000000     0.000000    -0.000000     0.000000     0.000000    -0.000703     0.031850    -0.000000     0.017640
   -0.044270    -0.461600   199.500000    -0.000000    -0.000000    -0.000000    -0.000000    -0.000000     0.000000    -0.000000     0.000000     0.000000     0.010550    -0.479000    -0.000000    -0.156900
    0.009558    -0.090500    -1.851000     0.000000    -0.006188    -0.305400     0.095220     0.000000    -0.000000     0.000000    -0.000000     0.000000    -0.000326    -0.073360     0.014410    -0.158400
   -0.000000    -0.000000     1.000000     0.000000     0.000000    -0.000000    -0.000000     0.000000    -0.000000     0.000000    -0.000000     0.000000     0.000000     0.000000     0.000000     0.000000
    0.000000    -0.000000    -0.000000    -0.000000    -0.048050    21.830000  -201.900000     9.810000    -0.000000     0.000000    -0.000000    -0.000000     0.000000    -0.000000     0.004739    -0.000000
    0.002140    -0.020260    -0.414400    -0.000000    -0.245800   -11.220000     4.325000    -0.000000     0.000000    -0.000000     0.000000    -0.000000    -0.000073    -0.016430     0.535900    -0.035470
    0.000197    -0.001868    -0.038190    -0.000000     0.017870    -0.359100    -1.017000    -0.000000     0.000000    -0.000000     0.000000    -0.000000    -0.000007    -0.001514     0.008579    -0.003269
   -0.000000    -0.000000     0.000000    -0.000000     0.000000     1.000000     0.000000     0.000000    -0.000000     0.000000    -0.000000     0.000000     0.000000     0.000000     0.000000     0.000000
    1.000000     0.000000    -0.000000    21.800000    -0.000000     0.000000     0.000000     0.000000     0.000000    -0.000000     0.000000     0.000000    -0.000000    -0.000000    -0.000000    -0.000000
    0.000000    -0.000000     0.000000    -0.000000     1.000000    -0.000000    -0.000000   -21.800000    -0.000000     0.000000    -0.000000   206.500000     0.000000     0.000000     0.000000     0.000000
   -0.000000     1.000000    -0.000000  -206.500000     0.000000     0.000000     0.000000     0.000000     0.000000    -0.000000     0.000000     0.000000    -0.000000    -0.000000    -0.000000    -0.000000
   -0.000000    -0.000000     0.000000     0.000000     0.000000    -0.000000     1.000000     0.000000    -0.000000     0.000000    -0.000000     0.000000     0.000000     0.000000     0.000000     0.000000

   -0.000348     0.077320   -15.400000    -9.810000     0.000000    -0.000000     0.000000     0.000000     0.000000    -0.000000     0.000000     0.000000    -0.000628     0.028650    -0.000000     0.016940
   -0.047080    -0.613600   197.800000    -0.000000    -0.000000     0.000000    -0.000000    -0.000000     0.000000    -0.000000     0.000000     0.000000     0.014040    -0.640500    -0.000000    -0.207900
    0.006620    -0.089720    -1.839000     0.000000    -0.005737    -0.304700     0.083590     0.000000    -0.000000     0.000000    -0.000000     0.000000    -0.000328    -0.073690     0.014510    -0.157400
   -0.000000    -0.000000     1.000000    -0.000000     0.000000    -0.000000    -0.000000    -0.000000    -0.000000     0.000000    -0.000000    -0.000000     0.000000     0.000000     0.000000     0.000000
    0.000000    -0.000000    -0.000000    -0.000000    -0.064840    15.200000  -201.100000     9.810000    -0.000000     0.000000    -0.000000    -0.000000     0.000000    -0.000000     0.007440    -0.000000
    0.001482    -0.020090    -0.411700    -0.000000    -0.230000   -11.260000     3.892000    -0.000000     0.000000    -0.000000     0.000000    -0.000000    -0.000073    -0.016500     0.540500    -0.035250
    0.000137    -0.001852    -0.037950    -0.000000     0.019430    -0.269200    -1.023000    -0.000000     0.000000    -0.000000     0.000000    -0.000000    -0.000007    -0.001521     0.007281    -0.003250
   -0.000000    -0.000000     0.000000     0.000000     0.000000     1.000000     0.000000    -0.000000    -0.000000     0.000000    -0.000000    -0.000000     0.000000     0.000000     0.000000     0.000000
    1.000000     0.000000    -0.000000    15.280000    -0.000000     0.000000     0.000000     0.000000     0.000000    -0.000000     0.000000     0.000000    -0.000000    -0.000000    -0.000000    -0.000000
    0.000000    -0.000000     0.000000    -0.000000     1.000000    -0.000000    -0.000000   -15.280000    -0.000000     0.000000    -0.000000   207.100000     0.000000     0.000000     0.000000     0.000000
   -0.000000     1.000000    -0.000000  -207.100000     0.000000     0.000000     0.000000     0.000000     0.000000    -0.000000     0.000000     0.000000    -0.000000    -0.000000    -0.000000    -0.000000
   -0.000000    -0.000000     0.000000     0.000000     0.000000    -0.000000     1.000000    -0.000000    -0.000000     0.000000    -0.000000    -0.000000     0.000000     0.000000     0.000000     0.000000

   -0.002250     0.170100   -16.680000    -9.810000    -0.000000    -0.000000    -0.000000     0.000000     0.000000    -0.000000     0.000000     0.000000    -0.000850     0.036150     0.000000     0.018010
   -0.079420    -0.628000    92.480000    -0.000000     0.000000     0.000000     0.000000    -0.000000     0.000000    -0.000000     0.000000     0.000000     0.007251    -0.314500    -0.000000    -0.109400
    0.010130    -0.063710    -1.328000     0.000000    -0.004413    -0.191100     0.074190     0.000000    -0.000000     0.000000    -0.000000     0.000000    -0.000059    -0.024050     0.004444    -0.055750
   -0.000000    -0.000000     1.000000     0.000000     0.000000    -0.000000    -0.000000     0.000000    -0.000000     0.000000    -0.000000     0.000000     0.000000     0.000000     0.000000     0.000000
   -0.000000    -0.000000     0.000000    -0.000000    -0.070140    16.540000   -95.660000     9.810000    -0.000000     0.000000    -0.000000    -0.000000    -0.000000    -0.000000     0.002021    -0.000000
    0.002034    -0.012790    -0.266500    -0.000000    -0.262500   -10.720000     4.839000    -0.000000     0.000000    -0.000000     0.000000    -0.000000    -0.000012    -0.004827     0.252300    -0.011190
    0.000149    -0.000937    -0.019530    -0.000000     0.011510    -0.393100    -0.776700    -0.000000     0.000000    -0.000000     0.000000    -0.000000    -0.000001    -0.000354     0.004855    -0.000820
   -0.000000    -0.000000     0.000000     0.000000     0.000000     1.000000     0.000000     0.000000    -0.000000     0.000000    -0.000000     0.000000     0.000000     0.000000     0.000000     0.000000
    1.000000     0.000000    -0.000000    16.310000    -0.000000     0.000000     0.000000     0.000000     0.000000    -0.000000     0.000000     0.000000    -0.000000    -0.000000    -0.000000    -0.000000
    0.000000    -0.000000     0.000000    -0.000000     1.000000    -0.000000    -0.000000   -16.310000    -0.000000     0.000000    -0.000000   102.600000     0.000000     0.000000     0.000000     0.000000
   -0.000000     1.000000    -0.000000  -102.600000     0.000000     0.000000     0.000000     0.000000     0.000000    -0.000000     0.000000     0.000000    -0.000000    -0.000000    -0.000000    -0.000000
   -0.000000    -0.000000     0.000000     0.000000     0.000000    -0.000000     1.000000     0.000000    -0.000000     0.000000    -0.000000     0.000000     0.000000     0.000000     0.000000     0.000000

   -0.009060     0.275100   -22.040000    -9.810000    -0.000000     0.000000     0.000000     0.000000     0.000000    -0.000000     0.000000     0.000000    -0.000958     0.038720    -0.000000     0.018260
   -0.109500    -0.490200    56.430000    -0.000000     0.000000     0.000000    -0.000000    -0.000000     0.000000    -0.000000     0.000000     0.000000     0.003613    -0.150000     0.000000    -0.056090
    0.014550    -0.044080    -0.921000     0.000000    -0.003622    -0.119500     0.068900     0.000000    -0.000000     0.000000    -0.000000     0.000000    -0.000009    -0.009676     0.001709    -0.024320
   -0.000000    -0.000000     1.000000    -0.000000     0.000000    -0.000000    -0.000000    -0.000000    -0.000000     0.000000    -0.000000    -0.000000     0.000000     0.000000     0.000000     0.000000
   -0.000000     0.000000     0.000000    -0.000000    -0.053870    22.010000   -58.730000     9.810000    -0.000000     0.000000    -0.000000    -0.000000    -0.000000    -0.000000    -0.000768    -0.000000
    0.002745    -0.008319    -0.173800    -0.000000    -0.255400    -7.970000     5.188000    -0.000000     0.000000    -0.000000     0.000000    -0.000000    -0.000002    -0.001826     0.116700    -0.004590
    0.000183    -0.000555    -0.011590    -0.000000     0.003766    -0.501400    -0.522600    -0.000000     0.000000    -0.000000     0.000000    -0.000000    -0.000000    -0.000122     0.003448    -0.000306
   -0.000000    -0.000000     0.000000     0.000000     0.000000     1.000000     0.000000    -0.000000    -0.000000     0.000000    -0.000000    -0.000000     0.000000     0.000000     0.000000     0.000000
    1.000000     0.000000    -0.000000    21.330000    -0.000000     0.000000     0.000000     0.000000     0.000000    -0.000000     0.000000     0.000000    -0.000000    -0.000000    -0.000000    -0.000000
    0.000000    -0.000000     0.000000    -0.000000     1.000000    -0.000000    -0.000000   -21.330000    -0.000000     0.000000    -0.000000    64.630000     0.000000     0.000000     0.000000     0.000000
   -0.000000     1.000000    -0.000000   -64.630000     0.000000     0.000000     0.000000     0.000000     0.000000    -0.000000     0.000000     0.000000    -0.000000    -0.000000    -0.000000    -0.000000
   -0.000000    -0.000000     0.000000     0.000000     0.000000    -0.000000     1.000000    -0.000000    -0.000000     0.000000    -0.000000    -0.000000     0.000000     0.000000     0.000000     0.000000
