u  w  q  the  v  p  r  phi  x  y  z  psi  |  slat  flap  aileron  elevator
   -0.014180     0.281300   -30.070000    -9.810000    -0.000000     0.000000     0.000000     0.000000     0.000000    -0.000000     0.000000     0.000000    -0.000954     0.037760    -0.000000     0.017760
   -0.109200    -0.357700    55.470000    -0.000000     0.000000    -0.000000     0.000000    -0.000000     0.000000    -0.000000     0.000000     0.000000     0.002519    -0.102600     0.000000    -0.039810
    0.020980    -0.043910    -0.910800     0.000000    -0.001270    -0.031190     0.028390     0.000000    -0.000000     0.000000    -0.000000     0.000000    -0.000007    -0.008749     0.000443    -0.023020
   -0.000000    -0.000000     1.000000     0.000000     0.000000    -0.000000    -0.000000     0.000000    -0.000000     0.000000    -0.000000     0.000000     0.000000     0.000000     0.000000     0.000000
   -0.000000    -0.000000     0.000000    -0.000000    -0.036540    30.150000   -57.040000     9.810000    -0.000000     0.000000    -0.000000    -0.000000     0.000000    -0.000000    -0.001507    -0.000000
    0.001183    -0.002477    -0.051380    -0.000000    -0.920700   -23.910000    19.660000    -0.000000     0.000000    -0.000000     0.000000    -0.000000    -0.000000    -0.000494     0.329400    -0.001299
   -0.000040     0.000084     0.001751    -0.000000    -0.007255    -0.907300    -0.356000    -0.000000     0.000000    -0.000000     0.000000    -0.000000     0.000000     0.000017     0.007007     0.000044
   -0.000000    -0.000000     0.000000    -0.000000     0.000000     1.000000     0.000000     0.000000    -0.000000     0.000000    -0.000000     0.000000     0.000000     0.000000     0.000000     0.000000
    1.000000     0.000000    -0.000000    29.340000    -0.000000     0.000000     0.000000     0.000000     0.000000    -0.000000     0.000000     0.000000    -0.000000    -0.000000    -0.000000    -0.000000
    0.000000    -0.000000     0.000000    -0.000000     1.000000    -0.000000    -0.000000   -29.340000    -0.000000     0.000000    -0.000000    61.410000     0.000000     0.000000     0.000000     0.000000
   -0.000000     1.000000    -0.000000   -61.410000     0.000000     0.000000     0.000000     0.000000     0.000000    -0.000000     0.000000     0.000000    -0.000000    -0.000000    -0.000000    -0.000000
   -0.000000    -0.000000     0.000000     0.000000     0.000000    -0.000000     1.000000    -0.000000    -0.000000     0.000000    -0.000000     0.000000     0.000000     0.000000     0.000000     0.000000

   -0.003566     0.173700   -22.920000    -9.810000     0.000000    -0.000000     0.000000     0.000000     0.000000    -0.000000     0.000000     0.000000    -0.000886     0.037340     0.000000     0.018190
   -0.077410    -0.472800    93.820000    -0.000000     0.000000     0.000000    -0.000000    -0.000000     0.000000    -0.000000     0.000000     0.000000     0.005409    -0.232600    -0.000000    -0.082280
    0.014290    -0.064300    -1.337000     0.000000    -0.001804    -0.063290     0.036640     0.000000    -0.000000     0.000000    -0.000000     0.000000    -0.000061    -0.023470     0.001487    -0.055820
   -0.000000    -0.000000     1.000000     0.000000     0.000000    -0.000000    -0.000000     0.000000    -0.000000     0.000000    -0.000000     0.000000     0.000000     0.000000     0.000000     0.000000
    0.000000    -0.000000     0.000000    -0.000000    -0.051200    22.880000   -96.150000     9.810000    -0.000000     0.000000    -0.000000    -0.000000     0.000000    -0.000000     0.000595    -0.000000
    0.000995    -0.004476    -0.093100    -0.000000    -1.062000   -38.870000    20.450000    -0.000000     0.000000    -0.000000     0.000000    -0.000000    -0.000004    -0.001634     0.900700    -0.003886
   -0.000033     0.000148     0.003084    -0.000000     0.000497    -0.897400    -0.637400    -0.000000     0.000000    -0.000000     0.000000    -0.000000     0.000000     0.000054     0.014080     0.000129
   -0.000000    -0.000000     0.000000     0.000000     0.000000     1.000000     0.000000     0.000000    -0.000000     0.000000    -0.000000     0.000000     0.000000     0.000000     0.000000     0.000000
    1.000000     0.000000    -0.000000    22.540000    -0.000000     0.000000     0.000000     0.000000     0.000000    -0.000000     0.000000     0.000000    -0.000000    -0.000000    -0.000000    -0.000000
    0.000000    -0.000000     0.000000    -0.000000     1.000000    -0.000000    -0.000000   -22.540000    -0.000000     0.000000    -0.000000   101.400000     0.000000     0.000000     0.000000     0.000000
   -0.000000     1.000000    -0.000000  -101.400000     0.000000     0.000000     0.000000     0.000000     0.000000    -0.000000     0.000000     0.000000    -0.000000    -0.000000    -0.000000    -0.000000
   -0.000000    -0.000000     0.000000     0.000000     0.000000    -0.000000     1.000000    -0.000000    -0.000000     0.000000    -0.000000     0.000000     0.000000     0.000000     0.000000     0.000000

   -0.000631     0.080270   -21.910000    -9.810000     0.000000     0.000000    -0.000000     0.000000     0.000000    -0.000000     0.000000     0.000000    -0.000702     0.031790    -0.000000     0.017540
   -0.044340    -0.461600   199.600000    -0.000000    -0.000000     0.000000    -0.000000    -0.000000     0.000000    -0.000000     0.000000     0.000000     0.010550    -0.479000    -0.000000    -0.156900
    0.009542    -0.090490    -1.856000     0.000000    -0.003448    -0.151500     0.064150     0.000000    -0.000000     0.000000    -0.000000     0.000000    -0.000341    -0.073210     0.007278    -0.159200
   -0.000000    -0.000000     1.000000    -0.000000     0.000000    -0.000000    -0.000000    -0.000000    -0.000000     0.000000    -0.000000    -0.000000     0.000000     0.000000     0.000000     0.000000
    0.000000    -0.000000    -0.000000    -0.000000    -0.048050    21.800000  -201.900000     9.810000    -0.000000     0.000000    -0.000000    -0.000000     0.000000    -0.000000     0.004742    -0.000000
    0.001077    -0.010220    -0.209600    -0.000000    -1.309000   -59.790000    22.970000    -0.000000     0.000000    -0.000000     0.000000    -0.000000    -0.000039    -0.008267     2.855000    -0.017970
   -0.000033     0.000309     0.006341    -0.000000     0.007174    -0.979600    -0.908500    -0.000000     0.000000    -0.000000     0.000000    -0.000000     0.000001     0.000250     0.037250     0.000544
   -0.000000    -0.000000     0.000000     0.000000     0.000000     1.000000     0.000000    -0.000000    -0.000000     0.000000    -0.000000    -0.000000     0.000000     0.000000     0.000000     0.000000
    1.000000     0.000000    -0.000000    21.770000    -0.000000     0.000000     0.000000     0.000000     0.000000    -0.000000     0.000000     0.000000    -0.000000    -0.000000    -0.000000    -0.000000
    0.000000    -0.000000     0.000000    -0.000000     1.000000    -0.000000    -0.000000   -21.770000    -0.000000     0.000000    -0.000000   206.500000     0.000000     0.000000     0.000000     0.000000
   -0.000000     1.000000    -0.000000  -206.500000     0.000000     0.000000     0.000000     0.000000     0.000000    -0.000000     0.000000     0.000000    -0.000000    -0.000000    -0.000000    -0.000000
   -0.000000    -0.000000     0.000000     0.000000     0.000000    -0.000000     1.000000    -0.000000    -0.000000     0.000000    -0.000000    -0.000000     0.000000     0.000000     0.000000     0.000000

   -0.000338     0.077220   -15.380000    -9.810000     0.000000     0.000000     0.000000     0.000000     0.000000    -0.000000     0.000000     0.000000    -0.000627     0.028600    -0.000000     0.016840
   -0.047160    -0.613600   197.800000    -0.000000    -0.000000     0.000000    -0.000000    -0.000000     0.000000    -0.000000     0.000000     0.000000     0.014040    -0.640500    -0.000000    -0.207900
    0.006608    -0.089700    -1.844000     0.000000    -0.003240    -0.152500     0.058280     0.000000    -0.000000     0.000000    -0.000000     0.000000    -0.000344    -0.073540     0.007346    -0.158200
   -0.000000    -0.000000     1.000000     0.000000     0.000000    -0.000000    -0.000000     0.000000    -0.000000     0.000000    -0.000000     0.000000     0.000000     0.000000     0.000000     0.000000
    0.000000    -0.000000    -0.000000    -0.000000    -0.064850    15.180000  -201.100000     9.810000    -0.000000     0.000000    -0.000000    -0.000000     0.000000    -0.000000     0.007444    -0.000000
    0.000746    -0.010130    -0.208200    -0.000000    -1.224000   -60.000000    20.670000    -0.000000     0.000000    -0.000000     0.000000    -0.000000    -0.000039    -0.008303     2.879000    -0.017870
   -0.000023     0.000307     0.006300    -0.000000     0.009722    -0.881600    -0.937700    -0.000000     0.000000    -0.000000     0.000000    -0.000000     0.000001     0.000251     0.036040     0.000541
   -0.000000    -0.000000     0.000000     0.000000     0.000000     1.000000     0.000000     0.000000    -0.000000     0.000000    -0.000000     0.000000     0.000000     0.000000     0.000000     0.000000
    1.000000     0.000000    -0.000000    15.250000    -0.000000     0.000000     0.000000     0.000000     0.000000    -0.000000     0.000000     0.000000    -0.000000    -0.000000    -0.000000    -0.000000
    0.000000    -0.000000     0.000000    -0.000000     1.000000    -0.000000    -0.000000   -15.250000    -0.000000     0.000000    -0.000000   207.100000     0.000000     0.000000     0.000000     0.000000
   -0.000000     1.000000    -0.000000  -207.100000     0.000000     0.000000     0.000000     0.000000     0.000000    -0.000000     0.000000     0.000000    -0.000000    -0.000000    -0.000000    -0.000000
   -0.000000    -0.000000     0.000000     0.000000     0.000000    -0.000000     1.000000     0.000000    -0.000000     0.000000    -0.000000     0.000000     0.000000     0.000000     0.000000     0.000000

   -0.002210     0.169900   -16.660000    -9.810000    -0.000000    -0.000000     0.000000     0.000000     0.000000    -0.000000     0.000000     0.000000    -0.000849     0.036090    -0.000000     0.017910
   -0.079560    -0.628100    92.500000    -0.000000     0.000000     0.000000    -0.000000    -0.000000     0.000000    -0.000000     0.000000     0.000000     0.007251    -0.314600    -0.000000    -0.109400
    0.010100    -0.063600    -1.329000     0.000000    -0.001648    -0.064560     0.032150     0.000000    -0.000000     0.000000    -0.000000     0.000000    -0.000064    -0.023960     0.001534    -0.055930
   -0.000000    -0.000000     1.000000     0.000000     0.000000    -0.000000    -0.000000     0.000000    -0.000000     0.000000    -0.000000     0.000000     0.000000     0.000000     0.000000     0.000000
   -0.000000    -0.000000    -0.000000    -0.000000    -0.070160    16.520000   -95.670000     9.810000    -0.000000     0.000000    -0.000000    -0.000000    -0.000000     0.000000     0.002025    -0.000000
    0.000703    -0.004428    -0.092550    -0.000000    -0.964000   -39.390000    17.740000    -0.000000     0.000000    -0.000000     0.000000    -0.000000    -0.000004    -0.001668     0.927200    -0.003894
   -0.000023     0.000147     0.003065    -0.000000     0.003889    -0.767800    -0.678300    -0.000000     0.000000    -0.000000     0.000000    -0.000000     0.000000     0.000055     0.013350     0.000129
   -0.000000    -0.000000     0.000000     0.000000     0.000000     1.000000     0.000000     0.000000    -0.000000     0.000000    -0.000000     0.000000     0.000000     0.000000     0.000000     0.000000
    1.000000     0.000000    -0.000000    16.290000    -0.000000     0.000000     0.000000     0.000000     0.000000    -0.000000     0.000000     0.000000    -0.000000    -0.000000    -0.000000    -0.000000
    0.000000    -0.000000     0.000000    -0.000000     1.000000    -0.000000    -0.000000   -16.290000    -0.000000     0.000000    -0.000000   102.600000     0.000000     0.000000     0.000000     0.000000
   -0.000000     1.000000    -0.000000  -102.600000     0.000000     0.000000     0.000000     0.000000     0.000000    -0.000000     0.000000     0.000000    -0.000000    -0.000000    -0.000000    -0.000000
   -0.000000    -0.000000     0.000000     0.000000     0.000000    -0.000000     1.000000     0.000000    -0.000000     0.000000    -0.000000     0.000000     0.000000     0.000000     0.000000     0.000000

   -0.008938     0.274800   -22.010000    -9.810000    -0.000000     0.000000     0.000000     0.000000     0.000000    -0.000000     0.000000     0.000000    -0.000957     0.038670    -0.000000     0.018170
   -0.109700    -0.490200    56.450000    -0.000000     0.000000     0.000000    -0.000000    -0.000000     0.000000    -0.000000     0.000000     0.000000     0.003614    -0.150100     0.000000    -0.056100
    0.014500    -0.044000    -0.921500     0.000000    -0.001125    -0.033510     0.024000     0.000000    -0.000000     0.000000    -0.000000     0.000000    -0.000011    -0.009635     0.000501    -0.024380
   -0.000000    -0.000000     1.000000     0.000000     0.000000    -0.000000    -0.000000    -0.000000    -0.000000     0.000000    -0.000000     0.000000     0.000000     0.000000     0.000000     0.000000
    0.000000    -0.000000     0.000000    -0.000000    -0.053900    21.980000   -58.740000     9.810000    -0.000000     0.000000    -0.000000    -0.000000    -0.000000    -0.000000    -0.000764    -0.000000
    0.000818    -0.002482    -0.051980    -0.000000    -0.809100   -25.270000    16.410000    -0.000000     0.000000    -0.000000     0.000000    -0.000000    -0.000001    -0.000544     0.369900    -0.001375
   -0.000028     0.000085     0.001771    -0.000000    -0.002712    -0.740900    -0.418500    -0.000000     0.000000    -0.000000     0.000000    -0.000000     0.000000     0.000019     0.006722     0.000047
   -0.000000    -0.000000     0.000000     0.000000     0.000000     1.000000     0.000000     0.000000    -0.000000     0.000000    -0.000000     0.000000     0.000000     0.000000     0.000000     0.000000
    1.000000     0.000000    -0.000000    21.300000    -0.000000     0.000000     0.000000     0.000000     0.000000    -0.000000     0.000000     0.000000    -0.000000    -0.000000    -0.000000    -0.000000
    0.000000    -0.000000     0.000000    -0.000000     1.000000    -0.000000    -0.000000   -21.300000    -0.000000     0.000000    -0.000000    64.640000     0.000000     0.000000     0.000000     0.000000
   -0.000000     1.000000    -0.000000   -64.640000     0.000000     0.000000     0.000000     0.000000     0.000000    -0.000000     0.000000     0.000000    -0.000000    -0.000000    -0.000000    -0.000000
   -0.000000    -0.000000     0.000000     0.000000     0.000000    -0.000000     1.000000     0.000000    -0.000000     0.000000    -0.000000     0.000000     0.000000     0.000000     0.000000     0.000000
