u  w  q  the  v  p  r  phi  x  y  z  psi  |  slat  flap  aileron  elevator
   -0.010330     0.273700   -29.230000    -9.810000    -0.000000     0.000000     0.000000     0.000000     0.000000    -0.000000     0.000000     0.000000    -0.000926     0.036780    -0.000000     0.015960
   -0.114000    -0.360600    56.070000    -0.000000     0.000000    -0.000000    -0.000000    -0.000000     0.000000    -0.000000     0.000000     0.000000     0.002553    -0.104100     0.000000    -0.040170
    0.017670    -0.038490    -0.846800     0.000000    -0.001118    -0.027470     0.024540     0.000000    -0.000000     0.000000    -0.000000     0.000000    -0.000049    -0.007142     0.000395    -0.022470
   -0.000000    -0.000000     1.000000     0.000000     0.000000    -0.000000    -0.000000     0.000000    -0.000000     0.000000    -0.000000     0.000000     0.000000     0.000000     0.000000     0.000000
   -0.000000     0.000000     0.000000    -0.000000    -0.037320    29.180000   -57.480000     9.810000    -0.000000     0.000000    -0.000000    -0.000000     0.000000    -0.000000    -0.001417    -0.000000
    0.000876    -0.001907    -0.041960    -0.000000    -0.906500   -23.730000    18.840000    -0.000000     0.000000    -0.000000     0.000000    -0.000000    -0.000002    -0.000354     0.329500    -0.001113
   -0.000038     0.000083     0.001830    -0.000000    -0.007327    -0.875500    -0.344900    -0.000000     0.000000    -0.000000     0.000000    -0.000000     0.000000     0.000015     0.006918     0.000049
   -0.000000    -0.000000     0.000000     0.000000     0.000000     1.000000     0.000000     0.000000    -0.000000     0.000000    -0.000000     0.000000     0.000000     0.000000     0.000000     0.000000
    1.000000     0.000000    -0.000000    28.400000    -0.000000     0.000000     0.000000     0.000000     0.000000    -0.000000     0.000000     0.000000    -0.000000    -0.000000    -0.000000    -0.000000
    0.000000    -0.000000     0.000000    -0.000000     1.000000    -0.000000    -0.000000   -28.400000    -0.000000     0.000000    -0.000000    61.850000     0.000000     0.000000     0.000000     0.000000
   -0.000000     1.000000    -0.000000   -61.850000     0.000000     0.000000     0.000000     0.000000     0.000000    -0.000000     0.000000     0.000000    -0.000000    -0.000000    -0.000000    -0.000000
   -0.000000    -0.000000     0.000000     0.000000     0.000000    -0.000000     1.000000    -0.000000    -0.000000     0.000000    -0.000000     0.000000     0.000000     0.000000     0.000000     0.000000

   -0.002365     0.168900   -22.250000    -9.810000    -0.000000    -0.000000    -0.000000     0.000000     0.000000    -0.000000     0.000000     0.000000    -0.000855     0.036080     0.000000     0.015990
   -0.080660    -0.473800    94.230000    -0.000000     0.000000     0.000000     0.000000    -0.000000     0.000000    -0.000000     0.000000     0.000000     0.005424    -0.233400    -0.000000    -0.082310
    0.011870    -0.055300    -1.240000     0.000000    -0.001586    -0.055410     0.031630     0.000000    -0.000000     0.000000    -0.000000     0.000000    -0.000168    -0.018920     0.001307    -0.054120
   -0.000000    -0.000000     1.000000     0.000000     0.000000    -0.000000    -0.000000     0.000000    -0.000000     0.000000    -0.000000     0.000000     0.000000     0.000000     0.000000     0.000000
    0.000000    -0.000000     0.000000    -0.000000    -0.051660    22.130000   -96.330000     9.810000    -0.000000     0.000000    -0.000000    -0.000000    -0.000000    -0.000000     0.000690    -0.000000
    0.000724    -0.003370    -0.075540    -0.000000    -1.041000   -38.220000    19.480000    -0.000000     0.000000    -0.000000     0.000000    -0.000000    -0.000010    -0.001153     0.887200    -0.003298
   -0.000031     0.000144     0.003222    -0.000000     0.000060    -0.870800    -0.617500    -0.000000     0.000000    -0.000000     0.000000    -0.000000     0.000000     0.000049     0.013840     0.000141
   -0.000000    -0.000000     0.000000    -0.000000     0.000000     1.000000     0.000000     0.000000    -0.000000     0.000000    -0.000000     0.000000     0.000000     0.000000     0.000000     0.000000
    1.000000     0.000000    -0.000000    21.800000    -0.000000     0.000000     0.000000     0.000000     0.000000    -0.000000     0.000000     0.000000    -0.000000    -0.000000    -0.000000    -0.000000
    0.000000    -0.000000     0.000000    -0.000000     1.000000    -0.000000    -0.000000   -21.800000    -0.000000     0.000000    -0.000000   101.500000     0.000000     0.000000     0.000000     0.000000
   -0.000000     1.000000    -0.000000  -101.500000     0.000000     0.000000     0.000000     0.000000     0.000000    -0.000000     0.000000     0.000000    -0.000000    -0.000000    -0.000000    -0.000000
   -0.000000    -0.000000     0.000000     0.000000     0.000000    -0.000000     1.000000    -0.000000    -0.000000     0.000000    -0.000000     0.000000     0.000000     0.000000     0.000000     0.000000

   -0.000329     0.077930   -21.170000    -9.810000    -0.000000    -0.000000     0.000000     0.000000     0.000000    -0.000000     0.000000     0.000000    -0.000673     0.030500    -0.000000     0.015070
   -0.046010    -0.462000   199.900000    -0.000000     0.000000     0.000000    -0.000000    -0.000000     0.000000    -0.000000     0.000000     0.000000     0.010550    -0.479500    -0.000000    -0.156800
    0.007845    -0.077140    -1.719000     0.000000    -0.003004    -0.131300     0.054870     0.000000    -0.000000     0.000000    -0.000000     0.000000    -0.000654    -0.059110     0.006315    -0.154400
   -0.000000    -0.000000     1.000000     0.000000     0.000000    -0.000000    -0.000000     0.000000    -0.000000     0.000000    -0.000000     0.000000     0.000000     0.000000     0.000000     0.000000
    0.000000    -0.000000    -0.000000    -0.000000    -0.048280    21.020000  -202.100000     9.810000    -0.000000     0.000000    -0.000000    -0.000000     0.000000    -0.000000     0.004826    -0.000000
    0.000767    -0.007536    -0.168000    -0.000000    -1.269000   -58.030000    21.570000    -0.000000     0.000000    -0.000000     0.000000    -0.000000    -0.000064    -0.005775     2.772000    -0.015090
   -0.000030     0.000300     0.006684    -0.000000     0.006502    -0.949600    -0.882300    -0.000000     0.000000    -0.000000     0.000000    -0.000000     0.000003     0.000230     0.036300     0.000600
   -0.000000    -0.000000     0.000000    -0.000000     0.000000     1.000000     0.000000     0.000000    -0.000000     0.000000    -0.000000     0.000000     0.000000     0.000000     0.000000     0.000000
    1.000000     0.000000    -0.000000    21.010000    -0.000000     0.000000     0.000000     0.000000     0.000000    -0.000000     0.000000     0.000000    -0.000000    -0.000000    -0.000000    -0.000000
    0.000000    -0.000000     0.000000    -0.000000     1.000000    -0.000000    -0.000000   -21.010000    -0.000000     0.000000    -0.000000   206.600000     0.000000     0.000000     0.000000     0.000000
   -0.000000     1.000000    -0.000000  -206.600000     0.000000     0.000000     0.000000     0.000000     0.000000    -0.000000     0.000000     0.000000    -0.000000    -0.000000    -0.000000    -0.000000
   -0.000000    -0.000000     0.000000     0.000000     0.000000    -0.000000     1.000000    -0.000000    -0.000000     0.000000    -0.000000     0.000000     0.000000     0.000000     0.000000     0.000000

   -0.000126     0.074890   -14.840000    -9.810000    -0.000000     0.000000     0.000000     0.000000     0.000000    -0.000000     0.000000     0.000000    -0.000598     0.027290    -0.000000     0.014340
   -0.048830    -0.613900   198.200000    -0.000000    -0.000000    -0.000000     0.000000    -0.000000     0.000000    -0.000000     0.000000     0.000000     0.014040    -0.640800    -0.000000    -0.207700
    0.005407    -0.076270    -1.708000     0.000000    -0.002825    -0.132200     0.049900     0.000000    -0.000000     0.000000    -0.000000     0.000000    -0.000658    -0.059320     0.006373    -0.153600
   -0.000000    -0.000000     1.000000     0.000000     0.000000    -0.000000    -0.000000     0.000000    -0.000000     0.000000    -0.000000     0.000000     0.000000     0.000000     0.000000     0.000000
    0.000000    -0.000000    -0.000000    -0.000000    -0.065070    14.590000  -201.100000     9.810000    -0.000000     0.000000    -0.000000    -0.000000     0.000000    -0.000000     0.007526    -0.000000
    0.000528    -0.007452    -0.166900    -0.000000    -1.187000   -58.220000    19.390000    -0.000000     0.000000    -0.000000     0.000000    -0.000000    -0.000064    -0.005796     2.794000    -0.015000
   -0.000021     0.000296     0.006642    -0.000000     0.008923    -0.856200    -0.909500    -0.000000     0.000000    -0.000000     0.000000    -0.000000     0.000003     0.000231     0.035130     0.000597
   -0.000000    -0.000000     0.000000     0.000000     0.000000     1.000000     0.000000     0.000000    -0.000000     0.000000    -0.000000     0.000000     0.000000     0.000000     0.000000     0.000000
    1.000000     0.000000    -0.000000    14.680000    -0.000000     0.000000     0.000000     0.000000     0.000000    -0.000000     0.000000     0.000000    -0.000000    -0.000000    -0.000000    -0.000000
    0.000000    -0.000000     0.000000    -0.000000     1.000000    -0.000000    -0.000000   -14.680000    -0.000000     0.000000    -0.000000   207.100000     0.000000     0.000000     0.000000     0.000000
   -0.000000     1.000000    -0.000000  -207.100000     0.000000     0.000000     0.000000     0.000000     0.000000    -0.000000     0.000000     0.000000    -0.000000    -0.000000    -0.000000    -0.000000
   -0.000000    -0.000000     0.000000     0.000000     0.000000    -0.000000     1.000000     0.000000    -0.000000     0.000000    -0.000000     0.000000     0.000000     0.000000     0.000000     0.000000

   -0.001349     0.165200   -16.180000    -9.810000    -0.000000    -0.000000     0.000000     0.000000     0.000000    -0.000000     0.000000     0.000000    -0.000817     0.034780    -0.000000     0.015650
   -0.082790    -0.628900    92.920000    -0.000000     0.000000     0.000000    -0.000000    -0.000000     0.000000    -0.000000     0.000000     0.000000     0.007262    -0.315200    -0.000000    -0.109300
    0.008348    -0.054430    -1.232000     0.000000    -0.001450    -0.056530     0.027800     0.000000    -0.000000     0.000000    -0.000000     0.000000    -0.000173    -0.019270     0.001346    -0.054210
   -0.000000    -0.000000     1.000000     0.000000     0.000000    -0.000000    -0.000000     0.000000    -0.000000     0.000000    -0.000000     0.000000     0.000000     0.000000     0.000000     0.000000
   -0.000000    -0.000000    -0.000000    -0.000000    -0.070590    15.950000   -95.790000     9.810000    -0.000000     0.000000    -0.000000    -0.000000    -0.000000    -0.000000     0.002118    -0.000000
    0.000509    -0.003317    -0.075080    -0.000000    -0.945400   -38.690000    16.880000    -0.000000     0.000000    -0.000000     0.000000    -0.000000    -0.000011    -0.001174     0.911700    -0.003304
   -0.000022     0.000141     0.003203    -0.000000     0.003308    -0.747300    -0.656300    -0.000000     0.000000    -0.000000     0.000000    -0.000000     0.000000     0.000050     0.013130     0.000141
   -0.000000    -0.000000     0.000000     0.000000     0.000000     1.000000     0.000000     0.000000    -0.000000     0.000000    -0.000000     0.000000     0.000000     0.000000     0.000000     0.000000
    1.000000     0.000000    -0.000000    15.740000    -0.000000     0.000000     0.000000     0.000000     0.000000    -0.000000     0.000000     0.000000    -0.000000    -0.000000    -0.000000    -0.000000
    0.000000    -0.000000     0.000000    -0.000000     1.000000    -0.000000    -0.000000   -15.740000    -0.000000     0.000000    -0.000000   102.600000     0.000000     0.000000     0.000000     0.000000
   -0.000000     1.000000    -0.000000  -102.600000     0.000000     0.000000     0.000000     0.000000     0.000000    -0.000000     0.000000     0.000000    -0.000000    -0.000000    -0.000000    -0.000000
   -0.000000    -0.000000     0.000000     0.000000     0.000000    -0.000000     1.000000    -0.000000    -0.000000     0.000000    -0.000000     0.000000     0.000000     0.000000     0.000000     0.000000

   -0.006297     0.267400   -21.420000    -9.810000    -0.000000     0.000000     0.000000     0.000000     0.000000    -0.000000     0.000000     0.000000    -0.000926     0.037490    -0.000000     0.016190
   -0.114500    -0.492400    56.920000    -0.000000     0.000000    -0.000000    -0.000000    -0.000000     0.000000    -0.000000     0.000000     0.000000     0.003637    -0.151200     0.000000    -0.056270
    0.012120    -0.038150    -0.855300     0.000000    -0.000992    -0.029450     0.020770     0.000000    -0.000000     0.000000    -0.000000     0.000000    -0.000057    -0.007786     0.000443    -0.023680
   -0.000000    -0.000000     1.000000     0.000000     0.000000    -0.000000    -0.000000     0.000000    -0.000000     0.000000    -0.000000     0.000000     0.000000     0.000000     0.000000     0.000000
   -0.000000    -0.000000     0.000000    -0.000000    -0.054610    21.270000   -58.980000     9.810000    -0.000000     0.000000    -0.000000    -0.000000     0.000000    -0.000000    -0.000668    -0.000000
    0.000601    -0.001890    -0.042380    -0.000000    -0.796500   -24.980000    15.700000    -0.000000     0.000000    -0.000000     0.000000    -0.000000    -0.000003    -0.000386     0.367100    -0.001173
   -0.000026     0.000082     0.001848    -0.000000    -0.002948    -0.717300    -0.405100    -0.000000     0.000000    -0.000000     0.000000    -0.000000     0.000000     0.000017     0.006620     0.000051
   -0.000000    -0.000000     0.000000     0.000000     0.000000     1.000000     0.000000     0.000000    -0.000000     0.000000    -0.000000     0.000000     0.000000     0.000000     0.000000     0.000000
    1.000000     0.000000    -0.000000    20.610000    -0.000000     0.000000     0.000000     0.000000     0.000000    -0.000000     0.000000     0.000000    -0.000000    -0.000000    -0.000000    -0.000000
    0.000000    -0.000000     0.000000    -0.000000     1.000000    -0.000000    -0.000000   -20.610000    -0.000000     0.000000    -0.000000    64.860000     0.000000     0.000000     0.000000     0.000000
   -0.000000     1.000000    -0.000000   -64.860000     0.000000     0.000000     0.000000     0.000000     0.000000    -0.000000     0.000000     0.000000    -0.000000    -0.000000    -0.000000    -0.000000
   -0.000000    -0.000000     0.000000     0.000000     0.000000    -0.000000     1.000000     0.000000    -0.000000     0.000000    -0.000000     0.000000     0.000000     0.000000     0.000000     0.000000
