u  w  q  the  v  p  r  phi  x  y  z  psi  |  slat  flap  aileron  elevator
   -0.010270     0.273500   -29.210000    -9.810000     0.000000    -0.000000     0.000000     0.000000     0.000000    -0.000000     0.000000     0.000000    -0.000926     0.036760    -0.000000     0.015920
   -0.114100    -0.360700    56.080000    -0.000000     0.000000    -0.000000    -0.000000    -0.000000     0.000000    -0.000000     0.000000     0.000000     0.002553    -0.104200     0.000000    -0.040170
    0.017070    -0.037210    -0.819900     0.000000    -0.001765    -0.054260     0.030800     0.000000    -0.000000     0.000000    -0.000000     0.000000    -0.000049    -0.006895     0.000692    -0.021770
   -0.000000    -0.000000     1.000000    -0.000000     0.000000    -0.000000    -0.000000    -0.000000    -0.000000     0.000000    -0.000000    -0.000000     0.000000     0.000000     0.000000     0.000000
   -0.000000     0.000000    -0.000000    -0.000000    -0.037340    29.160000   -57.490000     9.810000    -0.000000     0.000000    -0.000000    -0.000000     0.000000    -0.000000    -0.001416    -0.000000
    0.001424    -0.003104    -0.068390    -0.000000    -0.095700    -2.499000     1.992000    -0.000000     0.000000    -0.000000     0.000000    -0.000000    -0.000004    -0.000575     0.034760    -0.001816
    0.000235    -0.000513    -0.011290    -0.000000     0.002004    -0.492000    -0.437700    -0.000000     0.000000    -0.000000     0.000000    -0.000000    -0.000001    -0.000095     0.002660    -0.000300
   -0.000000    -0.000000     0.000000     0.000000     0.000000     1.000000     0.000000    -0.000000    -0.000000     0.000000    -0.000000    -0.000000     0.000000     0.000000     0.000000     0.000000
    1.000000     0.000000    -0.000000    28.380000    -0.000000     0.000000     0.000000     0.000000     0.000000    -0.000000     0.000000     0.000000    -0.000000    -0.000000    -0.000000    -0.000000
    0.000000    -0.000000     0.000000    -0.000000     1.000000    -0.000000    -0.000000   -28.380000    -0.000000     0.000000    -0.000000    61.860000     0.000000     0.000000     0.000000     0.000000
   -0.000000     1.000000    -0.000000   -61.860000     0.000000     0.000000     0.000000     0.000000     0.000000    -0.000000     0.000000     0.000000    -0.000000    -0.000000    -0.000000    -0.000000
   -0.000000    -0.000000     0.000000     0.000000     0.000000    -0.000000     1.000000    -0.000000    -0.000000     0.000000    -0.000000    -0.000000     0.000000     0.000000     0.000000     0.000000

   -0.002343     0.168800   -22.240000    -9.810000    -0.000000    -0.000000     0.000000     0.000000     0.000000    -0.000000     0.000000     0.000000    -0.000855     0.036060     0.000000     0.015950
   -0.080720    -0.473900    94.240000    -0.000000     0.000000     0.000000     0.000000    -0.000000     0.000000    -0.000000     0.000000     0.000000     0.005425    -0.233500    -0.000000    -0.082310
    0.011390    -0.053110    -1.192000     0.000000    -0.001904    -0.081790     0.027210     0.000000    -0.000000     0.000000    -0.000000     0.000000    -0.000164    -0.018150     0.001812    -0.052100
   -0.000000    -0.000000     1.000000     0.000000     0.000000    -0.000000    -0.000000     0.000000    -0.000000     0.000000    -0.000000     0.000000     0.000000     0.000000     0.000000     0.000000
   -0.000000    -0.000000    -0.000000    -0.000000    -0.051670    22.110000   -96.330000     9.810000    -0.000000     0.000000    -0.000000    -0.000000     0.000000    -0.000000     0.000691    -0.000000
    0.000969    -0.004517    -0.101400    -0.000000    -0.091290    -3.344000     1.712000    -0.000000     0.000000    -0.000000     0.000000    -0.000000    -0.000014    -0.001544     0.077670    -0.004432
    0.000180    -0.000840    -0.018860    -0.000000     0.008836    -0.342600    -0.636500    -0.000000     0.000000    -0.000000     0.000000    -0.000000    -0.000003    -0.000287     0.003083    -0.000824
   -0.000000    -0.000000     0.000000     0.000000     0.000000     1.000000     0.000000     0.000000    -0.000000     0.000000    -0.000000     0.000000     0.000000     0.000000     0.000000     0.000000
    1.000000     0.000000    -0.000000    21.790000    -0.000000     0.000000     0.000000     0.000000     0.000000    -0.000000     0.000000     0.000000    -0.000000    -0.000000    -0.000000    -0.000000
    0.000000    -0.000000     0.000000    -0.000000     1.000000    -0.000000    -0.000000   -21.790000    -0.000000     0.000000    -0.000000   101.500000     0.000000     0.000000     0.000000     0.000000
   -0.000000     1.000000    -0.000000  -101.500000     0.000000     0.000000     0.000000     0.000000     0.000000    -0.000000     0.000000     0.000000    -0.000000    -0.000000    -0.000000    -0.000000
   -0.000000    -0.000000     0.000000     0.000000     0.000000    -0.000000     1.000000     0.000000    -0.000000     0.000000    -0.000000     0.000000     0.000000     0.000000     0.000000     0.000000

   -0.000324     0.077890   -21.160000    -9.810000    -0.000000     0.000000     0.000000     0.000000     0.000000    -0.000000     0.000000     0.000000    -0.000672     0.030470    -0.000000     0.015030
   -0.046040    -0.462000   199.900000    -0.000000    -0.000000     0.000000     0.000000    -0.000000     0.000000    -0.000000     0.000000     0.000000     0.010550    -0.479500    -0.000000    -0.156800
    0.007382    -0.072640    -1.622000     0.000000    -0.002062    -0.117100     0.020900     0.000000    -0.000000     0.000000    -0.000000     0.000000    -0.000624    -0.055600     0.005430    -0.145800
   -0.000000    -0.000000     1.000000     0.000000     0.000000    -0.000000    -0.000000     0.000000    -0.000000     0.000000    -0.000000     0.000000     0.000000     0.000000     0.000000     0.000000
   -0.000000    -0.000000    -0.000000    -0.000000    -0.048280    21.010000  -202.100000     9.810000    -0.000000     0.000000    -0.000000    -0.000000     0.000000    -0.000000     0.004827    -0.000000
    0.000649    -0.006384    -0.142600    -0.000000    -0.071890    -3.279000     1.227000    -0.000000     0.000000    -0.000000     0.000000    -0.000000    -0.000055    -0.004886     0.156700    -0.012820
    0.000155    -0.001529    -0.034150    -0.000000     0.014230    -0.198400    -0.768000    -0.000000     0.000000    -0.000000     0.000000    -0.000000    -0.000013    -0.001171     0.003308    -0.003070
   -0.000000    -0.000000     0.000000     0.000000     0.000000     1.000000     0.000000     0.000000    -0.000000     0.000000    -0.000000     0.000000     0.000000     0.000000     0.000000     0.000000
    1.000000     0.000000    -0.000000    20.990000    -0.000000     0.000000     0.000000     0.000000     0.000000    -0.000000     0.000000     0.000000    -0.000000    -0.000000    -0.000000    -0.000000
    0.000000    -0.000000     0.000000    -0.000000     1.000000    -0.000000    -0.000000   -20.990000    -0.000000     0.000000    -0.000000   206.600000     0.000000     0.000000     0.000000     0.000000
   -0.000000     1.000000    -0.000000  -206.600000     0.000000     0.000000     0.000000     0.000000     0.000000    -0.000000     0.000000     0.000000    -0.000000    -0.000000    -0.000000    -0.000000
   -0.000000    -0.000000     0.000000     0.000000     0.000000    -0.000000     1.000000     0.000000    -0.000000     0.000000    -0.000000     0.000000     0.000000     0.000000     0.000000     0.000000

   -0.000122     0.074840   -14.830000    -9.810000     0.000000    -0.000000     0.000000     0.000000     0.000000    -0.000000     0.000000     0.000000    -0.000597     0.027270    -0.000000     0.014300
   -0.048860    -0.613900   198.200000    -0.000000    -0.000000     0.000000     0.000000    -0.000000     0.000000    -0.000000     0.000000     0.000000     0.014040    -0.640800    -0.000000    -0.207700
    0.005087    -0.071820    -1.612000     0.000000    -0.001877    -0.115800     0.016660     0.000000    -0.000000     0.000000    -0.000000     0.000000    -0.000627    -0.055790     0.005447    -0.145000
   -0.000000    -0.000000     1.000000     0.000000     0.000000    -0.000000    -0.000000     0.000000    -0.000000     0.000000    -0.000000     0.000000     0.000000     0.000000     0.000000     0.000000
    0.000000    -0.000000    -0.000000    -0.000000    -0.065080    14.580000  -201.100000     9.810000    -0.000000     0.000000    -0.000000    -0.000000     0.000000    -0.000000     0.007527    -0.000000
    0.000447    -0.006312    -0.141700    -0.000000    -0.067290    -3.291000     1.104000    -0.000000     0.000000    -0.000000     0.000000    -0.000000    -0.000055    -0.004903     0.158000    -0.012740
    0.000107    -0.001512    -0.033940    -0.000000     0.015250    -0.133300    -0.769700    -0.000000     0.000000    -0.000000     0.000000    -0.000000    -0.000013    -0.001175     0.002338    -0.003053
   -0.000000    -0.000000     0.000000    -0.000000     0.000000     1.000000     0.000000     0.000000    -0.000000     0.000000    -0.000000     0.000000     0.000000     0.000000     0.000000     0.000000
    1.000000     0.000000    -0.000000    14.670000    -0.000000     0.000000     0.000000     0.000000     0.000000    -0.000000     0.000000     0.000000    -0.000000    -0.000000    -0.000000    -0.000000
    0.000000    -0.000000     0.000000    -0.000000     1.000000    -0.000000    -0.000000   -14.670000    -0.000000     0.000000    -0.000000   207.100000     0.000000     0.000000     0.000000     0.000000
   -0.000000     1.000000    -0.000000  -207.100000     0.000000     0.000000     0.000000     0.000000     0.000000    -0.000000     0.000000     0.000000    -0.000000    -0.000000    -0.000000    -0.000000
   -0.000000    -0.000000     0.000000     0.000000     0.000000    -0.000000     1.000000     0.000000    -0.000000     0.000000    -0.000000     0.000000     0.000000     0.000000     0.000000     0.000000

   -0.001334     0.165100   -16.170000    -9.810000     0.000000    -0.000000    -0.000000     0.000000     0.000000    -0.000000     0.000000     0.000000    -0.000817     0.034760     0.000000     0.015610
   -0.082860    -0.628900    92.930000    -0.000000     0.000000     0.000000     0.000000    -0.000000     0.000000    -0.000000     0.000000     0.000000     0.007262    -0.315200    -0.000000    -0.109300
    0.008010    -0.052270    -1.185000     0.000000    -0.001685    -0.080980     0.021920     0.000000    -0.000000     0.000000    -0.000000     0.000000    -0.000169    -0.018470     0.001847    -0.052190
   -0.000000    -0.000000     1.000000    -0.000000     0.000000    -0.000000    -0.000000    -0.000000    -0.000000     0.000000    -0.000000    -0.000000     0.000000     0.000000     0.000000     0.000000
   -0.000000    -0.000000     0.000000    -0.000000    -0.070600    15.940000   -95.790000     9.810000    -0.000000     0.000000    -0.000000    -0.000000    -0.000000     0.000000     0.002120    -0.000000
    0.000681    -0.004446    -0.100800    -0.000000    -0.082920    -3.386000     1.485000    -0.000000     0.000000    -0.000000     0.000000    -0.000000    -0.000014    -0.001571     0.079830    -0.004440
    0.000127    -0.000827    -0.018750    -0.000000     0.010510    -0.244300    -0.644100    -0.000000     0.000000    -0.000000     0.000000    -0.000000    -0.000003    -0.000292     0.002335    -0.000826
   -0.000000    -0.000000     0.000000     0.000000     0.000000     1.000000     0.000000    -0.000000    -0.000000     0.000000    -0.000000    -0.000000     0.000000     0.000000     0.000000     0.000000
    1.000000     0.000000    -0.000000    15.730000    -0.000000     0.000000     0.000000     0.000000     0.000000    -0.000000     0.000000     0.000000    -0.000000    -0.000000    -0.000000    -0.000000
    0.000000    -0.000000     0.000000    -0.000000     1.000000    -0.000000    -0.000000   -15.730000    -0.000000     0.000000    -0.000000   102.600000     0.000000     0.000000     0.000000     0.000000
   -0.000000     1.000000    -0.000000  -102.600000     0.000000     0.000000     0.000000     0.000000     0.000000    -0.000000     0.000000     0.000000    -0.000000    -0.000000    -0.000000    -0.000000
   -0.000000    -0.000000     0.000000     0.000000     0.000000    -0.000000     1.000000    -0.000000    -0.000000     0.000000    -0.000000    -0.000000     0.000000     0.000000     0.000000     0.000000

   -0.006250     0.267200   -21.410000    -9.810000    -0.000000     0.000000     0.000000     0.000000     0.000000    -0.000000     0.000000     0.000000    -0.000925     0.037470    -0.000000     0.016150
   -0.114600    -0.492400    56.930000    -0.000000     0.000000    -0.000000    -0.000000    -0.000000     0.000000    -0.000000     0.000000     0.000000     0.003637    -0.151200     0.000000    -0.056280
    0.011710    -0.036880    -0.828100     0.000000    -0.001510    -0.054710     0.024300     0.000000    -0.000000     0.000000    -0.000000     0.000000    -0.000056    -0.007515     0.000758    -0.022950
   -0.000000    -0.000000     1.000000     0.000000     0.000000    -0.000000    -0.000000    -0.000000    -0.000000     0.000000    -0.000000     0.000000     0.000000     0.000000     0.000000     0.000000
   -0.000000    -0.000000     0.000000    -0.000000    -0.054620    21.250000   -58.980000     9.810000    -0.000000     0.000000    -0.000000    -0.000000     0.000000    -0.000000    -0.000666    -0.000000
    0.000977    -0.003076    -0.069070    -0.000000    -0.084120    -2.633000     1.662000    -0.000000     0.000000    -0.000000     0.000000    -0.000000    -0.000005    -0.000627     0.038730    -0.001914
    0.000161    -0.000508    -0.011400    -0.000000     0.004539    -0.355100    -0.458500    -0.000000     0.000000    -0.000000     0.000000    -0.000000    -0.000001    -0.000103     0.002098    -0.000316
   -0.000000    -0.000000     0.000000     0.000000     0.000000     1.000000     0.000000     0.000000    -0.000000     0.000000    -0.000000     0.000000     0.000000     0.000000     0.000000     0.000000
    1.000000     0.000000    -0.000000    20.600000    -0.000000     0.000000     0.000000     0.000000     0.000000    -0.000000     0.000000     0.000000    -0.000000    -0.000000    -0.000000    -0.000000
    0.000000    -0.000000     0.000000    -0.000000     1.000000    -0.000000    -0.000000   -20.600000    -0.000000     0.000000    -0.000000    64.870000     0.000000     0.000000     0.000000     0.000000
   -0.000000     1.000000    -0.000000   -64.870000     0.000000     0.000000     0.000000     0.000000     0.000000    -0.000000     0.000000     0.000000    -0.000000    -0.000000    -0.000000    -0.000000
   -0.000000    -0.000000     0.000000     0.000000     0.000000    -0.000000     1.000000     0.000000    -0.000000     0.000000    -0.000000     0.000000     0.000000     0.000000     0.000000     0.000000
