u  w  q  the  v  p  r  phi  x  y  z  psi  |  slat  flap  aileron  elevator
   -0.014390     0.281700   -30.110000    -9.810000    -0.000000     0.000000     0.000000     0.000000     0.000000    -0.000000     0.000000     0.000000    -0.000955     0.037810    -0.000000     0.017850
   -0.109000    -0.357500    55.440000    -0.000000     0.000000    -0.000000    -0.000000    -0.000000     0.000000    -0.000000     0.000000     0.000000     0.002517    -0.102500     0.000000    -0.039790
    0.021100    -0.044070    -0.911900     0.000000    -0.001380    -0.034130     0.030700     0.000000    -0.000000     0.000000    -0.000000     0.000000    -0.000005    -0.008807     0.000483    -0.022990
   -0.000000    -0.000000     1.000000     0.000000     0.000000    -0.000000    -0.000000     0.000000    -0.000000     0.000000    -0.000000     0.000000     0.000000     0.000000     0.000000     0.000000
   -0.000000    -0.000000     0.000000    -0.000000    -0.036500    30.200000   -57.020000     9.810000    -0.000000     0.000000    -0.000000    -0.000000     0.000000    -0.000000    -0.001511    -0.000000
    0.001297    -0.002710    -0.056080    -0.000000    -0.913000   -23.690000    19.520000    -0.000000     0.000000    -0.000000     0.000000    -0.000000    -0.000000    -0.000542     0.326400    -0.001414
   -0.000036     0.000076     0.001563    -0.000000    -0.007128    -0.903600    -0.357700    -0.000000     0.000000    -0.000000     0.000000    -0.000000     0.000000     0.000015     0.006954     0.000039
   -0.000000    -0.000000     0.000000     0.000000     0.000000     1.000000     0.000000     0.000000    -0.000000     0.000000    -0.000000     0.000000     0.000000     0.000000     0.000000     0.000000
    1.000000     0.000000    -0.000000    29.390000    -0.000000     0.000000     0.000000     0.000000     0.000000    -0.000000     0.000000     0.000000    -0.000000    -0.000000    -0.000000    -0.000000
    0.000000    -0.000000     0.000000    -0.000000     1.000000    -0.000000    -0.000000   -29.390000    -0.000000     0.000000    -0.000000    61.390000     0.000000     0.000000     0.000000     0.000000
   -0.000000     1.000000    -0.000000   -61.390000     0.000000     0.000000     0.000000     0.000000     0.000000    -0.000000     0.000000     0.000000    -0.000000    -0.000000    -0.000000    -0.000000
   -0.000000    -0.000000     0.000000     0.000000     0.000000    -0.000000     1.000000     0.000000    -0.000000     0.000000    -0.000000     0.000000     0.000000     0.000000     0.000000     0.000000

   -0.003632     0.173900   -22.950000    -9.810000    -0.000000    -0.000000     0.000000     0.000000     0.000000    -0.000000     0.000000     0.000000    -0.000888     0.037410     0.000000     0.018300
   -0.077240    -0.472700    93.800000    -0.000000     0.000000     0.000000     0.000000    -0.000000     0.000000    -0.000000     0.000000     0.000000     0.005408    -0.232600    -0.000000    -0.082280
    0.014380    -0.064550    -1.338000     0.000000    -0.001951    -0.068830     0.039420     0.000000    -0.000000     0.000000    -0.000000     0.000000    -0.000055    -0.023630     0.001614    -0.055730
   -0.000000    -0.000000     1.000000     0.000000     0.000000    -0.000000    -0.000000     0.000000    -0.000000     0.000000    -0.000000     0.000000     0.000000     0.000000     0.000000     0.000000
   -0.000000    -0.000000    -0.000000    -0.000000    -0.051180    22.920000   -96.140000     9.810000    -0.000000     0.000000    -0.000000    -0.000000    -0.000000    -0.000000     0.000590    -0.000000
    0.001089    -0.004890    -0.101400    -0.000000    -1.051000   -38.470000    20.270000    -0.000000     0.000000    -0.000000     0.000000    -0.000000    -0.000004    -0.001790     0.891300    -0.004222
   -0.000030     0.000132     0.002748    -0.000000     0.000662    -0.890300    -0.639000    -0.000000     0.000000    -0.000000     0.000000    -0.000000     0.000000     0.000049     0.013920     0.000114
   -0.000000    -0.000000     0.000000    -0.000000     0.000000     1.000000     0.000000     0.000000    -0.000000     0.000000    -0.000000     0.000000     0.000000     0.000000     0.000000     0.000000
    1.000000     0.000000    -0.000000    22.570000    -0.000000     0.000000     0.000000     0.000000     0.000000    -0.000000     0.000000     0.000000    -0.000000    -0.000000    -0.000000    -0.000000
    0.000000    -0.000000     0.000000    -0.000000     1.000000    -0.000000    -0.000000   -22.570000    -0.000000     0.000000    -0.000000   101.400000     0.000000     0.000000     0.000000     0.000000
   -0.000000     1.000000    -0.000000  -101.400000     0.000000     0.000000     0.000000     0.000000     0.000000    -0.000000     0.000000     0.000000    -0.000000    -0.000000    -0.000000    -0.000000
   -0.000000    -0.000000     0.000000     0.000000     0.000000    -0.000000     1.000000    -0.000000    -0.000000     0.000000    -0.000000     0.000000     0.000000     0.000000     0.000000     0.000000

   -0.000648     0.080390   -21.950000    -9.810000     0.000000    -0.000000     0.000000     0.000000     0.000000    -0.000000     0.000000     0.000000    -0.000704     0.031860    -0.000000     0.017660
   -0.044250    -0.461600   199.500000    -0.000000    -0.000000    -0.000000     0.000000    -0.000000     0.000000    -0.000000     0.000000     0.000000     0.010550    -0.479000    -0.000000    -0.156900
    0.009586    -0.090740    -1.854000     0.000000    -0.003696    -0.163200     0.068380     0.000000    -0.000000     0.000000    -0.000000     0.000000    -0.000324    -0.073580     0.007832    -0.158700
   -0.000000    -0.000000     1.000000     0.000000     0.000000    -0.000000    -0.000000     0.000000    -0.000000     0.000000    -0.000000     0.000000     0.000000     0.000000     0.000000     0.000000
    0.000000    -0.000000    -0.000000    -0.000000    -0.048040    21.840000  -201.900000     9.810000    -0.000000     0.000000    -0.000000    -0.000000     0.000000    -0.000000     0.004738    -0.000000
    0.001170    -0.011080    -0.226400    -0.000000    -1.287000   -58.800000    22.630000    -0.000000     0.000000    -0.000000     0.000000    -0.000000    -0.000040    -0.008983     2.807000    -0.019370
   -0.000029     0.000275     0.005619    -0.000000     0.007454    -0.962800    -0.910000    -0.000000     0.000000    -0.000000     0.000000    -0.000000     0.000001     0.000223     0.036470     0.000481
   -0.000000    -0.000000     0.000000     0.000000     0.000000     1.000000     0.000000     0.000000    -0.000000     0.000000    -0.000000     0.000000     0.000000     0.000000     0.000000     0.000000
    1.000000     0.000000    -0.000000    21.810000    -0.000000     0.000000     0.000000     0.000000     0.000000    -0.000000     0.000000     0.000000    -0.000000    -0.000000    -0.000000    -0.000000
    0.000000    -0.000000     0.000000    -0.000000     1.000000    -0.000000    -0.000000   -21.810000    -0.000000     0.000000    -0.000000   206.500000     0.000000     0.000000     0.000000     0.000000
   -0.000000     1.000000    -0.000000  -206.500000     0.000000     0.000000     0.000000     0.000000     0.000000    -0.000000     0.000000     0.000000    -0.000000    -0.000000    -0.000000    -0.000000
   -0.000000    -0.000000     0.000000     0.000000     0.000000    -0.000000     1.000000    -0.000000    -0.000000     0.000000    -0.000000     0.000000     0.000000     0.000000     0.000000     0.000000

   -0.000350     0.077340   -15.410000    -9.810000     0.000000     0.000000     0.000000     0.000000     0.000000    -0.000000     0.000000     0.000000    -0.000629     0.028660    -0.000000     0.016960
   -0.047070    -0.613500   197.800000    -0.000000     0.000000     0.000000    -0.000000    -0.000000     0.000000    -0.000000     0.000000     0.000000     0.014040    -0.640500    -0.000000    -0.207900
    0.006639    -0.089960    -1.842000     0.000000    -0.003471    -0.164200     0.062050     0.000000    -0.000000     0.000000    -0.000000     0.000000    -0.000326    -0.073910     0.007905    -0.157700
   -0.000000    -0.000000     1.000000     0.000000     0.000000    -0.000000    -0.000000     0.000000    -0.000000     0.000000    -0.000000     0.000000     0.000000     0.000000     0.000000     0.000000
    0.000000    -0.000000    -0.000000    -0.000000    -0.064840    15.210000  -201.100000     9.810000    -0.000000     0.000000    -0.000000    -0.000000     0.000000    -0.000000     0.007440    -0.000000
    0.000811    -0.010980    -0.224900    -0.000000    -1.204000   -59.000000    20.360000    -0.000000     0.000000    -0.000000     0.000000    -0.000000    -0.000040    -0.009023     2.831000    -0.019260
   -0.000020     0.000273     0.005583    -0.000000     0.009976    -0.865100    -0.938600    -0.000000     0.000000    -0.000000     0.000000    -0.000000     0.000001     0.000224     0.035260     0.000478
   -0.000000    -0.000000     0.000000     0.000000     0.000000     1.000000     0.000000     0.000000    -0.000000     0.000000    -0.000000     0.000000     0.000000     0.000000     0.000000     0.000000
    1.000000     0.000000    -0.000000    15.280000    -0.000000     0.000000     0.000000     0.000000     0.000000    -0.000000     0.000000     0.000000    -0.000000    -0.000000    -0.000000    -0.000000
    0.000000    -0.000000     0.000000    -0.000000     1.000000    -0.000000    -0.000000   -15.280000    -0.000000     0.000000    -0.000000   207.100000     0.000000     0.000000     0.000000     0.000000
   -0.000000     1.000000    -0.000000  -207.100000     0.000000     0.000000     0.000000     0.000000     0.000000    -0.000000     0.000000     0.000000    -0.000000    -0.000000    -0.000000    -0.000000
   -0.000000    -0.000000     0.000000     0.000000     0.000000    -0.000000     1.000000     0.000000    -0.000000     0.000000    -0.000000     0.000000     0.000000     0.000000     0.000000     0.000000

   -0.002257     0.170100   -16.690000    -9.810000     0.000000     0.000000     0.000000     0.000000     0.000000    -0.000000     0.000000     0.000000    -0.000850     0.036160     0.000000     0.018020
   -0.079390    -0.628000    92.480000    -0.000000     0.000000     0.000000    -0.000000    -0.000000     0.000000    -0.000000     0.000000     0.000000     0.007251    -0.314500    -0.000000    -0.109400
    0.010160    -0.063870    -1.330000     0.000000    -0.001781    -0.070150     0.034540     0.000000    -0.000000     0.000000    -0.000000     0.000000    -0.000059    -0.024120     0.001665    -0.055840
   -0.000000    -0.000000     1.000000    -0.000000     0.000000    -0.000000    -0.000000    -0.000000    -0.000000     0.000000    -0.000000    -0.000000     0.000000     0.000000     0.000000     0.000000
   -0.000000    -0.000000     0.000000    -0.000000    -0.070130    16.540000   -95.660000     9.810000    -0.000000     0.000000    -0.000000    -0.000000    -0.000000    -0.000000     0.002020     0.000000
    0.000770    -0.004839    -0.100800    -0.000000    -0.954100   -38.980000    17.580000    -0.000000     0.000000    -0.000000     0.000000    -0.000000    -0.000004    -0.001827     0.917500    -0.004230
   -0.000021     0.000131     0.002732    -0.000000     0.004036    -0.760700    -0.679400    -0.000000     0.000000    -0.000000     0.000000    -0.000000     0.000000     0.000050     0.013190     0.000115
   -0.000000    -0.000000     0.000000     0.000000     0.000000     1.000000     0.000000    -0.000000    -0.000000     0.000000    -0.000000    -0.000000     0.000000     0.000000     0.000000     0.000000
    1.000000     0.000000    -0.000000    16.320000    -0.000000     0.000000     0.000000     0.000000     0.000000    -0.000000     0.000000     0.000000    -0.000000    -0.000000    -0.000000    -0.000000
    0.000000    -0.000000     0.000000    -0.000000     1.000000    -0.000000    -0.000000   -16.320000    -0.000000     0.000000    -0.000000   102.600000     0.000000     0.000000     0.000000     0.000000
   -0.000000     1.000000    -0.000000  -102.600000     0.000000     0.000000     0.000000     0.000000     0.000000    -0.000000     0.000000     0.000000    -0.000000    -0.000000    -0.000000    -0.000000
   -0.000000    -0.000000     0.000000     0.000000     0.000000    -0.000000     1.000000    -0.000000    -0.000000     0.000000    -0.000000    -0.000000     0.000000     0.000000     0.000000     0.000000

   -0.009083     0.275100   -22.040000    -9.810000    -0.000000    -0.000000     0.000000     0.000000     0.000000    -0.000000     0.000000     0.000000    -0.000958     0.038730    -0.000000     0.018270
   -0.109500    -0.490100    56.430000    -0.000000     0.000000     0.000000    -0.000000    -0.000000     0.000000    -0.000000     0.000000     0.000000     0.003613    -0.150000     0.000000    -0.056090
    0.014580    -0.044180    -0.922700     0.000000    -0.001221    -0.036590     0.025910     0.000000    -0.000000     0.000000    -0.000000     0.000000    -0.000009    -0.009703     0.000545    -0.024360
   -0.000000    -0.000000     1.000000     0.000000     0.000000    -0.000000    -0.000000     0.000000    -0.000000     0.000000    -0.000000     0.000000     0.000000     0.000000     0.000000     0.000000
   -0.000000    -0.000000    -0.000000    -0.000000    -0.053860    22.020000   -58.730000     9.810000    -0.000000     0.000000    -0.000000    -0.000000     0.000000    -0.000000    -0.000769    -0.000000
    0.000897    -0.002717    -0.056750    -0.000000    -0.802400   -25.050000    16.290000    -0.000000     0.000000    -0.000000     0.000000    -0.000000    -0.000001    -0.000597     0.366600    -0.001498
   -0.000025     0.000076     0.001581    -0.000000    -0.002602    -0.737200    -0.419800    -0.000000     0.000000    -0.000000     0.000000    -0.000000     0.000000     0.000017     0.006667     0.000042
   -0.000000    -0.000000     0.000000     0.000000     0.000000     1.000000     0.000000     0.000000    -0.000000     0.000000    -0.000000     0.000000     0.000000     0.000000     0.000000     0.000000
    1.000000     0.000000    -0.000000    21.330000    -0.000000     0.000000     0.000000     0.000000     0.000000    -0.000000     0.000000     0.000000    -0.000000    -0.000000    -0.000000    -0.000000
    0.000000    -0.000000     0.000000    -0.000000     1.000000    -0.000000    -0.000000   -21.330000    -0.000000     0.000000    -0.000000    64.630000     0.000000     0.000000     0.000000     0.000000
   -0.000000     1.000000    -0.000000   -64.630000     0.000000     0.000000     0.000000     0.000000     0.000000    -0.000000     0.000000     0.000000    -0.000000    -0.000000    -0.000000    -0.000000
   -0.000000    -0.000000     0.000000     0.000000     0.000000    -0.000000     1.000000    -0.000000    -0.000000     0.000000    -0.000000     0.000000     0.000000     0.000000     0.000000     0.000000
