u  w  q  the  v  p  r  phi  x  y  z  psi  |  slat  flap  aileron  elevator
   -0.012160     0.277400   -29.640000    -9.810000    -0.000000    -0.000000     0.000000     0.000000     0.000000    -0.000000     0.000000     0.000000    -0.000940     0.037260    -0.000000     0.016850
   -0.111600    -0.359200    55.780000    -0.000000     0.000000    -0.000000    -0.000000    -0.000000     0.000000    -0.000000     0.000000     0.000000     0.002536    -0.103400     0.000000    -0.040000
    0.019500    -0.041640    -0.887800     0.000000    -0.000809    -0.018930     0.018580     0.000000    -0.000000     0.000000    -0.000000     0.000000    -0.000029    -0.008032     0.000278    -0.023010
   -0.000000    -0.000000     1.000000     0.000000     0.000000    -0.000000    -0.000000     0.000000    -0.000000     0.000000    -0.000000     0.000000     0.000000     0.000000     0.000000     0.000000
    0.000000    -0.000000     0.000000    -0.000000    -0.036940    29.660000   -57.270000     9.810000    -0.000000     0.000000    -0.000000    -0.000000     0.000000    -0.000000    -0.001461    -0.000000
    0.000687    -0.001467    -0.031290    -0.000000    -0.934900   -24.380000    19.690000    -0.000000     0.000000    -0.000000     0.000000    -0.000000    -0.000001    -0.000283     0.337300    -0.000811
   -0.000054     0.000115     0.002452    -0.000000    -0.007652    -0.909400    -0.349200    -0.000000     0.000000    -0.000000     0.000000    -0.000000     0.000000     0.000022     0.007147     0.000064
   -0.000000    -0.000000     0.000000     0.000000     0.000000     1.000000     0.000000     0.000000    -0.000000     0.000000    -0.000000     0.000000     0.000000     0.000000     0.000000     0.000000
    1.000000     0.000000    -0.000000    28.860000    -0.000000     0.000000     0.000000     0.000000     0.000000    -0.000000     0.000000     0.000000    -0.000000    -0.000000    -0.000000    -0.000000
    0.000000    -0.000000     0.000000    -0.000000     1.000000    -0.000000    -0.000000   -28.860000    -0.000000     0.000000    -0.000000    61.640000     0.000000     0.000000     0.000000     0.000000
   -0.000000     1.000000    -0.000000   -61.640000     0.000000     0.000000     0.000000     0.000000     0.000000    -0.000000     0.000000     0.000000    -0.000000    -0.000000    -0.000000    -0.000000
   -0.000000    -0.000000     0.000000     0.000000     0.000000    -0.000000     1.000000    -0.000000    -0.000000     0.000000    -0.000000     0.000000     0.000000     0.000000     0.000000     0.000000

   -0.002932     0.171300   -22.580000    -9.810000     0.000000    -0.000000    -0.000000     0.000000     0.000000    -0.000000     0.000000     0.000000    -0.000871     0.036700     0.000000     0.017070
   -0.079060    -0.473300    94.030000    -0.000000     0.000000     0.000000     0.000000    -0.000000     0.000000    -0.000000     0.000000     0.000000     0.005417    -0.233100    -0.000000    -0.082300
    0.013230    -0.060570    -1.305000     0.000000    -0.001171    -0.039570     0.024550     0.000000    -0.000000     0.000000    -0.000000     0.000000    -0.000117    -0.021460     0.000942    -0.055730
   -0.000000    -0.000000     1.000000     0.000000     0.000000    -0.000000    -0.000000     0.000000    -0.000000     0.000000    -0.000000     0.000000     0.000000     0.000000     0.000000     0.000000
   -0.000000    -0.000000    -0.000000    -0.000000    -0.051430    22.500000   -96.240000     9.810000    -0.000000     0.000000    -0.000000    -0.000000    -0.000000    -0.000000     0.000643    -0.000000
    0.000577    -0.002644    -0.056940    -0.000000    -1.082000   -39.670000    20.530000    -0.000000     0.000000    -0.000000     0.000000    -0.000000    -0.000005    -0.000937     0.920000    -0.002433
   -0.000044     0.000202     0.004349    -0.000000    -0.000099    -0.911500    -0.629800    -0.000000     0.000000    -0.000000     0.000000    -0.000000     0.000000     0.000072     0.014500     0.000186
   -0.000000    -0.000000     0.000000     0.000000     0.000000     1.000000     0.000000     0.000000    -0.000000     0.000000    -0.000000     0.000000     0.000000     0.000000     0.000000     0.000000
    1.000000     0.000000    -0.000000    22.160000    -0.000000     0.000000     0.000000     0.000000     0.000000    -0.000000     0.000000     0.000000    -0.000000    -0.000000    -0.000000    -0.000000
    0.000000    -0.000000     0.000000    -0.000000     1.000000    -0.000000    -0.000000   -22.160000    -0.000000     0.000000    -0.000000   101.500000     0.000000     0.000000     0.000000     0.000000
   -0.000000     1.000000    -0.000000  -101.500000     0.000000     0.000000     0.000000     0.000000     0.000000    -0.000000     0.000000     0.000000    -0.000000    -0.000000    -0.000000    -0.000000
   -0.000000    -0.000000     0.000000     0.000000     0.000000    -0.000000     1.000000     0.000000    -0.000000     0.000000    -0.000000     0.000000     0.000000     0.000000     0.000000     0.000000

   -0.000471     0.079080   -21.540000    -9.810000    -0.000000    -0.000000    -0.000000     0.000000     0.000000    -0.000000     0.000000     0.000000    -0.000687     0.031130    -0.000000     0.016290
   -0.045190    -0.461800   199.700000    -0.000000    -0.000000     0.000000    -0.000000    -0.000000     0.000000    -0.000000     0.000000     0.000000     0.010550    -0.479300    -0.000000    -0.156800
    0.008856    -0.085530    -1.824000     0.000000    -0.002299    -0.097660     0.044260     0.000000    -0.000000     0.000000    -0.000000     0.000000    -0.000511    -0.067490     0.004718    -0.160200
   -0.000000    -0.000000     1.000000     0.000000     0.000000    -0.000000    -0.000000     0.000000    -0.000000     0.000000    -0.000000     0.000000     0.000000     0.000000     0.000000     0.000000
    0.000000    -0.000000    -0.000000    -0.000000    -0.048170    21.400000  -202.000000     9.810000    -0.000000     0.000000    -0.000000    -0.000000     0.000000    -0.000000     0.004785    -0.000000
    0.000634    -0.006128    -0.130700    -0.000000    -1.349000   -61.710000    23.300000    -0.000000     0.000000    -0.000000     0.000000    -0.000000    -0.000037    -0.004836     2.947000    -0.011480
   -0.000045     0.000431     0.009185    -0.000000     0.006235    -1.022000    -0.903400    -0.000000     0.000000    -0.000000     0.000000    -0.000000     0.000003     0.000340     0.039310     0.000807
   -0.000000    -0.000000     0.000000    -0.000000     0.000000     1.000000     0.000000     0.000000    -0.000000     0.000000    -0.000000     0.000000     0.000000     0.000000     0.000000     0.000000
    1.000000     0.000000    -0.000000    21.380000    -0.000000     0.000000     0.000000     0.000000     0.000000    -0.000000     0.000000     0.000000    -0.000000    -0.000000    -0.000000    -0.000000
    0.000000    -0.000000     0.000000    -0.000000     1.000000    -0.000000    -0.000000   -21.380000    -0.000000     0.000000    -0.000000   206.500000     0.000000     0.000000     0.000000     0.000000
   -0.000000     1.000000    -0.000000  -206.500000     0.000000     0.000000     0.000000     0.000000     0.000000    -0.000000     0.000000     0.000000    -0.000000    -0.000000    -0.000000    -0.000000
   -0.000000    -0.000000     0.000000     0.000000     0.000000    -0.000000     1.000000    -0.000000    -0.000000     0.000000    -0.000000     0.000000     0.000000     0.000000     0.000000     0.000000

   -0.000225     0.076030   -15.110000    -9.810000     0.000000     0.000000     0.000000     0.000000     0.000000    -0.000000     0.000000     0.000000    -0.000612     0.027930    -0.000000     0.015570
   -0.048000    -0.613700   198.000000    -0.000000     0.000000     0.000000    -0.000000    -0.000000     0.000000    -0.000000     0.000000     0.000000     0.014040    -0.640600    -0.000000    -0.207800
    0.006119    -0.084690    -1.812000     0.000000    -0.002169    -0.098570     0.040500     0.000000    -0.000000     0.000000    -0.000000     0.000000    -0.000514    -0.067760     0.004766    -0.159300
   -0.000000    -0.000000     1.000000     0.000000     0.000000    -0.000000    -0.000000     0.000000    -0.000000     0.000000    -0.000000     0.000000     0.000000     0.000000     0.000000     0.000000
    0.000000    -0.000000    -0.000000    -0.000000    -0.064970    14.880000  -201.100000     9.810000    -0.000000     0.000000    -0.000000    -0.000000     0.000000    -0.000000     0.007486    -0.000000
    0.000438    -0.006067    -0.129800    -0.000000    -1.263000   -61.920000    20.950000    -0.000000     0.000000    -0.000000     0.000000    -0.000000    -0.000037    -0.004855     2.971000    -0.011410
   -0.000031     0.000427     0.009126    -0.000000     0.008827    -0.924400    -0.933500    -0.000000     0.000000    -0.000000     0.000000    -0.000000     0.000003     0.000341     0.038100     0.000802
   -0.000000    -0.000000     0.000000     0.000000     0.000000     1.000000     0.000000     0.000000    -0.000000     0.000000    -0.000000     0.000000     0.000000     0.000000     0.000000     0.000000
    1.000000     0.000000    -0.000000    14.960000    -0.000000     0.000000     0.000000     0.000000     0.000000    -0.000000     0.000000     0.000000    -0.000000    -0.000000    -0.000000    -0.000000
    0.000000    -0.000000     0.000000    -0.000000     1.000000    -0.000000    -0.000000   -14.960000    -0.000000     0.000000    -0.000000   207.100000     0.000000     0.000000     0.000000     0.000000
   -0.000000     1.000000    -0.000000  -207.100000     0.000000     0.000000     0.000000     0.000000     0.000000    -0.000000     0.000000     0.000000    -0.000000    -0.000000    -0.000000    -0.000000
   -0.000000    -0.000000     0.000000     0.000000     0.000000    -0.000000     1.000000     0.000000    -0.000000     0.000000    -0.000000     0.000000     0.000000     0.000000     0.000000     0.000000

   -0.001755     0.167500   -16.420000    -9.810000     0.000000    -0.000000    -0.000000     0.000000     0.000000    -0.000000     0.000000     0.000000    -0.000833     0.035430    -0.000000     0.016760
   -0.081200    -0.628500    92.710000    -0.000000     0.000000     0.000000    -0.000000    -0.000000     0.000000    -0.000000     0.000000     0.000000     0.007257    -0.314900    -0.000000    -0.109300
    0.009327    -0.059780    -1.297000     0.000000    -0.001076    -0.040600     0.021750     0.000000    -0.000000     0.000000    -0.000000     0.000000    -0.000121    -0.021880     0.000973    -0.055830
   -0.000000    -0.000000     1.000000    -0.000000     0.000000    -0.000000    -0.000000    -0.000000    -0.000000     0.000000    -0.000000    -0.000000     0.000000     0.000000     0.000000     0.000000
   -0.000000     0.000000    -0.000000    -0.000000    -0.070380    16.230000   -95.730000     9.810000    -0.000000     0.000000    -0.000000    -0.000000    -0.000000     0.000000     0.002072    -0.000000
    0.000407    -0.002609    -0.056600    -0.000000    -0.982300   -40.180000    17.790000    -0.000000     0.000000    -0.000000     0.000000    -0.000000    -0.000005    -0.000955     0.946200    -0.002437
   -0.000031     0.000199     0.004323    -0.000000     0.003307    -0.783200    -0.671200    -0.000000     0.000000    -0.000000     0.000000    -0.000000     0.000000     0.000073     0.013780     0.000186
   -0.000000    -0.000000     0.000000     0.000000     0.000000     1.000000     0.000000    -0.000000    -0.000000     0.000000    -0.000000    -0.000000     0.000000     0.000000     0.000000     0.000000
    1.000000     0.000000    -0.000000    16.010000    -0.000000     0.000000     0.000000     0.000000     0.000000    -0.000000     0.000000     0.000000    -0.000000    -0.000000    -0.000000    -0.000000
    0.000000    -0.000000     0.000000    -0.000000     1.000000    -0.000000    -0.000000   -16.010000    -0.000000     0.000000    -0.000000   102.600000     0.000000     0.000000     0.000000     0.000000
   -0.000000     1.000000    -0.000000  -102.600000     0.000000     0.000000     0.000000     0.000000     0.000000    -0.000000     0.000000     0.000000    -0.000000    -0.000000    -0.000000    -0.000000
   -0.000000    -0.000000     0.000000     0.000000     0.000000    -0.000000     1.000000    -0.000000    -0.000000     0.000000    -0.000000    -0.000000     0.000000     0.000000     0.000000     0.000000

   -0.007548     0.271000   -21.710000    -9.810000    -0.000000    -0.000000     0.000000     0.000000     0.000000    -0.000000     0.000000     0.000000    -0.000941     0.038070    -0.000000     0.017160
   -0.112200    -0.491300    56.690000    -0.000000     0.000000    -0.000000    -0.000000    -0.000000     0.000000    -0.000000     0.000000     0.000000     0.003626    -0.150600     0.000000    -0.056190
    0.013430    -0.041510    -0.897400     0.000000    -0.000722    -0.020620     0.015870     0.000000    -0.000000     0.000000    -0.000000     0.000000    -0.000034    -0.008800     0.000315    -0.024310
   -0.000000    -0.000000     1.000000     0.000000     0.000000    -0.000000    -0.000000     0.000000    -0.000000     0.000000    -0.000000     0.000000     0.000000     0.000000     0.000000     0.000000
   -0.000000     0.000000     0.000000    -0.000000    -0.054260    21.620000   -58.860000     9.810000    -0.000000     0.000000    -0.000000    -0.000000    -0.000000    -0.000000    -0.000715    -0.000000
    0.000473    -0.001463    -0.031620    -0.000000    -0.821600   -25.720000    16.420000    -0.000000     0.000000    -0.000000     0.000000    -0.000000    -0.000001    -0.000310     0.377200    -0.000857
   -0.000037     0.000115     0.002479    -0.000000    -0.003102    -0.745500    -0.412200    -0.000000     0.000000    -0.000000     0.000000    -0.000000     0.000000     0.000024     0.006864     0.000067
   -0.000000    -0.000000     0.000000     0.000000     0.000000     1.000000     0.000000     0.000000    -0.000000     0.000000    -0.000000     0.000000     0.000000     0.000000     0.000000     0.000000
    1.000000     0.000000    -0.000000    20.950000    -0.000000     0.000000     0.000000     0.000000     0.000000    -0.000000     0.000000     0.000000    -0.000000    -0.000000    -0.000000    -0.000000
    0.000000    -0.000000     0.000000    -0.000000     1.000000    -0.000000    -0.000000   -20.950000    -0.000000     0.000000    -0.000000    64.750000     0.000000     0.000000     0.000000     0.000000
   -0.000000     1.000000    -0.000000   -64.750000     0.000000     0.000000     0.000000     0.000000     0.000000    -0.000000     0.000000     0.000000    -0.000000    -0.000000    -0.000000    -0.000000
   -0.000000    -0.000000     0.000000     0.000000     0.000000    -0.000000     1.000000     0.000000    -0.000000     0.000000    -0.000000     0.000000     0.000000     0.000000     0.000000     0.000000
