u  w  q  the  v  p  r  phi  x  y  z  psi  |  slat  flap  aileron  elevator
   -0.014890     0.282600   -30.210000    -9.810000    -0.000000     0.000000     0.000000     0.000000     0.000000    -0.000000     0.000000     0.000000    -0.000958     0.037930    -0.000000     0.018060
   -0.108400    -0.357200    55.370000    -0.000000     0.000000    -0.000000    -0.000000    -0.000000     0.000000    -0.000000     0.000000     0.000000     0.002513    -0.102300     0.000000    -0.039750
    0.021390    -0.044460    -0.915000     0.000000    -0.001378    -0.034100     0.030720     0.000000    -0.000000     0.000000    -0.000000     0.000000    -0.000000    -0.008945     0.000482    -0.022930
   -0.000000    -0.000000     1.000000     0.000000     0.000000    -0.000000    -0.000000     0.000000    -0.000000     0.000000    -0.000000     0.000000     0.000000     0.000000     0.000000     0.000000
   -0.000000    -0.000000     0.000000    -0.000000    -0.036410    30.320000   -56.960000     9.810000    -0.000000     0.000000    -0.000000    -0.000000     0.000000    -0.000000    -0.001522    -0.000000
    0.001321    -0.002747    -0.056520    -0.000000    -0.882400   -22.880000    18.930000    -0.000000     0.000000    -0.000000     0.000000    -0.000000    -0.000000    -0.000553     0.314800    -0.001417
   -0.000035     0.000073     0.001499    -0.000000    -0.006684    -0.891400    -0.365100    -0.000000     0.000000    -0.000000     0.000000    -0.000000     0.000000     0.000015     0.006780     0.000038
   -0.000000    -0.000000     0.000000     0.000000     0.000000     1.000000     0.000000     0.000000    -0.000000     0.000000    -0.000000     0.000000     0.000000     0.000000     0.000000     0.000000
    1.000000     0.000000    -0.000000    29.500000    -0.000000     0.000000     0.000000     0.000000     0.000000    -0.000000     0.000000     0.000000    -0.000000    -0.000000    -0.000000    -0.000000
    0.000000    -0.000000     0.000000    -0.000000     1.000000    -0.000000    -0.000000   -29.500000    -0.000000     0.000000    -0.000000    61.330000     0.000000     0.000000     0.000000     0.000000
   -0.000000     1.000000    -0.000000   -61.330000     0.000000     0.000000     0.000000     0.000000     0.000000    -0.000000     0.000000     0.000000    -0.000000    -0.000000    -0.000000    -0.000000
   -0.000000    -0.000000     0.000000     0.000000     0.000000    -0.000000     1.000000     0.000000    -0.000000     0.000000    -0.000000     0.000000     0.000000     0.000000     0.000000     0.000000

   -0.003788     0.174500   -23.030000    -9.810000    -0.000000    -0.000000     0.000000     0.000000     0.000000    -0.000000     0.000000     0.000000    -0.000892     0.037560    -0.000000     0.018560
   -0.076860    -0.472600    93.750000    -0.000000     0.000000     0.000000    -0.000000    -0.000000     0.000000    -0.000000     0.000000     0.000000     0.005406    -0.232500    -0.000000    -0.082280
    0.014580    -0.065190    -1.342000     0.000000    -0.001931    -0.068150     0.039100     0.000000    -0.000000     0.000000    -0.000000     0.000000    -0.000043    -0.024000     0.001597    -0.055570
   -0.000000    -0.000000     1.000000    -0.000000     0.000000    -0.000000    -0.000000    -0.000000    -0.000000     0.000000    -0.000000    -0.000000     0.000000     0.000000     0.000000     0.000000
   -0.000000    -0.000000    -0.000000    -0.000000    -0.051120    23.010000   -96.110000     9.810000    -0.000000     0.000000    -0.000000    -0.000000     0.000000    -0.000000     0.000579    -0.000000
    0.001101    -0.004922    -0.101300    -0.000000    -1.008000   -36.880000    19.510000    -0.000000     0.000000    -0.000000     0.000000    -0.000000    -0.000003    -0.001812     0.854400    -0.004196
   -0.000029     0.000128     0.002639    -0.000000     0.001252    -0.866500    -0.646900    -0.000000     0.000000    -0.000000     0.000000    -0.000000     0.000000     0.000047     0.013380     0.000109
   -0.000000    -0.000000     0.000000     0.000000     0.000000     1.000000     0.000000    -0.000000    -0.000000     0.000000    -0.000000    -0.000000     0.000000     0.000000     0.000000     0.000000
    1.000000     0.000000    -0.000000    22.660000    -0.000000     0.000000     0.000000     0.000000     0.000000    -0.000000     0.000000     0.000000    -0.000000    -0.000000    -0.000000    -0.000000
    0.000000    -0.000000     0.000000    -0.000000     1.000000    -0.000000    -0.000000   -22.660000    -0.000000     0.000000    -0.000000   101.300000     0.000000     0.000000     0.000000     0.000000
   -0.000000     1.000000    -0.000000  -101.300000     0.000000     0.000000     0.000000     0.000000     0.000000    -0.000000     0.000000     0.000000    -0.000000    -0.000000    -0.000000    -0.000000
   -0.000000    -0.000000     0.000000     0.000000     0.000000    -0.000000     1.000000    -0.000000    -0.000000     0.000000    -0.000000    -0.000000     0.000000     0.000000     0.000000     0.000000

   -0.000688     0.080660   -22.030000    -9.810000     0.000000    -0.000000     0.000000     0.000000     0.000000    -0.000000     0.000000     0.000000    -0.000707     0.032010    -0.000000     0.017950
   -0.044050    -0.461600   199.500000    -0.000000    -0.000000     0.000000    -0.000000    -0.000000     0.000000    -0.000000     0.000000     0.000000     0.010540    -0.479000    -0.000000    -0.156900
    0.009696    -0.091400    -1.853000     0.000000    -0.003558    -0.157100     0.066040     0.000000    -0.000000     0.000000    -0.000000     0.000000    -0.000284    -0.074500     0.007538    -0.157700
   -0.000000    -0.000000     1.000000    -0.000000     0.000000    -0.000000    -0.000000    -0.000000    -0.000000     0.000000    -0.000000    -0.000000     0.000000     0.000000     0.000000     0.000000
    0.000000    -0.000000    -0.000000    -0.000000    -0.048020    21.930000  -201.900000     9.810000    -0.000000     0.000000    -0.000000    -0.000000     0.000000    -0.000000     0.004728    -0.000000
    0.001151    -0.010850    -0.220000    -0.000000    -1.204000   -55.010000    21.260000    -0.000000     0.000000    -0.000000     0.000000    -0.000000    -0.000034    -0.008844     2.626000    -0.018720
   -0.000028     0.000267     0.005418    -0.000000     0.008480    -0.907500    -0.920600    -0.000000     0.000000    -0.000000     0.000000    -0.000000     0.000001     0.000218     0.033890     0.000461
   -0.000000    -0.000000     0.000000     0.000000     0.000000     1.000000     0.000000    -0.000000    -0.000000     0.000000    -0.000000    -0.000000     0.000000     0.000000     0.000000     0.000000
    1.000000     0.000000    -0.000000    21.900000    -0.000000     0.000000     0.000000     0.000000     0.000000    -0.000000     0.000000     0.000000    -0.000000    -0.000000    -0.000000    -0.000000
    0.000000    -0.000000     0.000000    -0.000000     1.000000    -0.000000    -0.000000   -21.900000    -0.000000     0.000000    -0.000000   206.500000     0.000000     0.000000     0.000000     0.000000
   -0.000000     1.000000    -0.000000  -206.500000     0.000000     0.000000     0.000000     0.000000     0.000000    -0.000000     0.000000     0.000000    -0.000000    -0.000000    -0.000000    -0.000000
   -0.000000    -0.000000     0.000000     0.000000     0.000000    -0.000000     1.000000    -0.000000    -0.000000     0.000000    -0.000000    -0.000000     0.000000     0.000000     0.000000     0.000000

   -0.000378     0.077610   -15.470000    -9.810000     0.000000     0.000000    -0.000000     0.000000     0.000000    -0.000000     0.000000     0.000000    -0.000632     0.028820    -0.000000     0.017260
   -0.046870    -0.613500   197.800000    -0.000000    -0.000000    -0.000000    -0.000000    -0.000000     0.000000    -0.000000     0.000000     0.000000     0.014040    -0.640400    -0.000000    -0.207900
    0.006719    -0.090640    -1.841000     0.000000    -0.003341    -0.158000     0.059930     0.000000    -0.000000     0.000000    -0.000000     0.000000    -0.000286    -0.074840     0.007609    -0.156700
   -0.000000    -0.000000     1.000000     0.000000     0.000000    -0.000000    -0.000000     0.000000    -0.000000     0.000000    -0.000000     0.000000     0.000000     0.000000     0.000000     0.000000
    0.000000    -0.000000    -0.000000    -0.000000    -0.064820    15.270000  -201.100000     9.810000    -0.000000     0.000000    -0.000000    -0.000000     0.000000    -0.000000     0.007430    -0.000000
    0.000798    -0.010760    -0.218600    -0.000000    -1.127000   -55.200000    19.130000    -0.000000     0.000000    -0.000000     0.000000    -0.000000    -0.000034    -0.008885     2.649000    -0.018600
   -0.000020     0.000265     0.005383    -0.000000     0.010920    -0.810300    -0.947200    -0.000000     0.000000    -0.000000     0.000000    -0.000000     0.000001     0.000219     0.032670     0.000458
   -0.000000    -0.000000     0.000000    -0.000000     0.000000     1.000000     0.000000     0.000000    -0.000000     0.000000    -0.000000     0.000000     0.000000     0.000000     0.000000     0.000000
    1.000000     0.000000    -0.000000    15.350000    -0.000000     0.000000     0.000000     0.000000     0.000000    -0.000000     0.000000     0.000000    -0.000000    -0.000000    -0.000000    -0.000000
    0.000000    -0.000000     0.000000    -0.000000     1.000000    -0.000000    -0.000000   -15.350000    -0.000000     0.000000    -0.000000   207.000000     0.000000     0.000000     0.000000     0.000000
   -0.000000     1.000000    -0.000000  -207.000000     0.000000     0.000000     0.000000     0.000000     0.000000    -0.000000     0.000000     0.000000    -0.000000    -0.000000    -0.000000    -0.000000
   -0.000000    -0.000000     0.000000     0.000000     0.000000    -0.000000     1.000000    -0.000000    -0.000000     0.000000    -0.000000     0.000000     0.000000     0.000000     0.000000     0.000000

   -0.002369     0.170700   -16.740000    -9.810000    -0.000000    -0.000000    -0.000000     0.000000     0.000000    -0.000000     0.000000     0.000000    -0.000854     0.036310    -0.000000     0.018290
   -0.079010    -0.627900    92.430000    -0.000000     0.000000     0.000000    -0.000000    -0.000000     0.000000    -0.000000     0.000000     0.000000     0.007249    -0.314500    -0.000000    -0.109400
    0.010310    -0.064530    -1.334000     0.000000    -0.001763    -0.069460     0.034260     0.000000    -0.000000     0.000000    -0.000000     0.000000    -0.000046    -0.024520     0.001648    -0.055680
   -0.000000    -0.000000     1.000000     0.000000     0.000000    -0.000000    -0.000000     0.000000    -0.000000     0.000000    -0.000000     0.000000     0.000000     0.000000     0.000000     0.000000
   -0.000000    -0.000000    -0.000000    -0.000000    -0.070080    16.610000   -95.650000     9.810000    -0.000000     0.000000    -0.000000    -0.000000     0.000000     0.000000     0.002009    -0.000000
    0.000778    -0.004873    -0.100700    -0.000000    -0.915100   -37.380000    16.920000    -0.000000     0.000000    -0.000000     0.000000    -0.000000    -0.000003    -0.001851     0.879700    -0.004204
   -0.000020     0.000127     0.002624    -0.000000     0.004566    -0.737000    -0.685900    -0.000000     0.000000    -0.000000     0.000000    -0.000000     0.000000     0.000048     0.012640     0.000110
   -0.000000    -0.000000     0.000000     0.000000     0.000000     1.000000     0.000000     0.000000    -0.000000     0.000000    -0.000000     0.000000     0.000000     0.000000     0.000000     0.000000
    1.000000     0.000000    -0.000000    16.380000    -0.000000     0.000000     0.000000     0.000000     0.000000    -0.000000     0.000000     0.000000    -0.000000    -0.000000    -0.000000    -0.000000
    0.000000    -0.000000     0.000000    -0.000000     1.000000    -0.000000    -0.000000   -16.380000    -0.000000     0.000000    -0.000000   102.500000     0.000000     0.000000     0.000000     0.000000
   -0.000000     1.000000    -0.000000  -102.500000     0.000000     0.000000     0.000000     0.000000     0.000000    -0.000000     0.000000     0.000000    -0.000000    -0.000000    -0.000000    -0.000000
   -0.000000    -0.000000     0.000000     0.000000     0.000000    -0.000000     1.000000     0.000000    -0.000000     0.000000    -0.000000     0.000000     0.000000     0.000000     0.000000     0.000000

   -0.009423     0.276000   -22.110000    -9.810000    -0.000000     0.000000     0.000000     0.000000     0.000000    -0.000000     0.000000     0.000000    -0.000962     0.038870    -0.000000     0.018510
   -0.108900    -0.489900    56.370000    -0.000000     0.000000    -0.000000    -0.000000    -0.000000     0.000000    -0.000000     0.000000     0.000000     0.003610    -0.149900     0.000000    -0.056070
    0.014790    -0.044630    -0.926000     0.000000    -0.001220    -0.036560     0.025920     0.000000    -0.000000     0.000000    -0.000000     0.000000    -0.000003    -0.009867     0.000544    -0.024310
   -0.000000    -0.000000     1.000000     0.000000     0.000000    -0.000000    -0.000000     0.000000    -0.000000     0.000000    -0.000000     0.000000     0.000000     0.000000     0.000000     0.000000
   -0.000000    -0.000000    -0.000000    -0.000000    -0.053780    22.100000   -58.700000     9.810000    -0.000000     0.000000    -0.000000    -0.000000     0.000000    -0.000000    -0.000780    -0.000000
    0.000914    -0.002757    -0.057200    -0.000000    -0.775500   -24.200000    15.800000    -0.000000     0.000000    -0.000000     0.000000    -0.000000    -0.000000    -0.000610     0.354000    -0.001502
   -0.000024     0.000073     0.001517    -0.000000    -0.002217    -0.724500    -0.425600    -0.000000     0.000000    -0.000000     0.000000    -0.000000     0.000000     0.000016     0.006479     0.000040
   -0.000000    -0.000000     0.000000    -0.000000     0.000000     1.000000     0.000000     0.000000    -0.000000     0.000000    -0.000000     0.000000     0.000000     0.000000     0.000000     0.000000
    1.000000     0.000000    -0.000000    21.410000    -0.000000     0.000000     0.000000     0.000000     0.000000    -0.000000     0.000000     0.000000    -0.000000    -0.000000    -0.000000    -0.000000
    0.000000    -0.000000     0.000000    -0.000000     1.000000    -0.000000    -0.000000   -21.410000    -0.000000     0.000000    -0.000000    64.600000     0.000000     0.000000     0.000000     0.000000
   -0.000000     1.000000    -0.000000   -64.600000     0.000000     0.000000     0.000000     0.000000     0.000000    -0.000000     0.000000     0.000000    -0.000000    -0.000000    -0.000000    -0.000000
   -0.000000    -0.000000     0.000000     0.000000     0.000000    -0.000000     1.000000    -0.000000    -0.000000     0.000000    -0.000000     0.000000     0.000000     0.000000     0.000000     0.000000
