u  w  q  the  v  p  r  phi  x  y  z  psi  |  slat  flap  aileron  elevator
   -0.015190     0.283200   -30.270000    -9.810000    -0.000000     0.000000     0.000000     0.000000     0.000000    -0.000000     0.000000     0.000000    -0.000960     0.038000    -0.000000     0.018190
   -0.108000    -0.356900    55.320000    -0.000000     0.000000    -0.000000    -0.000000    -0.000000     0.000000    -0.000000     0.000000     0.000000     0.002510    -0.102200     0.000000    -0.039720
    0.021490    -0.044560    -0.913900     0.000000    -0.004451    -0.125600     0.088440     0.000000    -0.000000     0.000000    -0.000000     0.000000     0.000003    -0.008999     0.001649    -0.022820
   -0.000000    -0.000000     1.000000     0.000000     0.000000    -0.000000    -0.000000    -0.000000    -0.000000     0.000000    -0.000000     0.000000     0.000000     0.000000     0.000000     0.000000
   -0.000000    -0.000000     0.000000    -0.000000    -0.036350    30.390000   -56.930000     9.810000    -0.000000     0.000000    -0.000000    -0.000000     0.000000    -0.000000    -0.001528    -0.000000
    0.004400    -0.009121    -0.187100    -0.000000    -0.230200    -5.960000     4.952000    -0.000000     0.000000    -0.000000     0.000000    -0.000000     0.000001    -0.001842     0.082000    -0.004672
    0.000376    -0.000779    -0.015980    -0.000000     0.001030    -0.636900    -0.491300    -0.000000     0.000000    -0.000000     0.000000    -0.000000     0.000000    -0.000157     0.003691    -0.000399
   -0.000000    -0.000000     0.000000     0.000000     0.000000     1.000000     0.000000     0.000000    -0.000000     0.000000    -0.000000     0.000000     0.000000     0.000000     0.000000     0.000000
    1.000000     0.000000    -0.000000    29.570000    -0.000000     0.000000     0.000000     0.000000     0.000000    -0.000000     0.000000     0.000000    -0.000000    -0.000000    -0.000000    -0.000000
    0.000000    -0.000000     0.000000    -0.000000     1.000000    -0.000000    -0.000000   -29.570000    -0.000000     0.000000    -0.000000    61.300000     0.000000     0.000000     0.000000     0.000000
   -0.000000     1.000000    -0.000000   -61.300000     0.000000     0.000000     0.000000     0.000000     0.000000    -0.000000     0.000000     0.000000    -0.000000    -0.000000    -0.000000    -0.000000
   -0.000000    -0.000000     0.000000     0.000000     0.000000    -0.000000     1.000000     0.000000    -0.000000     0.000000    -0.000000     0.000000     0.000000     0.000000     0.000000     0.000000

   -0.003883     0.174800   -23.080000    -9.810000    -0.000000    -0.000000    -0.000000     0.000000     0.000000    -0.000000     0.000000     0.000000    -0.000894     0.037650     0.000000     0.018710
   -0.076620    -0.472500    93.720000    -0.000000     0.000000     0.000000     0.000000    -0.000000     0.000000    -0.000000     0.000000     0.000000     0.005405    -0.232400    -0.000000    -0.082270
    0.014650    -0.065340    -1.339000     0.000000    -0.005123    -0.202900     0.088820     0.000000    -0.000000     0.000000    -0.000000     0.000000    -0.000035    -0.024140     0.004586    -0.055270
   -0.000000    -0.000000     1.000000     0.000000     0.000000    -0.000000    -0.000000    -0.000000    -0.000000     0.000000    -0.000000     0.000000     0.000000     0.000000     0.000000     0.000000
   -0.000000     0.000000     0.000000    -0.000000    -0.051090    23.070000   -96.100000     9.810000    -0.000000     0.000000    -0.000000    -0.000000    -0.000000    -0.000000     0.000572    -0.000000
    0.003146    -0.014040    -0.287700    -0.000000    -0.226100    -8.266000     4.390000    -0.000000     0.000000    -0.000000     0.000000    -0.000000    -0.000007    -0.005187     0.191500    -0.011870
    0.000299    -0.001332    -0.027310    -0.000000     0.009585    -0.478800    -0.750900    -0.000000     0.000000    -0.000000     0.000000    -0.000000    -0.000001    -0.000492     0.005000    -0.001127
   -0.000000    -0.000000     0.000000     0.000000     0.000000     1.000000     0.000000     0.000000    -0.000000     0.000000    -0.000000     0.000000     0.000000     0.000000     0.000000     0.000000
    1.000000     0.000000    -0.000000    22.710000    -0.000000     0.000000     0.000000     0.000000     0.000000    -0.000000     0.000000     0.000000    -0.000000    -0.000000    -0.000000    -0.000000
    0.000000    -0.000000     0.000000    -0.000000     1.000000    -0.000000    -0.000000   -22.710000    -0.000000     0.000000    -0.000000   101.300000     0.000000     0.000000     0.000000     0.000000
   -0.000000     1.000000    -0.000000  -101.300000     0.000000     0.000000     0.000000     0.000000     0.000000    -0.000000     0.000000     0.000000    -0.000000    -0.000000    -0.000000    -0.000000
   -0.000000    -0.000000     0.000000     0.000000     0.000000    -0.000000     1.000000     0.000000    -0.000000     0.000000    -0.000000     0.000000     0.000000     0.000000     0.000000     0.000000

   -0.000712     0.080830   -22.090000    -9.810000    -0.000000     0.000000     0.000000     0.000000     0.000000    -0.000000     0.000000     0.000000    -0.000709     0.032100    -0.000000     0.018130
   -0.043930    -0.461600   199.500000    -0.000000    -0.000000    -0.000000     0.000000    -0.000000     0.000000    -0.000000     0.000000     0.000000     0.010540    -0.478900    -0.000000    -0.156900
    0.009717    -0.091360    -1.844000     0.000000    -0.006180    -0.314200     0.090310     0.000000    -0.000000     0.000000    -0.000000     0.000000    -0.000259    -0.074690     0.014770    -0.156300
   -0.000000    -0.000000     1.000000     0.000000     0.000000    -0.000000    -0.000000     0.000000    -0.000000     0.000000    -0.000000     0.000000     0.000000     0.000000     0.000000     0.000000
   -0.000000    -0.000000    -0.000000    -0.000000    -0.048000    21.980000  -201.900000     9.810000    -0.000000     0.000000    -0.000000    -0.000000     0.000000    -0.000000     0.004722    -0.000000
    0.002271    -0.021350    -0.430900    -0.000000    -0.187700    -8.565000     3.323000    -0.000000     0.000000    -0.000000     0.000000    -0.000000    -0.000061    -0.017450     0.409000    -0.036530
    0.000276    -0.002592    -0.052310    -0.000000     0.017660    -0.317400    -0.980000    -0.000000     0.000000    -0.000000     0.000000    -0.000000    -0.000007    -0.002119     0.006955    -0.004435
   -0.000000    -0.000000     0.000000     0.000000     0.000000     1.000000     0.000000     0.000000    -0.000000     0.000000    -0.000000     0.000000     0.000000     0.000000     0.000000     0.000000
    1.000000     0.000000    -0.000000    21.960000    -0.000000     0.000000     0.000000     0.000000     0.000000    -0.000000     0.000000     0.000000    -0.000000    -0.000000    -0.000000    -0.000000
    0.000000    -0.000000     0.000000    -0.000000     1.000000    -0.000000    -0.000000   -21.960000    -0.000000     0.000000    -0.000000   206.500000     0.000000     0.000000     0.000000     0.000000
   -0.000000     1.000000    -0.000000  -206.500000     0.000000     0.000000     0.000000     0.000000     0.000000    -0.000000     0.000000     0.000000    -0.000000    -0.000000    -0.000000    -0.000000
   -0.000000    -0.000000     0.000000     0.000000     0.000000    -0.000000     1.000000     0.000000    -0.000000     0.000000    -0.000000     0.000000     0.000000     0.000000     0.000000     0.000000

   -0.000395     0.077780   -15.510000    -9.810000     0.000000     0.000000     0.000000     0.000000     0.000000    -0.000000     0.000000     0.000000    -0.000634     0.028910    -0.000000     0.017440
   -0.046750    -0.613500   197.800000    -0.000000    -0.000000     0.000000    -0.000000    -0.000000     0.000000    -0.000000     0.000000     0.000000     0.014040    -0.640400    -0.000000    -0.207900
    0.006736    -0.090610    -1.832000     0.000000    -0.005707    -0.312800     0.078350     0.000000    -0.000000     0.000000    -0.000000     0.000000    -0.000261    -0.075040     0.014860    -0.155400
   -0.000000    -0.000000     1.000000     0.000000     0.000000    -0.000000    -0.000000     0.000000    -0.000000     0.000000    -0.000000     0.000000     0.000000     0.000000     0.000000     0.000000
    0.000000    -0.000000    -0.000000    -0.000000    -0.064800    15.320000  -201.100000     9.810000    -0.000000     0.000000    -0.000000    -0.000000    -0.000000    -0.000000     0.007424    -0.000000
    0.001574    -0.021180    -0.428000    -0.000000    -0.175600    -8.596000     2.991000    -0.000000     0.000000    -0.000000     0.000000    -0.000000    -0.000061    -0.017540     0.412500    -0.036310
    0.000191    -0.002571    -0.051970    -0.000000     0.019110    -0.231300    -0.985000    -0.000000     0.000000    -0.000000     0.000000    -0.000000    -0.000007    -0.002129     0.005705    -0.004408
   -0.000000    -0.000000     0.000000    -0.000000     0.000000     1.000000     0.000000     0.000000    -0.000000     0.000000    -0.000000     0.000000     0.000000     0.000000     0.000000     0.000000
    1.000000     0.000000    -0.000000    15.390000    -0.000000     0.000000     0.000000     0.000000     0.000000    -0.000000     0.000000     0.000000    -0.000000    -0.000000    -0.000000    -0.000000
    0.000000    -0.000000     0.000000    -0.000000     1.000000    -0.000000    -0.000000   -15.390000    -0.000000     0.000000    -0.000000   207.000000     0.000000     0.000000     0.000000     0.000000
   -0.000000     1.000000    -0.000000  -207.000000     0.000000     0.000000     0.000000     0.000000     0.000000    -0.000000     0.000000     0.000000    -0.000000    -0.000000    -0.000000    -0.000000
   -0.000000    -0.000000     0.000000     0.000000     0.000000    -0.000000     1.000000    -0.000000    -0.000000     0.000000    -0.000000     0.000000     0.000000     0.000000     0.000000     0.000000

   -0.002438     0.171000   -16.780000    -9.810000    -0.000000    -0.000000     0.000000     0.000000     0.000000    -0.000000     0.000000     0.000000    -0.000856     0.036410     0.000000     0.018450
   -0.078780    -0.627800    92.400000    -0.000000     0.000000     0.000000    -0.000000    -0.000000     0.000000    -0.000000     0.000000     0.000000     0.007249    -0.314400    -0.000000    -0.109400
    0.010360    -0.064700    -1.331000     0.000000    -0.004592    -0.203200     0.074920     0.000000    -0.000000     0.000000    -0.000000     0.000000    -0.000038    -0.024660     0.004703    -0.055390
   -0.000000    -0.000000     1.000000     0.000000     0.000000    -0.000000    -0.000000     0.000000    -0.000000     0.000000    -0.000000     0.000000     0.000000     0.000000     0.000000     0.000000
   -0.000000    -0.000000    -0.000000    -0.000000    -0.070050    16.650000   -95.640000     9.810000    -0.000000     0.000000    -0.000000    -0.000000    -0.000000    -0.000000     0.002002    -0.000000
    0.002226    -0.013900    -0.286000    -0.000000    -0.205300    -8.378000     3.809000    -0.000000     0.000000    -0.000000     0.000000    -0.000000    -0.000008    -0.005298     0.197200    -0.011900
    0.000211    -0.001319    -0.027140    -0.000000     0.011820    -0.356800    -0.764700    -0.000000     0.000000    -0.000000     0.000000    -0.000000    -0.000001    -0.000503     0.004116    -0.001129
   -0.000000    -0.000000     0.000000    -0.000000     0.000000     1.000000     0.000000     0.000000    -0.000000     0.000000    -0.000000     0.000000     0.000000     0.000000     0.000000     0.000000
    1.000000     0.000000    -0.000000    16.420000    -0.000000     0.000000     0.000000     0.000000     0.000000    -0.000000     0.000000     0.000000    -0.000000    -0.000000    -0.000000    -0.000000
    0.000000    -0.000000     0.000000    -0.000000     1.000000    -0.000000    -0.000000   -16.420000    -0.000000     0.000000    -0.000000   102.500000     0.000000     0.000000     0.000000     0.000000
   -0.000000     1.000000    -0.000000  -102.500000     0.000000     0.000000     0.000000     0.000000     0.000000    -0.000000     0.000000     0.000000    -0.000000    -0.000000    -0.000000    -0.000000
   -0.000000    -0.000000     0.000000     0.000000     0.000000    -0.000000     1.000000    -0.000000    -0.000000     0.000000    -0.000000     0.000000     0.000000     0.000000     0.000000     0.000000

   -0.009632     0.276500   -22.150000    -9.810000    -0.000000    -0.000000     0.000000     0.000000     0.000000    -0.000000     0.000000     0.000000    -0.000964     0.038960    -0.000000     0.018650
   -0.108600    -0.489700    56.340000    -0.000000     0.000000    -0.000000    -0.000000    -0.000000     0.000000    -0.000000     0.000000     0.000000     0.003608    -0.149800     0.000000    -0.056050
    0.014870    -0.044760    -0.925100     0.000000    -0.003860    -0.129800     0.072090     0.000000    -0.000000     0.000000    -0.000000     0.000000     0.000000    -0.009933     0.001839    -0.024200
   -0.000000    -0.000000     1.000000     0.000000     0.000000    -0.000000    -0.000000     0.000000    -0.000000     0.000000    -0.000000     0.000000     0.000000     0.000000     0.000000     0.000000
   -0.000000    -0.000000     0.000000    -0.000000    -0.053730    22.150000   -58.680000     9.810000    -0.000000     0.000000    -0.000000    -0.000000     0.000000    -0.000000    -0.000787    -0.000000
    0.003045    -0.009163    -0.189400    -0.000000    -0.202300    -6.307000     4.134000    -0.000000     0.000000    -0.000000     0.000000    -0.000000     0.000000    -0.002033     0.092270    -0.004954
    0.000260    -0.000783    -0.016180    -0.000000     0.004285    -0.471900    -0.521700    -0.000000     0.000000    -0.000000     0.000000    -0.000000     0.000000    -0.000174     0.003094    -0.000423
   -0.000000    -0.000000     0.000000     0.000000     0.000000     1.000000     0.000000     0.000000    -0.000000     0.000000    -0.000000     0.000000     0.000000     0.000000     0.000000     0.000000
    1.000000     0.000000    -0.000000    21.460000    -0.000000     0.000000     0.000000     0.000000     0.000000    -0.000000     0.000000     0.000000    -0.000000    -0.000000    -0.000000    -0.000000
    0.000000    -0.000000     0.000000    -0.000000     1.000000    -0.000000    -0.000000   -21.460000    -0.000000     0.000000    -0.000000    64.590000     0.000000     0.000000     0.000000     0.000000
   -0.000000     1.000000    -0.000000   -64.590000     0.000000     0.000000     0.000000     0.000000     0.000000    -0.000000     0.000000     0.000000    -0.000000    -0.000000    -0.000000    -0.000000
   -0.000000    -0.000000     0.000000     0.000000     0.000000    -0.000000     1.000000     0.000000    -0.000000     0.000000    -0.000000     0.000000     0.000000     0.000000     0.000000     0.000000
