u  w  q  the  v  p  r  phi  x  y  z  psi  |  slat  flap  aileron  elevator
   -0.010160     0.273300   -29.190000    -9.810000    -0.000000     0.000000     0.000000     0.000000     0.000000    -0.000000     0.000000     0.000000    -0.000925     0.036730    -0.000000     0.015870
   -0.114200    -0.360800    56.100000    -0.000000     0.000000    -0.000000    -0.000000    -0.000000     0.000000    -0.000000     0.000000     0.000000     0.002554    -0.104200     0.000000    -0.040180
    0.017430    -0.038050    -0.839900     0.000000    -0.001234    -0.030630     0.026830     0.000000    -0.000000     0.000000    -0.000000     0.000000    -0.000051    -0.007031     0.000438    -0.022340
   -0.000000    -0.000000     1.000000    -0.000000     0.000000    -0.000000    -0.000000    -0.000000    -0.000000     0.000000    -0.000000    -0.000000     0.000000     0.000000     0.000000     0.000000
   -0.000000    -0.000000     0.000000    -0.000000    -0.037360    29.130000   -57.500000     9.810000    -0.000000     0.000000    -0.000000    -0.000000     0.000000    -0.000000    -0.001413    -0.000000
    0.000959    -0.002093    -0.046210    -0.000000    -0.895600   -23.450000    18.590000    -0.000000     0.000000    -0.000000     0.000000    -0.000000    -0.000003    -0.000387     0.325800    -0.001229
   -0.000034     0.000073     0.001619    -0.000000    -0.007169    -0.866200    -0.345200    -0.000000     0.000000    -0.000000     0.000000    -0.000000     0.000000     0.000014     0.006832     0.000043
   -0.000000    -0.000000     0.000000     0.000000     0.000000     1.000000     0.000000    -0.000000    -0.000000     0.000000    -0.000000    -0.000000     0.000000     0.000000     0.000000     0.000000
    1.000000     0.000000    -0.000000    28.350000    -0.000000     0.000000     0.000000     0.000000     0.000000    -0.000000     0.000000     0.000000    -0.000000    -0.000000    -0.000000    -0.000000
    0.000000    -0.000000     0.000000    -0.000000     1.000000    -0.000000    -0.000000   -28.350000    -0.000000     0.000000    -0.000000    61.870000     0.000000     0.000000     0.000000     0.000000
   -0.000000     1.000000    -0.000000   -61.870000     0.000000     0.000000     0.000000     0.000000     0.000000    -0.000000     0.000000     0.000000    -0.000000    -0.000000    -0.000000    -0.000000
   -0.000000    -0.000000     0.000000     0.000000     0.000000    -0.000000     1.000000    -0.000000    -0.000000     0.000000    -0.000000    -0.000000     0.000000     0.000000     0.000000     0.000000

   -0.002312     0.168700   -22.220000    -9.810000    -0.000000    -0.000000     0.000000     0.000000     0.000000    -0.000000     0.000000     0.000000    -0.000854     0.036020     0.000000     0.015890
   -0.080810    -0.473900    94.250000    -0.000000     0.000000     0.000000    -0.000000    -0.000000     0.000000    -0.000000     0.000000     0.000000     0.005425    -0.233500    -0.000000    -0.082310
    0.011690    -0.054560    -1.228000     0.000000    -0.001739    -0.061240     0.034330     0.000000    -0.000000     0.000000    -0.000000     0.000000    -0.000172    -0.018600     0.001441    -0.053730
   -0.000000    -0.000000     1.000000     0.000000     0.000000    -0.000000    -0.000000     0.000000    -0.000000     0.000000    -0.000000     0.000000     0.000000     0.000000     0.000000     0.000000
   -0.000000     0.000000    -0.000000    -0.000000    -0.051680    22.090000   -96.340000     9.810000    -0.000000     0.000000    -0.000000    -0.000000    -0.000000     0.000000     0.000694    -0.000000
    0.000789    -0.003681    -0.082870    -0.000000    -1.026000   -37.660000    19.170000    -0.000000     0.000000    -0.000000     0.000000    -0.000000    -0.000012    -0.001255     0.874300    -0.003626
   -0.000027     0.000126     0.002844    -0.000000     0.000211    -0.857700    -0.615900    -0.000000     0.000000    -0.000000     0.000000    -0.000000     0.000000     0.000043     0.013590     0.000124
   -0.000000    -0.000000     0.000000    -0.000000     0.000000     1.000000     0.000000     0.000000    -0.000000     0.000000    -0.000000     0.000000     0.000000     0.000000     0.000000     0.000000
    1.000000     0.000000    -0.000000    21.760000    -0.000000     0.000000     0.000000     0.000000     0.000000    -0.000000     0.000000     0.000000    -0.000000    -0.000000    -0.000000    -0.000000
    0.000000    -0.000000     0.000000    -0.000000     1.000000    -0.000000    -0.000000   -21.760000    -0.000000     0.000000    -0.000000   101.500000     0.000000     0.000000     0.000000     0.000000
   -0.000000     1.000000    -0.000000  -101.500000     0.000000     0.000000     0.000000     0.000000     0.000000    -0.000000     0.000000     0.000000    -0.000000    -0.000000    -0.000000    -0.000000
   -0.000000    -0.000000     0.000000     0.000000     0.000000    -0.000000     1.000000     0.000000    -0.000000     0.000000    -0.000000     0.000000     0.000000     0.000000     0.000000     0.000000

   -0.000316     0.077820   -21.140000    -9.810000    -0.000000    -0.000000     0.000000     0.000000     0.000000    -0.000000     0.000000     0.000000    -0.000671     0.030440    -0.000000     0.014960
   -0.046090    -0.462000   199.900000    -0.000000     0.000000    -0.000000    -0.000000    -0.000000     0.000000    -0.000000     0.000000     0.000000     0.010550    -0.479500    -0.000000    -0.156800
    0.007699    -0.075840    -1.698000     0.000000    -0.003251    -0.143100     0.058720     0.000000    -0.000000     0.000000    -0.000000     0.000000    -0.000663    -0.057930     0.006875    -0.152900
   -0.000000    -0.000000     1.000000     0.000000     0.000000    -0.000000    -0.000000     0.000000    -0.000000     0.000000    -0.000000     0.000000     0.000000     0.000000     0.000000     0.000000
    0.000000    -0.000000    -0.000000    -0.000000    -0.048290    20.990000  -202.100000     9.810000    -0.000000     0.000000    -0.000000    -0.000000     0.000000    -0.000000     0.004830    -0.000000
    0.000826    -0.008132    -0.182100    -0.000000    -1.239000   -56.680000    21.040000    -0.000000     0.000000    -0.000000     0.000000    -0.000000    -0.000071    -0.006212     2.708000    -0.016400
   -0.000027     0.000262     0.005862    -0.000000     0.006740    -0.924000    -0.878300    -0.000000     0.000000    -0.000000     0.000000    -0.000000     0.000002     0.000200     0.035190     0.000528
   -0.000000    -0.000000     0.000000    -0.000000     0.000000     1.000000     0.000000     0.000000    -0.000000     0.000000    -0.000000     0.000000     0.000000     0.000000     0.000000     0.000000
    1.000000     0.000000    -0.000000    20.970000    -0.000000     0.000000     0.000000     0.000000     0.000000    -0.000000     0.000000     0.000000    -0.000000    -0.000000    -0.000000    -0.000000
    0.000000    -0.000000     0.000000    -0.000000     1.000000    -0.000000    -0.000000   -20.970000    -0.000000     0.000000    -0.000000   206.600000     0.000000     0.000000     0.000000     0.000000
   -0.000000     1.000000    -0.000000  -206.600000     0.000000     0.000000     0.000000     0.000000     0.000000    -0.000000     0.000000     0.000000    -0.000000    -0.000000    -0.000000    -0.000000
   -0.000000    -0.000000     0.000000     0.000000     0.000000    -0.000000     1.000000     0.000000    -0.000000     0.000000    -0.000000     0.000000     0.000000     0.000000     0.000000     0.000000

   -0.000117     0.074780   -14.810000    -9.810000     0.000000     0.000000     0.000000     0.000000     0.000000    -0.000000     0.000000     0.000000    -0.000596     0.027230    -0.000000     0.014230
   -0.048910    -0.613900   198.200000    -0.000000    -0.000000    -0.000000    -0.000000    -0.000000     0.000000    -0.000000     0.000000     0.000000     0.014040    -0.640800    -0.000000    -0.207700
    0.005305    -0.074970    -1.688000     0.000000    -0.003055    -0.144000     0.053320     0.000000    -0.000000     0.000000    -0.000000     0.000000    -0.000667    -0.058130     0.006937    -0.152000
   -0.000000    -0.000000     1.000000     0.000000     0.000000    -0.000000    -0.000000     0.000000    -0.000000     0.000000    -0.000000     0.000000     0.000000     0.000000     0.000000     0.000000
    0.000000    -0.000000    -0.000000    -0.000000    -0.065090    14.570000  -201.200000     9.810000    -0.000000     0.000000    -0.000000    -0.000000    -0.000000    -0.000000     0.007530    -0.000000
    0.000569    -0.008040    -0.181000    -0.000000    -1.159000   -56.860000    18.920000    -0.000000     0.000000    -0.000000     0.000000    -0.000000    -0.000072    -0.006234     2.729000    -0.016300
   -0.000018     0.000259     0.005826    -0.000000     0.009110    -0.831600    -0.904600    -0.000000     0.000000    -0.000000     0.000000    -0.000000     0.000002     0.000201     0.034020     0.000525
   -0.000000    -0.000000     0.000000    -0.000000     0.000000     1.000000     0.000000     0.000000    -0.000000     0.000000    -0.000000     0.000000     0.000000     0.000000     0.000000     0.000000
    1.000000     0.000000    -0.000000    14.650000    -0.000000     0.000000     0.000000     0.000000     0.000000    -0.000000     0.000000     0.000000    -0.000000    -0.000000    -0.000000    -0.000000
    0.000000    -0.000000     0.000000    -0.000000     1.000000    -0.000000    -0.000000   -14.650000    -0.000000     0.000000    -0.000000   207.100000     0.000000     0.000000     0.000000     0.000000
   -0.000000     1.000000    -0.000000  -207.100000     0.000000     0.000000     0.000000     0.000000     0.000000    -0.000000     0.000000     0.000000    -0.000000    -0.000000    -0.000000    -0.000000
   -0.000000    -0.000000     0.000000     0.000000     0.000000    -0.000000     1.000000    -0.000000    -0.000000     0.000000    -0.000000     0.000000     0.000000     0.000000     0.000000     0.000000

   -0.001311     0.164900   -16.150000    -9.810000    -0.000000    -0.000000     0.000000     0.000000     0.000000    -0.000000     0.000000     0.000000    -0.000816     0.034720     0.000000     0.015550
   -0.082950    -0.628900    92.940000    -0.000000     0.000000     0.000000    -0.000000    -0.000000     0.000000    -0.000000     0.000000     0.000000     0.007263    -0.315200    -0.000000    -0.109300
    0.008220    -0.053690    -1.221000     0.000000    -0.001589    -0.062400     0.030100     0.000000    -0.000000     0.000000    -0.000000     0.000000    -0.000177    -0.018930     0.001484    -0.053830
   -0.000000    -0.000000     1.000000     0.000000     0.000000    -0.000000    -0.000000     0.000000    -0.000000     0.000000    -0.000000     0.000000     0.000000     0.000000     0.000000     0.000000
   -0.000000    -0.000000    -0.000000    -0.000000    -0.070620    15.920000   -95.790000     9.810000    -0.000000     0.000000    -0.000000    -0.000000     0.000000    -0.000000     0.002122    -0.000000
    0.000555    -0.003623    -0.082380    -0.000000    -0.931600   -38.130000    16.610000    -0.000000     0.000000    -0.000000     0.000000    -0.000000    -0.000012    -0.001278     0.898400    -0.003632
   -0.000019     0.000124     0.002827    -0.000000     0.003416    -0.735200    -0.653900    -0.000000     0.000000    -0.000000     0.000000    -0.000000     0.000000     0.000044     0.012890     0.000125
   -0.000000    -0.000000     0.000000    -0.000000     0.000000     1.000000     0.000000     0.000000    -0.000000     0.000000    -0.000000     0.000000     0.000000     0.000000     0.000000     0.000000
    1.000000     0.000000    -0.000000    15.720000    -0.000000     0.000000     0.000000     0.000000     0.000000    -0.000000     0.000000     0.000000    -0.000000    -0.000000    -0.000000    -0.000000
    0.000000    -0.000000     0.000000    -0.000000     1.000000    -0.000000    -0.000000   -15.720000    -0.000000     0.000000    -0.000000   102.600000     0.000000     0.000000     0.000000     0.000000
   -0.000000     1.000000    -0.000000  -102.600000     0.000000     0.000000     0.000000     0.000000     0.000000    -0.000000     0.000000     0.000000    -0.000000    -0.000000    -0.000000    -0.000000
   -0.000000    -0.000000     0.000000    -0.000000     0.000000    -0.000000     1.000000    -0.000000    -0.000000     0.000000    -0.000000     0.000000     0.000000     0.000000     0.000000     0.000000

   -0.006180     0.267000   -21.400000    -9.810000    -0.000000     0.000000     0.000000     0.000000     0.000000    -0.000000     0.000000     0.000000    -0.000925     0.037430    -0.000000     0.016090
   -0.114800    -0.492500    56.940000    -0.000000     0.000000    -0.000000    -0.000000    -0.000000     0.000000    -0.000000     0.000000     0.000000     0.003638    -0.151200     0.000000    -0.056280
    0.011960    -0.037690    -0.848300     0.000000    -0.001093    -0.032750     0.022660     0.000000    -0.000000     0.000000    -0.000000     0.000000    -0.000058    -0.007661     0.000491    -0.023540
   -0.000000    -0.000000     1.000000     0.000000     0.000000    -0.000000    -0.000000    -0.000000    -0.000000     0.000000    -0.000000     0.000000     0.000000     0.000000     0.000000     0.000000
   -0.000000    -0.000000     0.000000    -0.000000    -0.054640    21.230000   -58.990000     9.810000    -0.000000     0.000000    -0.000000    -0.000000     0.000000    -0.000000    -0.000664    -0.000000
    0.000658    -0.002074    -0.046670    -0.000000    -0.787000   -24.690000    15.500000    -0.000000     0.000000    -0.000000     0.000000    -0.000000    -0.000003    -0.000421     0.362800    -0.001295
   -0.000023     0.000073     0.001635    -0.000000    -0.002836    -0.709000    -0.404500    -0.000000     0.000000    -0.000000     0.000000    -0.000000     0.000000     0.000015     0.006531     0.000045
   -0.000000    -0.000000     0.000000     0.000000     0.000000     1.000000     0.000000     0.000000    -0.000000     0.000000    -0.000000     0.000000     0.000000     0.000000     0.000000     0.000000
    1.000000     0.000000    -0.000000    20.580000    -0.000000     0.000000     0.000000     0.000000     0.000000    -0.000000     0.000000     0.000000    -0.000000    -0.000000    -0.000000    -0.000000
    0.000000    -0.000000     0.000000    -0.000000     1.000000    -0.000000    -0.000000   -20.580000    -0.000000     0.000000    -0.000000    64.870000     0.000000     0.000000     0.000000     0.000000
   -0.000000     1.000000    -0.000000   -64.870000     0.000000     0.000000     0.000000     0.000000     0.000000    -0.000000     0.000000     0.000000    -0.000000    -0.000000    -0.000000    -0.000000
   -0.000000    -0.000000     0.000000     0.000000     0.000000    -0.000000     1.000000     0.000000    -0.000000     0.000000    -0.000000     0.000000     0.000000     0.000000     0.000000     0.000000
