u  w  q  the  v  p  r  phi  x  y  z  psi  |  slat  flap  aileron  elevator
   -0.013500     0.280000   -29.920000    -9.810000    -0.000000     0.000000     0.000000     0.000000     0.000000    -0.000000     0.000000     0.000000    -0.000949     0.037600    -0.000000     0.017460
   -0.110000    -0.358200    55.570000    -0.000000     0.000000    -0.000000    -0.000000    -0.000000     0.000000    -0.000000     0.000000     0.000000     0.002525    -0.102800     0.000000    -0.039870
    0.020600    -0.043400    -0.908100     0.000000    -0.000753    -0.017340     0.017590     0.000000    -0.000000     0.000000    -0.000000     0.000000    -0.000015    -0.008562     0.000256    -0.023150
   -0.000000    -0.000000     1.000000     0.000000     0.000000    -0.000000    -0.000000     0.000000    -0.000000     0.000000    -0.000000     0.000000     0.000000     0.000000     0.000000     0.000000
   -0.000000    -0.000000     0.000000    -0.000000    -0.036670    29.990000   -57.110000     9.810000    -0.000000     0.000000    -0.000000    -0.000000     0.000000    -0.000000    -0.001492    -0.000000
    0.000676    -0.001425    -0.029810    -0.000000    -0.939800   -24.440000    19.980000    -0.000000     0.000000    -0.000000     0.000000    -0.000000    -0.000000    -0.000281     0.337200    -0.000760
   -0.000059     0.000124     0.002587    -0.000000    -0.007609    -0.918200    -0.352200    -0.000000     0.000000    -0.000000     0.000000    -0.000000     0.000000     0.000024     0.007161     0.000066
   -0.000000    -0.000000     0.000000     0.000000     0.000000     1.000000     0.000000     0.000000    -0.000000     0.000000    -0.000000     0.000000     0.000000     0.000000     0.000000     0.000000
    1.000000     0.000000    -0.000000    29.180000    -0.000000     0.000000     0.000000     0.000000     0.000000    -0.000000     0.000000     0.000000    -0.000000    -0.000000    -0.000000    -0.000000
    0.000000    -0.000000     0.000000    -0.000000     1.000000    -0.000000    -0.000000   -29.180000    -0.000000     0.000000    -0.000000    61.490000     0.000000     0.000000     0.000000     0.000000
   -0.000000     1.000000    -0.000000   -61.490000     0.000000     0.000000     0.000000     0.000000     0.000000    -0.000000     0.000000     0.000000    -0.000000    -0.000000    -0.000000    -0.000000
   -0.000000    -0.000000     0.000000     0.000000     0.000000    -0.000000     1.000000     0.000000    -0.000000     0.000000    -0.000000     0.000000     0.000000     0.000000     0.000000     0.000000

   -0.003351     0.172900   -22.810000    -9.810000     0.000000    -0.000000     0.000000     0.000000     0.000000    -0.000000     0.000000     0.000000    -0.000881     0.037130     0.000000     0.017820
   -0.077950    -0.473000    93.890000    -0.000000     0.000000     0.000000     0.000000    -0.000000     0.000000    -0.000000     0.000000     0.000000     0.005411    -0.232800    -0.000000    -0.082290
    0.014030    -0.063500    -1.335000     0.000000    -0.001094    -0.036600     0.023350     0.000000    -0.000000     0.000000    -0.000000     0.000000    -0.000080    -0.022960     0.000874    -0.056160
   -0.000000    -0.000000     1.000000     0.000000     0.000000    -0.000000    -0.000000     0.000000    -0.000000     0.000000    -0.000000     0.000000     0.000000     0.000000     0.000000     0.000000
   -0.000000    -0.000000    -0.000000    -0.000000    -0.051280    22.760000   -96.180000     9.810000    -0.000000     0.000000    -0.000000    -0.000000    -0.000000    -0.000000     0.000611    -0.000000
    0.000571    -0.002585    -0.054350    -0.000000    -1.089000   -39.890000    20.870000    -0.000000     0.000000    -0.000000     0.000000    -0.000000    -0.000003    -0.000935     0.924600    -0.002286
   -0.000048     0.000218     0.004590    -0.000000     0.000050    -0.918100    -0.634800    -0.000000     0.000000    -0.000000     0.000000    -0.000000     0.000000     0.000079     0.014540     0.000193
   -0.000000    -0.000000     0.000000     0.000000     0.000000     1.000000     0.000000     0.000000    -0.000000     0.000000    -0.000000     0.000000     0.000000     0.000000     0.000000     0.000000
    1.000000     0.000000    -0.000000    22.410000    -0.000000     0.000000     0.000000     0.000000     0.000000    -0.000000     0.000000     0.000000    -0.000000    -0.000000    -0.000000    -0.000000
    0.000000    -0.000000     0.000000    -0.000000     1.000000    -0.000000    -0.000000   -22.410000    -0.000000     0.000000    -0.000000   101.400000     0.000000     0.000000     0.000000     0.000000
   -0.000000     1.000000    -0.000000  -101.400000     0.000000     0.000000     0.000000     0.000000     0.000000    -0.000000     0.000000     0.000000    -0.000000    -0.000000    -0.000000    -0.000000
   -0.000000    -0.000000     0.000000     0.000000     0.000000    -0.000000     1.000000    -0.000000    -0.000000     0.000000    -0.000000     0.000000     0.000000     0.000000     0.000000     0.000000

   -0.000576     0.079870   -21.780000    -9.810000     0.000000     0.000000     0.000000     0.000000     0.000000    -0.000000     0.000000     0.000000    -0.000697     0.031570    -0.000000     0.017120
   -0.044620    -0.461700   199.600000    -0.000000    -0.000000     0.000000     0.000000    -0.000000     0.000000    -0.000000     0.000000     0.000000     0.010550    -0.479100    -0.000000    -0.156900
    0.009411    -0.089790    -1.864000     0.000000    -0.002156    -0.090850     0.042260     0.000000    -0.000000     0.000000    -0.000000     0.000000    -0.000401    -0.072080     0.004394    -0.161200
   -0.000000    -0.000000     1.000000     0.000000     0.000000    -0.000000    -0.000000     0.000000    -0.000000     0.000000    -0.000000     0.000000     0.000000     0.000000     0.000000     0.000000
    0.000000    -0.000000    -0.000000    -0.000000    -0.048090    21.670000  -202.000000     9.810000    -0.000000     0.000000    -0.000000    -0.000000     0.000000    -0.000000     0.004756    -0.000000
    0.000632    -0.006025    -0.125100    -0.000000    -1.364000   -62.350000    23.800000    -0.000000     0.000000    -0.000000     0.000000    -0.000000    -0.000027    -0.004837     2.977000    -0.010810
   -0.000049     0.000466     0.009670    -0.000000     0.006431    -1.029000    -0.908200    -0.000000     0.000000    -0.000000     0.000000    -0.000000     0.000002     0.000374     0.039490     0.000836
   -0.000000    -0.000000     0.000000     0.000000     0.000000     1.000000     0.000000     0.000000    -0.000000     0.000000    -0.000000     0.000000     0.000000     0.000000     0.000000     0.000000
    1.000000     0.000000    -0.000000    21.640000    -0.000000     0.000000     0.000000     0.000000     0.000000    -0.000000     0.000000     0.000000    -0.000000    -0.000000    -0.000000    -0.000000
    0.000000    -0.000000     0.000000    -0.000000     1.000000    -0.000000    -0.000000   -21.640000    -0.000000     0.000000    -0.000000   206.500000     0.000000     0.000000     0.000000     0.000000
   -0.000000     1.000000    -0.000000  -206.500000     0.000000     0.000000     0.000000     0.000000     0.000000    -0.000000     0.000000     0.000000    -0.000000    -0.000000    -0.000000    -0.000000
   -0.000000    -0.000000     0.000000     0.000000     0.000000    -0.000000     1.000000    -0.000000    -0.000000     0.000000    -0.000000     0.000000     0.000000     0.000000     0.000000     0.000000

   -0.000300     0.076820   -15.290000    -9.810000     0.000000     0.000000    -0.000000     0.000000     0.000000    -0.000000     0.000000     0.000000    -0.000622     0.028380    -0.000000     0.016420
   -0.047440    -0.613600   197.900000    -0.000000    -0.000000     0.000000     0.000000    -0.000000     0.000000    -0.000000     0.000000     0.000000     0.014040    -0.640500    -0.000000    -0.207800
    0.006512    -0.088970    -1.852000     0.000000    -0.002035    -0.091760     0.038730     0.000000    -0.000000     0.000000    -0.000000     0.000000    -0.000403    -0.072390     0.004440    -0.160200
   -0.000000    -0.000000     1.000000     0.000000     0.000000    -0.000000    -0.000000     0.000000    -0.000000     0.000000    -0.000000     0.000000     0.000000     0.000000     0.000000     0.000000
    0.000000    -0.000000    -0.000000    -0.000000    -0.064890    15.080000  -201.100000     9.810000    -0.000000     0.000000    -0.000000    -0.000000     0.000000    -0.000000     0.007458    -0.000000
    0.000437    -0.005970    -0.124300    -0.000000    -1.276000   -62.560000    21.410000    -0.000000     0.000000    -0.000000     0.000000    -0.000000    -0.000027    -0.004857     3.002000    -0.010750
   -0.000034     0.000462     0.009608    -0.000000     0.009055    -0.929700    -0.939000    -0.000000     0.000000    -0.000000     0.000000    -0.000000     0.000002     0.000376     0.038270     0.000831
   -0.000000    -0.000000     0.000000    -0.000000     0.000000     1.000000     0.000000     0.000000    -0.000000     0.000000    -0.000000     0.000000     0.000000     0.000000     0.000000     0.000000
    1.000000     0.000000    -0.000000    15.160000    -0.000000     0.000000     0.000000     0.000000     0.000000    -0.000000     0.000000     0.000000    -0.000000    -0.000000    -0.000000    -0.000000
    0.000000    -0.000000     0.000000    -0.000000     1.000000    -0.000000    -0.000000   -15.160000    -0.000000     0.000000    -0.000000   207.100000     0.000000     0.000000     0.000000     0.000000
   -0.000000     1.000000    -0.000000  -207.100000     0.000000     0.000000     0.000000     0.000000     0.000000    -0.000000     0.000000     0.000000    -0.000000    -0.000000    -0.000000    -0.000000
   -0.000000    -0.000000     0.000000     0.000000     0.000000    -0.000000     1.000000    -0.000000    -0.000000     0.000000    -0.000000     0.000000     0.000000     0.000000     0.000000     0.000000

   -0.002055     0.169100   -16.580000    -9.810000    -0.000000    -0.000000     0.000000     0.000000     0.000000    -0.000000     0.000000     0.000000    -0.000843     0.035870    -0.000000     0.017530
   -0.080100    -0.628200    92.570000    -0.000000    -0.000000     0.000000    -0.000000    -0.000000     0.000000    -0.000000     0.000000     0.000000     0.007253    -0.314700    -0.000000    -0.109400
    0.009910    -0.062760    -1.327000     0.000000    -0.001006    -0.037620     0.020720     0.000000    -0.000000     0.000000    -0.000000     0.000000    -0.000084    -0.023430     0.000904    -0.056270
   -0.000000    -0.000000     1.000000     0.000000     0.000000    -0.000000    -0.000000    -0.000000    -0.000000     0.000000    -0.000000     0.000000     0.000000     0.000000     0.000000     0.000000
    0.000000    -0.000000    -0.000000    -0.000000    -0.070230    16.420000   -95.690000     9.810000    -0.000000     0.000000    -0.000000    -0.000000     0.000000     0.000000     0.002041     0.000000
    0.000403    -0.002555    -0.054030    -0.000000    -0.988700   -40.420000    18.090000    -0.000000     0.000000    -0.000000     0.000000    -0.000000    -0.000003    -0.000954     0.951500    -0.002291
   -0.000034     0.000216     0.004563    -0.000000     0.003496    -0.788100    -0.676800    -0.000000     0.000000    -0.000000     0.000000    -0.000000     0.000000     0.000081     0.013820     0.000193
   -0.000000    -0.000000     0.000000     0.000000     0.000000     1.000000     0.000000     0.000000    -0.000000     0.000000    -0.000000     0.000000     0.000000     0.000000     0.000000     0.000000
    1.000000     0.000000    -0.000000    16.200000    -0.000000     0.000000     0.000000     0.000000     0.000000    -0.000000     0.000000     0.000000    -0.000000    -0.000000    -0.000000    -0.000000
    0.000000    -0.000000     0.000000    -0.000000     1.000000    -0.000000    -0.000000   -16.200000    -0.000000     0.000000    -0.000000   102.600000     0.000000     0.000000     0.000000     0.000000
   -0.000000     1.000000    -0.000000  -102.600000     0.000000     0.000000     0.000000     0.000000     0.000000    -0.000000     0.000000     0.000000    -0.000000    -0.000000    -0.000000    -0.000000
   -0.000000    -0.000000     0.000000     0.000000     0.000000    -0.000000     1.000000     0.000000    -0.000000     0.000000    -0.000000     0.000000     0.000000     0.000000     0.000000     0.000000

   -0.008467     0.273500   -21.910000    -9.810000    -0.000000     0.000000     0.000000     0.000000     0.000000    -0.000000     0.000000     0.000000    -0.000952     0.038470    -0.000000     0.017840
   -0.110500    -0.490600    56.530000    -0.000000     0.000000    -0.000000    -0.000000    -0.000000     0.000000    -0.000000     0.000000     0.000000     0.003618    -0.150200     0.000000    -0.056130
    0.014220    -0.043420    -0.918400     0.000000    -0.000673    -0.018990     0.015050     0.000000    -0.000000     0.000000    -0.000000     0.000000    -0.000019    -0.009413     0.000291    -0.024490
   -0.000000    -0.000000     1.000000     0.000000     0.000000    -0.000000    -0.000000     0.000000    -0.000000     0.000000    -0.000000     0.000000     0.000000     0.000000     0.000000     0.000000
   -0.000000    -0.000000    -0.000000    -0.000000    -0.054020    21.860000   -58.780000     9.810000    -0.000000     0.000000    -0.000000    -0.000000     0.000000    -0.000000    -0.000748    -0.000000
    0.000467    -0.001425    -0.030150    -0.000000    -0.825900   -25.810000    16.670000    -0.000000     0.000000    -0.000000     0.000000    -0.000000    -0.000001    -0.000309     0.378100    -0.000804
   -0.000041     0.000124     0.002617    -0.000000    -0.003014    -0.751900    -0.415900    -0.000000     0.000000    -0.000000     0.000000    -0.000000     0.000000     0.000027     0.006882     0.000070
   -0.000000    -0.000000     0.000000    -0.000000     0.000000     1.000000     0.000000     0.000000    -0.000000     0.000000    -0.000000     0.000000     0.000000     0.000000     0.000000     0.000000
    1.000000     0.000000    -0.000000    21.180000    -0.000000     0.000000     0.000000     0.000000     0.000000    -0.000000     0.000000     0.000000    -0.000000    -0.000000    -0.000000    -0.000000
    0.000000    -0.000000     0.000000    -0.000000     1.000000    -0.000000    -0.000000   -21.180000    -0.000000     0.000000    -0.000000    64.680000     0.000000     0.000000     0.000000     0.000000
   -0.000000     1.000000    -0.000000   -64.680000     0.000000     0.000000     0.000000     0.000000     0.000000    -0.000000     0.000000     0.000000    -0.000000    -0.000000    -0.000000    -0.000000
   -0.000000    -0.000000     0.000000     0.000000     0.000000    -0.000000     1.000000     0.000000    -0.000000     0.000000    -0.000000     0.000000     0.000000     0.000000     0.000000     0.000000
