u  w  q  the  v  p  r  phi  x  y  z  psi  |  slat  flap  aileron  elevator
   -0.008480     0.269600   -28.780000    -9.810000    -0.000000     0.000000     0.000000     0.000000     0.000000    -0.000000     0.000000     0.000000    -0.000911     0.036230    -0.000000     0.014970
   -0.116600    -0.362200    56.390000    -0.000000     0.000000    -0.000000    -0.000000    -0.000000     0.000000    -0.000000     0.000000     0.000000     0.002571    -0.104900     0.000000    -0.040350
    0.015970    -0.035550    -0.815300     0.000000    -0.000747    -0.017580     0.016790     0.000000    -0.000000     0.000000    -0.000000     0.000000    -0.000072    -0.006258     0.000261    -0.022180
   -0.000000    -0.000000     1.000000     0.000000     0.000000    -0.000000    -0.000000     0.000000    -0.000000     0.000000    -0.000000     0.000000     0.000000     0.000000     0.000000     0.000000
   -0.000000    -0.000000     0.000000    -0.000000    -0.037750    28.660000   -57.710000     9.810000    -0.000000     0.000000    -0.000000    -0.000000     0.000000    -0.000000    -0.001369    -0.000000
    0.000525    -0.001167    -0.026770    -0.000000    -0.939600   -24.700000    19.230000    -0.000000     0.000000    -0.000000     0.000000    -0.000000    -0.000002    -0.000206     0.344400    -0.000728
   -0.000045     0.000101     0.002307    -0.000000    -0.007878    -0.873700    -0.329900    -0.000000     0.000000    -0.000000     0.000000    -0.000000     0.000000     0.000018     0.007066     0.000063
   -0.000000    -0.000000     0.000000     0.000000     0.000000     1.000000     0.000000     0.000000    -0.000000     0.000000    -0.000000     0.000000     0.000000     0.000000     0.000000     0.000000
    1.000000     0.000000    -0.000000    27.890000    -0.000000     0.000000     0.000000     0.000000     0.000000    -0.000000     0.000000     0.000000    -0.000000    -0.000000    -0.000000    -0.000000
    0.000000    -0.000000     0.000000    -0.000000     1.000000    -0.000000    -0.000000   -27.890000    -0.000000     0.000000    -0.000000    62.080000     0.000000     0.000000     0.000000     0.000000
   -0.000000     1.000000    -0.000000   -62.080000     0.000000     0.000000     0.000000     0.000000     0.000000    -0.000000     0.000000     0.000000    -0.000000    -0.000000    -0.000000    -0.000000
   -0.000000    -0.000000     0.000000     0.000000     0.000000    -0.000000     1.000000    -0.000000    -0.000000     0.000000    -0.000000     0.000000     0.000000     0.000000     0.000000     0.000000

   -0.001792     0.166400   -21.890000    -9.810000     0.000000    -0.000000     0.000000     0.000000     0.000000    -0.000000     0.000000     0.000000    -0.000839     0.035400     0.000000     0.014800
   -0.082420    -0.474400    94.450000    -0.000000     0.000000     0.000000     0.000000    -0.000000     0.000000    -0.000000     0.000000     0.000000     0.005433    -0.233900    -0.000000    -0.082330
    0.010630    -0.050480    -1.192000     0.000000    -0.001080    -0.036530     0.022170     0.000000    -0.000000     0.000000    -0.000000     0.000000    -0.000226    -0.016470     0.000872    -0.053260
   -0.000000    -0.000000     1.000000     0.000000     0.000000    -0.000000    -0.000000    -0.000000    -0.000000     0.000000    -0.000000     0.000000     0.000000     0.000000     0.000000     0.000000
    0.000000    -0.000000    -0.000000    -0.000000    -0.051910    21.720000   -96.430000     9.810000    -0.000000     0.000000    -0.000000    -0.000000     0.000000    -0.000000     0.000740    -0.000000
    0.000433    -0.002056    -0.048550    -0.000000    -1.088000   -39.990000    20.030000    -0.000000     0.000000    -0.000000     0.000000    -0.000000    -0.000009    -0.000671     0.929200    -0.002169
   -0.000036     0.000172     0.004064    -0.000000    -0.000886    -0.884900    -0.595700    -0.000000     0.000000    -0.000000     0.000000    -0.000000     0.000001     0.000056     0.014350     0.000182
   -0.000000    -0.000000     0.000000     0.000000     0.000000     1.000000     0.000000     0.000000    -0.000000     0.000000    -0.000000     0.000000     0.000000     0.000000     0.000000     0.000000
    1.000000     0.000000    -0.000000    21.400000    -0.000000     0.000000     0.000000     0.000000     0.000000    -0.000000     0.000000     0.000000    -0.000000    -0.000000    -0.000000    -0.000000
    0.000000    -0.000000     0.000000    -0.000000     1.000000    -0.000000    -0.000000   -21.400000    -0.000000     0.000000    -0.000000   101.600000     0.000000     0.000000     0.000000     0.000000
   -0.000000     1.000000    -0.000000  -101.600000     0.000000     0.000000     0.000000     0.000000     0.000000    -0.000000     0.000000     0.000000    -0.000000    -0.000000    -0.000000    -0.000000
   -0.000000    -0.000000     0.000000     0.000000     0.000000    -0.000000     1.000000     0.000000    -0.000000     0.000000    -0.000000     0.000000     0.000000     0.000000     0.000000     0.000000

   -0.000188     0.076680   -20.780000    -9.810000     0.000000     0.000000     0.000000     0.000000     0.000000    -0.000000     0.000000     0.000000    -0.000657     0.029800    -0.000000     0.013740
   -0.046910    -0.462200   200.100000    -0.000000    -0.000000     0.000000    -0.000000    -0.000000     0.000000    -0.000000     0.000000     0.000000     0.010560    -0.479700    -0.000000    -0.156700
    0.006981    -0.070030    -1.654000     0.000000    -0.002118    -0.089940     0.039810     0.000000    -0.000000     0.000000    -0.000000     0.000000    -0.000825    -0.051570     0.004348    -0.152100
   -0.000000    -0.000000     1.000000     0.000000     0.000000    -0.000000    -0.000000     0.000000    -0.000000     0.000000    -0.000000     0.000000     0.000000     0.000000     0.000000     0.000000
    0.000000    -0.000000    -0.000000    -0.000000    -0.048400    20.610000  -202.100000     9.810000    -0.000000     0.000000    -0.000000    -0.000000     0.000000    -0.000000     0.004871    -0.000000
    0.000469    -0.004701    -0.111100    -0.000000    -1.363000   -62.390000    22.770000    -0.000000     0.000000    -0.000000     0.000000    -0.000000    -0.000055    -0.003462     2.981000    -0.010210
   -0.000036     0.000359     0.008472    -0.000000     0.004749    -1.002000    -0.848400    -0.000000     0.000000    -0.000000     0.000000    -0.000000     0.000004     0.000264     0.039020     0.000779
   -0.000000    -0.000000     0.000000     0.000000     0.000000     1.000000     0.000000     0.000000    -0.000000     0.000000    -0.000000     0.000000     0.000000     0.000000     0.000000     0.000000
    1.000000     0.000000    -0.000000    20.590000    -0.000000     0.000000     0.000000     0.000000     0.000000    -0.000000     0.000000     0.000000    -0.000000    -0.000000    -0.000000    -0.000000
    0.000000    -0.000000     0.000000    -0.000000     1.000000    -0.000000    -0.000000   -20.590000    -0.000000     0.000000    -0.000000   206.600000     0.000000     0.000000     0.000000     0.000000
   -0.000000     1.000000    -0.000000  -206.600000     0.000000     0.000000     0.000000     0.000000     0.000000    -0.000000     0.000000     0.000000    -0.000000    -0.000000    -0.000000    -0.000000
   -0.000000    -0.000000     0.000000     0.000000     0.000000    -0.000000     1.000000     0.000000    -0.000000     0.000000    -0.000000     0.000000     0.000000     0.000000     0.000000     0.000000

   -0.000029     0.073630   -14.540000    -9.810000     0.000000     0.000000     0.000000     0.000000     0.000000    -0.000000     0.000000     0.000000    -0.000582     0.026590    -0.000000     0.013000
   -0.049730    -0.614000   198.400000    -0.000000    -0.000000    -0.000000    -0.000000    -0.000000     0.000000    -0.000000     0.000000     0.000000     0.014050    -0.641000    -0.000000    -0.207600
    0.004797    -0.069130    -1.644000     0.000000    -0.001998    -0.090760     0.036430     0.000000    -0.000000     0.000000    -0.000000     0.000000    -0.000829    -0.051720     0.004390    -0.151300
   -0.000000    -0.000000     1.000000     0.000000     0.000000    -0.000000    -0.000000     0.000000    -0.000000     0.000000    -0.000000     0.000000     0.000000     0.000000     0.000000     0.000000
    0.000000    -0.000000    -0.000000    -0.000000    -0.065200    14.280000  -201.200000     9.810000    -0.000000     0.000000    -0.000000    -0.000000    -0.000000    -0.000000     0.007570    -0.000000
    0.000322    -0.004641    -0.110400    -0.000000    -1.275000   -62.580000    20.460000    -0.000000     0.000000    -0.000000     0.000000    -0.000000    -0.000056    -0.003472     3.004000    -0.010160
   -0.000025     0.000354     0.008420    -0.000000     0.007203    -0.910800    -0.877100    -0.000000     0.000000    -0.000000     0.000000    -0.000000     0.000004     0.000265     0.037890     0.000775
   -0.000000    -0.000000     0.000000     0.000000     0.000000     1.000000     0.000000     0.000000    -0.000000     0.000000    -0.000000     0.000000     0.000000     0.000000     0.000000     0.000000
    1.000000     0.000000    -0.000000    14.370000    -0.000000     0.000000     0.000000     0.000000     0.000000    -0.000000     0.000000     0.000000    -0.000000    -0.000000    -0.000000    -0.000000
    0.000000    -0.000000     0.000000    -0.000000     1.000000    -0.000000    -0.000000   -14.370000    -0.000000     0.000000    -0.000000   207.100000     0.000000     0.000000     0.000000     0.000000
   -0.000000     1.000000    -0.000000  -207.100000     0.000000     0.000000     0.000000     0.000000     0.000000    -0.000000     0.000000     0.000000    -0.000000    -0.000000    -0.000000    -0.000000
   -0.000000    -0.000000     0.000000     0.000000     0.000000    -0.000000     1.000000    -0.000000    -0.000000     0.000000    -0.000000     0.000000     0.000000     0.000000     0.000000     0.000000

   -0.000941     0.162600   -15.910000    -9.810000    -0.000000    -0.000000     0.000000     0.000000     0.000000    -0.000000     0.000000     0.000000    -0.000800     0.034070    -0.000000     0.014430
   -0.084540    -0.629400    93.140000    -0.000000     0.000000     0.000000    -0.000000    -0.000000     0.000000    -0.000000     0.000000     0.000000     0.007268    -0.315500    -0.000000    -0.109300
    0.007451    -0.049530    -1.185000     0.000000    -0.000993    -0.037460     0.019650     0.000000    -0.000000     0.000000    -0.000000     0.000000    -0.000232    -0.016750     0.000899    -0.053350
   -0.000000    -0.000000     1.000000     0.000000     0.000000    -0.000000    -0.000000     0.000000    -0.000000     0.000000    -0.000000     0.000000     0.000000     0.000000     0.000000     0.000000
    0.000000    -0.000000    -0.000000    -0.000000    -0.070830    15.650000   -95.850000     9.810000    -0.000000     0.000000    -0.000000    -0.000000     0.000000    -0.000000     0.002168    -0.000000
    0.000303    -0.002017    -0.048260    -0.000000    -0.988000   -40.470000    17.340000    -0.000000     0.000000    -0.000000     0.000000    -0.000000    -0.000009    -0.000682     0.954100    -0.002173
   -0.000025     0.000169     0.004040    -0.000000     0.002357    -0.764700    -0.635200    -0.000000     0.000000    -0.000000     0.000000    -0.000000     0.000001     0.000057     0.013660     0.000182
   -0.000000    -0.000000     0.000000     0.000000     0.000000     1.000000     0.000000     0.000000    -0.000000     0.000000    -0.000000     0.000000     0.000000     0.000000     0.000000     0.000000
    1.000000     0.000000    -0.000000    15.450000    -0.000000     0.000000     0.000000     0.000000     0.000000    -0.000000     0.000000     0.000000    -0.000000    -0.000000    -0.000000    -0.000000
    0.000000    -0.000000     0.000000    -0.000000     1.000000    -0.000000    -0.000000   -15.450000    -0.000000     0.000000    -0.000000   102.700000     0.000000     0.000000     0.000000     0.000000
   -0.000000     1.000000    -0.000000  -102.700000     0.000000     0.000000     0.000000     0.000000     0.000000    -0.000000     0.000000     0.000000    -0.000000    -0.000000    -0.000000    -0.000000
   -0.000000    -0.000000     0.000000     0.000000     0.000000    -0.000000     1.000000    -0.000000    -0.000000     0.000000    -0.000000     0.000000     0.000000     0.000000     0.000000     0.000000

   -0.005027     0.263400   -21.110000    -9.810000    -0.000000    -0.000000     0.000000     0.000000     0.000000    -0.000000     0.000000     0.000000    -0.000910     0.036850    -0.000000     0.015100
   -0.117100    -0.493500    57.170000    -0.000000     0.000000     0.000000    -0.000000    -0.000000     0.000000    -0.000000     0.000000     0.000000     0.003649    -0.151700     0.000000    -0.056360
    0.010910    -0.035000    -0.822900     0.000000    -0.000666    -0.019070     0.014350     0.000000    -0.000000     0.000000    -0.000000     0.000000    -0.000082    -0.006783     0.000293    -0.023320
   -0.000000    -0.000000     1.000000     0.000000     0.000000    -0.000000    -0.000000    -0.000000    -0.000000     0.000000    -0.000000     0.000000     0.000000     0.000000     0.000000     0.000000
   -0.000000    -0.000000     0.000000    -0.000000    -0.055000    20.880000   -59.100000     9.810000    -0.000000     0.000000    -0.000000    -0.000000     0.000000    -0.000000    -0.000617    -0.000000
    0.000358    -0.001149    -0.027020    -0.000000    -0.825500   -25.950000    16.030000    -0.000000     0.000000    -0.000000     0.000000    -0.000000    -0.000003    -0.000223     0.382000    -0.000766
   -0.000031     0.000099     0.002328    -0.000000    -0.003520    -0.720000    -0.390600    -0.000000     0.000000    -0.000000     0.000000    -0.000000     0.000000     0.000019     0.006782     0.000066
   -0.000000    -0.000000     0.000000     0.000000     0.000000     1.000000     0.000000     0.000000    -0.000000     0.000000    -0.000000     0.000000     0.000000     0.000000     0.000000     0.000000
    1.000000     0.000000    -0.000000    20.240000    -0.000000     0.000000     0.000000     0.000000     0.000000    -0.000000     0.000000     0.000000    -0.000000    -0.000000    -0.000000    -0.000000
    0.000000    -0.000000     0.000000    -0.000000     1.000000    -0.000000    -0.000000   -20.240000    -0.000000     0.000000    -0.000000    64.980000     0.000000     0.000000     0.000000     0.000000
   -0.000000     1.000000    -0.000000   -64.980000     0.000000     0.000000     0.000000     0.000000     0.000000    -0.000000     0.000000     0.000000    -0.000000    -0.000000    -0.000000    -0.000000
   -0.000000    -0.000000     0.000000     0.000000     0.000000    -0.000000     1.000000     0.000000    -0.000000     0.000000    -0.000000     0.000000     0.000000     0.000000     0.000000     0.000000
