u  w  q  the  v  p  r  phi  x  y  z  psi  |  slat  flap  aileron  elevator
   -0.019740     0.291000   -31.110000    -9.810000    -0.000000     0.000000     0.000000     0.000000     0.000000    -0.000000     0.000000     0.000000    -0.000987     0.038960    -0.000000     0.019940
   -0.103300    -0.353800    54.700000    -0.000000     0.000000    -0.000000    -0.000000    -0.000000     0.000000    -0.000000     0.000000     0.000000     0.002474    -0.100500     0.000000    -0.039340
    0.022640    -0.045110    -0.891400     0.000000    -0.004179    -0.109600     0.090720     0.000000    -0.000000     0.000000    -0.000000     0.000000     0.000039    -0.009526     0.001477    -0.021150
   -0.000000    -0.000000     1.000000     0.000000     0.000000    -0.000000    -0.000000     0.000000    -0.000000     0.000000    -0.000000     0.000000     0.000000     0.000000     0.000000     0.000000
   -0.000000    -0.000000     0.000000    -0.000000    -0.035580    31.380000   -56.460000     9.810000    -0.000000     0.000000    -0.000000    -0.000000     0.000000    -0.000000    -0.001617    -0.000000
    0.004759    -0.009482    -0.187400    -0.000000    -0.588100   -15.080000    13.000000    -0.000000     0.000000    -0.000000     0.000000    -0.000000     0.000008    -0.002002     0.205800    -0.004445
    0.000135    -0.000270    -0.005333    -0.000000    -0.002557    -0.734600    -0.406800    -0.000000     0.000000    -0.000000     0.000000    -0.000000     0.000000    -0.000057     0.004927    -0.000127
   -0.000000    -0.000000     0.000000     0.000000     0.000000     1.000000     0.000000     0.000000    -0.000000     0.000000    -0.000000     0.000000     0.000000     0.000000     0.000000     0.000000
    1.000000     0.000000    -0.000000    30.530000    -0.000000     0.000000     0.000000     0.000000     0.000000    -0.000000     0.000000     0.000000    -0.000000    -0.000000    -0.000000    -0.000000
    0.000000    -0.000000     0.000000    -0.000000     1.000000    -0.000000    -0.000000   -30.530000    -0.000000     0.000000    -0.000000    60.830000     0.000000     0.000000     0.000000     0.000000
   -0.000000     1.000000    -0.000000   -60.830000     0.000000     0.000000     0.000000     0.000000     0.000000    -0.000000     0.000000     0.000000    -0.000000    -0.000000    -0.000000    -0.000000
   -0.000000    -0.000000     0.000000     0.000000     0.000000    -0.000000     1.000000     0.000000    -0.000000     0.000000    -0.000000     0.000000     0.000000     0.000000     0.000000     0.000000

   -0.005313     0.179600   -23.750000    -9.810000    -0.000000     0.000000    -0.000000     0.000000     0.000000    -0.000000     0.000000     0.000000    -0.000925     0.038910     0.000000     0.020890
   -0.073390    -0.471400    93.310000    -0.000000     0.000000     0.000000     0.000000    -0.000000     0.000000    -0.000000     0.000000     0.000000     0.005388    -0.231600    -0.000000    -0.082230
    0.015280    -0.065890    -1.286000     0.000000    -0.005240    -0.194400     0.102400     0.000000    -0.000000     0.000000    -0.000000     0.000000     0.000062    -0.025390     0.004471    -0.050600
   -0.000000    -0.000000     1.000000     0.000000     0.000000    -0.000000    -0.000000     0.000000    -0.000000     0.000000    -0.000000     0.000000     0.000000     0.000000     0.000000     0.000000
   -0.000000    -0.000000     0.000000    -0.000000    -0.050640    23.830000   -95.910000     9.810000    -0.000000     0.000000    -0.000000    -0.000000    -0.000000     0.000000     0.000477    -0.000000
    0.003652    -0.015750    -0.307500    -0.000000    -0.626200   -22.810000    12.520000    -0.000000     0.000000    -0.000000     0.000000    -0.000000     0.000015    -0.006071     0.527600    -0.012100
    0.000105    -0.000454    -0.008856    -0.000000     0.005632    -0.621400    -0.660800    -0.000000     0.000000    -0.000000     0.000000    -0.000000     0.000000    -0.000175     0.008266    -0.000348
   -0.000000    -0.000000     0.000000    -0.000000     0.000000     1.000000     0.000000     0.000000    -0.000000     0.000000    -0.000000     0.000000     0.000000     0.000000     0.000000     0.000000
    1.000000     0.000000    -0.000000    23.450000    -0.000000     0.000000     0.000000     0.000000     0.000000    -0.000000     0.000000     0.000000    -0.000000    -0.000000    -0.000000    -0.000000
    0.000000    -0.000000     0.000000    -0.000000     1.000000    -0.000000    -0.000000   -23.450000    -0.000000     0.000000    -0.000000   101.200000     0.000000     0.000000     0.000000     0.000000
   -0.000000     1.000000    -0.000000  -101.200000     0.000000     0.000000     0.000000     0.000000     0.000000    -0.000000     0.000000     0.000000    -0.000000    -0.000000    -0.000000    -0.000000
   -0.000000    -0.000000     0.000000     0.000000     0.000000    -0.000000     1.000000    -0.000000    -0.000000     0.000000    -0.000000     0.000000     0.000000     0.000000     0.000000     0.000000

   -0.001081     0.083180   -22.820000    -9.810000     0.000000    -0.000000     0.000000     0.000000     0.000000    -0.000000     0.000000     0.000000    -0.000739     0.033400    -0.000000     0.020590
   -0.042260    -0.461200   199.100000    -0.000000    -0.000000    -0.000000    -0.000000    -0.000000     0.000000    -0.000000     0.000000     0.000000     0.010540    -0.478500    -0.000000    -0.157100
    0.009651    -0.087650    -1.675000     0.000000    -0.007358    -0.341600     0.130700     0.000000    -0.000000     0.000000    -0.000000     0.000000     0.000038    -0.074240     0.016260    -0.135200
   -0.000000    -0.000000     1.000000     0.000000     0.000000    -0.000000    -0.000000     0.000000    -0.000000     0.000000    -0.000000     0.000000     0.000000     0.000000     0.000000     0.000000
    0.000000    -0.000000    -0.000000    -0.000000    -0.047780    22.760000  -201.800000     9.810000    -0.000000     0.000000    -0.000000    -0.000000     0.000000    -0.000000     0.004638    -0.000000
    0.002977    -0.027040    -0.516700    -0.000000    -0.615800   -28.030000    11.270000    -0.000000     0.000000    -0.000000     0.000000    -0.000000     0.000012    -0.022900     1.338000    -0.041700
    0.000088    -0.000803    -0.015350    -0.000000     0.013400    -0.485300    -0.876100    -0.000000     0.000000    -0.000000     0.000000    -0.000000     0.000000    -0.000680     0.015130    -0.001239
   -0.000000    -0.000000     0.000000    -0.000000     0.000000     1.000000     0.000000     0.000000    -0.000000     0.000000    -0.000000     0.000000     0.000000     0.000000     0.000000     0.000000
    1.000000     0.000000    -0.000000    22.720000    -0.000000     0.000000     0.000000     0.000000     0.000000    -0.000000     0.000000     0.000000    -0.000000    -0.000000    -0.000000    -0.000000
    0.000000    -0.000000     0.000000    -0.000000     1.000000    -0.000000    -0.000000   -22.720000    -0.000000     0.000000    -0.000000   206.400000     0.000000     0.000000     0.000000     0.000000
   -0.000000     1.000000    -0.000000  -206.400000     0.000000     0.000000     0.000000     0.000000     0.000000    -0.000000     0.000000     0.000000    -0.000000    -0.000000    -0.000000    -0.000000
   -0.000000    -0.000000     0.000000     0.000000     0.000000    -0.000000     1.000000     0.000000    -0.000000     0.000000    -0.000000     0.000000     0.000000     0.000000     0.000000     0.000000

   -0.000657     0.080120   -16.050000    -9.810000     0.000000     0.000000     0.000000     0.000000     0.000000    -0.000000     0.000000     0.000000    -0.000664     0.030220    -0.000000     0.019930
   -0.045080    -0.613200   197.400000    -0.000000    -0.000000    -0.000000    -0.000000    -0.000000     0.000000    -0.000000     0.000000     0.000000     0.014030    -0.640000    -0.000000    -0.208100
    0.006716    -0.087080    -1.664000     0.000000    -0.006867    -0.342400     0.117200     0.000000    -0.000000     0.000000    -0.000000     0.000000     0.000037    -0.074640     0.016400    -0.134300
   -0.000000    -0.000000     1.000000     0.000000     0.000000    -0.000000    -0.000000     0.000000    -0.000000     0.000000    -0.000000     0.000000     0.000000     0.000000     0.000000     0.000000
    0.000000    -0.000000    -0.000000    -0.000000    -0.064580    15.900000  -201.000000     9.810000    -0.000000     0.000000    -0.000000    -0.000000    -0.000000    -0.000000     0.007341    -0.000000
    0.002072    -0.026860    -0.513300    -0.000000    -0.576100   -28.140000    10.150000    -0.000000     0.000000    -0.000000     0.000000    -0.000000     0.000012    -0.023020     1.350000    -0.041430
    0.000062    -0.000798    -0.015250    -0.000000     0.015090    -0.401800    -0.888500    -0.000000     0.000000    -0.000000     0.000000    -0.000000     0.000000    -0.000684     0.013990    -0.001231
   -0.000000    -0.000000     0.000000    -0.000000     0.000000     1.000000     0.000000     0.000000    -0.000000     0.000000    -0.000000     0.000000     0.000000     0.000000     0.000000     0.000000
    1.000000     0.000000    -0.000000    15.960000    -0.000000     0.000000     0.000000     0.000000     0.000000    -0.000000     0.000000     0.000000    -0.000000    -0.000000    -0.000000    -0.000000
    0.000000    -0.000000     0.000000    -0.000000     1.000000    -0.000000    -0.000000   -15.960000    -0.000000     0.000000    -0.000000   207.000000     0.000000     0.000000     0.000000     0.000000
   -0.000000     1.000000    -0.000000  -207.000000     0.000000     0.000000     0.000000     0.000000     0.000000    -0.000000     0.000000     0.000000    -0.000000    -0.000000    -0.000000    -0.000000
   -0.000000    -0.000000     0.000000     0.000000     0.000000    -0.000000     1.000000    -0.000000    -0.000000     0.000000    -0.000000     0.000000     0.000000     0.000000     0.000000     0.000000

   -0.003470     0.175700   -17.260000    -9.810000    -0.000000    -0.000000    -0.000000     0.000000     0.000000    -0.000000     0.000000     0.000000    -0.000888     0.037720     0.000000     0.020700
   -0.075550    -0.627000    91.980000    -0.000000     0.000000     0.000000     0.000000    -0.000000     0.000000    -0.000000     0.000000     0.000000     0.007237    -0.313800    -0.000000    -0.109400
    0.010850    -0.065480    -1.279000     0.000000    -0.004744    -0.196700     0.088460     0.000000    -0.000000     0.000000    -0.000000     0.000000     0.000061    -0.026000     0.004608    -0.050720
   -0.000000    -0.000000     1.000000    -0.000000     0.000000    -0.000000    -0.000000    -0.000000    -0.000000     0.000000    -0.000000    -0.000000     0.000000     0.000000     0.000000     0.000000
   -0.000000    -0.000000     0.000000    -0.000000    -0.069620    17.220000   -95.520000     9.810000    -0.000000     0.000000    -0.000000    -0.000000    -0.000000    -0.000000     0.001909    -0.000000
    0.002593    -0.015660    -0.305800    -0.000000    -0.568500   -23.140000    10.870000    -0.000000     0.000000    -0.000000     0.000000    -0.000000     0.000015    -0.006216     0.544300    -0.012130
    0.000075    -0.000451    -0.008805    -0.000000     0.008240    -0.501500    -0.685300    -0.000000     0.000000    -0.000000     0.000000    -0.000000     0.000000    -0.000179     0.007498    -0.000349
   -0.000000    -0.000000     0.000000     0.000000     0.000000     1.000000     0.000000    -0.000000    -0.000000     0.000000    -0.000000    -0.000000     0.000000     0.000000     0.000000     0.000000
    1.000000     0.000000    -0.000000    16.970000    -0.000000     0.000000     0.000000     0.000000     0.000000    -0.000000     0.000000     0.000000    -0.000000    -0.000000    -0.000000    -0.000000
    0.000000    -0.000000     0.000000    -0.000000     1.000000    -0.000000    -0.000000   -16.970000    -0.000000     0.000000    -0.000000   102.400000     0.000000     0.000000     0.000000     0.000000
   -0.000000     1.000000    -0.000000  -102.400000     0.000000     0.000000     0.000000     0.000000     0.000000    -0.000000     0.000000     0.000000    -0.000000    -0.000000    -0.000000    -0.000000
   -0.000000    -0.000000     0.000000     0.000000     0.000000    -0.000000     1.000000    -0.000000    -0.000000     0.000000    -0.000000    -0.000000     0.000000     0.000000     0.000000     0.000000

   -0.012750     0.284000   -22.740000    -9.810000    -0.000000    -0.000000     0.000000     0.000000     0.000000    -0.000000     0.000000     0.000000    -0.000995     0.040130    -0.000000     0.020610
   -0.103800    -0.487500    55.860000    -0.000000     0.000000    -0.000000    -0.000000    -0.000000     0.000000    -0.000000     0.000000     0.000000     0.003584    -0.148600     0.000000    -0.055860
    0.015750    -0.045730    -0.904500     0.000000    -0.003662    -0.115700     0.075400     0.000000    -0.000000     0.000000    -0.000000     0.000000     0.000040    -0.010620     0.001673    -0.022550
   -0.000000    -0.000000     1.000000     0.000000     0.000000    -0.000000    -0.000000     0.000000    -0.000000     0.000000    -0.000000     0.000000     0.000000     0.000000     0.000000     0.000000
   -0.000000    -0.000000     0.000000    -0.000000    -0.053030    22.880000   -58.440000     9.810000    -0.000000     0.000000    -0.000000    -0.000000     0.000000    -0.000000    -0.000883    -0.000000
    0.003310    -0.009612    -0.190100    -0.000000    -0.517100   -16.030000    10.870000    -0.000000     0.000000    -0.000000     0.000000    -0.000000     0.000008    -0.002232     0.233600    -0.004739
    0.000094    -0.000274    -0.005411    -0.000000     0.001143    -0.573900    -0.450200    -0.000000     0.000000    -0.000000     0.000000    -0.000000     0.000000    -0.000064     0.004520    -0.000135
   -0.000000    -0.000000     0.000000    -0.000000     0.000000     1.000000     0.000000     0.000000    -0.000000     0.000000    -0.000000     0.000000     0.000000     0.000000     0.000000     0.000000
    1.000000     0.000000    -0.000000    22.160000    -0.000000     0.000000     0.000000     0.000000     0.000000    -0.000000     0.000000     0.000000    -0.000000    -0.000000    -0.000000    -0.000000
    0.000000    -0.000000     0.000000    -0.000000     1.000000    -0.000000    -0.000000   -22.160000    -0.000000     0.000000    -0.000000    64.350000     0.000000     0.000000     0.000000     0.000000
   -0.000000     1.000000    -0.000000   -64.350000     0.000000     0.000000     0.000000     0.000000     0.000000    -0.000000     0.000000     0.000000    -0.000000    -0.000000    -0.000000    -0.000000
   -0.000000    -0.000000     0.000000     0.000000     0.000000    -0.000000     1.000000    -0.000000    -0.000000     0.000000    -0.000000     0.000000     0.000000     0.000000     0.000000     0.000000
