u  w  q  the  v  p  r  phi  x  y  z  psi  |  slat  flap  aileron  elevator
   -0.019760     0.291100   -31.120000    -9.810000    -0.000000     0.000000     0.000000     0.000000     0.000000    -0.000000     0.000000     0.000000    -0.000987     0.038960    -0.000000     0.019950
   -0.103300    -0.353800    54.690000    -0.000000     0.000000    -0.000000    -0.000000    -0.000000     0.000000    -0.000000     0.000000     0.000000     0.002474    -0.100500     0.000000    -0.039330
    0.024370    -0.048560    -0.959500     0.000000    -0.001757    -0.043890     0.039630     0.000000    -0.000000     0.000000    -0.000000     0.000000     0.000042    -0.010260     0.000608    -0.022760
   -0.000000    -0.000000     1.000000     0.000000     0.000000    -0.000000    -0.000000     0.000000    -0.000000     0.000000    -0.000000     0.000000     0.000000     0.000000     0.000000     0.000000
    0.000000    -0.000000    -0.000000    -0.000000    -0.035580    31.390000   -56.460000     9.810000    -0.000000     0.000000    -0.000000    -0.000000     0.000000    -0.000000    -0.001618    -0.000000
    0.001988    -0.003960    -0.078250    -0.000000    -0.843500   -21.650000    18.630000    -0.000000     0.000000    -0.000000     0.000000    -0.000000     0.000003    -0.000836     0.295300    -0.001856
   -0.000019     0.000037     0.000729    -0.000000    -0.005743    -0.878600    -0.379500    -0.000000     0.000000    -0.000000     0.000000    -0.000000    -0.000000     0.000008     0.006417     0.000017
   -0.000000    -0.000000     0.000000     0.000000     0.000000     1.000000     0.000000     0.000000    -0.000000     0.000000    -0.000000     0.000000     0.000000     0.000000     0.000000     0.000000
    1.000000     0.000000    -0.000000    30.530000    -0.000000     0.000000     0.000000     0.000000     0.000000    -0.000000     0.000000     0.000000    -0.000000    -0.000000    -0.000000    -0.000000
    0.000000    -0.000000     0.000000    -0.000000     1.000000    -0.000000    -0.000000   -30.530000    -0.000000     0.000000    -0.000000    60.830000     0.000000     0.000000     0.000000     0.000000
   -0.000000     1.000000    -0.000000   -60.830000     0.000000     0.000000     0.000000     0.000000     0.000000    -0.000000     0.000000     0.000000    -0.000000    -0.000000    -0.000000    -0.000000
   -0.000000    -0.000000     0.000000     0.000000     0.000000    -0.000000     1.000000     0.000000    -0.000000     0.000000    -0.000000     0.000000     0.000000     0.000000     0.000000     0.000000

   -0.005321     0.179600   -23.760000    -9.810000    -0.000000    -0.000000    -0.000000     0.000000     0.000000    -0.000000     0.000000     0.000000    -0.000925     0.038920     0.000000     0.020900
   -0.073370    -0.471400    93.300000    -0.000000     0.000000     0.000000     0.000000    -0.000000     0.000000    -0.000000     0.000000     0.000000     0.005388    -0.231600    -0.000000    -0.082230
    0.016680    -0.071930    -1.404000     0.000000    -0.002409    -0.086040     0.049310     0.000000    -0.000000     0.000000    -0.000000     0.000000     0.000068    -0.027730     0.002003    -0.055220
   -0.000000    -0.000000     1.000000     0.000000     0.000000    -0.000000    -0.000000     0.000000    -0.000000     0.000000    -0.000000     0.000000     0.000000     0.000000     0.000000     0.000000
   -0.000000    -0.000000    -0.000000    -0.000000    -0.050640    23.830000   -95.910000     9.810000    -0.000000     0.000000    -0.000000    -0.000000    -0.000000     0.000000     0.000477    -0.000000
    0.001646    -0.007100    -0.138600    -0.000000    -0.954700   -34.810000    19.070000    -0.000000     0.000000    -0.000000     0.000000    -0.000000     0.000007    -0.002737     0.804800    -0.005450
   -0.000015     0.000065     0.001276    -0.000000     0.002511    -0.827200    -0.659500    -0.000000     0.000000    -0.000000     0.000000    -0.000000    -0.000000     0.000025     0.012350     0.000050
   -0.000000    -0.000000     0.000000    -0.000000     0.000000     1.000000     0.000000     0.000000    -0.000000     0.000000    -0.000000     0.000000     0.000000     0.000000     0.000000     0.000000
    1.000000     0.000000    -0.000000    23.460000    -0.000000     0.000000     0.000000     0.000000     0.000000    -0.000000     0.000000     0.000000    -0.000000    -0.000000    -0.000000    -0.000000
    0.000000    -0.000000     0.000000    -0.000000     1.000000    -0.000000    -0.000000   -23.460000    -0.000000     0.000000    -0.000000   101.200000     0.000000     0.000000     0.000000     0.000000
   -0.000000     1.000000    -0.000000  -101.200000     0.000000     0.000000     0.000000     0.000000     0.000000    -0.000000     0.000000     0.000000    -0.000000    -0.000000    -0.000000    -0.000000
   -0.000000    -0.000000     0.000000    -0.000000     0.000000    -0.000000     1.000000    -0.000000    -0.000000     0.000000    -0.000000     0.000000     0.000000     0.000000     0.000000     0.000000

   -0.001083     0.083190   -22.820000    -9.810000     0.000000     0.000000     0.000000     0.000000     0.000000    -0.000000     0.000000     0.000000    -0.000739     0.033400    -0.000000     0.020600
   -0.042260    -0.461200   199.100000    -0.000000    -0.000000     0.000000    -0.000000    -0.000000     0.000000    -0.000000     0.000000     0.000000     0.010540    -0.478500    -0.000000    -0.157100
    0.010970    -0.099610    -1.903000     0.000000    -0.004206    -0.188000     0.078970     0.000000    -0.000000     0.000000    -0.000000     0.000000     0.000044    -0.084380     0.008998    -0.153600
   -0.000000    -0.000000     1.000000     0.000000     0.000000    -0.000000    -0.000000     0.000000    -0.000000     0.000000    -0.000000     0.000000     0.000000     0.000000     0.000000     0.000000
    0.000000    -0.000000    -0.000000    -0.000000    -0.047780    22.770000  -201.800000     9.810000    -0.000000     0.000000    -0.000000    -0.000000     0.000000    -0.000000     0.004638    -0.000000
    0.001652    -0.015000    -0.286600    -0.000000    -1.107000   -50.450000    20.210000    -0.000000     0.000000    -0.000000     0.000000    -0.000000     0.000007    -0.012700     2.408000    -0.023120
   -0.000015     0.000134     0.002555    -0.000000     0.010190    -0.811300    -0.921200    -0.000000     0.000000    -0.000000     0.000000    -0.000000    -0.000000     0.000113     0.029360     0.000206
   -0.000000    -0.000000     0.000000     0.000000     0.000000     1.000000     0.000000     0.000000    -0.000000     0.000000    -0.000000     0.000000     0.000000     0.000000     0.000000     0.000000
    1.000000     0.000000    -0.000000    22.730000    -0.000000     0.000000     0.000000     0.000000     0.000000    -0.000000     0.000000     0.000000    -0.000000    -0.000000    -0.000000    -0.000000
    0.000000    -0.000000     0.000000    -0.000000     1.000000    -0.000000    -0.000000   -22.730000    -0.000000     0.000000    -0.000000   206.400000     0.000000     0.000000     0.000000     0.000000
   -0.000000     1.000000    -0.000000  -206.400000     0.000000     0.000000     0.000000     0.000000     0.000000    -0.000000     0.000000     0.000000    -0.000000    -0.000000    -0.000000    -0.000000
   -0.000000    -0.000000     0.000000     0.000000     0.000000    -0.000000     1.000000     0.000000    -0.000000     0.000000    -0.000000     0.000000     0.000000     0.000000     0.000000     0.000000

   -0.000659     0.080130   -16.060000    -9.810000     0.000000     0.000000     0.000000     0.000000     0.000000    -0.000000     0.000000     0.000000    -0.000664     0.030230    -0.000000     0.019940
   -0.045070    -0.613200   197.400000    -0.000000    -0.000000     0.000000    -0.000000    -0.000000     0.000000    -0.000000     0.000000     0.000000     0.014030    -0.640000     0.000000    -0.208100
    0.007634    -0.098970    -1.891000     0.000000    -0.003943    -0.189000     0.071470     0.000000    -0.000000     0.000000    -0.000000     0.000000     0.000044    -0.084840     0.009083    -0.152600
   -0.000000    -0.000000     1.000000     0.000000     0.000000    -0.000000    -0.000000     0.000000    -0.000000     0.000000    -0.000000     0.000000     0.000000     0.000000     0.000000     0.000000
    0.000000    -0.000000    -0.000000    -0.000000    -0.064580    15.900000  -201.000000     9.810000    -0.000000     0.000000    -0.000000    -0.000000     0.000000    -0.000000     0.007341    -0.000000
    0.001149    -0.014900    -0.284700    -0.000000    -1.035000   -50.640000    18.200000    -0.000000     0.000000    -0.000000     0.000000    -0.000000     0.000007    -0.012770     2.429000    -0.022970
   -0.000010     0.000133     0.002538    -0.000000     0.012510    -0.715000    -0.945300    -0.000000     0.000000    -0.000000     0.000000    -0.000000    -0.000000     0.000114     0.028150     0.000205
   -0.000000    -0.000000     0.000000    -0.000000     0.000000     1.000000     0.000000     0.000000    -0.000000     0.000000    -0.000000     0.000000     0.000000     0.000000     0.000000     0.000000
    1.000000     0.000000    -0.000000    15.970000    -0.000000     0.000000     0.000000     0.000000     0.000000    -0.000000     0.000000     0.000000    -0.000000    -0.000000    -0.000000    -0.000000
    0.000000    -0.000000     0.000000    -0.000000     1.000000    -0.000000    -0.000000   -15.970000    -0.000000     0.000000    -0.000000   207.000000     0.000000     0.000000     0.000000     0.000000
   -0.000000     1.000000    -0.000000  -207.000000     0.000000     0.000000     0.000000     0.000000     0.000000    -0.000000     0.000000     0.000000    -0.000000    -0.000000    -0.000000    -0.000000
   -0.000000    -0.000000     0.000000    -0.000000     0.000000    -0.000000     1.000000    -0.000000    -0.000000     0.000000    -0.000000     0.000000     0.000000     0.000000     0.000000     0.000000

   -0.003475     0.175800   -17.260000    -9.810000     0.000000    -0.000000    -0.000000     0.000000     0.000000    -0.000000     0.000000     0.000000    -0.000888     0.037730     0.000000     0.020710
   -0.075540    -0.627000    91.970000    -0.000000     0.000000     0.000000     0.000000    -0.000000     0.000000    -0.000000     0.000000     0.000000     0.007237    -0.313800    -0.000000    -0.109400
    0.011840    -0.071490    -1.396000     0.000000    -0.002194    -0.087570     0.043050     0.000000    -0.000000     0.000000    -0.000000     0.000000     0.000067    -0.028390     0.002068    -0.055350
   -0.000000    -0.000000     1.000000     0.000000     0.000000    -0.000000    -0.000000    -0.000000    -0.000000     0.000000    -0.000000     0.000000     0.000000     0.000000     0.000000     0.000000
   -0.000000    -0.000000    -0.000000    -0.000000    -0.069620    17.220000   -95.510000     9.810000    -0.000000     0.000000    -0.000000    -0.000000     0.000000     0.000000     0.001908    -0.000000
    0.001169    -0.007057    -0.137800    -0.000000    -0.866600   -35.310000    16.550000    -0.000000     0.000000    -0.000000     0.000000    -0.000000     0.000007    -0.002802     0.830300    -0.005464
   -0.000011     0.000065     0.001269    -0.000000     0.005755    -0.696000    -0.696600    -0.000000     0.000000    -0.000000     0.000000    -0.000000    -0.000000     0.000026     0.011590     0.000050
   -0.000000    -0.000000     0.000000     0.000000     0.000000     1.000000     0.000000     0.000000    -0.000000     0.000000    -0.000000     0.000000     0.000000     0.000000     0.000000     0.000000
    1.000000     0.000000    -0.000000    16.970000    -0.000000     0.000000     0.000000     0.000000     0.000000    -0.000000     0.000000     0.000000    -0.000000    -0.000000    -0.000000    -0.000000
    0.000000    -0.000000     0.000000    -0.000000     1.000000    -0.000000    -0.000000   -16.970000    -0.000000     0.000000    -0.000000   102.400000     0.000000     0.000000     0.000000     0.000000
   -0.000000     1.000000    -0.000000  -102.400000     0.000000     0.000000     0.000000     0.000000     0.000000    -0.000000     0.000000     0.000000    -0.000000    -0.000000    -0.000000    -0.000000
   -0.000000    -0.000000     0.000000     0.000000     0.000000    -0.000000     1.000000     0.000000    -0.000000     0.000000    -0.000000     0.000000     0.000000     0.000000     0.000000     0.000000

   -0.012760     0.284100   -22.740000    -9.810000    -0.000000     0.000000     0.000000     0.000000     0.000000    -0.000000     0.000000     0.000000    -0.000995     0.040140    -0.000000     0.020620
   -0.103800    -0.487500    55.860000    -0.000000     0.000000    -0.000000    -0.000000    -0.000000     0.000000    -0.000000     0.000000     0.000000     0.003584    -0.148600     0.000000    -0.055860
    0.016950    -0.049230    -0.973500     0.000000    -0.001550    -0.047010     0.033300     0.000000    -0.000000     0.000000    -0.000000     0.000000     0.000043    -0.011430     0.000692    -0.024260
   -0.000000    -0.000000     1.000000     0.000000     0.000000    -0.000000    -0.000000    -0.000000    -0.000000     0.000000    -0.000000     0.000000     0.000000     0.000000     0.000000     0.000000
   -0.000000    -0.000000     0.000000    -0.000000    -0.053030    22.880000   -58.430000     9.810000    -0.000000     0.000000    -0.000000    -0.000000     0.000000    -0.000000    -0.000884    -0.000000
    0.001383    -0.004015    -0.079390    -0.000000    -0.741500   -23.010000    15.570000    -0.000000     0.000000    -0.000000     0.000000    -0.000000     0.000004    -0.000932     0.335200    -0.001979
   -0.000013     0.000037     0.000739    -0.000000    -0.001342    -0.707700    -0.437700    -0.000000     0.000000    -0.000000     0.000000    -0.000000    -0.000000     0.000009     0.006112     0.000018
   -0.000000    -0.000000     0.000000     0.000000     0.000000     1.000000     0.000000     0.000000    -0.000000     0.000000    -0.000000     0.000000     0.000000     0.000000     0.000000     0.000000
    1.000000     0.000000    -0.000000    22.160000    -0.000000     0.000000     0.000000     0.000000     0.000000    -0.000000     0.000000     0.000000    -0.000000    -0.000000    -0.000000    -0.000000
    0.000000    -0.000000     0.000000    -0.000000     1.000000    -0.000000    -0.000000   -22.160000    -0.000000     0.000000    -0.000000    64.350000     0.000000     0.000000     0.000000     0.000000
   -0.000000     1.000000    -0.000000   -64.350000     0.000000     0.000000     0.000000     0.000000     0.000000    -0.000000     0.000000     0.000000    -0.000000    -0.000000    -0.000000    -0.000000
   -0.000000    -0.000000     0.000000     0.000000     0.000000    -0.000000     1.000000     0.000000    -0.000000     0.000000    -0.000000     0.000000     0.000000     0.000000     0.000000     0.000000
