u  w  q  the  v  p  r  phi  x  y  z  psi  |  slat  flap  aileron  elevator
   -0.010840     0.274700   -29.340000    -9.810000    -0.000000     0.000000     0.000000     0.000000     0.000000    -0.000000     0.000000     0.000000    -0.000930     0.036910    -0.000000     0.016210
   -0.113300    -0.360200    55.990000    -0.000000     0.000000    -0.000000     0.000000    -0.000000     0.000000    -0.000000     0.000000     0.000000     0.002548    -0.103900     0.000000    -0.040120
    0.017380    -0.037640    -0.820300     0.000000    -0.003483    -0.103300     0.063760     0.000000    -0.000000     0.000000    -0.000000     0.000000    -0.000042    -0.007067     0.001340    -0.021620
   -0.000000    -0.000000     1.000000     0.000000     0.000000    -0.000000    -0.000000     0.000000    -0.000000     0.000000    -0.000000     0.000000     0.000000     0.000000     0.000000     0.000000
   -0.000000    -0.000000     0.000000    -0.000000    -0.037210    29.310000   -57.420000     9.810000    -0.000000     0.000000    -0.000000    -0.000000     0.000000    -0.000000    -0.001430    -0.000000
    0.002876    -0.006230    -0.135800    -0.000000    -0.139600    -3.643000     2.915000    -0.000000     0.000000    -0.000000     0.000000    -0.000000    -0.000007    -0.001170     0.050580    -0.003579
    0.000374    -0.000810    -0.017650    -0.000000     0.001645    -0.534300    -0.452700    -0.000000     0.000000    -0.000000     0.000000    -0.000000    -0.000001    -0.000152     0.002989    -0.000465
   -0.000000    -0.000000     0.000000     0.000000     0.000000     1.000000     0.000000     0.000000    -0.000000     0.000000    -0.000000     0.000000     0.000000     0.000000     0.000000     0.000000
    1.000000     0.000000    -0.000000    28.530000    -0.000000     0.000000     0.000000     0.000000     0.000000    -0.000000     0.000000     0.000000    -0.000000    -0.000000    -0.000000    -0.000000
    0.000000    -0.000000     0.000000    -0.000000     1.000000    -0.000000    -0.000000   -28.530000    -0.000000     0.000000    -0.000000    61.790000     0.000000     0.000000     0.000000     0.000000
   -0.000000     1.000000    -0.000000   -61.790000     0.000000     0.000000     0.000000     0.000000     0.000000    -0.000000     0.000000     0.000000    -0.000000    -0.000000    -0.000000    -0.000000
   -0.000000    -0.000000     0.000000     0.000000     0.000000    -0.000000     1.000000     0.000000    -0.000000     0.000000    -0.000000     0.000000     0.000000     0.000000     0.000000     0.000000

   -0.002521     0.169600   -22.340000    -9.810000     0.000000    -0.000000    -0.000000     0.000000     0.000000    -0.000000     0.000000     0.000000    -0.000860     0.036260     0.000000     0.016300
   -0.080200    -0.473700    94.170000    -0.000000    -0.000000     0.000000    -0.000000    -0.000000     0.000000    -0.000000     0.000000     0.000000     0.005422    -0.233300    -0.000000    -0.082310
    0.011600    -0.053780    -1.191000     0.000000    -0.003841    -0.159200     0.059350     0.000000    -0.000000     0.000000    -0.000000     0.000000    -0.000145    -0.018600     0.003561    -0.051690
   -0.000000    -0.000000     1.000000     0.000000     0.000000    -0.000000    -0.000000     0.000000    -0.000000     0.000000    -0.000000     0.000000     0.000000     0.000000     0.000000     0.000000
   -0.000000    -0.000000    -0.000000    -0.000000    -0.051590    22.230000   -96.300000     9.810000    -0.000000     0.000000    -0.000000    -0.000000     0.000000     0.000000     0.000676    -0.000000
    0.001977    -0.009161    -0.202900    -0.000000    -0.134400    -4.924000     2.530000    -0.000000     0.000000    -0.000000     0.000000    -0.000000    -0.000025    -0.003168     0.114300    -0.008805
    0.000288    -0.001336    -0.029600    -0.000000     0.008973    -0.383700    -0.669900    -0.000000     0.000000    -0.000000     0.000000    -0.000000    -0.000004    -0.000462     0.003696    -0.001284
   -0.000000    -0.000000     0.000000    -0.000000     0.000000     1.000000     0.000000     0.000000    -0.000000     0.000000    -0.000000     0.000000     0.000000     0.000000     0.000000     0.000000
    1.000000     0.000000    -0.000000    21.900000    -0.000000     0.000000     0.000000     0.000000     0.000000    -0.000000     0.000000     0.000000    -0.000000    -0.000000    -0.000000    -0.000000
    0.000000    -0.000000     0.000000    -0.000000     1.000000    -0.000000    -0.000000   -21.900000    -0.000000     0.000000    -0.000000   101.500000     0.000000     0.000000     0.000000     0.000000
   -0.000000     1.000000    -0.000000  -101.500000     0.000000     0.000000     0.000000     0.000000     0.000000    -0.000000     0.000000     0.000000    -0.000000    -0.000000    -0.000000    -0.000000
   -0.000000    -0.000000     0.000000     0.000000     0.000000    -0.000000     1.000000     0.000000    -0.000000     0.000000    -0.000000     0.000000     0.000000     0.000000     0.000000     0.000000

   -0.000368     0.078260   -21.280000    -9.810000     0.000000     0.000000     0.000000     0.000000     0.000000    -0.000000     0.000000     0.000000    -0.000677     0.030680    -0.000000     0.015420
   -0.045780    -0.461900   199.800000    -0.000000    -0.000000     0.000000    -0.000000    -0.000000     0.000000    -0.000000     0.000000     0.000000     0.010550    -0.479400    -0.000000    -0.156800
    0.007486    -0.073230    -1.611000     0.000000    -0.004292    -0.231800     0.051430     0.000000    -0.000000     0.000000    -0.000000     0.000000    -0.000566    -0.056620     0.010810    -0.143800
   -0.000000    -0.000000     1.000000     0.000000     0.000000    -0.000000    -0.000000     0.000000    -0.000000     0.000000    -0.000000     0.000000     0.000000     0.000000     0.000000     0.000000
   -0.000000    -0.000000    -0.000000    -0.000000    -0.048250    21.130000  -202.000000     9.810000    -0.000000     0.000000    -0.000000    -0.000000     0.000000    -0.000000     0.004814    -0.000000
    0.001339    -0.013100    -0.288100    -0.000000    -0.107700    -4.918000     1.844000    -0.000000     0.000000    -0.000000     0.000000    -0.000000    -0.000101    -0.010130     0.235000    -0.025720
    0.000252    -0.002462    -0.054160    -0.000000     0.015140    -0.235600    -0.830400    -0.000000     0.000000    -0.000000     0.000000    -0.000000    -0.000019    -0.001904     0.004510    -0.004834
   -0.000000    -0.000000     0.000000    -0.000000     0.000000     1.000000     0.000000     0.000000    -0.000000     0.000000    -0.000000     0.000000     0.000000     0.000000     0.000000     0.000000
    1.000000     0.000000    -0.000000    21.110000    -0.000000     0.000000     0.000000     0.000000     0.000000    -0.000000     0.000000     0.000000    -0.000000    -0.000000    -0.000000    -0.000000
    0.000000    -0.000000     0.000000    -0.000000     1.000000    -0.000000    -0.000000   -21.110000    -0.000000     0.000000    -0.000000   206.500000     0.000000     0.000000     0.000000     0.000000
   -0.000000     1.000000    -0.000000  -206.500000     0.000000     0.000000     0.000000     0.000000     0.000000    -0.000000     0.000000     0.000000    -0.000000    -0.000000    -0.000000    -0.000000
   -0.000000    -0.000000     0.000000     0.000000     0.000000    -0.000000     1.000000    -0.000000    -0.000000     0.000000    -0.000000     0.000000     0.000000     0.000000     0.000000     0.000000

   -0.000153     0.075210   -14.910000    -9.810000     0.000000     0.000000     0.000000     0.000000     0.000000    -0.000000     0.000000     0.000000    -0.000602     0.027470    -0.000000     0.014690
   -0.048590    -0.613800   198.200000    -0.000000    -0.000000     0.000000    -0.000000    -0.000000     0.000000    -0.000000     0.000000     0.000000     0.014040    -0.640800    -0.000000    -0.207700
    0.005163    -0.072440    -1.600000     0.000000    -0.003935    -0.229800     0.042940     0.000000    -0.000000     0.000000    -0.000000     0.000000    -0.000569    -0.056820     0.010860    -0.143000
   -0.000000    -0.000000     1.000000     0.000000     0.000000    -0.000000    -0.000000     0.000000    -0.000000     0.000000    -0.000000     0.000000     0.000000     0.000000     0.000000     0.000000
    0.000000    -0.000000    -0.000000    -0.000000    -0.065040    14.670000  -201.100000     9.810000    -0.000000     0.000000    -0.000000    -0.000000     0.000000    -0.000000     0.007514    -0.000000
    0.000923    -0.012960    -0.286200    -0.000000    -0.100800    -4.934000     1.659000    -0.000000     0.000000    -0.000000     0.000000    -0.000000    -0.000102    -0.010160     0.236900    -0.025570
    0.000174    -0.002436    -0.053810    -0.000000     0.016290    -0.164600    -0.833100    -0.000000     0.000000    -0.000000     0.000000    -0.000000    -0.000019    -0.001911     0.003458    -0.004807
   -0.000000    -0.000000     0.000000     0.000000     0.000000     1.000000     0.000000     0.000000    -0.000000     0.000000    -0.000000     0.000000     0.000000     0.000000     0.000000     0.000000
    1.000000     0.000000    -0.000000    14.760000    -0.000000     0.000000     0.000000     0.000000     0.000000    -0.000000     0.000000     0.000000    -0.000000    -0.000000    -0.000000    -0.000000
    0.000000    -0.000000     0.000000    -0.000000     1.000000    -0.000000    -0.000000   -14.760000    -0.000000     0.000000    -0.000000   207.100000     0.000000     0.000000     0.000000     0.000000
   -0.000000     1.000000    -0.000000  -207.100000     0.000000     0.000000     0.000000     0.000000     0.000000    -0.000000     0.000000     0.000000    -0.000000    -0.000000    -0.000000    -0.000000
   -0.000000    -0.000000     0.000000     0.000000     0.000000    -0.000000     1.000000     0.000000    -0.000000     0.000000    -0.000000     0.000000     0.000000     0.000000     0.000000     0.000000

   -0.001460     0.165800   -16.250000    -9.810000     0.000000    -0.000000    -0.000000     0.000000     0.000000    -0.000000     0.000000     0.000000    -0.000822     0.034960     0.000000     0.015970
   -0.082340    -0.628800    92.860000    -0.000000    -0.000000     0.000000     0.000000    -0.000000     0.000000    -0.000000     0.000000     0.000000     0.007261    -0.315100    -0.000000    -0.109300
    0.008164    -0.052980    -1.184000     0.000000    -0.003420    -0.158300     0.048900     0.000000    -0.000000     0.000000    -0.000000     0.000000    -0.000150    -0.018940     0.003637    -0.051780
   -0.000000    -0.000000     1.000000     0.000000     0.000000    -0.000000    -0.000000     0.000000    -0.000000     0.000000    -0.000000     0.000000     0.000000     0.000000     0.000000     0.000000
   -0.000000    -0.000000    -0.000000    -0.000000    -0.070530    16.030000   -95.770000     9.810000    -0.000000     0.000000    -0.000000    -0.000000    -0.000000     0.000000     0.002105    -0.000000
    0.001391    -0.009025    -0.201700    -0.000000    -0.122100    -4.987000     2.193000    -0.000000     0.000000    -0.000000     0.000000    -0.000000    -0.000026    -0.003227     0.117500    -0.008821
    0.000203    -0.001316    -0.029420    -0.000000     0.010810    -0.278800    -0.679400    -0.000000     0.000000    -0.000000     0.000000    -0.000000    -0.000004    -0.000471     0.002908    -0.001287
   -0.000000    -0.000000     0.000000    -0.000000     0.000000     1.000000     0.000000     0.000000    -0.000000     0.000000    -0.000000     0.000000     0.000000     0.000000     0.000000     0.000000
    1.000000     0.000000    -0.000000    15.820000    -0.000000     0.000000     0.000000     0.000000     0.000000    -0.000000     0.000000     0.000000    -0.000000    -0.000000    -0.000000    -0.000000
    0.000000    -0.000000     0.000000    -0.000000     1.000000    -0.000000    -0.000000   -15.820000    -0.000000     0.000000    -0.000000   102.600000     0.000000     0.000000     0.000000     0.000000
   -0.000000     1.000000    -0.000000  -102.600000     0.000000     0.000000     0.000000     0.000000     0.000000    -0.000000     0.000000     0.000000    -0.000000    -0.000000    -0.000000    -0.000000
   -0.000000    -0.000000     0.000000     0.000000     0.000000    -0.000000     1.000000    -0.000000    -0.000000     0.000000    -0.000000     0.000000     0.000000     0.000000     0.000000     0.000000

   -0.006641     0.268400   -21.510000    -9.810000    -0.000000     0.000000     0.000000     0.000000     0.000000    -0.000000     0.000000     0.000000    -0.000930     0.037650    -0.000000     0.016460
   -0.113900    -0.492100    56.850000    -0.000000     0.000000    -0.000000    -0.000000    -0.000000     0.000000    -0.000000     0.000000     0.000000     0.003634    -0.151000     0.000000    -0.056250
    0.011940    -0.037370    -0.828700     0.000000    -0.002998    -0.105200     0.051070     0.000000    -0.000000     0.000000    -0.000000     0.000000    -0.000048    -0.007715     0.001474    -0.022810
   -0.000000    -0.000000     1.000000     0.000000     0.000000    -0.000000    -0.000000     0.000000    -0.000000     0.000000    -0.000000     0.000000     0.000000     0.000000     0.000000     0.000000
   -0.000000    -0.000000     0.000000    -0.000000    -0.054510    21.370000   -58.950000     9.810000    -0.000000     0.000000    -0.000000    -0.000000    -0.000000    -0.000000    -0.000682    -0.000000
    0.001976    -0.006186    -0.137200    -0.000000    -0.122700    -3.839000     2.432000    -0.000000     0.000000    -0.000000     0.000000    -0.000000    -0.000008    -0.001277     0.056420    -0.003775
    0.000257    -0.000804    -0.017830    -0.000000     0.004392    -0.389800    -0.476500    -0.000000     0.000000    -0.000000     0.000000    -0.000000    -0.000001    -0.000166     0.002415    -0.000491
   -0.000000    -0.000000     0.000000    -0.000000     0.000000     1.000000     0.000000     0.000000    -0.000000     0.000000    -0.000000     0.000000     0.000000     0.000000     0.000000     0.000000
    1.000000     0.000000    -0.000000    20.710000    -0.000000     0.000000     0.000000     0.000000     0.000000    -0.000000     0.000000     0.000000    -0.000000    -0.000000    -0.000000    -0.000000
    0.000000    -0.000000     0.000000    -0.000000     1.000000    -0.000000    -0.000000   -20.710000    -0.000000     0.000000    -0.000000    64.830000     0.000000     0.000000     0.000000     0.000000
   -0.000000     1.000000    -0.000000   -64.830000     0.000000     0.000000     0.000000     0.000000     0.000000    -0.000000     0.000000     0.000000    -0.000000    -0.000000    -0.000000    -0.000000
   -0.000000    -0.000000     0.000000     0.000000     0.000000    -0.000000     1.000000    -0.000000    -0.000000     0.000000    -0.000000     0.000000     0.000000     0.000000     0.000000     0.000000
