u  w  q  the  v  p  r  phi  x  y  z  psi  |  slat  flap  aileron  elevator
   -0.009684     0.272300   -29.070000    -9.810000    -0.000000     0.000000     0.000000     0.000000     0.000000    -0.000000     0.000000     0.000000    -0.000921     0.036590    -0.000000     0.015620
   -0.114900    -0.361100    56.180000    -0.000000     0.000000    -0.000000     0.000000    -0.000000     0.000000    -0.000000     0.000000     0.000000     0.002559    -0.104400     0.000000    -0.040230
    0.016760    -0.036770    -0.819800     0.000000    -0.001551    -0.039320     0.033040     0.000000    -0.000000     0.000000    -0.000000     0.000000    -0.000056    -0.006711     0.000557    -0.021940
   -0.000000    -0.000000     1.000000     0.000000     0.000000    -0.000000    -0.000000     0.000000    -0.000000     0.000000    -0.000000     0.000000     0.000000     0.000000     0.000000     0.000000
   -0.000000    -0.000000     0.000000    -0.000000    -0.037470    29.000000   -57.560000     9.810000    -0.000000     0.000000    -0.000000    -0.000000     0.000000    -0.000000    -0.001401    -0.000000
    0.001179    -0.002586    -0.057660    -0.000000    -0.865200   -22.670000    17.890000    -0.000000     0.000000    -0.000000     0.000000    -0.000000    -0.000004    -0.000472     0.315400    -0.001543
   -0.000021     0.000046     0.001036    -0.000000    -0.006724    -0.839300    -0.345300    -0.000000     0.000000    -0.000000     0.000000    -0.000000     0.000000     0.000008     0.006587     0.000028
   -0.000000    -0.000000     0.000000    -0.000000     0.000000     1.000000     0.000000     0.000000    -0.000000     0.000000    -0.000000     0.000000     0.000000     0.000000     0.000000     0.000000
    1.000000     0.000000    -0.000000    28.230000    -0.000000     0.000000     0.000000     0.000000     0.000000    -0.000000     0.000000     0.000000    -0.000000    -0.000000    -0.000000    -0.000000
    0.000000    -0.000000     0.000000    -0.000000     1.000000    -0.000000    -0.000000   -28.230000    -0.000000     0.000000    -0.000000    61.930000     0.000000     0.000000     0.000000     0.000000
   -0.000000     1.000000    -0.000000   -61.930000     0.000000     0.000000     0.000000     0.000000     0.000000    -0.000000     0.000000     0.000000    -0.000000    -0.000000    -0.000000    -0.000000
   -0.000000    -0.000000     0.000000     0.000000     0.000000    -0.000000     1.000000    -0.000000    -0.000000     0.000000    -0.000000     0.000000     0.000000     0.000000     0.000000     0.000000

   -0.002163     0.168100   -22.130000    -9.810000    -0.000000    -0.000000     0.000000     0.000000     0.000000    -0.000000     0.000000     0.000000    -0.000850     0.035850     0.000000     0.015590
   -0.081260    -0.474000    94.300000    -0.000000     0.000000     0.000000    -0.000000    -0.000000     0.000000    -0.000000     0.000000     0.000000     0.005427    -0.233600    -0.000000    -0.082320
    0.011180    -0.052410    -1.195000     0.000000    -0.002151    -0.076940     0.041500     0.000000    -0.000000     0.000000    -0.000000     0.000000    -0.000183    -0.017670     0.001802    -0.052580
   -0.000000    -0.000000     1.000000     0.000000     0.000000    -0.000000    -0.000000    -0.000000    -0.000000     0.000000    -0.000000     0.000000     0.000000     0.000000     0.000000     0.000000
    0.000000    -0.000000    -0.000000    -0.000000    -0.051740    21.990000   -96.360000     9.810000    -0.000000     0.000000    -0.000000    -0.000000     0.000000     0.000000     0.000707    -0.000000
    0.000957    -0.004487    -0.102300    -0.000000    -0.983500   -36.110000    18.310000    -0.000000     0.000000    -0.000000     0.000000    -0.000000    -0.000016    -0.001513     0.838500    -0.004501
   -0.000017     0.000079     0.001809    -0.000000     0.000619    -0.820500    -0.610200    -0.000000     0.000000    -0.000000     0.000000    -0.000000     0.000000     0.000027     0.012900     0.000080
   -0.000000    -0.000000     0.000000     0.000000     0.000000     1.000000     0.000000     0.000000    -0.000000     0.000000    -0.000000     0.000000     0.000000     0.000000     0.000000     0.000000
    1.000000     0.000000    -0.000000    21.660000    -0.000000     0.000000     0.000000     0.000000     0.000000    -0.000000     0.000000     0.000000    -0.000000    -0.000000    -0.000000    -0.000000
    0.000000    -0.000000     0.000000    -0.000000     1.000000    -0.000000    -0.000000   -21.660000    -0.000000     0.000000    -0.000000   101.600000     0.000000     0.000000     0.000000     0.000000
   -0.000000     1.000000    -0.000000  -101.600000     0.000000     0.000000     0.000000     0.000000     0.000000    -0.000000     0.000000     0.000000    -0.000000    -0.000000    -0.000000    -0.000000
   -0.000000    -0.000000     0.000000     0.000000     0.000000    -0.000000     1.000000     0.000000    -0.000000     0.000000    -0.000000     0.000000     0.000000     0.000000     0.000000     0.000000

   -0.000279     0.077500   -21.040000    -9.810000     0.000000     0.000000     0.000000     0.000000     0.000000    -0.000000     0.000000     0.000000    -0.000667     0.030260    -0.000000     0.014620
   -0.046320    -0.462100   199.900000    -0.000000    -0.000000    -0.000000    -0.000000    -0.000000     0.000000    -0.000000     0.000000     0.000000     0.010550    -0.479600    -0.000000    -0.156700
    0.007282    -0.072090    -1.637000     0.000000    -0.003880    -0.173100     0.068360     0.000000    -0.000000     0.000000    -0.000000     0.000000    -0.000687    -0.054550     0.008301    -0.148300
   -0.000000    -0.000000     1.000000     0.000000     0.000000    -0.000000    -0.000000     0.000000    -0.000000     0.000000    -0.000000     0.000000     0.000000     0.000000     0.000000     0.000000
    0.000000    -0.000000    -0.000000    -0.000000    -0.048320    20.880000  -202.100000     9.810000    -0.000000     0.000000    -0.000000    -0.000000     0.000000    -0.000000     0.004841    -0.000000
    0.000967    -0.009575    -0.217400    -0.000000    -1.160000   -53.050000    19.620000    -0.000000     0.000000    -0.000000     0.000000    -0.000000    -0.000091    -0.007246     2.534000    -0.019690
   -0.000016     0.000162     0.003671    -0.000000     0.007317    -0.854100    -0.864100    -0.000000     0.000000    -0.000000     0.000000    -0.000000     0.000002     0.000122     0.032170     0.000333
   -0.000000    -0.000000     0.000000     0.000000     0.000000     1.000000     0.000000     0.000000    -0.000000     0.000000    -0.000000     0.000000     0.000000     0.000000     0.000000     0.000000
    1.000000     0.000000    -0.000000    20.870000    -0.000000     0.000000     0.000000     0.000000     0.000000    -0.000000     0.000000     0.000000    -0.000000    -0.000000    -0.000000    -0.000000
    0.000000    -0.000000     0.000000    -0.000000     1.000000    -0.000000    -0.000000   -20.870000    -0.000000     0.000000    -0.000000   206.600000     0.000000     0.000000     0.000000     0.000000
   -0.000000     1.000000    -0.000000  -206.600000     0.000000     0.000000     0.000000     0.000000     0.000000    -0.000000     0.000000     0.000000    -0.000000    -0.000000    -0.000000    -0.000000
   -0.000000    -0.000000     0.000000     0.000000     0.000000    -0.000000     1.000000    -0.000000    -0.000000     0.000000    -0.000000     0.000000     0.000000     0.000000     0.000000     0.000000

   -0.000092     0.074460   -14.740000    -9.810000     0.000000     0.000000     0.000000     0.000000     0.000000    -0.000000     0.000000     0.000000    -0.000592     0.027050    -0.000000     0.013890
   -0.049130    -0.613900   198.300000    -0.000000    -0.000000    -0.000000    -0.000000    -0.000000     0.000000    -0.000000     0.000000     0.000000     0.014040    -0.640900    -0.000000    -0.207700
    0.005014    -0.071240    -1.627000     0.000000    -0.003641    -0.174000     0.061870     0.000000    -0.000000     0.000000    -0.000000     0.000000    -0.000691    -0.054730     0.008372    -0.147400
   -0.000000    -0.000000     1.000000    -0.000000     0.000000    -0.000000    -0.000000    -0.000000    -0.000000     0.000000    -0.000000    -0.000000     0.000000     0.000000     0.000000     0.000000
    0.000000    -0.000000    -0.000000    -0.000000    -0.065120    14.490000  -201.200000     9.810000    -0.000000     0.000000    -0.000000    -0.000000     0.000000    -0.000000     0.007541    -0.000000
    0.000666    -0.009462    -0.216100    -0.000000    -1.085000   -53.220000    17.640000    -0.000000     0.000000    -0.000000     0.000000    -0.000000    -0.000092    -0.007270     2.554000    -0.019580
   -0.000011     0.000160     0.003649    -0.000000     0.009547    -0.764900    -0.887900    -0.000000     0.000000    -0.000000     0.000000    -0.000000     0.000002     0.000123     0.031030     0.000331
   -0.000000    -0.000000     0.000000     0.000000     0.000000     1.000000     0.000000    -0.000000    -0.000000     0.000000    -0.000000    -0.000000     0.000000     0.000000     0.000000     0.000000
    1.000000     0.000000    -0.000000    14.580000    -0.000000     0.000000     0.000000     0.000000     0.000000    -0.000000     0.000000     0.000000    -0.000000    -0.000000    -0.000000    -0.000000
    0.000000    -0.000000     0.000000    -0.000000     1.000000    -0.000000    -0.000000   -14.580000    -0.000000     0.000000    -0.000000   207.100000     0.000000     0.000000     0.000000     0.000000
   -0.000000     1.000000    -0.000000  -207.100000     0.000000     0.000000     0.000000     0.000000     0.000000    -0.000000     0.000000     0.000000    -0.000000    -0.000000    -0.000000    -0.000000
   -0.000000    -0.000000     0.000000     0.000000     0.000000    -0.000000     1.000000    -0.000000    -0.000000     0.000000    -0.000000    -0.000000     0.000000     0.000000     0.000000     0.000000

   -0.001206     0.164300   -16.090000    -9.810000    -0.000000    -0.000000     0.000000     0.000000     0.000000    -0.000000     0.000000     0.000000    -0.000811     0.034540     0.000000     0.015240
   -0.083390    -0.629100    93.000000    -0.000000     0.000000     0.000000    -0.000000    -0.000000     0.000000    -0.000000     0.000000     0.000000     0.007264    -0.315300    -0.000000    -0.109300
    0.007852    -0.051540    -1.188000     0.000000    -0.001961    -0.078200     0.036230     0.000000    -0.000000     0.000000    -0.000000     0.000000    -0.000189    -0.017980     0.001854    -0.052670
   -0.000000    -0.000000     1.000000     0.000000     0.000000    -0.000000    -0.000000     0.000000    -0.000000     0.000000    -0.000000     0.000000     0.000000     0.000000     0.000000     0.000000
   -0.000000    -0.000000    -0.000000    -0.000000    -0.070680    15.850000   -95.810000     9.810000    -0.000000     0.000000    -0.000000    -0.000000    -0.000000    -0.000000     0.002135    -0.000000
    0.000672    -0.004412    -0.101700    -0.000000    -0.893100   -36.550000    15.860000    -0.000000     0.000000    -0.000000     0.000000    -0.000000    -0.000016    -0.001539     0.861500    -0.004509
   -0.000012     0.000078     0.001798    -0.000000     0.003699    -0.700900    -0.646100    -0.000000     0.000000    -0.000000     0.000000    -0.000000     0.000000     0.000027     0.012200     0.000080
   -0.000000    -0.000000     0.000000     0.000000     0.000000     1.000000     0.000000     0.000000    -0.000000     0.000000    -0.000000     0.000000     0.000000     0.000000     0.000000     0.000000
    1.000000     0.000000    -0.000000    15.640000    -0.000000     0.000000     0.000000     0.000000     0.000000    -0.000000     0.000000     0.000000    -0.000000    -0.000000    -0.000000    -0.000000
    0.000000    -0.000000     0.000000    -0.000000     1.000000    -0.000000    -0.000000   -15.640000    -0.000000     0.000000    -0.000000   102.700000     0.000000     0.000000     0.000000     0.000000
   -0.000000     1.000000    -0.000000  -102.700000     0.000000     0.000000     0.000000     0.000000     0.000000    -0.000000     0.000000     0.000000    -0.000000    -0.000000    -0.000000    -0.000000
   -0.000000    -0.000000     0.000000     0.000000     0.000000    -0.000000     1.000000     0.000000    -0.000000     0.000000    -0.000000     0.000000     0.000000     0.000000     0.000000     0.000000

   -0.005852     0.266000   -21.320000    -9.810000    -0.000000    -0.000000     0.000000     0.000000     0.000000    -0.000000     0.000000     0.000000    -0.000920     0.037270    -0.000000     0.015820
   -0.115400    -0.492700    57.000000    -0.000000     0.000000    -0.000000    -0.000000    -0.000000     0.000000    -0.000000     0.000000     0.000000     0.003641    -0.151400     0.000000    -0.056300
    0.011480    -0.036370    -0.827800     0.000000    -0.001370    -0.041760     0.027780     0.000000    -0.000000     0.000000    -0.000000     0.000000    -0.000064    -0.007302     0.000622    -0.023110
   -0.000000    -0.000000     1.000000     0.000000     0.000000    -0.000000    -0.000000    -0.000000    -0.000000     0.000000    -0.000000     0.000000     0.000000     0.000000     0.000000     0.000000
   -0.000000    -0.000000    -0.000000    -0.000000    -0.054740    21.130000   -59.020000     9.810000    -0.000000     0.000000    -0.000000    -0.000000     0.000000    -0.000000    -0.000651    -0.000000
    0.000807    -0.002558    -0.058230    -0.000000    -0.760200   -23.860000    14.920000    -0.000000     0.000000    -0.000000     0.000000    -0.000000    -0.000004    -0.000514     0.350800    -0.001625
   -0.000015     0.000046     0.001046    -0.000000    -0.002524    -0.685200    -0.402200    -0.000000     0.000000    -0.000000     0.000000    -0.000000     0.000000     0.000009     0.006275     0.000029
   -0.000000    -0.000000     0.000000     0.000000     0.000000     1.000000     0.000000     0.000000    -0.000000     0.000000    -0.000000     0.000000     0.000000     0.000000     0.000000     0.000000
    1.000000     0.000000    -0.000000    20.490000    -0.000000     0.000000     0.000000     0.000000     0.000000    -0.000000     0.000000     0.000000    -0.000000    -0.000000    -0.000000    -0.000000
    0.000000    -0.000000     0.000000    -0.000000     1.000000    -0.000000    -0.000000   -20.490000    -0.000000     0.000000    -0.000000    64.900000     0.000000     0.000000     0.000000     0.000000
   -0.000000     1.000000    -0.000000   -64.900000     0.000000     0.000000     0.000000     0.000000     0.000000    -0.000000     0.000000     0.000000    -0.000000    -0.000000    -0.000000    -0.000000
   -0.000000    -0.000000     0.000000     0.000000     0.000000    -0.000000     1.000000     0.000000    -0.000000     0.000000    -0.000000     0.000000     0.000000     0.000000     0.000000     0.000000
