u  w  q  the  v  p  r  phi  x  y  z  psi  |  slat  flap  aileron  elevator
   -0.011910     0.276900   -29.580000    -9.810000    -0.000000     0.000000     0.000000     0.000000     0.000000    -0.000000     0.000000     0.000000    -0.000938     0.037200    -0.000000     0.016730
   -0.112000    -0.359400    55.820000    -0.000000     0.000000    -0.000000    -0.000000    -0.000000     0.000000    -0.000000     0.000000     0.000000     0.002539    -0.103500     0.000000    -0.040020
    0.019130    -0.040970    -0.876800     0.000000    -0.003597    -0.096520     0.073690     0.000000    -0.000000     0.000000    -0.000000     0.000000    -0.000031    -0.007864     0.001315    -0.022800
   -0.000000    -0.000000     1.000000     0.000000     0.000000    -0.000000    -0.000000     0.000000    -0.000000     0.000000    -0.000000     0.000000     0.000000     0.000000     0.000000     0.000000
   -0.000000    -0.000000     0.000000    -0.000000    -0.036990    29.590000   -57.290000     9.810000    -0.000000     0.000000    -0.000000    -0.000000     0.000000    -0.000000    -0.001455    -0.000000
    0.003078    -0.006592    -0.141100    -0.000000    -0.457100   -11.920000     9.613000    -0.000000     0.000000    -0.000000     0.000000    -0.000000    -0.000005    -0.001266     0.165000    -0.003669
    0.000114    -0.000244    -0.005232    -0.000000    -0.001730    -0.728100    -0.455300    -0.000000     0.000000    -0.000000     0.000000    -0.000000    -0.000000    -0.000047     0.004849    -0.000136
   -0.000000    -0.000000     0.000000     0.000000     0.000000     1.000000     0.000000     0.000000    -0.000000     0.000000    -0.000000     0.000000     0.000000     0.000000     0.000000     0.000000
    1.000000     0.000000    -0.000000    28.800000    -0.000000     0.000000     0.000000     0.000000     0.000000    -0.000000     0.000000     0.000000    -0.000000    -0.000000    -0.000000    -0.000000
    0.000000    -0.000000     0.000000    -0.000000     1.000000    -0.000000    -0.000000   -28.800000    -0.000000     0.000000    -0.000000    61.670000     0.000000     0.000000     0.000000     0.000000
   -0.000000     1.000000    -0.000000   -61.670000     0.000000     0.000000     0.000000     0.000000     0.000000    -0.000000     0.000000     0.000000    -0.000000    -0.000000    -0.000000    -0.000000
   -0.000000    -0.000000     0.000000     0.000000     0.000000    -0.000000     1.000000    -0.000000    -0.000000     0.000000    -0.000000     0.000000     0.000000     0.000000     0.000000     0.000000

   -0.002854     0.170900   -22.540000    -9.810000     0.000000    -0.000000    -0.000000     0.000000     0.000000    -0.000000     0.000000     0.000000    -0.000869     0.036620     0.000000     0.016930
   -0.079270    -0.473400    94.050000    -0.000000    -0.000000     0.000000     0.000000    -0.000000     0.000000    -0.000000     0.000000     0.000000     0.005418    -0.233100    -0.000000    -0.082300
    0.012950    -0.059430    -1.286000     0.000000    -0.004464    -0.167800     0.081690     0.000000    -0.000000     0.000000    -0.000000     0.000000    -0.000123    -0.020970     0.003862    -0.055120
   -0.000000    -0.000000     1.000000     0.000000     0.000000    -0.000000    -0.000000     0.000000    -0.000000     0.000000    -0.000000     0.000000     0.000000     0.000000     0.000000     0.000000
   -0.000000    -0.000000    -0.000000    -0.000000    -0.051460    22.450000   -96.250000     9.810000    -0.000000     0.000000    -0.000000    -0.000000     0.000000     0.000000     0.000649    -0.000000
    0.002301    -0.010560    -0.228500    -0.000000    -0.471600   -17.290000     8.938000    -0.000000     0.000000    -0.000000     0.000000    -0.000000    -0.000022    -0.003724     0.401100    -0.009790
    0.000090    -0.000414    -0.008970    -0.000000     0.007053    -0.608500    -0.738100    -0.000000     0.000000    -0.000000     0.000000    -0.000000    -0.000001    -0.000146     0.007772    -0.000384
   -0.000000    -0.000000     0.000000     0.000000     0.000000     1.000000     0.000000     0.000000    -0.000000     0.000000    -0.000000     0.000000     0.000000     0.000000     0.000000     0.000000
    1.000000     0.000000    -0.000000    22.110000    -0.000000     0.000000     0.000000     0.000000     0.000000    -0.000000     0.000000     0.000000    -0.000000    -0.000000    -0.000000    -0.000000
    0.000000    -0.000000     0.000000    -0.000000     1.000000    -0.000000    -0.000000   -22.110000    -0.000000     0.000000    -0.000000   101.500000     0.000000     0.000000     0.000000     0.000000
   -0.000000     1.000000    -0.000000  -101.500000     0.000000     0.000000     0.000000     0.000000     0.000000    -0.000000     0.000000     0.000000    -0.000000    -0.000000    -0.000000    -0.000000
   -0.000000    -0.000000     0.000000     0.000000     0.000000    -0.000000     1.000000     0.000000    -0.000000     0.000000    -0.000000     0.000000     0.000000     0.000000     0.000000     0.000000

   -0.000451     0.078930   -21.490000    -9.810000    -0.000000     0.000000     0.000000     0.000000     0.000000    -0.000000     0.000000     0.000000    -0.000685     0.031050    -0.000000     0.016120
   -0.045300    -0.461800   199.700000    -0.000000    -0.000000    -0.000000    -0.000000    -0.000000     0.000000    -0.000000     0.000000     0.000000     0.010550    -0.479300    -0.000000    -0.156800
    0.008625    -0.083500    -1.790000     0.000000    -0.006234    -0.294000     0.102000     0.000000    -0.000000     0.000000    -0.000000     0.000000    -0.000525    -0.065650     0.013980    -0.157700
   -0.000000    -0.000000     1.000000     0.000000     0.000000    -0.000000    -0.000000    -0.000000    -0.000000     0.000000    -0.000000     0.000000     0.000000     0.000000     0.000000     0.000000
    0.000000    -0.000000    -0.000000    -0.000000    -0.048180    21.350000  -202.000000     9.810000    -0.000000     0.000000    -0.000000    -0.000000     0.000000    -0.000000     0.004790    -0.000000
    0.001846    -0.017870    -0.383100    -0.000000    -0.432500   -19.770000     7.460000    -0.000000     0.000000    -0.000000     0.000000    -0.000000    -0.000112    -0.014050     0.944300    -0.033750
    0.000084    -0.000816    -0.017500    -0.000000     0.016360    -0.473700    -1.027000    -0.000000     0.000000    -0.000000     0.000000    -0.000000    -0.000005    -0.000642     0.013740    -0.001542
   -0.000000    -0.000000     0.000000     0.000000     0.000000     1.000000     0.000000     0.000000    -0.000000     0.000000    -0.000000     0.000000     0.000000     0.000000     0.000000     0.000000
    1.000000     0.000000    -0.000000    21.330000    -0.000000     0.000000     0.000000     0.000000     0.000000    -0.000000     0.000000     0.000000    -0.000000    -0.000000    -0.000000    -0.000000
    0.000000    -0.000000     0.000000    -0.000000     1.000000    -0.000000    -0.000000   -21.330000    -0.000000     0.000000    -0.000000   206.500000     0.000000     0.000000     0.000000     0.000000
   -0.000000     1.000000    -0.000000  -206.500000     0.000000     0.000000     0.000000     0.000000     0.000000    -0.000000     0.000000     0.000000    -0.000000    -0.000000    -0.000000    -0.000000
   -0.000000    -0.000000     0.000000     0.000000     0.000000    -0.000000     1.000000     0.000000    -0.000000     0.000000    -0.000000     0.000000     0.000000     0.000000     0.000000     0.000000

   -0.000211     0.075880   -15.070000    -9.810000     0.000000     0.000000     0.000000     0.000000     0.000000    -0.000000     0.000000     0.000000    -0.000610     0.027850    -0.000000     0.015410
   -0.048110    -0.613700   198.100000    -0.000000    -0.000000    -0.000000    -0.000000    -0.000000     0.000000    -0.000000     0.000000     0.000000     0.014040    -0.640700    -0.000000    -0.207800
    0.005957    -0.082660    -1.779000     0.000000    -0.005812    -0.294300     0.090900     0.000000    -0.000000     0.000000    -0.000000     0.000000    -0.000528    -0.065910     0.014080    -0.156800
   -0.000000    -0.000000     1.000000     0.000000     0.000000    -0.000000    -0.000000     0.000000    -0.000000     0.000000    -0.000000     0.000000     0.000000     0.000000     0.000000     0.000000
    0.000000    -0.000000    -0.000000    -0.000000    -0.064980    14.840000  -201.100000     9.810000    -0.000000     0.000000    -0.000000    -0.000000     0.000000    -0.000000     0.007491    -0.000000
    0.001275    -0.017690    -0.380600    -0.000000    -0.404700   -19.840000     6.710000    -0.000000     0.000000    -0.000000     0.000000    -0.000000    -0.000113    -0.014100     0.952000    -0.033560
    0.000058    -0.000808    -0.017390    -0.000000     0.018100    -0.380700    -1.037000    -0.000000     0.000000    -0.000000     0.000000    -0.000000    -0.000005    -0.000644     0.012430    -0.001533
   -0.000000    -0.000000     0.000000    -0.000000     0.000000     1.000000     0.000000     0.000000    -0.000000     0.000000    -0.000000     0.000000     0.000000     0.000000     0.000000     0.000000
    1.000000     0.000000    -0.000000    14.920000    -0.000000     0.000000     0.000000     0.000000     0.000000    -0.000000     0.000000     0.000000    -0.000000    -0.000000    -0.000000    -0.000000
    0.000000    -0.000000     0.000000    -0.000000     1.000000    -0.000000    -0.000000   -14.920000    -0.000000     0.000000    -0.000000   207.100000     0.000000     0.000000     0.000000     0.000000
   -0.000000     1.000000    -0.000000  -207.100000     0.000000     0.000000     0.000000     0.000000     0.000000    -0.000000     0.000000     0.000000    -0.000000    -0.000000    -0.000000    -0.000000
   -0.000000    -0.000000     0.000000     0.000000     0.000000    -0.000000     1.000000     0.000000    -0.000000     0.000000    -0.000000     0.000000     0.000000     0.000000     0.000000     0.000000

   -0.001699     0.167200   -16.380000    -9.810000    -0.000000    -0.000000     0.000000     0.000000     0.000000    -0.000000     0.000000     0.000000    -0.000831     0.035340     0.000000     0.016610
   -0.081420    -0.628500    92.740000    -0.000000     0.000000     0.000000    -0.000000    -0.000000     0.000000    -0.000000     0.000000     0.000000     0.007258    -0.314900    -0.000000    -0.109300
    0.009127    -0.058630    -1.279000     0.000000    -0.004038    -0.169300     0.070230     0.000000    -0.000000     0.000000    -0.000000     0.000000    -0.000127    -0.021370     0.003967    -0.055220
   -0.000000    -0.000000     1.000000     0.000000     0.000000    -0.000000    -0.000000     0.000000    -0.000000     0.000000    -0.000000     0.000000     0.000000     0.000000     0.000000     0.000000
   -0.000000    -0.000000    -0.000000    -0.000000    -0.070410    16.190000   -95.740000     9.810000    -0.000000     0.000000    -0.000000    -0.000000     0.000000    -0.000000     0.002078    -0.000000
    0.001621    -0.010410    -0.227100    -0.000000    -0.428300   -17.510000     7.747000    -0.000000     0.000000    -0.000000     0.000000    -0.000000    -0.000023    -0.003796     0.412500    -0.009808
    0.000064    -0.000409    -0.008916    -0.000000     0.009647    -0.482600    -0.759600    -0.000000     0.000000    -0.000000     0.000000    -0.000000    -0.000001    -0.000149     0.006910    -0.000385
   -0.000000    -0.000000     0.000000    -0.000000     0.000000     1.000000     0.000000     0.000000    -0.000000     0.000000    -0.000000     0.000000     0.000000     0.000000     0.000000     0.000000
    1.000000     0.000000    -0.000000    15.970000    -0.000000     0.000000     0.000000     0.000000     0.000000    -0.000000     0.000000     0.000000    -0.000000    -0.000000    -0.000000    -0.000000
    0.000000    -0.000000     0.000000    -0.000000     1.000000    -0.000000    -0.000000   -15.970000    -0.000000     0.000000    -0.000000   102.600000     0.000000     0.000000     0.000000     0.000000
   -0.000000     1.000000    -0.000000  -102.600000     0.000000     0.000000     0.000000     0.000000     0.000000    -0.000000     0.000000     0.000000    -0.000000    -0.000000    -0.000000    -0.000000
   -0.000000    -0.000000     0.000000     0.000000     0.000000    -0.000000     1.000000     0.000000    -0.000000     0.000000    -0.000000     0.000000     0.000000     0.000000     0.000000     0.000000

   -0.007375     0.270500   -21.680000    -9.810000    -0.000000     0.000000     0.000000     0.000000     0.000000    -0.000000     0.000000     0.000000    -0.000939     0.037990    -0.000000     0.017030
   -0.112500    -0.491500    56.720000    -0.000000     0.000000    -0.000000    -0.000000    -0.000000     0.000000    -0.000000     0.000000     0.000000     0.003627    -0.150700     0.000000    -0.056200
    0.013170    -0.040810    -0.886200     0.000000    -0.003147    -0.101000     0.061010     0.000000    -0.000000     0.000000    -0.000000     0.000000    -0.000037    -0.008611     0.001466    -0.024080
   -0.000000    -0.000000     1.000000     0.000000     0.000000    -0.000000    -0.000000    -0.000000    -0.000000     0.000000    -0.000000     0.000000     0.000000     0.000000     0.000000     0.000000
   -0.000000     0.000000     0.000000    -0.000000    -0.054310    21.570000   -58.880000     9.810000    -0.000000     0.000000    -0.000000    -0.000000    -0.000000    -0.000000    -0.000709    -0.000000
    0.002119    -0.006567    -0.142600    -0.000000    -0.401700   -12.570000     8.018000    -0.000000     0.000000    -0.000000     0.000000    -0.000000    -0.000006    -0.001386     0.184500    -0.003874
    0.000079    -0.000244    -0.005288    -0.000000     0.001964    -0.562400    -0.496300    -0.000000     0.000000    -0.000000     0.000000    -0.000000    -0.000000    -0.000051     0.004334    -0.000144
   -0.000000    -0.000000     0.000000     0.000000     0.000000     1.000000     0.000000     0.000000    -0.000000     0.000000    -0.000000     0.000000     0.000000     0.000000     0.000000     0.000000
    1.000000     0.000000    -0.000000    20.900000    -0.000000     0.000000     0.000000     0.000000     0.000000    -0.000000     0.000000     0.000000    -0.000000    -0.000000    -0.000000    -0.000000
    0.000000    -0.000000     0.000000    -0.000000     1.000000    -0.000000    -0.000000   -20.900000    -0.000000     0.000000    -0.000000    64.770000     0.000000     0.000000     0.000000     0.000000
   -0.000000     1.000000    -0.000000   -64.770000     0.000000     0.000000     0.000000     0.000000     0.000000    -0.000000     0.000000     0.000000    -0.000000    -0.000000    -0.000000    -0.000000
   -0.000000    -0.000000     0.000000     0.000000     0.000000    -0.000000     1.000000     0.000000    -0.000000     0.000000    -0.000000     0.000000     0.000000     0.000000     0.000000     0.000000
