u  w  q  the  v  p  r  phi  x  y  z  psi  |  slat  flap  aileron  elevator
   -0.009952     0.272900   -29.140000    -9.810000    -0.000000     0.000000     0.000000     0.000000     0.000000    -0.000000     0.000000     0.000000    -0.000923     0.036670    -0.000000     0.015760
   -0.114500    -0.360900    56.140000    -0.000000     0.000000     0.000000    -0.000000    -0.000000     0.000000    -0.000000     0.000000     0.000000     0.002556    -0.104300     0.000000    -0.040200
    0.017140    -0.037490    -0.831200     0.000000    -0.001375    -0.034500     0.029610     0.000000    -0.000000     0.000000    -0.000000     0.000000    -0.000053    -0.006891     0.000491    -0.022170
   -0.000000    -0.000000     1.000000     0.000000     0.000000    -0.000000    -0.000000     0.000000    -0.000000     0.000000    -0.000000     0.000000     0.000000     0.000000     0.000000     0.000000
   -0.000000    -0.000000     0.000000    -0.000000    -0.037410    29.070000   -57.520000     9.810000    -0.000000     0.000000    -0.000000    -0.000000     0.000000    -0.000000    -0.001408    -0.000000
    0.001059    -0.002316    -0.051350    -0.000000    -0.882200   -23.110000    18.280000    -0.000000     0.000000    -0.000000     0.000000    -0.000000    -0.000003    -0.000426     0.321200    -0.001369
   -0.000028     0.000061     0.001360    -0.000000    -0.006973    -0.854500    -0.345300    -0.000000     0.000000    -0.000000     0.000000    -0.000000     0.000000     0.000011     0.006725     0.000036
   -0.000000    -0.000000     0.000000     0.000000     0.000000     1.000000     0.000000     0.000000    -0.000000     0.000000    -0.000000     0.000000     0.000000     0.000000     0.000000     0.000000
    1.000000     0.000000    -0.000000    28.300000    -0.000000     0.000000     0.000000     0.000000     0.000000    -0.000000     0.000000     0.000000    -0.000000    -0.000000    -0.000000    -0.000000
    0.000000    -0.000000     0.000000    -0.000000     1.000000    -0.000000    -0.000000   -28.300000    -0.000000     0.000000    -0.000000    61.900000     0.000000     0.000000     0.000000     0.000000
   -0.000000     1.000000    -0.000000   -61.900000     0.000000     0.000000     0.000000     0.000000     0.000000    -0.000000     0.000000     0.000000    -0.000000    -0.000000    -0.000000    -0.000000
   -0.000000    -0.000000     0.000000     0.000000     0.000000    -0.000000     1.000000    -0.000000    -0.000000     0.000000    -0.000000     0.000000     0.000000     0.000000     0.000000     0.000000

   -0.002246     0.168400   -22.180000    -9.810000     0.000000    -0.000000    -0.000000     0.000000     0.000000    -0.000000     0.000000     0.000000    -0.000852     0.035940    -0.000000     0.015750
   -0.081010    -0.474000    94.270000    -0.000000     0.000000     0.000000    -0.000000    -0.000000     0.000000    -0.000000     0.000000     0.000000     0.005426    -0.233500    -0.000000    -0.082320
    0.011470    -0.053620    -1.214000     0.000000    -0.001924    -0.068280     0.037560     0.000000    -0.000000     0.000000    -0.000000     0.000000    -0.000177    -0.018190     0.001603    -0.053240
   -0.000000    -0.000000     1.000000    -0.000000     0.000000    -0.000000    -0.000000    -0.000000    -0.000000     0.000000    -0.000000    -0.000000     0.000000     0.000000     0.000000     0.000000
   -0.000000    -0.000000    -0.000000    -0.000000    -0.051710    22.050000   -96.350000     9.810000    -0.000000     0.000000    -0.000000    -0.000000     0.000000    -0.000000     0.000700    -0.000000
    0.000866    -0.004049    -0.091640    -0.000000    -1.007000   -36.970000    18.790000    -0.000000     0.000000    -0.000000     0.000000    -0.000000    -0.000013    -0.001374     0.858400    -0.004020
   -0.000023     0.000105     0.002383    -0.000000     0.000394    -0.841300    -0.613600    -0.000000     0.000000    -0.000000     0.000000    -0.000000     0.000000     0.000036     0.013290     0.000105
   -0.000000    -0.000000     0.000000     0.000000     0.000000     1.000000     0.000000    -0.000000    -0.000000     0.000000    -0.000000    -0.000000     0.000000     0.000000     0.000000     0.000000
    1.000000     0.000000    -0.000000    21.720000    -0.000000     0.000000     0.000000     0.000000     0.000000    -0.000000     0.000000     0.000000    -0.000000    -0.000000    -0.000000    -0.000000
    0.000000    -0.000000     0.000000    -0.000000     1.000000    -0.000000    -0.000000   -21.720000    -0.000000     0.000000    -0.000000   101.500000     0.000000     0.000000     0.000000     0.000000
   -0.000000     1.000000    -0.000000  -101.500000     0.000000     0.000000     0.000000     0.000000     0.000000    -0.000000     0.000000     0.000000    -0.000000    -0.000000    -0.000000    -0.000000
   -0.000000    -0.000000     0.000000     0.000000     0.000000    -0.000000     1.000000    -0.000000    -0.000000     0.000000    -0.000000    -0.000000     0.000000     0.000000     0.000000     0.000000

   -0.000299     0.077680   -21.090000    -9.810000     0.000000     0.000000     0.000000     0.000000     0.000000    -0.000000     0.000000     0.000000    -0.000670     0.030360    -0.000000     0.014810
   -0.046190    -0.462000   199.900000    -0.000000    -0.000000    -0.000000     0.000000    -0.000000     0.000000    -0.000000     0.000000     0.000000     0.010550    -0.479500    -0.000000    -0.156800
    0.007516    -0.074200    -1.672000     0.000000    -0.003540    -0.156800     0.063180     0.000000    -0.000000     0.000000    -0.000000     0.000000    -0.000674    -0.056450     0.007530    -0.150900
   -0.000000    -0.000000     1.000000     0.000000     0.000000    -0.000000    -0.000000     0.000000    -0.000000     0.000000    -0.000000     0.000000     0.000000     0.000000     0.000000     0.000000
    0.000000    -0.000000    -0.000000    -0.000000    -0.048300    20.940000  -202.100000     9.810000    -0.000000     0.000000    -0.000000    -0.000000     0.000000    -0.000000     0.004835    -0.000000
    0.000892    -0.008809    -0.198500    -0.000000    -1.203000   -55.050000    20.400000    -0.000000     0.000000    -0.000000     0.000000    -0.000000    -0.000080    -0.006702     2.630000    -0.017910
   -0.000022     0.000216     0.004875    -0.000000     0.007010    -0.892800    -0.872600    -0.000000     0.000000    -0.000000     0.000000    -0.000000     0.000002     0.000165     0.033840     0.000440
   -0.000000    -0.000000     0.000000     0.000000     0.000000     1.000000     0.000000     0.000000    -0.000000     0.000000    -0.000000     0.000000     0.000000     0.000000     0.000000     0.000000
    1.000000     0.000000    -0.000000    20.920000    -0.000000     0.000000     0.000000     0.000000     0.000000    -0.000000     0.000000     0.000000    -0.000000    -0.000000    -0.000000    -0.000000
    0.000000    -0.000000     0.000000    -0.000000     1.000000    -0.000000    -0.000000   -20.920000    -0.000000     0.000000    -0.000000   206.600000     0.000000     0.000000     0.000000     0.000000
   -0.000000     1.000000    -0.000000  -206.600000     0.000000     0.000000     0.000000     0.000000     0.000000    -0.000000     0.000000     0.000000    -0.000000    -0.000000    -0.000000    -0.000000
   -0.000000    -0.000000     0.000000     0.000000     0.000000    -0.000000     1.000000     0.000000    -0.000000     0.000000    -0.000000     0.000000     0.000000     0.000000     0.000000     0.000000

   -0.000106     0.074640   -14.780000    -9.810000     0.000000     0.000000     0.000000     0.000000     0.000000    -0.000000     0.000000     0.000000    -0.000594     0.027150    -0.000000     0.014080
   -0.049010    -0.613900   198.300000    -0.000000    -0.000000     0.000000    -0.000000    -0.000000     0.000000    -0.000000     0.000000     0.000000     0.014040    -0.640800    -0.000000    -0.207700
    0.005177    -0.073340    -1.661000     0.000000    -0.003324    -0.157700     0.057280     0.000000    -0.000000     0.000000    -0.000000     0.000000    -0.000678    -0.056640     0.007596    -0.150000
   -0.000000    -0.000000     1.000000     0.000000     0.000000    -0.000000    -0.000000     0.000000    -0.000000     0.000000    -0.000000     0.000000     0.000000     0.000000     0.000000     0.000000
    0.000000    -0.000000    -0.000000    -0.000000    -0.065100    14.530000  -201.200000     9.810000    -0.000000     0.000000    -0.000000    -0.000000     0.000000    -0.000000     0.007535    -0.000000
    0.000615    -0.008708    -0.197200    -0.000000    -1.126000   -55.230000    18.340000    -0.000000     0.000000    -0.000000     0.000000    -0.000000    -0.000080    -0.006725     2.651000    -0.017810
   -0.000015     0.000214     0.004845    -0.000000     0.009318    -0.801800    -0.897700    -0.000000     0.000000    -0.000000     0.000000    -0.000000     0.000002     0.000165     0.032680     0.000438
   -0.000000    -0.000000     0.000000    -0.000000     0.000000     1.000000     0.000000     0.000000    -0.000000     0.000000    -0.000000     0.000000     0.000000     0.000000     0.000000     0.000000
    1.000000     0.000000    -0.000000    14.620000    -0.000000     0.000000     0.000000     0.000000     0.000000    -0.000000     0.000000     0.000000    -0.000000    -0.000000    -0.000000    -0.000000
    0.000000    -0.000000     0.000000    -0.000000     1.000000    -0.000000    -0.000000   -14.620000    -0.000000     0.000000    -0.000000   207.100000     0.000000     0.000000     0.000000     0.000000
   -0.000000     1.000000    -0.000000  -207.100000     0.000000     0.000000     0.000000     0.000000     0.000000    -0.000000     0.000000     0.000000    -0.000000    -0.000000    -0.000000    -0.000000
   -0.000000    -0.000000     0.000000    -0.000000     0.000000    -0.000000     1.000000    -0.000000    -0.000000     0.000000    -0.000000     0.000000     0.000000     0.000000     0.000000     0.000000

   -0.001265     0.164700   -16.120000    -9.810000    -0.000000    -0.000000    -0.000000     0.000000     0.000000    -0.000000     0.000000     0.000000    -0.000814     0.034640     0.000000     0.015410
   -0.083140    -0.629000    92.960000    -0.000000     0.000000     0.000000     0.000000    -0.000000     0.000000    -0.000000     0.000000     0.000000     0.007263    -0.315200    -0.000000    -0.109300
    0.008059    -0.052750    -1.206000     0.000000    -0.001756    -0.069490     0.032870     0.000000    -0.000000     0.000000    -0.000000     0.000000    -0.000182    -0.018520     0.001650    -0.053330
   -0.000000    -0.000000     1.000000     0.000000     0.000000    -0.000000    -0.000000    -0.000000    -0.000000     0.000000    -0.000000     0.000000     0.000000     0.000000     0.000000     0.000000
   -0.000000    -0.000000    -0.000000    -0.000000    -0.070640    15.890000   -95.800000     9.810000    -0.000000     0.000000    -0.000000    -0.000000     0.000000    -0.000000     0.002128    -0.000000
    0.000608    -0.003983    -0.091090    -0.000000    -0.914500   -37.430000    16.270000    -0.000000     0.000000    -0.000000     0.000000    -0.000000    -0.000014    -0.001398     0.882000    -0.004027
   -0.000016     0.000104     0.002369    -0.000000     0.003545    -0.720100    -0.650700    -0.000000     0.000000    -0.000000     0.000000    -0.000000     0.000000     0.000036     0.012580     0.000105
   -0.000000    -0.000000     0.000000     0.000000     0.000000     1.000000     0.000000     0.000000    -0.000000     0.000000    -0.000000     0.000000     0.000000     0.000000     0.000000     0.000000
    1.000000     0.000000    -0.000000    15.680000    -0.000000     0.000000     0.000000     0.000000     0.000000    -0.000000     0.000000     0.000000    -0.000000    -0.000000    -0.000000    -0.000000
    0.000000    -0.000000     0.000000    -0.000000     1.000000    -0.000000    -0.000000   -15.680000    -0.000000     0.000000    -0.000000   102.700000     0.000000     0.000000     0.000000     0.000000
   -0.000000     1.000000    -0.000000  -102.700000     0.000000     0.000000     0.000000     0.000000     0.000000    -0.000000     0.000000     0.000000    -0.000000    -0.000000    -0.000000    -0.000000
   -0.000000    -0.000000     0.000000     0.000000     0.000000    -0.000000     1.000000     0.000000    -0.000000     0.000000    -0.000000     0.000000     0.000000     0.000000     0.000000     0.000000

   -0.006035     0.266600   -21.360000    -9.810000    -0.000000     0.000000     0.000000     0.000000     0.000000    -0.000000     0.000000     0.000000    -0.000923     0.037360    -0.000000     0.015970
   -0.115000    -0.492600    56.970000    -0.000000     0.000000    -0.000000    -0.000000    -0.000000     0.000000    -0.000000     0.000000     0.000000     0.003639    -0.151300     0.000000    -0.056290
    0.011750    -0.037120    -0.839400     0.000000    -0.001216    -0.036760     0.024950     0.000000    -0.000000     0.000000    -0.000000     0.000000    -0.000061    -0.007504     0.000549    -0.023350
   -0.000000    -0.000000     1.000000     0.000000     0.000000    -0.000000    -0.000000     0.000000    -0.000000     0.000000    -0.000000     0.000000     0.000000     0.000000     0.000000     0.000000
   -0.000000    -0.000000     0.000000    -0.000000    -0.054690    21.190000   -59.010000     9.810000    -0.000000     0.000000    -0.000000    -0.000000     0.000000    -0.000000    -0.000658    -0.000000
    0.000726    -0.002293    -0.051860    -0.000000    -0.775200   -24.320000    15.240000    -0.000000     0.000000    -0.000000     0.000000    -0.000000    -0.000004    -0.000464     0.357500    -0.001443
   -0.000019     0.000061     0.001374    -0.000000    -0.002698    -0.698600    -0.403600    -0.000000     0.000000    -0.000000     0.000000    -0.000000     0.000000     0.000012     0.006419     0.000038
   -0.000000    -0.000000     0.000000     0.000000     0.000000     1.000000     0.000000     0.000000    -0.000000     0.000000    -0.000000     0.000000     0.000000     0.000000     0.000000     0.000000
    1.000000     0.000000    -0.000000    20.540000    -0.000000     0.000000     0.000000     0.000000     0.000000    -0.000000     0.000000     0.000000    -0.000000    -0.000000    -0.000000    -0.000000
    0.000000    -0.000000     0.000000    -0.000000     1.000000    -0.000000    -0.000000   -20.540000    -0.000000     0.000000    -0.000000    64.890000     0.000000     0.000000     0.000000     0.000000
   -0.000000     1.000000    -0.000000   -64.890000     0.000000     0.000000     0.000000     0.000000     0.000000    -0.000000     0.000000     0.000000    -0.000000    -0.000000    -0.000000    -0.000000
   -0.000000    -0.000000     0.000000     0.000000     0.000000    -0.000000     1.000000     0.000000    -0.000000     0.000000    -0.000000     0.000000     0.000000     0.000000     0.000000     0.000000
