u  w  q  the  v  p  r  phi  x  y  z  psi  |  slat  flap  aileron  elevator
   -0.008572     0.269800   -28.800000    -9.810000    -0.000000     0.000000     0.000000     0.000000     0.000000    -0.000000     0.000000     0.000000    -0.000912     0.036260    -0.000000     0.015020
   -0.116500    -0.362100    56.370000    -0.000000     0.000000     0.000000    -0.000000    -0.000000     0.000000    -0.000000     0.000000     0.000000     0.002570    -0.104900     0.000000    -0.040340
    0.015870    -0.035280    -0.807300     0.000000    -0.001106    -0.027350     0.023930     0.000000    -0.000000     0.000000    -0.000000     0.000000    -0.000070    -0.006229     0.000394    -0.021930
   -0.000000    -0.000000     1.000000     0.000000     0.000000    -0.000000    -0.000000     0.000000    -0.000000     0.000000    -0.000000     0.000000     0.000000     0.000000     0.000000     0.000000
   -0.000000    -0.000000     0.000000    -0.000000    -0.037730    28.680000   -57.700000     9.810000    -0.000000     0.000000    -0.000000    -0.000000     0.000000    -0.000000    -0.001372    -0.000000
    0.000787    -0.001749    -0.040010    -0.000000    -0.906400   -23.820000    18.570000    -0.000000     0.000000    -0.000000     0.000000    -0.000000    -0.000003    -0.000309     0.332000    -0.001087
   -0.000034     0.000075     0.001725    -0.000000    -0.007365    -0.852200    -0.334000    -0.000000     0.000000    -0.000000     0.000000    -0.000000     0.000000     0.000013     0.006825     0.000047
   -0.000000    -0.000000     0.000000     0.000000     0.000000     1.000000     0.000000     0.000000    -0.000000     0.000000    -0.000000     0.000000     0.000000     0.000000     0.000000     0.000000
    1.000000     0.000000    -0.000000    27.920000    -0.000000     0.000000     0.000000     0.000000     0.000000    -0.000000     0.000000     0.000000    -0.000000    -0.000000    -0.000000    -0.000000
    0.000000    -0.000000     0.000000    -0.000000     1.000000    -0.000000    -0.000000   -27.920000    -0.000000     0.000000    -0.000000    62.070000     0.000000     0.000000     0.000000     0.000000
   -0.000000     1.000000    -0.000000   -62.070000     0.000000     0.000000     0.000000     0.000000     0.000000    -0.000000     0.000000     0.000000    -0.000000    -0.000000    -0.000000    -0.000000
   -0.000000    -0.000000     0.000000     0.000000     0.000000    -0.000000     1.000000    -0.000000    -0.000000     0.000000    -0.000000     0.000000     0.000000     0.000000     0.000000     0.000000

   -0.001820     0.166500   -21.900000    -9.810000     0.000000    -0.000000     0.000000     0.000000     0.000000    -0.000000     0.000000     0.000000    -0.000839     0.035430    -0.000000     0.014860
   -0.082330    -0.474400    94.430000    -0.000000     0.000000     0.000000    -0.000000    -0.000000     0.000000    -0.000000     0.000000     0.000000     0.005432    -0.233900    -0.000000    -0.082330
    0.010540    -0.050010    -1.178000     0.000000    -0.001564    -0.054840     0.030730     0.000000    -0.000000     0.000000    -0.000000     0.000000    -0.000220    -0.016360     0.001293    -0.052550
   -0.000000    -0.000000     1.000000     0.000000     0.000000    -0.000000    -0.000000     0.000000    -0.000000     0.000000    -0.000000     0.000000     0.000000     0.000000     0.000000     0.000000
    0.000000    -0.000000    -0.000000    -0.000000    -0.051890    21.740000   -96.420000     9.810000    -0.000000     0.000000    -0.000000    -0.000000    -0.000000     0.000000     0.000738    -0.000000
    0.000643    -0.003048    -0.071780    -0.000000    -1.041000   -38.250000    19.180000    -0.000000     0.000000    -0.000000     0.000000    -0.000000    -0.000013    -0.000997     0.888700    -0.003203
   -0.000027     0.000128     0.003021    -0.000000    -0.000285    -0.850200    -0.597100    -0.000000     0.000000    -0.000000     0.000000    -0.000000     0.000001     0.000042     0.013630     0.000135
   -0.000000    -0.000000     0.000000    -0.000000     0.000000     1.000000     0.000000     0.000000    -0.000000     0.000000    -0.000000     0.000000     0.000000     0.000000     0.000000     0.000000
    1.000000     0.000000    -0.000000    21.420000    -0.000000     0.000000     0.000000     0.000000     0.000000    -0.000000     0.000000     0.000000    -0.000000    -0.000000    -0.000000    -0.000000
    0.000000    -0.000000     0.000000    -0.000000     1.000000    -0.000000    -0.000000   -21.420000    -0.000000     0.000000    -0.000000   101.600000     0.000000     0.000000     0.000000     0.000000
   -0.000000     1.000000    -0.000000  -101.600000     0.000000     0.000000     0.000000     0.000000     0.000000    -0.000000     0.000000     0.000000    -0.000000    -0.000000    -0.000000    -0.000000
   -0.000000    -0.000000     0.000000     0.000000     0.000000    -0.000000     1.000000    -0.000000    -0.000000     0.000000    -0.000000     0.000000     0.000000     0.000000     0.000000     0.000000

   -0.000195     0.076740   -20.800000    -9.810000    -0.000000    -0.000000     0.000000     0.000000     0.000000    -0.000000     0.000000     0.000000    -0.000658     0.029840    -0.000000     0.013810
   -0.046870    -0.462200   200.000000    -0.000000    -0.000000     0.000000    -0.000000    -0.000000     0.000000    -0.000000     0.000000     0.000000     0.010560    -0.479700    -0.000000    -0.156700
    0.006872    -0.068870    -1.622000     0.000000    -0.002942    -0.128900     0.052850     0.000000    -0.000000     0.000000    -0.000000     0.000000    -0.000798    -0.050830     0.006201    -0.149000
   -0.000000    -0.000000     1.000000     0.000000     0.000000    -0.000000    -0.000000     0.000000    -0.000000     0.000000    -0.000000     0.000000     0.000000     0.000000     0.000000     0.000000
    0.000000    -0.000000    -0.000000    -0.000000    -0.048400    20.630000  -202.100000     9.810000    -0.000000     0.000000    -0.000000    -0.000000     0.000000    -0.000000     0.004868    -0.000000
    0.000672    -0.006731    -0.158500    -0.000000    -1.268000   -58.040000    21.220000    -0.000000     0.000000    -0.000000     0.000000    -0.000000    -0.000078    -0.004968     2.773000    -0.014560
   -0.000026     0.000262     0.006180    -0.000000     0.005791    -0.926100    -0.847400    -0.000000     0.000000    -0.000000     0.000000    -0.000000     0.000003     0.000194     0.035610     0.000568
   -0.000000    -0.000000     0.000000     0.000000     0.000000     1.000000     0.000000     0.000000    -0.000000     0.000000    -0.000000     0.000000     0.000000     0.000000     0.000000     0.000000
    1.000000     0.000000    -0.000000    20.620000    -0.000000     0.000000     0.000000     0.000000     0.000000    -0.000000     0.000000     0.000000    -0.000000    -0.000000    -0.000000    -0.000000
    0.000000    -0.000000     0.000000    -0.000000     1.000000    -0.000000    -0.000000   -20.620000    -0.000000     0.000000    -0.000000   206.600000     0.000000     0.000000     0.000000     0.000000
   -0.000000     1.000000    -0.000000  -206.600000     0.000000     0.000000     0.000000     0.000000     0.000000    -0.000000     0.000000     0.000000    -0.000000    -0.000000    -0.000000    -0.000000
   -0.000000    -0.000000     0.000000     0.000000     0.000000    -0.000000     1.000000     0.000000    -0.000000     0.000000    -0.000000     0.000000     0.000000     0.000000     0.000000     0.000000

   -0.000033     0.073700   -14.560000    -9.810000    -0.000000    -0.000000     0.000000     0.000000     0.000000    -0.000000     0.000000     0.000000    -0.000583     0.026620    -0.000000     0.013070
   -0.049680    -0.614000   198.400000    -0.000000    -0.000000    -0.000000    -0.000000    -0.000000     0.000000    -0.000000     0.000000     0.000000     0.014050    -0.641000    -0.000000    -0.207600
    0.004723    -0.067980    -1.612000     0.000000    -0.002767    -0.129800     0.048040     0.000000    -0.000000     0.000000    -0.000000     0.000000    -0.000803    -0.050980     0.006256    -0.148100
   -0.000000    -0.000000     1.000000     0.000000     0.000000    -0.000000    -0.000000     0.000000    -0.000000     0.000000    -0.000000     0.000000     0.000000     0.000000     0.000000     0.000000
    0.000000    -0.000000    -0.000000    -0.000000    -0.065190    14.300000  -201.200000     9.810000    -0.000000     0.000000    -0.000000    -0.000000     0.000000    -0.000000     0.007568    -0.000000
    0.000462    -0.006645    -0.157500    -0.000000    -1.187000   -58.220000    19.070000    -0.000000     0.000000    -0.000000     0.000000    -0.000000    -0.000078    -0.004982     2.795000    -0.014480
   -0.000018     0.000259     0.006142    -0.000000     0.008114    -0.836900    -0.873500    -0.000000     0.000000    -0.000000     0.000000    -0.000000     0.000003     0.000194     0.034480     0.000565
   -0.000000    -0.000000     0.000000     0.000000     0.000000     1.000000     0.000000     0.000000    -0.000000     0.000000    -0.000000     0.000000     0.000000     0.000000     0.000000     0.000000
    1.000000     0.000000    -0.000000    14.390000    -0.000000     0.000000     0.000000     0.000000     0.000000    -0.000000     0.000000     0.000000    -0.000000    -0.000000    -0.000000    -0.000000
    0.000000    -0.000000     0.000000    -0.000000     1.000000    -0.000000    -0.000000   -14.390000    -0.000000     0.000000    -0.000000   207.100000     0.000000     0.000000     0.000000     0.000000
   -0.000000     1.000000    -0.000000  -207.100000     0.000000     0.000000     0.000000     0.000000     0.000000    -0.000000     0.000000     0.000000    -0.000000    -0.000000    -0.000000    -0.000000
   -0.000000    -0.000000     0.000000     0.000000     0.000000    -0.000000     1.000000     0.000000    -0.000000     0.000000    -0.000000     0.000000     0.000000     0.000000     0.000000     0.000000

   -0.000961     0.162800   -15.930000    -9.810000    -0.000000    -0.000000     0.000000     0.000000     0.000000    -0.000000     0.000000     0.000000    -0.000801     0.034110    -0.000000     0.014500
   -0.084450    -0.629300    93.130000    -0.000000     0.000000     0.000000    -0.000000    -0.000000     0.000000    -0.000000     0.000000     0.000000     0.007268    -0.315500    -0.000000    -0.109300
    0.007389    -0.049070    -1.171000     0.000000    -0.001430    -0.055900     0.026980     0.000000    -0.000000     0.000000    -0.000000     0.000000    -0.000226    -0.016640     0.001332    -0.052630
   -0.000000    -0.000000     1.000000     0.000000     0.000000    -0.000000    -0.000000    -0.000000    -0.000000     0.000000    -0.000000     0.000000     0.000000     0.000000     0.000000     0.000000
   -0.000000    -0.000000    -0.000000    -0.000000    -0.070820    15.660000   -95.850000     9.810000    -0.000000     0.000000    -0.000000    -0.000000    -0.000000    -0.000000     0.002165    -0.000000
    0.000450    -0.002991    -0.071350    -0.000000    -0.945200   -38.710000    16.610000    -0.000000     0.000000    -0.000000     0.000000    -0.000000    -0.000014    -0.001014     0.912600    -0.003208
   -0.000019     0.000126     0.003003    -0.000000     0.002857    -0.731500    -0.634700    -0.000000     0.000000    -0.000000     0.000000    -0.000000     0.000001     0.000043     0.012950     0.000135
   -0.000000    -0.000000     0.000000     0.000000     0.000000     1.000000     0.000000     0.000000    -0.000000     0.000000    -0.000000     0.000000     0.000000     0.000000     0.000000     0.000000
    1.000000     0.000000    -0.000000    15.460000    -0.000000     0.000000     0.000000     0.000000     0.000000    -0.000000     0.000000     0.000000    -0.000000    -0.000000    -0.000000    -0.000000
    0.000000    -0.000000     0.000000    -0.000000     1.000000    -0.000000    -0.000000   -15.460000    -0.000000     0.000000    -0.000000   102.700000     0.000000     0.000000     0.000000     0.000000
   -0.000000     1.000000    -0.000000  -102.700000     0.000000     0.000000     0.000000     0.000000     0.000000    -0.000000     0.000000     0.000000    -0.000000    -0.000000    -0.000000    -0.000000
   -0.000000    -0.000000     0.000000     0.000000     0.000000    -0.000000     1.000000     0.000000    -0.000000     0.000000    -0.000000     0.000000     0.000000     0.000000     0.000000     0.000000

   -0.005090     0.263600   -21.120000    -9.810000    -0.000000    -0.000000     0.000000     0.000000     0.000000    -0.000000     0.000000     0.000000    -0.000910     0.036880    -0.000000     0.015160
   -0.117000    -0.493400    57.150000    -0.000000     0.000000    -0.000000    -0.000000    -0.000000     0.000000    -0.000000     0.000000     0.000000     0.003648    -0.151700     0.000000    -0.056360
    0.010840    -0.034750    -0.814800     0.000000    -0.000981    -0.029250     0.020240     0.000000    -0.000000     0.000000    -0.000000     0.000000    -0.000079    -0.006754     0.000440    -0.023060
   -0.000000    -0.000000     1.000000     0.000000     0.000000    -0.000000    -0.000000     0.000000    -0.000000     0.000000    -0.000000     0.000000     0.000000     0.000000     0.000000     0.000000
   -0.000000    -0.000000     0.000000    -0.000000    -0.054980    20.900000   -59.100000     9.810000    -0.000000     0.000000    -0.000000    -0.000000     0.000000    -0.000000    -0.000620    -0.000000
    0.000537    -0.001722    -0.040380    -0.000000    -0.796400   -25.030000    15.480000    -0.000000     0.000000    -0.000000     0.000000    -0.000000    -0.000004    -0.000335     0.368400    -0.001143
   -0.000023     0.000074     0.001742    -0.000000    -0.003111    -0.699800    -0.392600    -0.000000     0.000000    -0.000000     0.000000    -0.000000     0.000000     0.000014     0.006529     0.000049
   -0.000000    -0.000000     0.000000     0.000000     0.000000     1.000000     0.000000     0.000000    -0.000000     0.000000    -0.000000     0.000000     0.000000     0.000000     0.000000     0.000000
    1.000000     0.000000    -0.000000    20.260000    -0.000000     0.000000     0.000000     0.000000     0.000000    -0.000000     0.000000     0.000000    -0.000000    -0.000000    -0.000000    -0.000000
    0.000000    -0.000000     0.000000    -0.000000     1.000000    -0.000000    -0.000000   -20.260000    -0.000000     0.000000    -0.000000    64.970000     0.000000     0.000000     0.000000     0.000000
   -0.000000     1.000000    -0.000000   -64.970000     0.000000     0.000000     0.000000     0.000000     0.000000    -0.000000     0.000000     0.000000    -0.000000    -0.000000    -0.000000    -0.000000
   -0.000000    -0.000000     0.000000     0.000000     0.000000    -0.000000     1.000000     0.000000    -0.000000     0.000000    -0.000000     0.000000     0.000000     0.000000     0.000000     0.000000
