u  w  q  the  v  p  r  phi  x  y  z  psi  |  slat  flap  aileron  elevator
   -0.014910     0.282700   -30.210000    -9.810000    -0.000000     0.000000     0.000000     0.000000     0.000000    -0.000000     0.000000     0.000000    -0.000958     0.037930    -0.000000     0.018070
   -0.108400    -0.357100    55.360000    -0.000000     0.000000    -0.000000    -0.000000    -0.000000     0.000000    -0.000000     0.000000     0.000000     0.002513    -0.102300     0.000000    -0.039750
    0.021620    -0.044940    -0.924400     0.000000    -0.000747    -0.017140     0.017620     0.000000    -0.000000     0.000000    -0.000000     0.000000    -0.000000    -0.009043     0.000253    -0.023160
   -0.000000    -0.000000     1.000000     0.000000     0.000000    -0.000000    -0.000000     0.000000    -0.000000     0.000000    -0.000000     0.000000     0.000000     0.000000     0.000000     0.000000
   -0.000000    -0.000000     0.000000    -0.000000    -0.036400    30.320000   -56.960000     9.810000    -0.000000     0.000000    -0.000000    -0.000000    -0.000000    -0.000000    -0.001522    -0.000000
    0.000710    -0.001476    -0.030360    -0.000000    -0.939900   -24.370000    20.170000    -0.000000     0.000000    -0.000000     0.000000    -0.000000    -0.000000    -0.000297     0.335300    -0.000761
   -0.000061     0.000127     0.002613    -0.000000    -0.007466    -0.920600    -0.354600    -0.000000     0.000000    -0.000000     0.000000    -0.000000     0.000000     0.000026     0.007114     0.000065
   -0.000000    -0.000000     0.000000     0.000000     0.000000     1.000000     0.000000     0.000000    -0.000000     0.000000    -0.000000     0.000000     0.000000     0.000000     0.000000     0.000000
    1.000000     0.000000    -0.000000    29.510000    -0.000000     0.000000     0.000000     0.000000     0.000000    -0.000000     0.000000     0.000000    -0.000000    -0.000000    -0.000000    -0.000000
    0.000000    -0.000000     0.000000    -0.000000     1.000000    -0.000000    -0.000000   -29.510000    -0.000000     0.000000    -0.000000    61.330000     0.000000     0.000000     0.000000     0.000000
   -0.000000     1.000000    -0.000000   -61.330000     0.000000     0.000000     0.000000     0.000000     0.000000    -0.000000     0.000000     0.000000    -0.000000    -0.000000    -0.000000    -0.000000
   -0.000000    -0.000000     0.000000     0.000000     0.000000    -0.000000     1.000000     0.000000    -0.000000     0.000000    -0.000000     0.000000     0.000000     0.000000     0.000000     0.000000

   -0.003795     0.174500   -23.040000    -9.810000     0.000000    -0.000000     0.000000     0.000000     0.000000    -0.000000     0.000000     0.000000    -0.000892     0.037560     0.000000     0.018570
   -0.076840    -0.472600    93.750000    -0.000000     0.000000     0.000000    -0.000000    -0.000000     0.000000    -0.000000     0.000000     0.000000     0.005406    -0.232500    -0.000000    -0.082270
    0.014770    -0.066030    -1.359000     0.000000    -0.001085    -0.036240     0.023350     0.000000    -0.000000     0.000000    -0.000000     0.000000    -0.000043    -0.024320     0.000865    -0.056250
   -0.000000    -0.000000     1.000000     0.000000     0.000000    -0.000000    -0.000000     0.000000    -0.000000     0.000000    -0.000000     0.000000     0.000000     0.000000     0.000000     0.000000
   -0.000000    -0.000000    -0.000000    -0.000000    -0.051120    23.020000   -96.110000     9.810000    -0.000000     0.000000    -0.000000    -0.000000     0.000000    -0.000000     0.000579    -0.000000
    0.000601    -0.002689    -0.055340    -0.000000    -1.089000   -39.860000    21.090000    -0.000000     0.000000    -0.000000     0.000000    -0.000000    -0.000002    -0.000991     0.923300    -0.002291
   -0.000050     0.000225     0.004625    -0.000000     0.000282    -0.915700    -0.637400    -0.000000     0.000000    -0.000000     0.000000    -0.000000     0.000000     0.000083     0.014420     0.000191
   -0.000000    -0.000000     0.000000    -0.000000     0.000000     1.000000     0.000000     0.000000    -0.000000     0.000000    -0.000000     0.000000     0.000000     0.000000     0.000000     0.000000
    1.000000     0.000000    -0.000000    22.660000    -0.000000     0.000000     0.000000     0.000000     0.000000    -0.000000     0.000000     0.000000    -0.000000    -0.000000    -0.000000    -0.000000
    0.000000    -0.000000     0.000000    -0.000000     1.000000    -0.000000    -0.000000   -22.660000    -0.000000     0.000000    -0.000000   101.300000     0.000000     0.000000     0.000000     0.000000
   -0.000000     1.000000    -0.000000  -101.300000     0.000000     0.000000     0.000000     0.000000     0.000000    -0.000000     0.000000     0.000000    -0.000000    -0.000000    -0.000000    -0.000000
   -0.000000    -0.000000     0.000000    -0.000000     0.000000    -0.000000     1.000000    -0.000000    -0.000000     0.000000    -0.000000     0.000000     0.000000     0.000000     0.000000     0.000000

   -0.000690     0.080680   -22.040000    -9.810000    -0.000000     0.000000     0.000000     0.000000     0.000000    -0.000000     0.000000     0.000000    -0.000707     0.032020    -0.000000     0.017970
   -0.044050    -0.461600   199.500000    -0.000000    -0.000000     0.000000    -0.000000    -0.000000     0.000000    -0.000000     0.000000     0.000000     0.010540    -0.479000    -0.000000    -0.156900
    0.009885    -0.093170    -1.888000     0.000000    -0.002127    -0.089590     0.042060     0.000000    -0.000000     0.000000    -0.000000     0.000000    -0.000287    -0.075950     0.004332    -0.160600
   -0.000000    -0.000000     1.000000     0.000000     0.000000    -0.000000    -0.000000     0.000000    -0.000000     0.000000    -0.000000     0.000000     0.000000     0.000000     0.000000     0.000000
    0.000000    -0.000000    -0.000000    -0.000000    -0.048020    21.930000  -201.900000     9.810000    -0.000000     0.000000    -0.000000    -0.000000     0.000000    -0.000000     0.004728    -0.000000
    0.000664    -0.006255    -0.126800    -0.000000    -1.364000   -62.330000    24.070000    -0.000000     0.000000    -0.000000     0.000000    -0.000000    -0.000019    -0.005100     2.976000    -0.010780
   -0.000051     0.000476     0.009650    -0.000000     0.006733    -1.017000    -0.907200    -0.000000     0.000000    -0.000000     0.000000    -0.000000     0.000001     0.000388     0.038890     0.000821
   -0.000000    -0.000000     0.000000    -0.000000     0.000000     1.000000     0.000000     0.000000    -0.000000     0.000000    -0.000000     0.000000     0.000000     0.000000     0.000000     0.000000
    1.000000     0.000000    -0.000000    21.910000    -0.000000     0.000000     0.000000     0.000000     0.000000    -0.000000     0.000000     0.000000    -0.000000    -0.000000    -0.000000    -0.000000
    0.000000    -0.000000     0.000000    -0.000000     1.000000    -0.000000    -0.000000   -21.910000    -0.000000     0.000000    -0.000000   206.500000     0.000000     0.000000     0.000000     0.000000
   -0.000000     1.000000    -0.000000  -206.500000     0.000000     0.000000     0.000000     0.000000     0.000000    -0.000000     0.000000     0.000000    -0.000000    -0.000000    -0.000000    -0.000000
   -0.000000    -0.000000     0.000000     0.000000     0.000000    -0.000000     1.000000     0.000000    -0.000000     0.000000    -0.000000     0.000000     0.000000     0.000000     0.000000     0.000000

   -0.000379     0.077630   -15.480000    -9.810000     0.000000    -0.000000     0.000000     0.000000     0.000000    -0.000000     0.000000     0.000000    -0.000632     0.028830    -0.000000     0.017270
   -0.046860    -0.613500   197.800000    -0.000000    -0.000000    -0.000000    -0.000000    -0.000000     0.000000    -0.000000     0.000000     0.000000     0.014040    -0.640400    -0.000000    -0.207900
    0.006851    -0.092390    -1.876000     0.000000    -0.002008    -0.090490     0.038540     0.000000    -0.000000     0.000000    -0.000000     0.000000    -0.000290    -0.076300     0.004378    -0.159600
   -0.000000    -0.000000     1.000000     0.000000     0.000000    -0.000000    -0.000000     0.000000    -0.000000     0.000000    -0.000000     0.000000     0.000000     0.000000     0.000000     0.000000
    0.000000    -0.000000    -0.000000    -0.000000    -0.064810    15.280000  -201.100000     9.810000    -0.000000     0.000000    -0.000000    -0.000000     0.000000    -0.000000     0.007429    -0.000000
    0.000460    -0.006203    -0.125900    -0.000000    -1.276000   -62.540000    21.660000    -0.000000     0.000000    -0.000000     0.000000    -0.000000    -0.000019    -0.005123     3.001000    -0.010720
   -0.000035     0.000472     0.009587    -0.000000     0.009353    -0.917600    -0.937900    -0.000000     0.000000    -0.000000     0.000000    -0.000000     0.000001     0.000390     0.037680     0.000816
   -0.000000    -0.000000     0.000000     0.000000     0.000000     1.000000     0.000000     0.000000    -0.000000     0.000000    -0.000000     0.000000     0.000000     0.000000     0.000000     0.000000
    1.000000     0.000000    -0.000000    15.350000    -0.000000     0.000000     0.000000     0.000000     0.000000    -0.000000     0.000000     0.000000    -0.000000    -0.000000    -0.000000    -0.000000
    0.000000    -0.000000     0.000000    -0.000000     1.000000    -0.000000    -0.000000   -15.350000    -0.000000     0.000000    -0.000000   207.000000     0.000000     0.000000     0.000000     0.000000
   -0.000000     1.000000    -0.000000  -207.000000     0.000000     0.000000     0.000000     0.000000     0.000000    -0.000000     0.000000     0.000000    -0.000000    -0.000000    -0.000000    -0.000000
   -0.000000    -0.000000     0.000000     0.000000     0.000000    -0.000000     1.000000     0.000000    -0.000000     0.000000    -0.000000     0.000000     0.000000     0.000000     0.000000     0.000000

   -0.002375     0.170700   -16.750000    -9.810000     0.000000    -0.000000    -0.000000     0.000000     0.000000    -0.000000     0.000000     0.000000    -0.000854     0.036320     0.000000     0.018300
   -0.078990    -0.627900    92.430000    -0.000000    -0.000000     0.000000     0.000000    -0.000000     0.000000    -0.000000     0.000000     0.000000     0.007249    -0.314500    -0.000000    -0.109400
    0.010440    -0.065360    -1.351000     0.000000    -0.000998    -0.037260     0.020730     0.000000    -0.000000     0.000000    -0.000000     0.000000    -0.000045    -0.024840     0.000895    -0.056360
   -0.000000    -0.000000     1.000000     0.000000     0.000000    -0.000000    -0.000000     0.000000    -0.000000     0.000000    -0.000000     0.000000     0.000000     0.000000     0.000000     0.000000
   -0.000000    -0.000000    -0.000000    -0.000000    -0.070080    16.610000   -95.650000     9.810000    -0.000000     0.000000    -0.000000    -0.000000    -0.000000    -0.000000     0.002009    -0.000000
    0.000425    -0.002662    -0.055010    -0.000000    -0.988900   -40.400000    18.290000    -0.000000     0.000000    -0.000000     0.000000    -0.000000    -0.000002    -0.001012     0.950700    -0.002296
   -0.000036     0.000222     0.004598    -0.000000     0.003738    -0.784700    -0.679500    -0.000000     0.000000    -0.000000     0.000000    -0.000000     0.000000     0.000085     0.013690     0.000192
   -0.000000    -0.000000     0.000000     0.000000     0.000000     1.000000     0.000000     0.000000    -0.000000     0.000000    -0.000000     0.000000     0.000000     0.000000     0.000000     0.000000
    1.000000     0.000000    -0.000000    16.380000    -0.000000     0.000000     0.000000     0.000000     0.000000    -0.000000     0.000000     0.000000    -0.000000    -0.000000    -0.000000    -0.000000
    0.000000    -0.000000     0.000000    -0.000000     1.000000    -0.000000    -0.000000   -16.380000    -0.000000     0.000000    -0.000000   102.500000     0.000000     0.000000     0.000000     0.000000
   -0.000000     1.000000    -0.000000  -102.500000     0.000000     0.000000     0.000000     0.000000     0.000000    -0.000000     0.000000     0.000000    -0.000000    -0.000000    -0.000000    -0.000000
   -0.000000    -0.000000     0.000000     0.000000     0.000000    -0.000000     1.000000     0.000000    -0.000000     0.000000    -0.000000     0.000000     0.000000     0.000000     0.000000     0.000000

   -0.009440     0.276100   -22.110000    -9.810000    -0.000000    -0.000000     0.000000     0.000000     0.000000    -0.000000     0.000000     0.000000    -0.000962     0.038880    -0.000000     0.018520
   -0.108900    -0.489900    56.370000    -0.000000     0.000000     0.000000    -0.000000    -0.000000     0.000000    -0.000000     0.000000     0.000000     0.003610    -0.149900     0.000000    -0.056070
    0.014960    -0.045110    -0.935600     0.000000    -0.000668    -0.018810     0.015080     0.000000    -0.000000     0.000000    -0.000000     0.000000    -0.000003    -0.009975     0.000288    -0.024550
   -0.000000    -0.000000     1.000000     0.000000     0.000000    -0.000000    -0.000000     0.000000    -0.000000     0.000000    -0.000000     0.000000     0.000000     0.000000     0.000000     0.000000
   -0.000000    -0.000000    -0.000000    -0.000000    -0.053780    22.110000   -58.700000     9.810000    -0.000000     0.000000    -0.000000    -0.000000     0.000000    -0.000000    -0.000781    -0.000000
    0.000491    -0.001481    -0.030720    -0.000000    -0.826000   -25.780000    16.830000    -0.000000     0.000000    -0.000000     0.000000    -0.000000    -0.000000    -0.000328     0.377000    -0.000806
   -0.000042     0.000128     0.002644    -0.000000    -0.002858    -0.752700    -0.418400    -0.000000     0.000000    -0.000000     0.000000    -0.000000     0.000000     0.000028     0.006840     0.000069
   -0.000000    -0.000000     0.000000     0.000000     0.000000     1.000000     0.000000     0.000000    -0.000000     0.000000    -0.000000     0.000000     0.000000     0.000000     0.000000     0.000000
    1.000000     0.000000    -0.000000    21.420000    -0.000000     0.000000     0.000000     0.000000     0.000000    -0.000000     0.000000     0.000000    -0.000000    -0.000000    -0.000000    -0.000000
    0.000000    -0.000000     0.000000    -0.000000     1.000000    -0.000000    -0.000000   -21.420000    -0.000000     0.000000    -0.000000    64.600000     0.000000     0.000000     0.000000     0.000000
   -0.000000     1.000000    -0.000000   -64.600000     0.000000     0.000000     0.000000     0.000000     0.000000    -0.000000     0.000000     0.000000    -0.000000    -0.000000    -0.000000    -0.000000
   -0.000000    -0.000000     0.000000     0.000000     0.000000    -0.000000     1.000000     0.000000    -0.000000     0.000000    -0.000000     0.000000     0.000000     0.000000     0.000000     0.000000
