u  w  q  the  v  p  r  phi  x  y  z  psi  |  slat  flap  aileron  elevator
   -0.007293     0.266800   -28.470000    -9.810000    -0.000000     0.000000     0.000000     0.000000     0.000000    -0.000000     0.000000     0.000000    -0.000901     0.035860    -0.000000     0.014280
   -0.118400    -0.363200    56.600000    -0.000000     0.000000    -0.000000     0.000000    -0.000000     0.000000    -0.000000     0.000000     0.000000     0.002582    -0.105500     0.000000    -0.040460
    0.014200    -0.032090    -0.760800     0.000000    -0.001517    -0.038750     0.031660     0.000000    -0.000000     0.000000    -0.000000     0.000000    -0.000085    -0.005399     0.000551    -0.021040
   -0.000000    -0.000000     1.000000     0.000000     0.000000    -0.000000    -0.000000     0.000000    -0.000000     0.000000    -0.000000     0.000000     0.000000     0.000000     0.000000     0.000000
   -0.000000     0.000000     0.000000    -0.000000    -0.038050    28.300000   -57.860000     9.810000    -0.000000     0.000000    -0.000000    -0.000000     0.000000    -0.000000    -0.001336    -0.000000
    0.000999    -0.002258    -0.053520    -0.000000    -0.865100   -22.790000    17.530000    -0.000000     0.000000    -0.000000     0.000000    -0.000000    -0.000006    -0.000380     0.318700    -0.001480
   -0.000018     0.000040     0.000939    -0.000000    -0.006732    -0.801400    -0.327600    -0.000000     0.000000    -0.000000     0.000000    -0.000000     0.000000     0.000007     0.006412     0.000026
   -0.000000    -0.000000     0.000000     0.000000     0.000000     1.000000     0.000000     0.000000    -0.000000     0.000000    -0.000000     0.000000     0.000000     0.000000     0.000000     0.000000
    1.000000     0.000000    -0.000000    27.550000    -0.000000     0.000000     0.000000     0.000000     0.000000    -0.000000     0.000000     0.000000    -0.000000    -0.000000    -0.000000    -0.000000
    0.000000    -0.000000     0.000000    -0.000000     1.000000    -0.000000    -0.000000   -27.550000    -0.000000     0.000000    -0.000000    62.230000     0.000000     0.000000     0.000000     0.000000
   -0.000000     1.000000    -0.000000   -62.230000     0.000000     0.000000     0.000000     0.000000     0.000000    -0.000000     0.000000     0.000000    -0.000000    -0.000000    -0.000000    -0.000000
   -0.000000    -0.000000     0.000000     0.000000     0.000000    -0.000000     1.000000     0.000000    -0.000000     0.000000    -0.000000     0.000000     0.000000     0.000000     0.000000     0.000000

   -0.001428     0.164600   -21.630000    -9.810000     0.000000    -0.000000     0.000000     0.000000     0.000000    -0.000000     0.000000     0.000000    -0.000827     0.034920     0.000000     0.013980
   -0.083630    -0.474800    94.600000    -0.000000     0.000000     0.000000     0.000000    -0.000000     0.000000    -0.000000     0.000000     0.000000     0.005438    -0.234200    -0.000000    -0.082330
    0.009299    -0.044740    -1.102000     0.000000    -0.002093    -0.075110     0.039500     0.000000    -0.000000     0.000000    -0.000000     0.000000    -0.000253    -0.014020     0.001760    -0.049980
   -0.000000    -0.000000     1.000000     0.000000     0.000000    -0.000000    -0.000000     0.000000    -0.000000     0.000000    -0.000000     0.000000     0.000000     0.000000     0.000000     0.000000
    0.000000    -0.000000    -0.000000    -0.000000    -0.052080    21.440000   -96.490000     9.810000    -0.000000     0.000000    -0.000000    -0.000000    -0.000000    -0.000000     0.000775    -0.000000
    0.000796    -0.003831    -0.094350    -0.000000    -0.983000   -36.150000    17.910000    -0.000000     0.000000    -0.000000     0.000000    -0.000000    -0.000022    -0.001201     0.840500    -0.004280
   -0.000014     0.000066     0.001623    -0.000000     0.000131    -0.785700    -0.576800    -0.000000     0.000000    -0.000000     0.000000    -0.000000     0.000000     0.000021     0.012510     0.000074
   -0.000000    -0.000000     0.000000     0.000000     0.000000     1.000000     0.000000     0.000000    -0.000000     0.000000    -0.000000     0.000000     0.000000     0.000000     0.000000     0.000000
    1.000000     0.000000    -0.000000    21.130000    -0.000000     0.000000     0.000000     0.000000     0.000000    -0.000000     0.000000     0.000000    -0.000000    -0.000000    -0.000000    -0.000000
    0.000000    -0.000000     0.000000    -0.000000     1.000000    -0.000000    -0.000000   -21.130000    -0.000000     0.000000    -0.000000   101.700000     0.000000     0.000000     0.000000     0.000000
   -0.000000     1.000000    -0.000000  -101.700000     0.000000     0.000000     0.000000     0.000000     0.000000    -0.000000     0.000000     0.000000    -0.000000    -0.000000    -0.000000    -0.000000
   -0.000000    -0.000000     0.000000     0.000000     0.000000    -0.000000     1.000000    -0.000000    -0.000000     0.000000    -0.000000     0.000000     0.000000     0.000000     0.000000     0.000000

   -0.000100     0.075810   -20.500000    -9.810000     0.000000     0.000000     0.000000     0.000000     0.000000    -0.000000     0.000000     0.000000    -0.000646     0.029320    -0.000000     0.012820
   -0.047540    -0.462300   200.200000    -0.000000    -0.000000    -0.000000    -0.000000    -0.000000     0.000000    -0.000000     0.000000     0.000000     0.010560    -0.479900    -0.000000    -0.156600
    0.005911    -0.060140    -1.489000     0.000000    -0.003724    -0.166500     0.064050     0.000000    -0.000000     0.000000    -0.000000     0.000000    -0.000871    -0.042800     0.007986    -0.139100
   -0.000000    -0.000000     1.000000     0.000000     0.000000    -0.000000    -0.000000     0.000000    -0.000000     0.000000    -0.000000     0.000000     0.000000     0.000000     0.000000     0.000000
    0.000000    -0.000000    -0.000000    -0.000000    -0.048490    20.320000  -202.100000     9.810000    -0.000000     0.000000    -0.000000    -0.000000     0.000000    -0.000000     0.004901    -0.000000
    0.000785    -0.007990    -0.197800    -0.000000    -1.159000   -53.050000    19.170000    -0.000000     0.000000    -0.000000     0.000000    -0.000000    -0.000116    -0.005687     2.536000    -0.018480
   -0.000013     0.000130     0.003205    -0.000000     0.006241    -0.813500    -0.805800    -0.000000     0.000000    -0.000000     0.000000    -0.000000     0.000002     0.000092     0.030900     0.000299
   -0.000000    -0.000000     0.000000     0.000000     0.000000     1.000000     0.000000     0.000000    -0.000000     0.000000    -0.000000     0.000000     0.000000     0.000000     0.000000     0.000000
    1.000000     0.000000    -0.000000    20.310000    -0.000000     0.000000     0.000000     0.000000     0.000000    -0.000000     0.000000     0.000000    -0.000000    -0.000000    -0.000000    -0.000000
    0.000000    -0.000000     0.000000    -0.000000     1.000000    -0.000000    -0.000000   -20.310000    -0.000000     0.000000    -0.000000   206.600000     0.000000     0.000000     0.000000     0.000000
   -0.000000     1.000000    -0.000000  -206.600000     0.000000     0.000000     0.000000     0.000000     0.000000    -0.000000     0.000000     0.000000    -0.000000    -0.000000    -0.000000    -0.000000
   -0.000000    -0.000000     0.000000     0.000000     0.000000    -0.000000     1.000000    -0.000000    -0.000000     0.000000    -0.000000     0.000000     0.000000     0.000000     0.000000     0.000000

    0.000032     0.072770   -14.340000    -9.810000    -0.000000    -0.000000     0.000000     0.000000     0.000000    -0.000000     0.000000     0.000000    -0.000571     0.026100    -0.000000     0.012070
   -0.050350    -0.614100   198.600000    -0.000000     0.000000     0.000000    -0.000000    -0.000000     0.000000    -0.000000     0.000000     0.000000     0.014050    -0.641100    -0.000000    -0.207500
    0.004052    -0.059280    -1.480000     0.000000    -0.003494    -0.167300     0.057920     0.000000    -0.000000     0.000000    -0.000000     0.000000    -0.000875    -0.042900     0.008052    -0.138300
   -0.000000    -0.000000     1.000000     0.000000     0.000000    -0.000000    -0.000000     0.000000    -0.000000     0.000000    -0.000000     0.000000     0.000000     0.000000     0.000000     0.000000
    0.000000    -0.000000    -0.000000    -0.000000    -0.065280    14.070000  -201.200000     9.810000    -0.000000     0.000000    -0.000000    -0.000000     0.000000    -0.000000     0.007601    -0.000000
    0.000538    -0.007876    -0.196600    -0.000000    -1.085000   -53.220000    17.220000    -0.000000     0.000000    -0.000000     0.000000    -0.000000    -0.000116    -0.005700     2.555000    -0.018380
   -0.000009     0.000128     0.003186    -0.000000     0.008316    -0.731000    -0.827900    -0.000000     0.000000    -0.000000     0.000000    -0.000000     0.000002     0.000092     0.029840     0.000298
   -0.000000    -0.000000     0.000000    -0.000000     0.000000     1.000000     0.000000     0.000000    -0.000000     0.000000    -0.000000     0.000000     0.000000     0.000000     0.000000     0.000000
    1.000000     0.000000    -0.000000    14.160000    -0.000000     0.000000     0.000000     0.000000     0.000000    -0.000000     0.000000     0.000000    -0.000000    -0.000000    -0.000000    -0.000000
    0.000000    -0.000000     0.000000    -0.000000     1.000000    -0.000000    -0.000000   -14.160000    -0.000000     0.000000    -0.000000   207.100000     0.000000     0.000000     0.000000     0.000000
   -0.000000     1.000000    -0.000000  -207.100000     0.000000     0.000000     0.000000     0.000000     0.000000    -0.000000     0.000000     0.000000    -0.000000    -0.000000    -0.000000    -0.000000
   -0.000000    -0.000000     0.000000    -0.000000     0.000000    -0.000000     1.000000    -0.000000    -0.000000     0.000000    -0.000000     0.000000     0.000000     0.000000     0.000000     0.000000

   -0.000684     0.160900   -15.730000    -9.810000     0.000000    -0.000000    -0.000000     0.000000     0.000000    -0.000000     0.000000     0.000000    -0.000788     0.033590     0.000000     0.013590
   -0.085750    -0.629700    93.300000    -0.000000    -0.000000     0.000000    -0.000000    -0.000000     0.000000    -0.000000     0.000000     0.000000     0.007272    -0.315700    -0.000000    -0.109300
    0.006498    -0.043790    -1.095000     0.000000    -0.001908    -0.076280     0.034460     0.000000    -0.000000     0.000000    -0.000000     0.000000    -0.000259    -0.014240     0.001809    -0.050060
   -0.000000    -0.000000     1.000000     0.000000     0.000000    -0.000000    -0.000000     0.000000    -0.000000     0.000000    -0.000000     0.000000     0.000000     0.000000     0.000000     0.000000
   -0.000000    -0.000000    -0.000000    -0.000000    -0.071000    15.440000   -95.890000     9.810000    -0.000000     0.000000    -0.000000    -0.000000     0.000000    -0.000000     0.002203    -0.000000
    0.000556    -0.003749    -0.093800    -0.000000    -0.892800   -36.570000    15.510000    -0.000000     0.000000    -0.000000     0.000000    -0.000000    -0.000022    -0.001219     0.862600    -0.004286
   -0.000010     0.000064     0.001614    -0.000000     0.003041    -0.673700    -0.610700    -0.000000     0.000000    -0.000000     0.000000    -0.000000     0.000000     0.000021     0.011850     0.000074
   -0.000000    -0.000000     0.000000    -0.000000     0.000000     1.000000     0.000000     0.000000    -0.000000     0.000000    -0.000000     0.000000     0.000000     0.000000     0.000000     0.000000
    1.000000     0.000000    -0.000000    15.240000    -0.000000     0.000000     0.000000     0.000000     0.000000    -0.000000     0.000000     0.000000    -0.000000    -0.000000    -0.000000    -0.000000
    0.000000    -0.000000     0.000000    -0.000000     1.000000    -0.000000    -0.000000   -15.240000    -0.000000     0.000000    -0.000000   102.700000     0.000000     0.000000     0.000000     0.000000
   -0.000000     1.000000    -0.000000  -102.700000     0.000000     0.000000     0.000000     0.000000     0.000000    -0.000000     0.000000     0.000000    -0.000000    -0.000000    -0.000000    -0.000000
   -0.000000    -0.000000     0.000000     0.000000     0.000000    -0.000000     1.000000    -0.000000    -0.000000     0.000000    -0.000000     0.000000     0.000000     0.000000     0.000000     0.000000

   -0.004216     0.260700   -20.890000    -9.810000    -0.000000     0.000000     0.000000     0.000000     0.000000    -0.000000     0.000000     0.000000    -0.000898     0.036400    -0.000000     0.014350
   -0.118900    -0.494200    57.340000    -0.000000     0.000000    -0.000000    -0.000000    -0.000000     0.000000    -0.000000     0.000000     0.000000     0.003657    -0.152100     0.000000    -0.056420
    0.009659    -0.031430    -0.767600     0.000000    -0.001339    -0.041020     0.026590     0.000000    -0.000000     0.000000    -0.000000     0.000000    -0.000095    -0.005827     0.000612    -0.022090
   -0.000000    -0.000000     1.000000     0.000000     0.000000    -0.000000    -0.000000     0.000000    -0.000000     0.000000    -0.000000     0.000000     0.000000     0.000000     0.000000     0.000000
   -0.000000     0.000000     0.000000    -0.000000    -0.055270    20.620000   -59.190000     9.810000    -0.000000     0.000000    -0.000000    -0.000000     0.000000    -0.000000    -0.000581    -0.000000
    0.000679    -0.002211    -0.054000    -0.000000    -0.760100   -23.920000    14.610000    -0.000000     0.000000    -0.000000     0.000000    -0.000000    -0.000007    -0.000410     0.352600    -0.001554
   -0.000012     0.000039     0.000948    -0.000000    -0.002734    -0.656500    -0.381900    -0.000000     0.000000    -0.000000     0.000000    -0.000000     0.000000     0.000007     0.006105     0.000027
   -0.000000    -0.000000     0.000000     0.000000     0.000000     1.000000     0.000000     0.000000    -0.000000     0.000000    -0.000000     0.000000     0.000000     0.000000     0.000000     0.000000
    1.000000     0.000000    -0.000000    19.990000    -0.000000     0.000000     0.000000     0.000000     0.000000    -0.000000     0.000000     0.000000    -0.000000    -0.000000    -0.000000    -0.000000
    0.000000    -0.000000     0.000000    -0.000000     1.000000    -0.000000    -0.000000   -19.990000    -0.000000     0.000000    -0.000000    65.060000     0.000000     0.000000     0.000000     0.000000
   -0.000000     1.000000    -0.000000   -65.060000     0.000000     0.000000     0.000000     0.000000     0.000000    -0.000000     0.000000     0.000000    -0.000000    -0.000000    -0.000000    -0.000000
   -0.000000    -0.000000     0.000000     0.000000     0.000000    -0.000000     1.000000    -0.000000    -0.000000     0.000000    -0.000000     0.000000     0.000000     0.000000     0.000000     0.000000
