u  w  q  the  v  p  r  phi  x  y  z  psi  |  slat  flap  aileron  elevator
   -0.019640     0.290900   -31.100000    -9.810000    -0.000000     0.000000     0.000000     0.000000     0.000000    -0.000000     0.000000     0.000000    -0.000987     0.038940    -0.000000     0.019910
   -0.103400    -0.353900    54.710000    -0.000000     0.000000    -0.000000    -0.000000    -0.000000     0.000000    -0.000000     0.000000     0.000000     0.002475    -0.100600     0.000000    -0.039340
    0.024320    -0.048500    -0.958900     0.000000    -0.001192    -0.028870     0.027540     0.000000    -0.000000     0.000000    -0.000000     0.000000     0.000041    -0.010230     0.000407    -0.022770
   -0.000000    -0.000000     1.000000     0.000000     0.000000    -0.000000    -0.000000     0.000000    -0.000000     0.000000    -0.000000     0.000000     0.000000     0.000000     0.000000     0.000000
   -0.000000    -0.000000    -0.000000    -0.000000    -0.035600    31.360000   -56.470000     9.810000    -0.000000     0.000000    -0.000000    -0.000000     0.000000    -0.000000    -0.001616    -0.000000
    0.001339    -0.002670    -0.052790    -0.000000    -0.896100   -23.000000    19.780000    -0.000000     0.000000    -0.000000     0.000000    -0.000000     0.000002    -0.000563     0.313800    -0.001254
   -0.000045     0.000090     0.001779    -0.000000    -0.006380    -0.896300    -0.366600    -0.000000     0.000000    -0.000000     0.000000    -0.000000    -0.000000     0.000019     0.006651     0.000042
   -0.000000    -0.000000     0.000000    -0.000000     0.000000     1.000000     0.000000     0.000000    -0.000000     0.000000    -0.000000     0.000000     0.000000     0.000000     0.000000     0.000000
    1.000000     0.000000    -0.000000    30.510000    -0.000000     0.000000     0.000000     0.000000     0.000000    -0.000000     0.000000     0.000000    -0.000000    -0.000000    -0.000000    -0.000000
    0.000000    -0.000000     0.000000    -0.000000     1.000000    -0.000000    -0.000000   -30.510000    -0.000000     0.000000    -0.000000    60.840000     0.000000     0.000000     0.000000     0.000000
   -0.000000     1.000000    -0.000000   -60.840000     0.000000     0.000000     0.000000     0.000000     0.000000    -0.000000     0.000000     0.000000    -0.000000    -0.000000    -0.000000    -0.000000
   -0.000000    -0.000000     0.000000    -0.000000     0.000000    -0.000000     1.000000    -0.000000    -0.000000     0.000000    -0.000000     0.000000     0.000000     0.000000     0.000000     0.000000

   -0.005283     0.179500   -23.740000    -9.810000    -0.000000    -0.000000    -0.000000     0.000000     0.000000    -0.000000     0.000000     0.000000    -0.000924     0.038890     0.000000     0.020850
   -0.073450    -0.471400    93.310000    -0.000000     0.000000     0.000000     0.000000    -0.000000     0.000000    -0.000000     0.000000     0.000000     0.005388    -0.231600    -0.000000    -0.082230
    0.016640    -0.071830    -1.403000     0.000000    -0.001671    -0.058300     0.035110     0.000000    -0.000000     0.000000    -0.000000     0.000000     0.000065    -0.027660     0.001368    -0.055260
   -0.000000    -0.000000     1.000000     0.000000     0.000000    -0.000000    -0.000000     0.000000    -0.000000     0.000000    -0.000000     0.000000     0.000000     0.000000     0.000000     0.000000
    0.000000    -0.000000    -0.000000    -0.000000    -0.050650    23.810000   -95.910000     9.810000    -0.000000     0.000000    -0.000000    -0.000000    -0.000000     0.000000     0.000479    -0.000000
    0.001124    -0.004850    -0.094770    -0.000000    -1.028000   -37.470000    20.510000    -0.000000     0.000000    -0.000000     0.000000    -0.000000     0.000004    -0.001868     0.866500    -0.003732
   -0.000037     0.000159     0.003104    -0.000000     0.001662    -0.860400    -0.644400    -0.000000     0.000000    -0.000000     0.000000    -0.000000    -0.000000     0.000061     0.013100     0.000122
   -0.000000    -0.000000     0.000000     0.000000     0.000000     1.000000     0.000000     0.000000    -0.000000     0.000000    -0.000000     0.000000     0.000000     0.000000     0.000000     0.000000
    1.000000     0.000000    -0.000000    23.440000    -0.000000     0.000000     0.000000     0.000000     0.000000    -0.000000     0.000000     0.000000    -0.000000    -0.000000    -0.000000    -0.000000
    0.000000    -0.000000     0.000000    -0.000000     1.000000    -0.000000    -0.000000   -23.440000    -0.000000     0.000000    -0.000000   101.200000     0.000000     0.000000     0.000000     0.000000
   -0.000000     1.000000    -0.000000  -101.200000     0.000000     0.000000     0.000000     0.000000     0.000000    -0.000000     0.000000     0.000000    -0.000000    -0.000000    -0.000000    -0.000000
   -0.000000    -0.000000     0.000000     0.000000     0.000000    -0.000000     1.000000    -0.000000    -0.000000     0.000000    -0.000000     0.000000     0.000000     0.000000     0.000000     0.000000

   -0.001073     0.083130   -22.800000    -9.810000     0.000000     0.000000     0.000000     0.000000     0.000000    -0.000000     0.000000     0.000000    -0.000738     0.033370    -0.000000     0.020540
   -0.042300    -0.461200   199.200000    -0.000000    -0.000000     0.000000     0.000000    -0.000000     0.000000    -0.000000     0.000000     0.000000     0.010540    -0.478500    -0.000000    -0.157100
    0.010950    -0.099510    -1.904000     0.000000    -0.003055    -0.133800     0.058920     0.000000    -0.000000     0.000000    -0.000000     0.000000     0.000037    -0.084240     0.006424    -0.153800
   -0.000000    -0.000000     1.000000     0.000000     0.000000    -0.000000    -0.000000     0.000000    -0.000000     0.000000    -0.000000     0.000000     0.000000     0.000000     0.000000     0.000000
   -0.000000     0.000000    -0.000000    -0.000000    -0.047780    22.750000  -201.800000     9.810000    -0.000000     0.000000    -0.000000    -0.000000     0.000000     0.000000     0.004640    -0.000000
    0.001176    -0.010680    -0.204400    -0.000000    -1.241000   -56.570000    22.640000    -0.000000     0.000000    -0.000000     0.000000    -0.000000     0.000004    -0.009044     2.700000    -0.016510
   -0.000035     0.000321     0.006134    -0.000000     0.008718    -0.883900    -0.897800    -0.000000     0.000000    -0.000000     0.000000    -0.000000    -0.000000     0.000271     0.032790     0.000495
   -0.000000    -0.000000     0.000000    -0.000000     0.000000     1.000000     0.000000     0.000000    -0.000000     0.000000    -0.000000     0.000000     0.000000     0.000000     0.000000     0.000000
    1.000000     0.000000    -0.000000    22.710000    -0.000000     0.000000     0.000000     0.000000     0.000000    -0.000000     0.000000     0.000000    -0.000000    -0.000000    -0.000000    -0.000000
    0.000000    -0.000000     0.000000    -0.000000     1.000000    -0.000000    -0.000000   -22.710000    -0.000000     0.000000    -0.000000   206.400000     0.000000     0.000000     0.000000     0.000000
   -0.000000     1.000000    -0.000000  -206.400000     0.000000     0.000000     0.000000     0.000000     0.000000    -0.000000     0.000000     0.000000    -0.000000    -0.000000    -0.000000    -0.000000
   -0.000000    -0.000000     0.000000     0.000000     0.000000    -0.000000     1.000000     0.000000    -0.000000     0.000000    -0.000000     0.000000     0.000000     0.000000     0.000000     0.000000

   -0.000652     0.080070   -16.040000    -9.810000     0.000000     0.000000    -0.000000     0.000000     0.000000    -0.000000     0.000000     0.000000    -0.000663     0.030200    -0.000000     0.019880
   -0.045110    -0.613200   197.400000    -0.000000    -0.000000     0.000000     0.000000    -0.000000     0.000000    -0.000000     0.000000     0.000000     0.014030    -0.640000    -0.000000    -0.208100
    0.007620    -0.098870    -1.891000     0.000000    -0.002871    -0.134700     0.053570     0.000000    -0.000000     0.000000    -0.000000     0.000000     0.000037    -0.084690     0.006488    -0.152800
   -0.000000    -0.000000     1.000000     0.000000     0.000000    -0.000000    -0.000000    -0.000000    -0.000000     0.000000    -0.000000     0.000000     0.000000     0.000000     0.000000     0.000000
   -0.000000    -0.000000    -0.000000    -0.000000    -0.064580    15.890000  -201.000000     9.810000    -0.000000     0.000000    -0.000000    -0.000000     0.000000    -0.000000     0.007343    -0.000000
    0.000818    -0.010610    -0.203000    -0.000000    -1.161000   -56.790000    20.390000    -0.000000     0.000000    -0.000000     0.000000    -0.000000     0.000004    -0.009092     2.724000    -0.016400
   -0.000025     0.000319     0.006093    -0.000000     0.011140    -0.787500    -0.924800    -0.000000     0.000000    -0.000000     0.000000    -0.000000    -0.000000     0.000273     0.031600     0.000492
   -0.000000    -0.000000     0.000000     0.000000     0.000000     1.000000     0.000000     0.000000    -0.000000     0.000000    -0.000000     0.000000     0.000000     0.000000     0.000000     0.000000
    1.000000     0.000000    -0.000000    15.950000    -0.000000     0.000000     0.000000     0.000000     0.000000    -0.000000     0.000000     0.000000    -0.000000    -0.000000    -0.000000    -0.000000
    0.000000    -0.000000     0.000000    -0.000000     1.000000    -0.000000    -0.000000   -15.950000    -0.000000     0.000000    -0.000000   207.000000     0.000000     0.000000     0.000000     0.000000
   -0.000000     1.000000    -0.000000  -207.000000     0.000000     0.000000     0.000000     0.000000     0.000000    -0.000000     0.000000     0.000000    -0.000000    -0.000000    -0.000000    -0.000000
   -0.000000    -0.000000     0.000000     0.000000     0.000000    -0.000000     1.000000     0.000000    -0.000000     0.000000    -0.000000     0.000000     0.000000     0.000000     0.000000     0.000000

   -0.003449     0.175600   -17.250000    -9.810000    -0.000000    -0.000000    -0.000000     0.000000     0.000000    -0.000000     0.000000     0.000000    -0.000888     0.037690     0.000000     0.020660
   -0.075610    -0.627000    91.990000    -0.000000     0.000000     0.000000     0.000000    -0.000000     0.000000    -0.000000     0.000000     0.000000     0.007237    -0.313800    -0.000000    -0.109400
    0.011820    -0.071390    -1.395000     0.000000    -0.001527    -0.059560     0.030830     0.000000    -0.000000     0.000000    -0.000000     0.000000     0.000065    -0.028320     0.001414    -0.055400
   -0.000000    -0.000000     1.000000     0.000000     0.000000    -0.000000    -0.000000     0.000000    -0.000000     0.000000    -0.000000     0.000000     0.000000     0.000000     0.000000     0.000000
   -0.000000    -0.000000    -0.000000    -0.000000    -0.069630    17.210000   -95.520000     9.810000    -0.000000     0.000000    -0.000000    -0.000000    -0.000000    -0.000000     0.001911    -0.000000
    0.000798    -0.004820    -0.094230    -0.000000    -0.932800   -38.010000    17.800000    -0.000000     0.000000    -0.000000     0.000000    -0.000000     0.000004    -0.001913     0.893800    -0.003741
   -0.000026     0.000158     0.003086    -0.000000     0.004993    -0.729300    -0.683800    -0.000000     0.000000    -0.000000     0.000000    -0.000000    -0.000000     0.000063     0.012370     0.000122
   -0.000000    -0.000000     0.000000    -0.000000     0.000000     1.000000     0.000000     0.000000    -0.000000     0.000000    -0.000000     0.000000     0.000000     0.000000     0.000000     0.000000
    1.000000     0.000000    -0.000000    16.960000    -0.000000     0.000000     0.000000     0.000000     0.000000    -0.000000     0.000000     0.000000    -0.000000    -0.000000    -0.000000    -0.000000
    0.000000    -0.000000     0.000000    -0.000000     1.000000    -0.000000    -0.000000   -16.960000    -0.000000     0.000000    -0.000000   102.500000     0.000000     0.000000     0.000000     0.000000
   -0.000000     1.000000    -0.000000  -102.500000     0.000000     0.000000     0.000000     0.000000     0.000000    -0.000000     0.000000     0.000000    -0.000000    -0.000000    -0.000000    -0.000000
   -0.000000    -0.000000     0.000000    -0.000000     0.000000    -0.000000     1.000000    -0.000000    -0.000000     0.000000    -0.000000     0.000000     0.000000     0.000000     0.000000     0.000000

   -0.012680     0.283900   -22.730000    -9.810000    -0.000000    -0.000000     0.000000     0.000000     0.000000    -0.000000     0.000000     0.000000    -0.000994     0.040110    -0.000000     0.020570
   -0.103900    -0.487600    55.870000    -0.000000     0.000000     0.000000    -0.000000    -0.000000     0.000000    -0.000000     0.000000     0.000000     0.003584    -0.148600     0.000000    -0.055860
    0.016910    -0.049160    -0.972900     0.000000    -0.001057    -0.031220     0.023290     0.000000    -0.000000     0.000000    -0.000000     0.000000     0.000042    -0.011410     0.000465    -0.024280
   -0.000000    -0.000000     1.000000     0.000000     0.000000    -0.000000    -0.000000     0.000000    -0.000000     0.000000    -0.000000     0.000000     0.000000     0.000000     0.000000     0.000000
   -0.000000    -0.000000    -0.000000    -0.000000    -0.053050    22.860000   -58.440000     9.810000    -0.000000     0.000000    -0.000000    -0.000000     0.000000    -0.000000    -0.000881    -0.000000
    0.000931    -0.002706    -0.053560    -0.000000    -0.787700   -24.450000    16.520000    -0.000000     0.000000    -0.000000     0.000000    -0.000000     0.000002    -0.000628     0.356200    -0.001336
   -0.000031     0.000091     0.001805    -0.000000    -0.001895    -0.726100    -0.427300    -0.000000     0.000000    -0.000000     0.000000    -0.000000    -0.000000     0.000021     0.006374     0.000045
   -0.000000    -0.000000     0.000000    -0.000000     0.000000     1.000000     0.000000     0.000000    -0.000000     0.000000    -0.000000     0.000000     0.000000     0.000000     0.000000     0.000000
    1.000000     0.000000    -0.000000    22.140000    -0.000000     0.000000     0.000000     0.000000     0.000000    -0.000000     0.000000     0.000000    -0.000000    -0.000000    -0.000000    -0.000000
    0.000000    -0.000000     0.000000    -0.000000     1.000000    -0.000000    -0.000000   -22.140000    -0.000000     0.000000    -0.000000    64.360000     0.000000     0.000000     0.000000     0.000000
   -0.000000     1.000000    -0.000000   -64.360000     0.000000     0.000000     0.000000     0.000000     0.000000    -0.000000     0.000000     0.000000    -0.000000    -0.000000    -0.000000    -0.000000
   -0.000000    -0.000000     0.000000     0.000000     0.000000    -0.000000     1.000000     0.000000    -0.000000     0.000000    -0.000000     0.000000     0.000000     0.000000     0.000000     0.000000
