u  w  q  the  v  p  r  phi  x  y  z  psi  |  slat  flap  aileron  elevator
   -0.015230     0.283300   -30.280000    -9.810000     0.000000     0.000000     0.000000     0.000000     0.000000    -0.000000     0.000000     0.000000    -0.000960     0.038010    -0.000000     0.018200
   -0.108000    -0.356900    55.320000    -0.000000     0.000000    -0.000000    -0.000000    -0.000000     0.000000    -0.000000     0.000000     0.000000     0.002510    -0.102200     0.000000    -0.039720
    0.021590    -0.044750    -0.917500     0.000000    -0.004659    -0.123700     0.098020     0.000000    -0.000000     0.000000    -0.000000     0.000000     0.000003    -0.009042     0.001678    -0.022900
   -0.000000    -0.000000     1.000000     0.000000     0.000000    -0.000000    -0.000000     0.000000    -0.000000     0.000000    -0.000000     0.000000     0.000000     0.000000     0.000000     0.000000
   -0.000000    -0.000000     0.000000    -0.000000    -0.036350    30.400000   -56.930000     9.810000    -0.000000     0.000000    -0.000000    -0.000000     0.000000    -0.000000    -0.001529    -0.000000
    0.004570    -0.009471    -0.194200    -0.000000    -0.567700   -14.700000    12.210000    -0.000000     0.000000    -0.000000     0.000000    -0.000000     0.000001    -0.001914     0.202200    -0.004847
    0.000151    -0.000313    -0.006421    -0.000000    -0.002839    -0.780500    -0.438700    -0.000000     0.000000    -0.000000     0.000000    -0.000000     0.000000    -0.000063     0.005334    -0.000160
   -0.000000    -0.000000     0.000000     0.000000     0.000000     1.000000     0.000000     0.000000    -0.000000     0.000000    -0.000000     0.000000     0.000000     0.000000     0.000000     0.000000
    1.000000     0.000000    -0.000000    29.580000    -0.000000     0.000000     0.000000     0.000000     0.000000    -0.000000     0.000000     0.000000    -0.000000    -0.000000    -0.000000    -0.000000
    0.000000    -0.000000     0.000000    -0.000000     1.000000    -0.000000    -0.000000   -29.580000    -0.000000     0.000000    -0.000000    61.300000     0.000000     0.000000     0.000000     0.000000
   -0.000000     1.000000    -0.000000   -61.300000     0.000000     0.000000     0.000000     0.000000     0.000000    -0.000000     0.000000     0.000000    -0.000000    -0.000000    -0.000000    -0.000000
   -0.000000    -0.000000     0.000000     0.000000     0.000000    -0.000000     1.000000    -0.000000    -0.000000     0.000000    -0.000000     0.000000     0.000000     0.000000     0.000000     0.000000

   -0.003896     0.174900   -23.090000    -9.810000    -0.000000    -0.000000     0.000000     0.000000     0.000000    -0.000000     0.000000     0.000000    -0.000894     0.037660     0.000000     0.018730
   -0.076600    -0.472500    93.720000    -0.000000     0.000000     0.000000    -0.000000    -0.000000     0.000000    -0.000000     0.000000     0.000000     0.005404    -0.232400    -0.000000    -0.082270
    0.014730    -0.065670    -1.345000     0.000000    -0.005922    -0.221300     0.111700     0.000000    -0.000000     0.000000    -0.000000     0.000000    -0.000034    -0.024280     0.005092    -0.055500
   -0.000000    -0.000000     1.000000     0.000000     0.000000    -0.000000    -0.000000     0.000000    -0.000000     0.000000    -0.000000     0.000000     0.000000     0.000000     0.000000     0.000000
   -0.000000    -0.000000    -0.000000    -0.000000    -0.051090    23.070000   -96.100000     9.810000    -0.000000     0.000000    -0.000000    -0.000000     0.000000    -0.000000     0.000571    -0.000000
    0.003528    -0.015740    -0.322400    -0.000000    -0.601100   -21.980000    11.670000    -0.000000     0.000000    -0.000000     0.000000    -0.000000    -0.000008    -0.005818     0.509200    -0.013300
    0.000121    -0.000539    -0.011050    -0.000000     0.006010    -0.674500    -0.725700    -0.000000     0.000000    -0.000000     0.000000    -0.000000    -0.000000    -0.000199     0.009057    -0.000456
   -0.000000    -0.000000     0.000000     0.000000     0.000000     1.000000     0.000000     0.000000    -0.000000     0.000000    -0.000000     0.000000     0.000000     0.000000     0.000000     0.000000
    1.000000     0.000000    -0.000000    22.720000    -0.000000     0.000000     0.000000     0.000000     0.000000    -0.000000     0.000000     0.000000    -0.000000    -0.000000    -0.000000    -0.000000
    0.000000    -0.000000     0.000000    -0.000000     1.000000    -0.000000    -0.000000   -22.720000    -0.000000     0.000000    -0.000000   101.300000     0.000000     0.000000     0.000000     0.000000
   -0.000000     1.000000    -0.000000  -101.300000     0.000000     0.000000     0.000000     0.000000     0.000000    -0.000000     0.000000     0.000000    -0.000000    -0.000000    -0.000000    -0.000000
   -0.000000    -0.000000     0.000000     0.000000     0.000000    -0.000000     1.000000     0.000000    -0.000000     0.000000    -0.000000     0.000000     0.000000     0.000000     0.000000     0.000000

   -0.000715     0.080850   -22.090000    -9.810000     0.000000     0.000000     0.000000     0.000000     0.000000    -0.000000     0.000000     0.000000    -0.000709     0.032110    -0.000000     0.018150
   -0.043920    -0.461600   199.500000    -0.000000    -0.000000     0.000000     0.000000    -0.000000     0.000000    -0.000000     0.000000     0.000000     0.010540    -0.478900    -0.000000    -0.156900
    0.009792    -0.092040    -1.856000     0.000000    -0.008700    -0.407300     0.148000     0.000000    -0.000000     0.000000    -0.000000     0.000000    -0.000258    -0.075270     0.019370    -0.157300
   -0.000000    -0.000000     1.000000    -0.000000     0.000000    -0.000000    -0.000000    -0.000000    -0.000000     0.000000    -0.000000    -0.000000     0.000000     0.000000     0.000000     0.000000
   -0.000000    -0.000000    -0.000000    -0.000000    -0.048000    21.990000  -201.900000     9.810000    -0.000000     0.000000    -0.000000    -0.000000     0.000000    -0.000000     0.004721    -0.000000
    0.002994    -0.028140    -0.567600    -0.000000    -0.584400   -26.680000    10.340000    -0.000000     0.000000    -0.000000     0.000000    -0.000000    -0.000079    -0.023020     1.274000    -0.048100
    0.000113    -0.001063    -0.021440    -0.000000     0.015290    -0.556100    -1.016000    -0.000000     0.000000    -0.000000     0.000000    -0.000000    -0.000003    -0.000870     0.017400    -0.001817
   -0.000000    -0.000000     0.000000     0.000000     0.000000     1.000000     0.000000    -0.000000    -0.000000     0.000000    -0.000000    -0.000000     0.000000     0.000000     0.000000     0.000000
    1.000000     0.000000    -0.000000    21.960000    -0.000000     0.000000     0.000000     0.000000     0.000000    -0.000000     0.000000     0.000000    -0.000000    -0.000000    -0.000000    -0.000000
    0.000000    -0.000000     0.000000    -0.000000     1.000000    -0.000000    -0.000000   -21.960000    -0.000000     0.000000    -0.000000   206.500000     0.000000     0.000000     0.000000     0.000000
   -0.000000     1.000000    -0.000000  -206.500000     0.000000     0.000000     0.000000     0.000000     0.000000    -0.000000     0.000000     0.000000    -0.000000    -0.000000    -0.000000    -0.000000
   -0.000000    -0.000000     0.000000     0.000000     0.000000    -0.000000     1.000000    -0.000000    -0.000000     0.000000    -0.000000    -0.000000     0.000000     0.000000     0.000000     0.000000

   -0.000397     0.077800   -15.520000    -9.810000     0.000000    -0.000000     0.000000     0.000000     0.000000    -0.000000     0.000000     0.000000    -0.000634     0.028920    -0.000000     0.017460
   -0.046740    -0.613500   197.800000    -0.000000    -0.000000     0.000000    -0.000000    -0.000000     0.000000    -0.000000     0.000000     0.000000     0.014040    -0.640400    -0.000000    -0.207900
    0.006788    -0.091290    -1.844000     0.000000    -0.008116    -0.407900     0.132300     0.000000    -0.000000     0.000000    -0.000000     0.000000    -0.000260    -0.075620     0.019530    -0.156400
   -0.000000    -0.000000     1.000000     0.000000     0.000000    -0.000000    -0.000000     0.000000    -0.000000     0.000000    -0.000000     0.000000     0.000000     0.000000     0.000000     0.000000
    0.000000    -0.000000    -0.000000    -0.000000    -0.064800    15.320000  -201.100000     9.810000    -0.000000     0.000000    -0.000000    -0.000000     0.000000    -0.000000     0.007423    -0.000000
    0.002076    -0.027910    -0.563900    -0.000000    -0.546700   -26.780000     9.310000    -0.000000     0.000000    -0.000000     0.000000    -0.000000    -0.000079    -0.023120     1.285000    -0.047810
    0.000078    -0.001054    -0.021300    -0.000000     0.017200    -0.460800    -1.029000    -0.000000     0.000000    -0.000000     0.000000    -0.000000    -0.000003    -0.000874     0.016090    -0.001806
   -0.000000    -0.000000     0.000000     0.000000     0.000000     1.000000     0.000000     0.000000    -0.000000     0.000000    -0.000000     0.000000     0.000000     0.000000     0.000000     0.000000
    1.000000     0.000000    -0.000000    15.400000    -0.000000     0.000000     0.000000     0.000000     0.000000    -0.000000     0.000000     0.000000    -0.000000    -0.000000    -0.000000    -0.000000
    0.000000    -0.000000     0.000000    -0.000000     1.000000    -0.000000    -0.000000   -15.400000    -0.000000     0.000000    -0.000000   207.000000     0.000000     0.000000     0.000000     0.000000
   -0.000000     1.000000    -0.000000  -207.000000     0.000000     0.000000     0.000000     0.000000     0.000000    -0.000000     0.000000     0.000000    -0.000000    -0.000000    -0.000000    -0.000000
   -0.000000    -0.000000     0.000000     0.000000     0.000000    -0.000000     1.000000     0.000000    -0.000000     0.000000    -0.000000     0.000000     0.000000     0.000000     0.000000     0.000000

   -0.002447     0.171100   -16.780000    -9.810000    -0.000000    -0.000000     0.000000     0.000000     0.000000    -0.000000     0.000000     0.000000    -0.000857     0.036420    -0.000000     0.018470
   -0.078750    -0.627800    92.400000    -0.000000     0.000000     0.000000    -0.000000    -0.000000     0.000000    -0.000000     0.000000     0.000000     0.007249    -0.314400    -0.000000    -0.109400
    0.010420    -0.065030    -1.338000     0.000000    -0.005359    -0.223600     0.096280     0.000000    -0.000000     0.000000    -0.000000     0.000000    -0.000037    -0.024800     0.005238    -0.055620
   -0.000000    -0.000000     1.000000     0.000000     0.000000    -0.000000    -0.000000     0.000000    -0.000000     0.000000    -0.000000     0.000000     0.000000     0.000000     0.000000     0.000000
   -0.000000    -0.000000    -0.000000    -0.000000    -0.070050    16.660000   -95.640000     9.810000    -0.000000     0.000000    -0.000000    -0.000000     0.000000    -0.000000     0.002002    -0.000000
    0.002496    -0.015580    -0.320500    -0.000000    -0.545800   -22.280000    10.120000    -0.000000     0.000000    -0.000000     0.000000    -0.000000    -0.000009    -0.005943     0.524400    -0.013330
    0.000086    -0.000534    -0.010980    -0.000000     0.008821    -0.545100    -0.751700    -0.000000     0.000000    -0.000000     0.000000    -0.000000    -0.000000    -0.000204     0.008213    -0.000457
   -0.000000    -0.000000     0.000000     0.000000     0.000000     1.000000     0.000000     0.000000    -0.000000     0.000000    -0.000000     0.000000     0.000000     0.000000     0.000000     0.000000
    1.000000     0.000000    -0.000000    16.430000    -0.000000     0.000000     0.000000     0.000000     0.000000    -0.000000     0.000000     0.000000    -0.000000    -0.000000    -0.000000    -0.000000
    0.000000    -0.000000     0.000000    -0.000000     1.000000    -0.000000    -0.000000   -16.430000    -0.000000     0.000000    -0.000000   102.500000     0.000000     0.000000     0.000000     0.000000
   -0.000000     1.000000    -0.000000  -102.500000     0.000000     0.000000     0.000000     0.000000     0.000000    -0.000000     0.000000     0.000000    -0.000000    -0.000000    -0.000000    -0.000000
   -0.000000    -0.000000     0.000000     0.000000     0.000000    -0.000000     1.000000     0.000000    -0.000000     0.000000    -0.000000     0.000000     0.000000     0.000000     0.000000     0.000000

   -0.009659     0.276600   -22.160000    -9.810000    -0.000000     0.000000     0.000000     0.000000     0.000000    -0.000000     0.000000     0.000000    -0.000965     0.038970    -0.000000     0.018670
   -0.108500    -0.489700    56.330000    -0.000000     0.000000    -0.000000    -0.000000    -0.000000     0.000000    -0.000000     0.000000     0.000000     0.003608    -0.149800     0.000000    -0.056050
    0.014940    -0.044960    -0.928700     0.000000    -0.004079    -0.130000     0.081300     0.000000    -0.000000     0.000000    -0.000000     0.000000     0.000000    -0.009982     0.001884    -0.024290
   -0.000000    -0.000000     1.000000     0.000000     0.000000    -0.000000    -0.000000     0.000000    -0.000000     0.000000    -0.000000     0.000000     0.000000     0.000000     0.000000     0.000000
   -0.000000    -0.000000     0.000000    -0.000000    -0.053720    22.160000   -58.680000     9.810000    -0.000000     0.000000    -0.000000    -0.000000     0.000000    -0.000000    -0.000788    -0.000000
    0.003163    -0.009515    -0.196600    -0.000000    -0.498900   -15.560000    10.190000    -0.000000     0.000000    -0.000000     0.000000    -0.000000     0.000000    -0.002113     0.227600    -0.005140
    0.000105    -0.000315    -0.006500    -0.000000     0.001106    -0.610700    -0.485100    -0.000000     0.000000    -0.000000     0.000000    -0.000000     0.000000    -0.000070     0.004874    -0.000170
   -0.000000    -0.000000     0.000000    -0.000000     0.000000     1.000000     0.000000     0.000000    -0.000000     0.000000    -0.000000     0.000000     0.000000     0.000000     0.000000     0.000000
    1.000000     0.000000    -0.000000    21.470000    -0.000000     0.000000     0.000000     0.000000     0.000000    -0.000000     0.000000     0.000000    -0.000000    -0.000000    -0.000000    -0.000000
    0.000000    -0.000000     0.000000    -0.000000     1.000000    -0.000000    -0.000000   -21.470000    -0.000000     0.000000    -0.000000    64.580000     0.000000     0.000000     0.000000     0.000000
   -0.000000     1.000000    -0.000000   -64.580000     0.000000     0.000000     0.000000     0.000000     0.000000    -0.000000     0.000000     0.000000    -0.000000    -0.000000    -0.000000    -0.000000
   -0.000000    -0.000000     0.000000     0.000000     0.000000    -0.000000     1.000000    -0.000000    -0.000000     0.000000    -0.000000     0.000000     0.000000     0.000000     0.000000     0.000000
