u  w  q  the  v  p  r  phi  x  y  z  psi  |  slat  flap  aileron  elevator
   -0.011270     0.275600   -29.440000    -9.810000    -0.000000     0.000000     0.000000     0.000000     0.000000    -0.000000     0.000000     0.000000    -0.000933     0.037030    -0.000000     0.016420
   -0.112800    -0.359900    55.920000    -0.000000     0.000000    -0.000000    -0.000000    -0.000000     0.000000    -0.000000     0.000000     0.000000     0.002544    -0.103700     0.000000    -0.040080
    0.018270    -0.039380    -0.851800     0.000000    -0.003277    -0.092540     0.063570     0.000000    -0.000000     0.000000    -0.000000     0.000000    -0.000038    -0.007465     0.001229    -0.022330
   -0.000000    -0.000000     1.000000     0.000000     0.000000    -0.000000    -0.000000     0.000000    -0.000000     0.000000    -0.000000     0.000000     0.000000     0.000000     0.000000     0.000000
   -0.000000    -0.000000     0.000000    -0.000000    -0.037120    29.430000   -57.370000     9.810000    -0.000000     0.000000    -0.000000    -0.000000     0.000000    -0.000000    -0.001440    -0.000000
    0.002743    -0.005913    -0.127900    -0.000000    -0.220000    -5.741000     4.608000    -0.000000     0.000000    -0.000000     0.000000    -0.000000    -0.000006    -0.001121     0.079620    -0.003352
    0.000228    -0.000491    -0.010620    -0.000000     0.000961    -0.606300    -0.476500    -0.000000     0.000000    -0.000000     0.000000    -0.000000    -0.000000    -0.000093     0.003567    -0.000278
   -0.000000    -0.000000     0.000000    -0.000000     0.000000     1.000000     0.000000     0.000000    -0.000000     0.000000    -0.000000     0.000000     0.000000     0.000000     0.000000     0.000000
    1.000000     0.000000    -0.000000    28.640000    -0.000000     0.000000     0.000000     0.000000     0.000000    -0.000000     0.000000     0.000000    -0.000000    -0.000000    -0.000000    -0.000000
    0.000000    -0.000000     0.000000    -0.000000     1.000000    -0.000000    -0.000000   -28.640000    -0.000000     0.000000    -0.000000    61.740000     0.000000     0.000000     0.000000     0.000000
   -0.000000     1.000000    -0.000000   -61.740000     0.000000     0.000000     0.000000     0.000000     0.000000    -0.000000     0.000000     0.000000    -0.000000    -0.000000    -0.000000    -0.000000
   -0.000000    -0.000000     0.000000     0.000000     0.000000    -0.000000     1.000000    -0.000000    -0.000000     0.000000    -0.000000     0.000000     0.000000     0.000000     0.000000     0.000000

   -0.002655     0.170100   -22.420000    -9.810000     0.000000     0.000000     0.000000     0.000000     0.000000    -0.000000     0.000000     0.000000    -0.000863     0.036400     0.000000     0.016550
   -0.079820    -0.473600    94.120000    -0.000000     0.000000     0.000000     0.000000    -0.000000     0.000000    -0.000000     0.000000     0.000000     0.005420    -0.233200    -0.000000    -0.082310
    0.012290    -0.056740    -1.245000     0.000000    -0.003772    -0.148900     0.063750     0.000000    -0.000000     0.000000    -0.000000     0.000000    -0.000138    -0.019790     0.003378    -0.053730
   -0.000000    -0.000000     1.000000    -0.000000     0.000000    -0.000000    -0.000000    -0.000000    -0.000000     0.000000    -0.000000    -0.000000     0.000000     0.000000     0.000000     0.000000
   -0.000000    -0.000000    -0.000000    -0.000000    -0.051540    22.320000   -96.280000     9.810000    -0.000000     0.000000    -0.000000    -0.000000    -0.000000    -0.000000     0.000665    -0.000000
    0.001933    -0.008922    -0.195700    -0.000000    -0.215400    -7.895000     4.066000    -0.000000     0.000000    -0.000000     0.000000    -0.000000    -0.000022    -0.003111     0.183300    -0.008449
    0.000179    -0.000824    -0.018080    -0.000000     0.009144    -0.455800    -0.726700    -0.000000     0.000000    -0.000000     0.000000    -0.000000    -0.000002    -0.000287     0.004791    -0.000780
   -0.000000    -0.000000     0.000000     0.000000     0.000000     1.000000     0.000000    -0.000000    -0.000000     0.000000    -0.000000    -0.000000     0.000000     0.000000     0.000000     0.000000
    1.000000     0.000000    -0.000000    21.990000    -0.000000     0.000000     0.000000     0.000000     0.000000    -0.000000     0.000000     0.000000    -0.000000    -0.000000    -0.000000    -0.000000
    0.000000    -0.000000     0.000000    -0.000000     1.000000    -0.000000    -0.000000   -21.990000    -0.000000     0.000000    -0.000000   101.500000     0.000000     0.000000     0.000000     0.000000
   -0.000000     1.000000    -0.000000  -101.500000     0.000000     0.000000     0.000000     0.000000     0.000000    -0.000000     0.000000     0.000000    -0.000000    -0.000000    -0.000000    -0.000000
   -0.000000    -0.000000     0.000000     0.000000     0.000000    -0.000000     1.000000    -0.000000    -0.000000     0.000000    -0.000000    -0.000000     0.000000     0.000000     0.000000     0.000000

   -0.000401     0.078530   -21.360000    -9.810000    -0.000000    -0.000000     0.000000     0.000000     0.000000    -0.000000     0.000000     0.000000    -0.000680     0.030830    -0.000000     0.015710
   -0.045580    -0.461900   199.800000    -0.000000    -0.000000    -0.000000    -0.000000    -0.000000     0.000000    -0.000000     0.000000     0.000000     0.010550    -0.479400    -0.000000    -0.156800
    0.008084    -0.078740    -1.713000     0.000000    -0.004554    -0.230000     0.064760     0.000000    -0.000000     0.000000    -0.000000     0.000000    -0.000561    -0.061310     0.010830    -0.152100
   -0.000000    -0.000000     1.000000     0.000000     0.000000    -0.000000    -0.000000    -0.000000    -0.000000     0.000000    -0.000000     0.000000     0.000000     0.000000     0.000000     0.000000
   -0.000000    -0.000000    -0.000000    -0.000000    -0.048220    21.220000  -202.000000     9.810000    -0.000000     0.000000    -0.000000    -0.000000    -0.000000    -0.000000     0.004804    -0.000000
    0.001377    -0.013420    -0.291900    -0.000000    -0.177900    -8.126000     3.056000    -0.000000     0.000000    -0.000000     0.000000    -0.000000    -0.000096    -0.010450     0.388200    -0.025920
    0.000163    -0.001590    -0.034590    -0.000000     0.016870    -0.300500    -0.947100    -0.000000     0.000000    -0.000000     0.000000    -0.000000    -0.000011    -0.001238     0.006559    -0.003072
   -0.000000    -0.000000     0.000000     0.000000     0.000000     1.000000     0.000000     0.000000    -0.000000     0.000000    -0.000000     0.000000     0.000000     0.000000     0.000000     0.000000
    1.000000     0.000000    -0.000000    21.200000    -0.000000     0.000000     0.000000     0.000000     0.000000    -0.000000     0.000000     0.000000    -0.000000    -0.000000    -0.000000    -0.000000
    0.000000    -0.000000     0.000000    -0.000000     1.000000    -0.000000    -0.000000   -21.200000    -0.000000     0.000000    -0.000000   206.500000     0.000000     0.000000     0.000000     0.000000
   -0.000000     1.000000    -0.000000  -206.500000     0.000000     0.000000     0.000000     0.000000     0.000000    -0.000000     0.000000     0.000000    -0.000000    -0.000000    -0.000000    -0.000000
   -0.000000    -0.000000     0.000000     0.000000     0.000000    -0.000000     1.000000     0.000000    -0.000000     0.000000    -0.000000     0.000000     0.000000     0.000000     0.000000     0.000000

   -0.000177     0.075480   -14.980000    -9.810000    -0.000000    -0.000000     0.000000     0.000000     0.000000    -0.000000     0.000000     0.000000    -0.000605     0.027620    -0.000000     0.014980
   -0.048400    -0.613800   198.100000    -0.000000    -0.000000    -0.000000    -0.000000    -0.000000     0.000000    -0.000000     0.000000     0.000000     0.014040    -0.640700    -0.000000    -0.207700
    0.005579    -0.077910    -1.702000     0.000000    -0.004212    -0.229000     0.056220     0.000000    -0.000000     0.000000    -0.000000     0.000000    -0.000564    -0.061540     0.010890    -0.151300
   -0.000000    -0.000000     1.000000    -0.000000     0.000000    -0.000000    -0.000000    -0.000000    -0.000000     0.000000    -0.000000    -0.000000     0.000000     0.000000     0.000000     0.000000
    0.000000    -0.000000    -0.000000    -0.000000    -0.065020    14.740000  -201.100000     9.810000    -0.000000     0.000000    -0.000000    -0.000000    -0.000000    -0.000000     0.007505    -0.000000
    0.000950    -0.013270    -0.290100    -0.000000    -0.166500    -8.154000     2.749000    -0.000000     0.000000    -0.000000     0.000000    -0.000000    -0.000096    -0.010490     0.391400    -0.025770
    0.000113    -0.001573    -0.034370    -0.000000     0.018240    -0.218500    -0.951200    -0.000000     0.000000    -0.000000     0.000000    -0.000000    -0.000011    -0.001243     0.005356    -0.003054
   -0.000000    -0.000000     0.000000     0.000000     0.000000     1.000000     0.000000    -0.000000    -0.000000     0.000000    -0.000000    -0.000000     0.000000     0.000000     0.000000     0.000000
    1.000000     0.000000    -0.000000    14.830000    -0.000000     0.000000     0.000000     0.000000     0.000000    -0.000000     0.000000     0.000000    -0.000000    -0.000000    -0.000000    -0.000000
    0.000000    -0.000000     0.000000    -0.000000     1.000000    -0.000000    -0.000000   -14.830000    -0.000000     0.000000    -0.000000   207.100000     0.000000     0.000000     0.000000     0.000000
   -0.000000     1.000000    -0.000000  -207.100000     0.000000     0.000000     0.000000     0.000000     0.000000    -0.000000     0.000000     0.000000    -0.000000    -0.000000    -0.000000    -0.000000
   -0.000000    -0.000000     0.000000     0.000000     0.000000    -0.000000     1.000000    -0.000000    -0.000000     0.000000    -0.000000    -0.000000     0.000000     0.000000     0.000000     0.000000

   -0.001556     0.166400   -16.300000    -9.810000    -0.000000    -0.000000     0.000000     0.000000     0.000000    -0.000000     0.000000     0.000000    -0.000825     0.035120     0.000000     0.016230
   -0.081960    -0.628700    92.810000    -0.000000     0.000000     0.000000    -0.000000    -0.000000     0.000000    -0.000000     0.000000     0.000000     0.007259    -0.315000    -0.000000    -0.109300
    0.008655    -0.055930    -1.237000     0.000000    -0.003386    -0.149100     0.053790     0.000000    -0.000000     0.000000    -0.000000     0.000000    -0.000143    -0.020160     0.003459    -0.053830
   -0.000000    -0.000000     1.000000     0.000000     0.000000    -0.000000    -0.000000     0.000000    -0.000000     0.000000    -0.000000     0.000000     0.000000     0.000000     0.000000     0.000000
   -0.000000    -0.000000    -0.000000    -0.000000    -0.070480    16.090000   -95.760000     9.810000    -0.000000     0.000000    -0.000000    -0.000000    -0.000000     0.000000     0.002094    -0.000000
    0.001361    -0.008794    -0.194500    -0.000000    -0.195700    -7.996000     3.525000    -0.000000     0.000000    -0.000000     0.000000    -0.000000    -0.000022    -0.003170     0.188400    -0.008463
    0.000126    -0.000812    -0.017970    -0.000000     0.011260    -0.339600    -0.739300    -0.000000     0.000000    -0.000000     0.000000    -0.000000    -0.000002    -0.000293     0.003938    -0.000782
   -0.000000    -0.000000     0.000000     0.000000     0.000000     1.000000     0.000000     0.000000    -0.000000     0.000000    -0.000000     0.000000     0.000000     0.000000     0.000000     0.000000
    1.000000     0.000000    -0.000000    15.880000    -0.000000     0.000000     0.000000     0.000000     0.000000    -0.000000     0.000000     0.000000    -0.000000    -0.000000    -0.000000    -0.000000
    0.000000    -0.000000     0.000000    -0.000000     1.000000    -0.000000    -0.000000   -15.880000    -0.000000     0.000000    -0.000000   102.600000     0.000000     0.000000     0.000000     0.000000
   -0.000000     1.000000    -0.000000  -102.600000     0.000000     0.000000     0.000000     0.000000     0.000000    -0.000000     0.000000     0.000000    -0.000000    -0.000000    -0.000000    -0.000000
   -0.000000    -0.000000     0.000000     0.000000     0.000000    -0.000000     1.000000     0.000000    -0.000000     0.000000    -0.000000     0.000000     0.000000     0.000000     0.000000     0.000000

   -0.006938     0.269200   -21.580000    -9.810000    -0.000000     0.000000     0.000000     0.000000     0.000000    -0.000000     0.000000     0.000000    -0.000934     0.037790    -0.000000     0.016700
   -0.113300    -0.491800    56.800000    -0.000000     0.000000    -0.000000    -0.000000    -0.000000     0.000000    -0.000000     0.000000     0.000000     0.003631    -0.150900     0.000000    -0.056230
    0.012560    -0.039160    -0.860700     0.000000    -0.002844    -0.095440     0.051830     0.000000    -0.000000     0.000000    -0.000000     0.000000    -0.000044    -0.008159     0.001361    -0.023560
   -0.000000    -0.000000     1.000000     0.000000     0.000000    -0.000000    -0.000000     0.000000    -0.000000     0.000000    -0.000000     0.000000     0.000000     0.000000     0.000000     0.000000
   -0.000000    -0.000000     0.000000    -0.000000    -0.054430    21.450000   -58.920000     9.810000    -0.000000     0.000000    -0.000000    -0.000000    -0.000000    -0.000000    -0.000693    -0.000000
    0.001886    -0.005879    -0.129200    -0.000000    -0.193300    -6.052000     3.844000    -0.000000     0.000000    -0.000000     0.000000    -0.000000    -0.000007    -0.001225     0.088880    -0.003538
    0.000157    -0.000488    -0.010730    -0.000000     0.004067    -0.449400    -0.505400    -0.000000     0.000000    -0.000000     0.000000    -0.000000    -0.000001    -0.000102     0.002978    -0.000294
   -0.000000    -0.000000     0.000000    -0.000000     0.000000     1.000000     0.000000     0.000000    -0.000000     0.000000    -0.000000     0.000000     0.000000     0.000000     0.000000     0.000000
    1.000000     0.000000    -0.000000    20.790000    -0.000000     0.000000     0.000000     0.000000     0.000000    -0.000000     0.000000     0.000000    -0.000000    -0.000000    -0.000000    -0.000000
    0.000000    -0.000000     0.000000    -0.000000     1.000000    -0.000000    -0.000000   -20.790000    -0.000000     0.000000    -0.000000    64.810000     0.000000     0.000000     0.000000     0.000000
   -0.000000     1.000000    -0.000000   -64.810000     0.000000     0.000000     0.000000     0.000000     0.000000    -0.000000     0.000000     0.000000    -0.000000    -0.000000    -0.000000    -0.000000
   -0.000000    -0.000000     0.000000     0.000000     0.000000    -0.000000     1.000000     0.000000    -0.000000     0.000000    -0.000000     0.000000     0.000000     0.000000     0.000000     0.000000
