u  w  q  the  v  p  r  phi  x  y  z  psi  |  slat  flap  aileron  elevator
   -0.027160     0.302400   -32.320000    -9.810000    -0.000000     0.000000     0.000000     0.000000     0.000000    -0.000000     0.000000     0.000000    -0.001025     0.040280    -0.000000     0.022350
   -0.096660    -0.349200    53.770000    -0.000000     0.000000    -0.000000    -0.000000    -0.000000     0.000000    -0.000000     0.000000     0.000000     0.002420    -0.098050     0.000000    -0.038740
    0.027220    -0.051280    -0.982000     0.000000    -0.001233    -0.029710     0.029270     0.000000    -0.000000     0.000000    -0.000000     0.000000     0.000087    -0.011290     0.000411    -0.021610
   -0.000000    -0.000000     1.000000     0.000000     0.000000    -0.000000    -0.000000     0.000000    -0.000000     0.000000    -0.000000     0.000000     0.000000     0.000000     0.000000     0.000000
   -0.000000     0.000000     0.000000    -0.000000    -0.034520    32.810000   -55.750000     9.810000    -0.000000     0.000000    -0.000000    -0.000000    -0.000000    -0.000000    -0.001743    -0.000000
    0.001684    -0.003172    -0.060740    -0.000000    -0.883300   -22.330000    20.260000    -0.000000     0.000000    -0.000000     0.000000    -0.000000     0.000005    -0.000699     0.300900    -0.001337
   -0.000040     0.000074     0.001427    -0.000000    -0.005388    -0.856700    -0.362200    -0.000000     0.000000    -0.000000     0.000000    -0.000000    -0.000000     0.000016     0.006086     0.000031
   -0.000000    -0.000000     0.000000     0.000000     0.000000     1.000000     0.000000     0.000000    -0.000000     0.000000    -0.000000     0.000000     0.000000     0.000000     0.000000     0.000000
    1.000000     0.000000    -0.000000    31.910000    -0.000000     0.000000     0.000000     0.000000     0.000000    -0.000000     0.000000     0.000000    -0.000000    -0.000000    -0.000000    -0.000000
    0.000000    -0.000000     0.000000    -0.000000     1.000000    -0.000000    -0.000000   -31.910000    -0.000000     0.000000    -0.000000    60.110000     0.000000     0.000000     0.000000     0.000000
   -0.000000     1.000000    -0.000000   -60.110000     0.000000     0.000000     0.000000     0.000000     0.000000    -0.000000     0.000000     0.000000    -0.000000    -0.000000    -0.000000    -0.000000
   -0.000000    -0.000000     0.000000     0.000000     0.000000    -0.000000     1.000000    -0.000000    -0.000000     0.000000    -0.000000     0.000000     0.000000     0.000000     0.000000     0.000000

   -0.007652     0.186500   -24.700000    -9.810000    -0.000000    -0.000000     0.000000     0.000000     0.000000    -0.000000     0.000000     0.000000    -0.000969     0.040700     0.000000     0.023960
   -0.068830    -0.469800    92.710000    -0.000000     0.000000     0.000000    -0.000000    -0.000000     0.000000    -0.000000     0.000000     0.000000     0.005363    -0.230300    -0.000000    -0.082150
    0.018520    -0.076250    -1.425000     0.000000    -0.001691    -0.059190     0.036510     0.000000    -0.000000     0.000000    -0.000000     0.000000     0.000190    -0.030650     0.001381    -0.052240
   -0.000000    -0.000000     1.000000     0.000000     0.000000    -0.000000    -0.000000     0.000000    -0.000000     0.000000    -0.000000     0.000000     0.000000     0.000000     0.000000     0.000000
   -0.000000     0.000000     0.000000    -0.000000    -0.050020    24.910000   -95.630000     9.810000    -0.000000     0.000000    -0.000000    -0.000000     0.000000     0.000000     0.000342    -0.000000
    0.001401    -0.005767    -0.107800    -0.000000    -1.010000   -36.640000    21.000000    -0.000000     0.000000    -0.000000     0.000000    -0.000000     0.000014    -0.002318     0.845100    -0.003951
   -0.000032     0.000130     0.002428    -0.000000     0.002520    -0.793800    -0.619800    -0.000000     0.000000    -0.000000     0.000000    -0.000000    -0.000000     0.000052     0.011720     0.000089
   -0.000000    -0.000000     0.000000    -0.000000     0.000000     1.000000     0.000000     0.000000    -0.000000     0.000000    -0.000000     0.000000     0.000000     0.000000     0.000000     0.000000
    1.000000     0.000000    -0.000000    24.510000    -0.000000     0.000000     0.000000     0.000000     0.000000    -0.000000     0.000000     0.000000    -0.000000    -0.000000    -0.000000    -0.000000
    0.000000    -0.000000     0.000000    -0.000000     1.000000    -0.000000    -0.000000   -24.510000    -0.000000     0.000000    -0.000000   100.900000     0.000000     0.000000     0.000000     0.000000
   -0.000000     1.000000    -0.000000  -100.900000     0.000000     0.000000     0.000000     0.000000     0.000000    -0.000000     0.000000     0.000000    -0.000000    -0.000000    -0.000000    -0.000000
   -0.000000    -0.000000     0.000000    -0.000000     0.000000    -0.000000     1.000000    -0.000000    -0.000000     0.000000    -0.000000     0.000000     0.000000     0.000000     0.000000     0.000000

   -0.001694     0.086510   -23.860000    -9.810000     0.000000     0.000000    -0.000000     0.000000     0.000000    -0.000000     0.000000     0.000000    -0.000781     0.035230    -0.000000     0.024070
   -0.039900    -0.460700   198.700000    -0.000000    -0.000000     0.000000     0.000000    -0.000000     0.000000    -0.000000     0.000000     0.000000     0.010520    -0.477800    -0.000000    -0.157200
    0.011750    -0.101800    -1.851000     0.000000    -0.002915    -0.128400     0.057840     0.000000    -0.000000     0.000000    -0.000000     0.000000     0.000393    -0.089340     0.006153    -0.139000
   -0.000000    -0.000000     1.000000     0.000000     0.000000    -0.000000    -0.000000     0.000000    -0.000000     0.000000    -0.000000     0.000000     0.000000     0.000000     0.000000     0.000000
    0.000000    -0.000000    -0.000000    -0.000000    -0.047470    23.870000  -201.700000     9.810000    -0.000000     0.000000    -0.000000    -0.000000     0.000000    -0.000000     0.004519    -0.000000
    0.001398    -0.012110    -0.220300    -0.000000    -1.207000   -54.840000    23.030000    -0.000000     0.000000    -0.000000     0.000000    -0.000000     0.000047    -0.010630     2.616000    -0.016530
   -0.000028     0.000241     0.004392    -0.000000     0.009159    -0.758000    -0.825000    -0.000000     0.000000    -0.000000     0.000000    -0.000000    -0.000001     0.000212     0.027460     0.000330
   -0.000000    -0.000000     0.000000     0.000000     0.000000     1.000000     0.000000     0.000000    -0.000000     0.000000    -0.000000     0.000000     0.000000     0.000000     0.000000     0.000000
    1.000000     0.000000    -0.000000    23.810000    -0.000000     0.000000     0.000000     0.000000     0.000000    -0.000000     0.000000     0.000000    -0.000000    -0.000000    -0.000000    -0.000000
    0.000000    -0.000000     0.000000    -0.000000     1.000000    -0.000000    -0.000000   -23.810000    -0.000000     0.000000    -0.000000   206.200000     0.000000     0.000000     0.000000     0.000000
   -0.000000     1.000000    -0.000000  -206.200000     0.000000     0.000000     0.000000     0.000000     0.000000    -0.000000     0.000000     0.000000    -0.000000    -0.000000    -0.000000    -0.000000
   -0.000000    -0.000000     0.000000     0.000000     0.000000    -0.000000     1.000000     0.000000    -0.000000     0.000000    -0.000000     0.000000     0.000000     0.000000     0.000000     0.000000

   -0.001098     0.083440   -16.820000    -9.810000     0.000000    -0.000000    -0.000000     0.000000     0.000000    -0.000000     0.000000     0.000000    -0.000705     0.032080    -0.000000     0.023450
   -0.042710    -0.612700   196.900000    -0.000000    -0.000000     0.000000    -0.000000    -0.000000     0.000000    -0.000000     0.000000     0.000000     0.014020    -0.639500    -0.000000    -0.208300
    0.008214    -0.101300    -1.839000     0.000000    -0.002735    -0.129200     0.052520     0.000000    -0.000000     0.000000    -0.000000     0.000000     0.000394    -0.089900     0.006218    -0.138000
   -0.000000    -0.000000     1.000000     0.000000     0.000000    -0.000000    -0.000000     0.000000    -0.000000     0.000000    -0.000000     0.000000     0.000000     0.000000     0.000000     0.000000
    0.000000    -0.000000    -0.000000    -0.000000    -0.064270    16.730000  -200.900000     9.810000    -0.000000     0.000000    -0.000000    -0.000000     0.000000    -0.000000     0.007224    -0.000000
    0.000977    -0.012050    -0.218800    -0.000000    -1.129000   -55.080000    20.770000    -0.000000     0.000000    -0.000000     0.000000    -0.000000     0.000047    -0.010700     2.641000    -0.016420
   -0.000019     0.000240     0.004363    -0.000000     0.011340    -0.669100    -0.849000    -0.000000     0.000000    -0.000000     0.000000    -0.000000    -0.000001     0.000213     0.026370     0.000327
   -0.000000    -0.000000     0.000000    -0.000000     0.000000     1.000000     0.000000     0.000000    -0.000000     0.000000    -0.000000     0.000000     0.000000     0.000000     0.000000     0.000000
    1.000000     0.000000    -0.000000    16.780000    -0.000000     0.000000     0.000000     0.000000     0.000000    -0.000000     0.000000     0.000000    -0.000000    -0.000000    -0.000000    -0.000000
    0.000000    -0.000000     0.000000    -0.000000     1.000000    -0.000000    -0.000000   -16.780000    -0.000000     0.000000    -0.000000   206.900000     0.000000     0.000000     0.000000     0.000000
   -0.000000     1.000000    -0.000000  -206.900000     0.000000     0.000000     0.000000     0.000000     0.000000    -0.000000     0.000000     0.000000    -0.000000    -0.000000    -0.000000    -0.000000
   -0.000000    -0.000000     0.000000     0.000000     0.000000    -0.000000     1.000000    -0.000000    -0.000000     0.000000    -0.000000     0.000000     0.000000     0.000000     0.000000     0.000000

   -0.005167     0.182500   -17.940000    -9.810000     0.000000    -0.000000     0.000000     0.000000     0.000000    -0.000000     0.000000     0.000000    -0.000933     0.039580    -0.000000     0.023870
   -0.070990    -0.625700    91.370000    -0.000000     0.000000     0.000000    -0.000000    -0.000000     0.000000    -0.000000     0.000000     0.000000     0.007220    -0.312900    -0.000000    -0.109400
    0.013210    -0.076120    -1.418000     0.000000    -0.001543    -0.060470     0.032010     0.000000    -0.000000     0.000000    -0.000000     0.000000     0.000193    -0.031480     0.001431    -0.052410
   -0.000000    -0.000000     1.000000    -0.000000     0.000000    -0.000000    -0.000000    -0.000000    -0.000000     0.000000    -0.000000    -0.000000     0.000000     0.000000     0.000000     0.000000
   -0.000000    -0.000000     0.000000    -0.000000    -0.069020    18.030000   -95.340000     9.810000    -0.000000     0.000000    -0.000000    -0.000000     0.000000     0.000000     0.001775    -0.000000
    0.000999    -0.005756    -0.107200    -0.000000    -0.916800   -37.220000    18.250000    -0.000000     0.000000    -0.000000     0.000000    -0.000000     0.000015    -0.002381     0.874200    -0.003964
   -0.000023     0.000130     0.002416    -0.000000     0.005658    -0.667000    -0.656500    -0.000000     0.000000    -0.000000     0.000000    -0.000000    -0.000000     0.000054     0.011020     0.000089
   -0.000000    -0.000000     0.000000     0.000000     0.000000     1.000000     0.000000    -0.000000    -0.000000     0.000000    -0.000000    -0.000000     0.000000     0.000000     0.000000     0.000000
    1.000000     0.000000    -0.000000    17.750000    -0.000000     0.000000     0.000000     0.000000     0.000000    -0.000000     0.000000     0.000000    -0.000000    -0.000000    -0.000000    -0.000000
    0.000000    -0.000000     0.000000    -0.000000     1.000000    -0.000000    -0.000000   -17.750000    -0.000000     0.000000    -0.000000   102.300000     0.000000     0.000000     0.000000     0.000000
   -0.000000     1.000000    -0.000000  -102.300000     0.000000     0.000000     0.000000     0.000000     0.000000    -0.000000     0.000000     0.000000    -0.000000    -0.000000    -0.000000    -0.000000
   -0.000000    -0.000000     0.000000     0.000000     0.000000    -0.000000     1.000000    -0.000000    -0.000000     0.000000    -0.000000    -0.000000     0.000000     0.000000     0.000000     0.000000

   -0.017820     0.294800   -23.560000    -9.810000    -0.000000     0.000000     0.000000     0.000000     0.000000    -0.000000     0.000000     0.000000    -0.001038     0.041780    -0.000000     0.023350
   -0.097190    -0.484300    55.180000    -0.000000     0.000000     0.000000    -0.000000    -0.000000     0.000000    -0.000000     0.000000     0.000000     0.003548    -0.146900     0.000000    -0.055550
    0.019030    -0.052600    -1.000000     0.000000    -0.001091    -0.032260     0.024710     0.000000    -0.000000     0.000000    -0.000000     0.000000     0.000095    -0.012770     0.000476    -0.023240
   -0.000000    -0.000000     1.000000     0.000000     0.000000    -0.000000    -0.000000     0.000000    -0.000000     0.000000    -0.000000     0.000000     0.000000     0.000000     0.000000     0.000000
   -0.000000    -0.000000     0.000000    -0.000000    -0.052070    23.920000   -58.070000     9.810000    -0.000000     0.000000    -0.000000    -0.000000     0.000000    -0.000000    -0.001020    -0.000000
    0.001177    -0.003254    -0.061890    -0.000000    -0.776600   -23.900000    16.940000    -0.000000     0.000000    -0.000000     0.000000    -0.000000     0.000006    -0.000790     0.346300    -0.001438
   -0.000028     0.000076     0.001454    -0.000000    -0.001126    -0.688600    -0.418600    -0.000000     0.000000    -0.000000     0.000000    -0.000000    -0.000000     0.000019     0.005838     0.000034
   -0.000000    -0.000000     0.000000    -0.000000     0.000000     1.000000     0.000000     0.000000    -0.000000     0.000000    -0.000000     0.000000     0.000000     0.000000     0.000000     0.000000
    1.000000     0.000000    -0.000000    23.150000    -0.000000     0.000000     0.000000     0.000000     0.000000    -0.000000     0.000000     0.000000    -0.000000    -0.000000    -0.000000    -0.000000
    0.000000    -0.000000     0.000000    -0.000000     1.000000    -0.000000    -0.000000   -23.150000    -0.000000     0.000000    -0.000000    64.000000     0.000000     0.000000     0.000000     0.000000
   -0.000000     1.000000    -0.000000   -64.000000     0.000000     0.000000     0.000000     0.000000     0.000000    -0.000000     0.000000     0.000000    -0.000000    -0.000000    -0.000000    -0.000000
   -0.000000    -0.000000     0.000000     0.000000     0.000000    -0.000000     1.000000    -0.000000    -0.000000     0.000000    -0.000000     0.000000     0.000000     0.000000     0.000000     0.000000
