u  w  q  the  v  p  r  phi  x  y  z  psi  |  slat  flap  aileron  elevator
   -0.005898     0.263300   -28.070000    -9.810000    -0.000000     0.000000     0.000000     0.000000     0.000000    -0.000000     0.000000     0.000000    -0.000888     0.035380    -0.000000     0.013400
   -0.120700    -0.364500    56.870000    -0.000000     0.000000    -0.000000    -0.000000    -0.000000     0.000000    -0.000000     0.000000     0.000000     0.002597    -0.106200     0.000000    -0.040610
    0.012670    -0.029170    -0.726100     0.000000    -0.001317    -0.033500     0.027330     0.000000    -0.000000     0.000000    -0.000000     0.000000    -0.000103    -0.004572     0.000480    -0.020490
   -0.000000    -0.000000     1.000000    -0.000000     0.000000    -0.000000    -0.000000    -0.000000    -0.000000     0.000000    -0.000000    -0.000000     0.000000     0.000000     0.000000     0.000000
   -0.000000    -0.000000     0.000000    -0.000000    -0.038430    27.850000   -58.050000     9.810000    -0.000000     0.000000    -0.000000    -0.000000    -0.000000    -0.000000    -0.001294    -0.000000
    0.000783    -0.001803    -0.044880    -0.000000    -0.882100   -23.310000    17.640000    -0.000000     0.000000    -0.000000     0.000000    -0.000000    -0.000006    -0.000283     0.327100    -0.001266
   -0.000020     0.000046     0.001135    -0.000000    -0.006939    -0.784300    -0.313400    -0.000000     0.000000    -0.000000     0.000000    -0.000000     0.000000     0.000007     0.006383     0.000032
   -0.000000    -0.000000     0.000000     0.000000     0.000000     1.000000     0.000000    -0.000000    -0.000000     0.000000    -0.000000    -0.000000     0.000000     0.000000     0.000000     0.000000
    1.000000     0.000000    -0.000000    27.110000    -0.000000     0.000000     0.000000     0.000000     0.000000    -0.000000     0.000000     0.000000    -0.000000    -0.000000    -0.000000    -0.000000
    0.000000    -0.000000     0.000000    -0.000000     1.000000    -0.000000    -0.000000   -27.110000    -0.000000     0.000000    -0.000000    62.420000     0.000000     0.000000     0.000000     0.000000
   -0.000000     1.000000    -0.000000   -62.420000     0.000000     0.000000     0.000000     0.000000     0.000000    -0.000000     0.000000     0.000000    -0.000000    -0.000000    -0.000000    -0.000000
   -0.000000    -0.000000     0.000000     0.000000     0.000000    -0.000000     1.000000    -0.000000    -0.000000     0.000000    -0.000000    -0.000000     0.000000     0.000000     0.000000     0.000000

   -0.001005     0.162400   -21.320000    -9.810000    -0.000000    -0.000000    -0.000000     0.000000     0.000000    -0.000000     0.000000     0.000000    -0.000812     0.034330     0.000000     0.012940
   -0.085170    -0.475300    94.780000    -0.000000    -0.000000     0.000000    -0.000000    -0.000000     0.000000    -0.000000     0.000000     0.000000     0.005445    -0.234500    -0.000000    -0.082340
    0.008178    -0.040030    -1.048000     0.000000    -0.001823    -0.065120     0.034210     0.000000    -0.000000     0.000000    -0.000000     0.000000    -0.000296    -0.011770     0.001530    -0.048410
   -0.000000    -0.000000     1.000000     0.000000     0.000000    -0.000000    -0.000000     0.000000    -0.000000     0.000000    -0.000000     0.000000     0.000000     0.000000     0.000000     0.000000
   -0.000000    -0.000000    -0.000000    -0.000000    -0.052300    21.090000   -96.570000     9.810000    -0.000000     0.000000    -0.000000    -0.000000    -0.000000    -0.000000     0.000819    -0.000000
    0.000618    -0.003024    -0.079180    -0.000000    -1.006000   -37.040000    18.080000    -0.000000     0.000000    -0.000000     0.000000    -0.000000    -0.000022    -0.000889     0.862000    -0.003658
   -0.000015     0.000074     0.001948    -0.000000    -0.000438    -0.775500    -0.552600    -0.000000     0.000000    -0.000000     0.000000    -0.000000     0.000001     0.000022     0.012520     0.000090
   -0.000000    -0.000000     0.000000     0.000000     0.000000     1.000000     0.000000     0.000000    -0.000000     0.000000    -0.000000     0.000000     0.000000     0.000000     0.000000     0.000000
    1.000000     0.000000    -0.000000    20.790000    -0.000000     0.000000     0.000000     0.000000     0.000000    -0.000000     0.000000     0.000000    -0.000000    -0.000000    -0.000000    -0.000000
    0.000000    -0.000000     0.000000    -0.000000     1.000000    -0.000000    -0.000000   -20.790000    -0.000000     0.000000    -0.000000   101.700000     0.000000     0.000000     0.000000     0.000000
   -0.000000     1.000000    -0.000000  -101.700000     0.000000     0.000000     0.000000     0.000000     0.000000    -0.000000     0.000000     0.000000    -0.000000    -0.000000    -0.000000    -0.000000
   -0.000000    -0.000000     0.000000     0.000000     0.000000    -0.000000     1.000000     0.000000    -0.000000     0.000000    -0.000000     0.000000     0.000000     0.000000     0.000000     0.000000

    0.000001     0.074720   -20.160000    -9.810000     0.000000    -0.000000     0.000000     0.000000     0.000000    -0.000000     0.000000     0.000000    -0.000632     0.028710    -0.000000     0.011660
   -0.048320    -0.462500   200.300000    -0.000000    -0.000000    -0.000000    -0.000000    -0.000000     0.000000    -0.000000     0.000000     0.000000     0.010560    -0.480100    -0.000000    -0.156600
    0.005114    -0.052970    -1.405000     0.000000    -0.003264    -0.145300     0.055790     0.000000    -0.000000     0.000000    -0.000000     0.000000    -0.000983    -0.035740     0.006977    -0.133600
   -0.000000    -0.000000     1.000000     0.000000     0.000000    -0.000000    -0.000000     0.000000    -0.000000     0.000000    -0.000000     0.000000     0.000000     0.000000     0.000000     0.000000
   -0.000000    -0.000000    -0.000000    -0.000000    -0.048600    19.960000  -202.200000     9.810000    -0.000000     0.000000    -0.000000    -0.000000     0.000000    -0.000000     0.004940    -0.000000
    0.000608    -0.006294    -0.166900    -0.000000    -1.203000   -55.050000    19.580000    -0.000000     0.000000    -0.000000     0.000000    -0.000000    -0.000117    -0.004247     2.632000    -0.015880
   -0.000014     0.000142     0.003777    -0.000000     0.005126    -0.812600    -0.764900    -0.000000     0.000000    -0.000000     0.000000    -0.000000     0.000003     0.000096     0.031240     0.000359
   -0.000000    -0.000000     0.000000    -0.000000     0.000000     1.000000     0.000000     0.000000    -0.000000     0.000000    -0.000000     0.000000     0.000000     0.000000     0.000000     0.000000
    1.000000     0.000000    -0.000000    19.950000    -0.000000     0.000000     0.000000     0.000000     0.000000    -0.000000     0.000000     0.000000    -0.000000    -0.000000    -0.000000    -0.000000
    0.000000    -0.000000     0.000000    -0.000000     1.000000    -0.000000    -0.000000   -19.950000    -0.000000     0.000000    -0.000000   206.700000     0.000000     0.000000     0.000000     0.000000
   -0.000000     1.000000    -0.000000  -206.700000     0.000000     0.000000     0.000000     0.000000     0.000000    -0.000000     0.000000     0.000000    -0.000000    -0.000000    -0.000000    -0.000000
   -0.000000    -0.000000     0.000000     0.000000     0.000000    -0.000000     1.000000     0.000000    -0.000000     0.000000    -0.000000     0.000000     0.000000     0.000000     0.000000     0.000000

    0.000100     0.071680   -14.090000    -9.810000     0.000000     0.000000     0.000000     0.000000     0.000000    -0.000000     0.000000     0.000000    -0.000557     0.025490    -0.000000     0.010900
   -0.051140    -0.614300   198.700000    -0.000000    -0.000000     0.000000     0.000000    -0.000000     0.000000    -0.000000     0.000000     0.000000     0.014050    -0.641200    -0.000000    -0.207500
    0.003494    -0.052100    -1.396000     0.000000    -0.003065    -0.146100     0.050500     0.000000    -0.000000     0.000000    -0.000000     0.000000    -0.000988    -0.035790     0.007034    -0.133000
   -0.000000    -0.000000     1.000000     0.000000     0.000000    -0.000000    -0.000000     0.000000    -0.000000     0.000000    -0.000000     0.000000     0.000000     0.000000     0.000000     0.000000
   -0.000000    -0.000000    -0.000000    -0.000000    -0.065380    13.790000  -201.200000     9.810000    -0.000000     0.000000    -0.000000    -0.000000    -0.000000    -0.000000     0.007639    -0.000000
    0.000415    -0.006191    -0.165900    -0.000000    -1.126000   -55.220000    17.590000    -0.000000     0.000000    -0.000000     0.000000    -0.000000    -0.000117    -0.004253     2.651000    -0.015800
   -0.000009     0.000140     0.003755    -0.000000     0.007142    -0.734000    -0.786800    -0.000000     0.000000    -0.000000     0.000000    -0.000000     0.000003     0.000096     0.030230     0.000358
   -0.000000    -0.000000     0.000000    -0.000000     0.000000     1.000000     0.000000     0.000000    -0.000000     0.000000    -0.000000     0.000000     0.000000     0.000000     0.000000     0.000000
    1.000000     0.000000    -0.000000    13.890000    -0.000000     0.000000     0.000000     0.000000     0.000000    -0.000000     0.000000     0.000000    -0.000000    -0.000000    -0.000000    -0.000000
    0.000000    -0.000000     0.000000    -0.000000     1.000000    -0.000000    -0.000000   -13.890000    -0.000000     0.000000    -0.000000   207.200000     0.000000     0.000000     0.000000     0.000000
   -0.000000     1.000000    -0.000000  -207.200000     0.000000     0.000000     0.000000     0.000000     0.000000    -0.000000     0.000000     0.000000    -0.000000    -0.000000    -0.000000    -0.000000
   -0.000000    -0.000000     0.000000     0.000000     0.000000    -0.000000     1.000000    -0.000000    -0.000000     0.000000    -0.000000     0.000000     0.000000     0.000000     0.000000     0.000000

   -0.000386     0.158700   -15.500000    -9.810000    -0.000000    -0.000000    -0.000000     0.000000     0.000000    -0.000000     0.000000     0.000000    -0.000774     0.032970     0.000000     0.012520
   -0.087280    -0.630000    93.490000    -0.000000     0.000000     0.000000     0.000000    -0.000000     0.000000    -0.000000     0.000000     0.000000     0.007276    -0.316000    -0.000000    -0.109200
    0.005692    -0.039020    -1.042000     0.000000    -0.001663    -0.066170     0.029890     0.000000    -0.000000     0.000000    -0.000000     0.000000    -0.000303    -0.011930     0.001571    -0.048480
   -0.000000    -0.000000     1.000000     0.000000     0.000000    -0.000000    -0.000000     0.000000    -0.000000     0.000000    -0.000000     0.000000     0.000000     0.000000     0.000000     0.000000
   -0.000000    -0.000000    -0.000000    -0.000000    -0.071210    15.170000   -95.950000     9.810000    -0.000000     0.000000    -0.000000    -0.000000     0.000000     0.000000     0.002246     0.000000
    0.000430    -0.002948    -0.078730    -0.000000    -0.914000   -37.460000    15.650000    -0.000000     0.000000    -0.000000     0.000000    -0.000000    -0.000023    -0.000901     0.884000    -0.003663
   -0.000011     0.000073     0.001937    -0.000000     0.002395    -0.668000    -0.585900    -0.000000     0.000000    -0.000000     0.000000    -0.000000     0.000001     0.000022     0.011890     0.000090
   -0.000000    -0.000000     0.000000     0.000000     0.000000     1.000000     0.000000     0.000000    -0.000000     0.000000    -0.000000     0.000000     0.000000     0.000000     0.000000     0.000000
    1.000000     0.000000    -0.000000    14.990000    -0.000000     0.000000     0.000000     0.000000     0.000000    -0.000000     0.000000     0.000000    -0.000000    -0.000000    -0.000000    -0.000000
    0.000000    -0.000000     0.000000    -0.000000     1.000000    -0.000000    -0.000000   -14.990000    -0.000000     0.000000    -0.000000   102.800000     0.000000     0.000000     0.000000     0.000000
   -0.000000     1.000000    -0.000000  -102.800000     0.000000     0.000000     0.000000     0.000000     0.000000    -0.000000     0.000000     0.000000    -0.000000    -0.000000    -0.000000    -0.000000
   -0.000000    -0.000000     0.000000     0.000000     0.000000    -0.000000     1.000000    -0.000000    -0.000000     0.000000    -0.000000     0.000000     0.000000     0.000000     0.000000     0.000000

   -0.003265     0.257300   -20.610000    -9.810000    -0.000000     0.000000     0.000000     0.000000     0.000000    -0.000000     0.000000     0.000000    -0.000883     0.035840    -0.000000     0.013400
   -0.121200    -0.495200    57.550000    -0.000000     0.000000    -0.000000    -0.000000    -0.000000     0.000000    -0.000000     0.000000     0.000000     0.003667    -0.152600     0.000000    -0.056490
    0.008565    -0.028370    -0.732300     0.000000    -0.001164    -0.035480     0.022990     0.000000    -0.000000     0.000000    -0.000000     0.000000    -0.000114    -0.004905     0.000531    -0.021470
   -0.000000    -0.000000     1.000000     0.000000     0.000000    -0.000000    -0.000000     0.000000    -0.000000     0.000000    -0.000000     0.000000     0.000000     0.000000     0.000000     0.000000
   -0.000000    -0.000000     0.000000    -0.000000    -0.055610    20.290000   -59.290000     9.810000    -0.000000     0.000000    -0.000000    -0.000000     0.000000    -0.000000    -0.000537    -0.000000
    0.000529    -0.001753    -0.045260    -0.000000    -0.774900   -24.420000    14.690000    -0.000000     0.000000    -0.000000     0.000000    -0.000000    -0.000007    -0.000303     0.360700    -0.001327
   -0.000013     0.000044     0.001145    -0.000000    -0.003039    -0.645000    -0.366700    -0.000000     0.000000    -0.000000     0.000000    -0.000000     0.000000     0.000008     0.006087     0.000034
   -0.000000    -0.000000     0.000000     0.000000     0.000000     1.000000     0.000000     0.000000    -0.000000     0.000000    -0.000000     0.000000     0.000000     0.000000     0.000000     0.000000
    1.000000     0.000000    -0.000000    19.670000    -0.000000     0.000000     0.000000     0.000000     0.000000    -0.000000     0.000000     0.000000    -0.000000    -0.000000    -0.000000    -0.000000
    0.000000    -0.000000     0.000000    -0.000000     1.000000    -0.000000    -0.000000   -19.670000    -0.000000     0.000000    -0.000000    65.150000     0.000000     0.000000     0.000000     0.000000
   -0.000000     1.000000    -0.000000   -65.150000     0.000000     0.000000     0.000000     0.000000     0.000000    -0.000000     0.000000     0.000000    -0.000000    -0.000000    -0.000000    -0.000000
   -0.000000    -0.000000     0.000000     0.000000     0.000000    -0.000000     1.000000     0.000000    -0.000000     0.000000    -0.000000     0.000000     0.000000     0.000000     0.000000     0.000000
