u  w  q  the  v  p  r  phi  x  y  z  psi  |  slat  flap  aileron  elevator
   -0.011880     0.276900   -29.580000    -9.810000    -0.000000    -0.000000     0.000000     0.000000     0.000000    -0.000000     0.000000     0.000000    -0.000938     0.037190    -0.000000     0.016710
   -0.112000    -0.359400    55.820000    -0.000000     0.000000    -0.000000    -0.000000    -0.000000     0.000000    -0.000000     0.000000     0.000000     0.002539    -0.103500     0.000000    -0.040020
    0.018680    -0.040010    -0.856800     0.000000    -0.004493    -0.124300     0.089330     0.000000    -0.000000     0.000000    -0.000000     0.000000    -0.000031    -0.007677     0.001666    -0.022290
   -0.000000    -0.000000     1.000000     0.000000     0.000000    -0.000000    -0.000000    -0.000000    -0.000000     0.000000    -0.000000     0.000000     0.000000     0.000000     0.000000     0.000000
   -0.000000    -0.000000     0.000000    -0.000000    -0.037000    29.580000   -57.300000     9.810000    -0.000000     0.000000    -0.000000    -0.000000     0.000000    -0.000000    -0.001455    -0.000000
    0.003857    -0.008263    -0.176900    -0.000000    -0.302600    -7.889000     6.365000    -0.000000     0.000000    -0.000000     0.000000    -0.000000    -0.000006    -0.001585     0.109300    -0.004602
    0.000250    -0.000535    -0.011450    -0.000000     0.000067    -0.647700    -0.469100    -0.000000     0.000000    -0.000000     0.000000    -0.000000    -0.000000    -0.000103     0.003994    -0.000298
   -0.000000    -0.000000     0.000000     0.000000     0.000000     1.000000     0.000000     0.000000    -0.000000     0.000000    -0.000000     0.000000     0.000000     0.000000     0.000000     0.000000
    1.000000     0.000000    -0.000000    28.790000    -0.000000     0.000000     0.000000     0.000000     0.000000    -0.000000     0.000000     0.000000    -0.000000    -0.000000    -0.000000    -0.000000
    0.000000    -0.000000     0.000000    -0.000000     1.000000    -0.000000    -0.000000   -28.790000    -0.000000     0.000000    -0.000000    61.670000     0.000000     0.000000     0.000000     0.000000
   -0.000000     1.000000    -0.000000   -61.670000     0.000000     0.000000     0.000000     0.000000     0.000000    -0.000000     0.000000     0.000000    -0.000000    -0.000000    -0.000000    -0.000000
   -0.000000    -0.000000     0.000000     0.000000     0.000000    -0.000000     1.000000     0.000000    -0.000000     0.000000    -0.000000     0.000000     0.000000     0.000000     0.000000     0.000000

   -0.002844     0.170900   -22.530000    -9.810000    -0.000000    -0.000000     0.000000     0.000000     0.000000    -0.000000     0.000000     0.000000    -0.000868     0.036610    -0.000000     0.016910
   -0.079300    -0.473400    94.060000    -0.000000     0.000000     0.000000    -0.000000    -0.000000     0.000000    -0.000000     0.000000     0.000000     0.005418    -0.233100    -0.000000    -0.082300
    0.012590    -0.057760    -1.251000     0.000000    -0.005300    -0.205100     0.092880     0.000000    -0.000000     0.000000    -0.000000     0.000000    -0.000120    -0.020370     0.004679    -0.053620
   -0.000000    -0.000000     1.000000     0.000000     0.000000    -0.000000    -0.000000     0.000000    -0.000000     0.000000    -0.000000     0.000000     0.000000     0.000000     0.000000     0.000000
   -0.000000    -0.000000    -0.000000    -0.000000    -0.051460    22.440000   -96.250000     9.810000    -0.000000     0.000000    -0.000000    -0.000000    -0.000000     0.000000     0.000650    -0.000000
    0.002771    -0.012720    -0.275400    -0.000000    -0.301800   -11.060000     5.721000    -0.000000     0.000000    -0.000000     0.000000    -0.000000    -0.000027    -0.004484     0.256600    -0.011810
    0.000196    -0.000900    -0.019490    -0.000000     0.008483    -0.505600    -0.730100    -0.000000     0.000000    -0.000000     0.000000    -0.000000    -0.000002    -0.000317     0.005754    -0.000836
   -0.000000    -0.000000     0.000000     0.000000     0.000000     1.000000     0.000000     0.000000    -0.000000     0.000000    -0.000000     0.000000     0.000000     0.000000     0.000000     0.000000
    1.000000     0.000000    -0.000000    22.110000    -0.000000     0.000000     0.000000     0.000000     0.000000    -0.000000     0.000000     0.000000    -0.000000    -0.000000    -0.000000    -0.000000
    0.000000    -0.000000     0.000000    -0.000000     1.000000    -0.000000    -0.000000   -22.110000    -0.000000     0.000000    -0.000000   101.500000     0.000000     0.000000     0.000000     0.000000
   -0.000000     1.000000    -0.000000  -101.500000     0.000000     0.000000     0.000000     0.000000     0.000000    -0.000000     0.000000     0.000000    -0.000000    -0.000000    -0.000000    -0.000000
   -0.000000    -0.000000     0.000000     0.000000     0.000000    -0.000000     1.000000     0.000000    -0.000000     0.000000    -0.000000     0.000000     0.000000     0.000000     0.000000     0.000000

   -0.000449     0.078910   -21.480000    -9.810000     0.000000    -0.000000     0.000000     0.000000     0.000000    -0.000000     0.000000     0.000000    -0.000685     0.031040    -0.000000     0.016100
   -0.045310    -0.461800   199.700000    -0.000000    -0.000000    -0.000000    -0.000000    -0.000000     0.000000    -0.000000     0.000000     0.000000     0.010550    -0.479300    -0.000000    -0.156800
    0.008263    -0.080010    -1.717000     0.000000    -0.006682    -0.327900     0.101500     0.000000    -0.000000     0.000000    -0.000000     0.000000    -0.000506    -0.062880     0.015500    -0.151300
   -0.000000    -0.000000     1.000000     0.000000     0.000000    -0.000000    -0.000000     0.000000    -0.000000     0.000000    -0.000000     0.000000     0.000000     0.000000     0.000000     0.000000
    0.000000    -0.000000    -0.000000    -0.000000    -0.048190    21.350000  -202.000000     9.810000    -0.000000     0.000000    -0.000000    -0.000000     0.000000    -0.000000     0.004791    -0.000000
    0.002040    -0.019750    -0.423800    -0.000000    -0.258100   -11.790000     4.453000    -0.000000     0.000000    -0.000000     0.000000    -0.000000    -0.000125    -0.015520     0.563100    -0.037350
    0.000179    -0.001738    -0.037290    -0.000000     0.016740    -0.353200    -0.970900    -0.000000     0.000000    -0.000000     0.000000    -0.000000    -0.000011    -0.001366     0.008736    -0.003287
   -0.000000    -0.000000     0.000000     0.000000     0.000000     1.000000     0.000000     0.000000    -0.000000     0.000000    -0.000000     0.000000     0.000000     0.000000     0.000000     0.000000
    1.000000     0.000000    -0.000000    21.330000    -0.000000     0.000000     0.000000     0.000000     0.000000    -0.000000     0.000000     0.000000    -0.000000    -0.000000    -0.000000    -0.000000
    0.000000    -0.000000     0.000000    -0.000000     1.000000    -0.000000    -0.000000   -21.330000    -0.000000     0.000000    -0.000000   206.500000     0.000000     0.000000     0.000000     0.000000
   -0.000000     1.000000    -0.000000  -206.500000     0.000000     0.000000     0.000000     0.000000     0.000000    -0.000000     0.000000     0.000000    -0.000000    -0.000000    -0.000000    -0.000000
   -0.000000    -0.000000     0.000000     0.000000     0.000000    -0.000000     1.000000     0.000000    -0.000000     0.000000    -0.000000     0.000000     0.000000     0.000000     0.000000     0.000000

   -0.000210     0.075860   -15.070000    -9.810000     0.000000     0.000000     0.000000     0.000000     0.000000    -0.000000     0.000000     0.000000    -0.000610     0.027840    -0.000000     0.015390
   -0.048130    -0.613700   198.100000    -0.000000    -0.000000     0.000000    -0.000000    -0.000000     0.000000    -0.000000     0.000000     0.000000     0.014040    -0.640700    -0.000000    -0.207800
    0.005707    -0.079210    -1.706000     0.000000    -0.006201    -0.327200     0.089210     0.000000    -0.000000     0.000000    -0.000000     0.000000    -0.000509    -0.063130     0.015600    -0.150400
   -0.000000    -0.000000     1.000000     0.000000     0.000000    -0.000000    -0.000000     0.000000    -0.000000     0.000000    -0.000000     0.000000     0.000000     0.000000     0.000000     0.000000
    0.000000    -0.000000    -0.000000    -0.000000    -0.064980    14.840000  -201.100000     9.810000    -0.000000     0.000000    -0.000000    -0.000000     0.000000    -0.000000     0.007492    -0.000000
    0.001409    -0.019550    -0.421100    -0.000000    -0.241500   -11.830000     4.006000    -0.000000     0.000000    -0.000000     0.000000    -0.000000    -0.000126    -0.015580     0.567800    -0.037140
    0.000124    -0.001721    -0.037050    -0.000000     0.018220    -0.267800    -0.976800    -0.000000     0.000000    -0.000000     0.000000    -0.000000    -0.000011    -0.001371     0.007499    -0.003268
   -0.000000    -0.000000     0.000000    -0.000000     0.000000     1.000000     0.000000     0.000000    -0.000000     0.000000    -0.000000     0.000000     0.000000     0.000000     0.000000     0.000000
    1.000000     0.000000    -0.000000    14.920000    -0.000000     0.000000     0.000000     0.000000     0.000000    -0.000000     0.000000     0.000000    -0.000000    -0.000000    -0.000000    -0.000000
    0.000000    -0.000000     0.000000    -0.000000     1.000000    -0.000000    -0.000000   -14.920000    -0.000000     0.000000    -0.000000   207.100000     0.000000     0.000000     0.000000     0.000000
   -0.000000     1.000000    -0.000000  -207.100000     0.000000     0.000000     0.000000     0.000000     0.000000    -0.000000     0.000000     0.000000    -0.000000    -0.000000    -0.000000    -0.000000
   -0.000000    -0.000000     0.000000     0.000000     0.000000    -0.000000     1.000000     0.000000    -0.000000     0.000000    -0.000000     0.000000     0.000000     0.000000     0.000000     0.000000

   -0.001692     0.167100   -16.380000    -9.810000     0.000000     0.000000    -0.000000     0.000000     0.000000    -0.000000     0.000000     0.000000    -0.000830     0.035330     0.000000     0.016600
   -0.081440    -0.628500    92.740000    -0.000000     0.000000     0.000000     0.000000    -0.000000     0.000000    -0.000000     0.000000     0.000000     0.007258    -0.314900    -0.000000    -0.109300
    0.008869    -0.056990    -1.244000     0.000000    -0.004772    -0.206100     0.079020     0.000000    -0.000000     0.000000    -0.000000     0.000000    -0.000125    -0.020760     0.004798    -0.053720
   -0.000000    -0.000000     1.000000     0.000000     0.000000    -0.000000    -0.000000     0.000000    -0.000000     0.000000    -0.000000     0.000000     0.000000     0.000000     0.000000     0.000000
   -0.000000    -0.000000    -0.000000    -0.000000    -0.070410    16.190000   -95.740000     9.810000    -0.000000     0.000000    -0.000000    -0.000000    -0.000000     0.000000     0.002079    -0.000000
    0.001953    -0.012550    -0.273800    -0.000000    -0.274000   -11.200000     4.960000    -0.000000     0.000000    -0.000000     0.000000    -0.000000    -0.000027    -0.004571     0.263800    -0.011830
    0.000138    -0.000888    -0.019380    -0.000000     0.010760    -0.386100    -0.745600    -0.000000     0.000000    -0.000000     0.000000    -0.000000    -0.000002    -0.000324     0.004898    -0.000837
   -0.000000    -0.000000     0.000000    -0.000000     0.000000     1.000000     0.000000     0.000000    -0.000000     0.000000    -0.000000     0.000000     0.000000     0.000000     0.000000     0.000000
    1.000000     0.000000    -0.000000    15.970000    -0.000000     0.000000     0.000000     0.000000     0.000000    -0.000000     0.000000     0.000000    -0.000000    -0.000000    -0.000000    -0.000000
    0.000000    -0.000000     0.000000    -0.000000     1.000000    -0.000000    -0.000000   -15.970000    -0.000000     0.000000    -0.000000   102.600000     0.000000     0.000000     0.000000     0.000000
   -0.000000     1.000000    -0.000000  -102.600000     0.000000     0.000000     0.000000     0.000000     0.000000    -0.000000     0.000000     0.000000    -0.000000    -0.000000    -0.000000    -0.000000
   -0.000000    -0.000000     0.000000    -0.000000     0.000000    -0.000000     1.000000    -0.000000    -0.000000     0.000000    -0.000000     0.000000     0.000000     0.000000     0.000000     0.000000

   -0.007355     0.270400   -21.670000    -9.810000    -0.000000    -0.000000     0.000000     0.000000     0.000000    -0.000000     0.000000     0.000000    -0.000939     0.037980    -0.000000     0.017020
   -0.112500    -0.491500    56.720000    -0.000000     0.000000    -0.000000    -0.000000    -0.000000     0.000000    -0.000000     0.000000     0.000000     0.003627    -0.150700     0.000000    -0.056200
    0.012860    -0.039850    -0.865900     0.000000    -0.003912    -0.128900     0.073300     0.000000    -0.000000     0.000000    -0.000000     0.000000    -0.000037    -0.008405     0.001851    -0.023530
   -0.000000    -0.000000     1.000000     0.000000     0.000000    -0.000000    -0.000000     0.000000    -0.000000     0.000000    -0.000000     0.000000     0.000000     0.000000     0.000000     0.000000
   -0.000000    -0.000000     0.000000    -0.000000    -0.054310    21.560000   -58.880000     9.810000    -0.000000     0.000000    -0.000000    -0.000000     0.000000    -0.000000    -0.000708    -0.000000
    0.002655    -0.008230    -0.178800    -0.000000    -0.266000    -8.321000     5.310000    -0.000000     0.000000    -0.000000     0.000000    -0.000000    -0.000008    -0.001736     0.122100    -0.004860
    0.000172    -0.000533    -0.011570    -0.000000     0.003373    -0.487700    -0.502100    -0.000000     0.000000    -0.000000     0.000000    -0.000000    -0.000000    -0.000112     0.003431    -0.000315
   -0.000000    -0.000000     0.000000    -0.000000     0.000000     1.000000     0.000000     0.000000    -0.000000     0.000000    -0.000000     0.000000     0.000000     0.000000     0.000000     0.000000
    1.000000     0.000000    -0.000000    20.900000    -0.000000     0.000000     0.000000     0.000000     0.000000    -0.000000     0.000000     0.000000    -0.000000    -0.000000    -0.000000    -0.000000
    0.000000    -0.000000     0.000000    -0.000000     1.000000    -0.000000    -0.000000   -20.900000    -0.000000     0.000000    -0.000000    64.770000     0.000000     0.000000     0.000000     0.000000
   -0.000000     1.000000    -0.000000   -64.770000     0.000000     0.000000     0.000000     0.000000     0.000000    -0.000000     0.000000     0.000000    -0.000000    -0.000000    -0.000000    -0.000000
   -0.000000    -0.000000     0.000000     0.000000     0.000000    -0.000000     1.000000     0.000000    -0.000000     0.000000    -0.000000     0.000000     0.000000     0.000000     0.000000     0.000000
