u  w  q  the  v  p  r  phi  x  y  z  psi  |  slat  flap  aileron  elevator
   -0.004897     0.260600   -27.770000    -9.810000     0.000000    -0.000000     0.000000     0.000000     0.000000    -0.000000     0.000000     0.000000    -0.000878     0.035000    -0.000000     0.012710
   -0.122500    -0.365500    57.080000    -0.000000     0.000000    -0.000000    -0.000000    -0.000000     0.000000    -0.000000     0.000000     0.000000     0.002608    -0.106700     0.000000    -0.040720
    0.011500    -0.026860    -0.698200     0.000000    -0.001159    -0.029350     0.023970     0.000000    -0.000000     0.000000    -0.000000     0.000000    -0.000117    -0.003925     0.000423    -0.019990
   -0.000000    -0.000000     1.000000    -0.000000     0.000000    -0.000000    -0.000000    -0.000000    -0.000000     0.000000    -0.000000    -0.000000     0.000000     0.000000     0.000000     0.000000
   -0.000000    -0.000000    -0.000000    -0.000000    -0.038730    27.510000   -58.200000     9.810000    -0.000000     0.000000    -0.000000    -0.000000     0.000000    -0.000000    -0.001261    -0.000000
    0.000633    -0.001479    -0.038450    -0.000000    -0.895500   -23.720000    17.730000    -0.000000     0.000000    -0.000000     0.000000    -0.000000    -0.000006    -0.000216     0.333700    -0.001101
   -0.000021     0.000048     0.001260    -0.000000    -0.007071    -0.768600    -0.301700    -0.000000     0.000000    -0.000000     0.000000    -0.000000     0.000000     0.000007     0.006339     0.000036
   -0.000000    -0.000000     0.000000     0.000000     0.000000     1.000000     0.000000    -0.000000    -0.000000     0.000000    -0.000000    -0.000000     0.000000     0.000000     0.000000     0.000000
    1.000000     0.000000    -0.000000    26.780000    -0.000000     0.000000     0.000000     0.000000     0.000000    -0.000000     0.000000     0.000000    -0.000000    -0.000000    -0.000000    -0.000000
    0.000000    -0.000000     0.000000    -0.000000     1.000000    -0.000000    -0.000000   -26.780000    -0.000000     0.000000    -0.000000    62.570000     0.000000     0.000000     0.000000     0.000000
   -0.000000     1.000000    -0.000000   -62.570000     0.000000     0.000000     0.000000     0.000000     0.000000    -0.000000     0.000000     0.000000    -0.000000    -0.000000    -0.000000    -0.000000
   -0.000000    -0.000000     0.000000     0.000000     0.000000    -0.000000     1.000000    -0.000000    -0.000000     0.000000    -0.000000    -0.000000     0.000000     0.000000     0.000000     0.000000

   -0.000705     0.160700   -21.070000    -9.810000    -0.000000    -0.000000    -0.000000     0.000000     0.000000    -0.000000     0.000000     0.000000    -0.000801     0.033870     0.000000     0.012130
   -0.086370    -0.475600    94.930000    -0.000000    -0.000000     0.000000    -0.000000    -0.000000     0.000000    -0.000000     0.000000     0.000000     0.005450    -0.234800    -0.000000    -0.082350
    0.007322    -0.036310    -1.004000     0.000000    -0.001608    -0.057180     0.030090     0.000000    -0.000000     0.000000    -0.000000     0.000000    -0.000327    -0.010030     0.001346    -0.047030
   -0.000000    -0.000000     1.000000     0.000000     0.000000    -0.000000    -0.000000     0.000000    -0.000000     0.000000    -0.000000     0.000000     0.000000     0.000000     0.000000     0.000000
    0.000000    -0.000000    -0.000000    -0.000000    -0.052470    20.820000   -96.630000     9.810000    -0.000000     0.000000    -0.000000    -0.000000     0.000000    -0.000000     0.000853    -0.000000
    0.000495    -0.002453    -0.067850    -0.000000    -1.025000   -37.750000    18.210000    -0.000000     0.000000    -0.000000     0.000000    -0.000000    -0.000022    -0.000678     0.879000    -0.003177
   -0.000016     0.000078     0.002149    -0.000000    -0.000869    -0.764600    -0.532000    -0.000000     0.000000    -0.000000     0.000000    -0.000000     0.000001     0.000021     0.012480     0.000101
   -0.000000    -0.000000     0.000000    -0.000000     0.000000     1.000000     0.000000     0.000000    -0.000000     0.000000    -0.000000     0.000000     0.000000     0.000000     0.000000     0.000000
    1.000000     0.000000    -0.000000    20.520000    -0.000000     0.000000     0.000000     0.000000     0.000000    -0.000000     0.000000     0.000000    -0.000000    -0.000000    -0.000000    -0.000000
    0.000000    -0.000000     0.000000    -0.000000     1.000000    -0.000000    -0.000000   -20.520000    -0.000000     0.000000    -0.000000   101.800000     0.000000     0.000000     0.000000     0.000000
   -0.000000     1.000000    -0.000000  -101.800000     0.000000     0.000000     0.000000     0.000000     0.000000    -0.000000     0.000000     0.000000    -0.000000    -0.000000    -0.000000    -0.000000
   -0.000000    -0.000000     0.000000     0.000000     0.000000    -0.000000     1.000000    -0.000000    -0.000000     0.000000    -0.000000     0.000000     0.000000     0.000000     0.000000     0.000000

    0.000071     0.073870   -19.890000    -9.810000     0.000000     0.000000    -0.000000     0.000000     0.000000    -0.000000     0.000000     0.000000    -0.000622     0.028240    -0.000000     0.010760
   -0.048930    -0.462600   200.400000    -0.000000    -0.000000     0.000000     0.000000    -0.000000     0.000000    -0.000000     0.000000     0.000000     0.010570    -0.480200    -0.000000    -0.156500
    0.004507    -0.047340    -1.335000     0.000000    -0.002889    -0.128100     0.049200     0.000000    -0.000000     0.000000    -0.000000     0.000000    -0.001060    -0.030290     0.006157    -0.128800
   -0.000000    -0.000000     1.000000     0.000000     0.000000    -0.000000    -0.000000     0.000000    -0.000000     0.000000    -0.000000     0.000000     0.000000     0.000000     0.000000     0.000000
   -0.000000    -0.000000    -0.000000    -0.000000    -0.048680    19.680000  -202.200000     9.810000    -0.000000     0.000000    -0.000000    -0.000000     0.000000    -0.000000     0.004970    -0.000000
    0.000484    -0.005086    -0.143500    -0.000000    -1.238000   -56.680000    19.920000    -0.000000     0.000000    -0.000000     0.000000    -0.000000    -0.000114    -0.003254     2.710000    -0.013840
   -0.000014     0.000145     0.004098    -0.000000     0.004249    -0.807600    -0.729800    -0.000000     0.000000    -0.000000     0.000000    -0.000000     0.000003     0.000093     0.031340     0.000395
   -0.000000    -0.000000     0.000000    -0.000000     0.000000     1.000000     0.000000     0.000000    -0.000000     0.000000    -0.000000     0.000000     0.000000     0.000000     0.000000     0.000000
    1.000000     0.000000    -0.000000    19.680000    -0.000000     0.000000     0.000000     0.000000     0.000000    -0.000000     0.000000     0.000000    -0.000000    -0.000000    -0.000000    -0.000000
    0.000000    -0.000000     0.000000    -0.000000     1.000000    -0.000000    -0.000000   -19.680000    -0.000000     0.000000    -0.000000   206.700000     0.000000     0.000000     0.000000     0.000000
   -0.000000     1.000000    -0.000000  -206.700000     0.000000     0.000000     0.000000     0.000000     0.000000    -0.000000     0.000000     0.000000    -0.000000    -0.000000    -0.000000    -0.000000
   -0.000000    -0.000000     0.000000    -0.000000     0.000000    -0.000000     1.000000    -0.000000    -0.000000     0.000000    -0.000000     0.000000     0.000000     0.000000     0.000000     0.000000

    0.000146     0.070830   -13.890000    -9.810000    -0.000000     0.000000     0.000000     0.000000     0.000000    -0.000000     0.000000     0.000000    -0.000546     0.025010    -0.000000     0.009990
   -0.051740    -0.614400   198.900000    -0.000000    -0.000000     0.000000    -0.000000    -0.000000     0.000000    -0.000000     0.000000     0.000000     0.014050    -0.641400    -0.000000    -0.207400
    0.003070    -0.046480    -1.328000     0.000000    -0.002714    -0.128800     0.044570     0.000000    -0.000000     0.000000    -0.000000     0.000000    -0.001065    -0.030320     0.006207    -0.128200
   -0.000000    -0.000000     1.000000     0.000000     0.000000    -0.000000    -0.000000    -0.000000    -0.000000     0.000000    -0.000000     0.000000     0.000000     0.000000     0.000000     0.000000
    0.000000    -0.000000    -0.000000    -0.000000    -0.065470    13.580000  -201.300000     9.810000    -0.000000     0.000000    -0.000000    -0.000000     0.000000    -0.000000     0.007669    -0.000000
    0.000330    -0.004993    -0.142700    -0.000000    -1.159000   -56.850000    17.890000    -0.000000     0.000000    -0.000000     0.000000    -0.000000    -0.000114    -0.003257     2.730000    -0.013770
   -0.000009     0.000143     0.004075    -0.000000     0.006210    -0.732400    -0.751400    -0.000000     0.000000    -0.000000     0.000000    -0.000000     0.000003     0.000093     0.030370     0.000393
   -0.000000    -0.000000     0.000000     0.000000     0.000000     1.000000     0.000000     0.000000    -0.000000     0.000000    -0.000000     0.000000     0.000000     0.000000     0.000000     0.000000
    1.000000     0.000000    -0.000000    13.680000    -0.000000     0.000000     0.000000     0.000000     0.000000    -0.000000     0.000000     0.000000    -0.000000    -0.000000    -0.000000    -0.000000
    0.000000    -0.000000     0.000000    -0.000000     1.000000    -0.000000    -0.000000   -13.680000    -0.000000     0.000000    -0.000000   207.200000     0.000000     0.000000     0.000000     0.000000
   -0.000000     1.000000    -0.000000  -207.200000     0.000000     0.000000     0.000000     0.000000     0.000000    -0.000000     0.000000     0.000000    -0.000000    -0.000000    -0.000000    -0.000000
   -0.000000    -0.000000     0.000000     0.000000     0.000000    -0.000000     1.000000     0.000000    -0.000000     0.000000    -0.000000     0.000000     0.000000     0.000000     0.000000     0.000000

   -0.000176     0.157000   -15.320000    -9.810000     0.000000     0.000000    -0.000000     0.000000     0.000000    -0.000000     0.000000     0.000000    -0.000762     0.032490     0.000000     0.011700
   -0.088460    -0.630300    93.640000    -0.000000     0.000000     0.000000     0.000000    -0.000000     0.000000    -0.000000     0.000000     0.000000     0.007280    -0.316200    -0.000000    -0.109200
    0.005077    -0.035280    -0.998900     0.000000    -0.001468    -0.058130     0.026320     0.000000    -0.000000     0.000000    -0.000000     0.000000    -0.000335    -0.010140     0.001382    -0.047100
   -0.000000    -0.000000     1.000000    -0.000000     0.000000    -0.000000    -0.000000    -0.000000    -0.000000     0.000000    -0.000000    -0.000000     0.000000     0.000000     0.000000     0.000000
    0.000000    -0.000000     0.000000    -0.000000    -0.071380    14.970000   -95.990000     9.810000    -0.000000     0.000000    -0.000000    -0.000000    -0.000000     0.000000     0.002280    -0.000000
    0.000343    -0.002384    -0.067480    -0.000000    -0.930900   -38.170000    15.750000    -0.000000     0.000000    -0.000000     0.000000    -0.000000    -0.000023    -0.000685     0.900900    -0.003182
   -0.000011     0.000075     0.002137    -0.000000     0.001894    -0.661000    -0.564800    -0.000000     0.000000    -0.000000     0.000000    -0.000000     0.000001     0.000022     0.011870     0.000101
   -0.000000    -0.000000     0.000000     0.000000     0.000000     1.000000     0.000000    -0.000000    -0.000000     0.000000    -0.000000    -0.000000     0.000000     0.000000     0.000000     0.000000
    1.000000     0.000000    -0.000000    14.790000    -0.000000     0.000000     0.000000     0.000000     0.000000    -0.000000     0.000000     0.000000    -0.000000    -0.000000    -0.000000    -0.000000
    0.000000    -0.000000     0.000000    -0.000000     1.000000    -0.000000    -0.000000   -14.790000    -0.000000     0.000000    -0.000000   102.800000     0.000000     0.000000     0.000000     0.000000
   -0.000000     1.000000    -0.000000  -102.800000     0.000000     0.000000     0.000000     0.000000     0.000000    -0.000000     0.000000     0.000000    -0.000000    -0.000000    -0.000000    -0.000000
   -0.000000    -0.000000     0.000000     0.000000     0.000000    -0.000000     1.000000    -0.000000    -0.000000     0.000000    -0.000000    -0.000000     0.000000     0.000000     0.000000     0.000000

   -0.002585     0.254600   -20.390000    -9.810000     0.000000    -0.000000     0.000000     0.000000     0.000000    -0.000000     0.000000     0.000000    -0.000872     0.035410    -0.000000     0.012660
   -0.123000    -0.495900    57.710000    -0.000000     0.000000    -0.000000    -0.000000    -0.000000     0.000000    -0.000000     0.000000     0.000000     0.003675    -0.153000     0.000000    -0.056540
    0.007729    -0.025950    -0.704000     0.000000    -0.001025    -0.031110     0.020190     0.000000    -0.000000     0.000000    -0.000000     0.000000    -0.000128    -0.004189     0.000468    -0.020920
   -0.000000    -0.000000     1.000000     0.000000     0.000000    -0.000000    -0.000000     0.000000    -0.000000     0.000000    -0.000000     0.000000     0.000000     0.000000     0.000000     0.000000
   -0.000000    -0.000000     0.000000    -0.000000    -0.055880    20.030000   -59.370000     9.810000    -0.000000     0.000000    -0.000000    -0.000000     0.000000    -0.000000    -0.000502    -0.000000
    0.000426    -0.001429    -0.038770    -0.000000    -0.786600   -24.820000    14.760000    -0.000000     0.000000    -0.000000     0.000000    -0.000000    -0.000007    -0.000231     0.367100    -0.001152
   -0.000014     0.000047     0.001270    -0.000000    -0.003260    -0.634100    -0.354000    -0.000000     0.000000    -0.000000     0.000000    -0.000000     0.000000     0.000008     0.006052     0.000038
   -0.000000    -0.000000     0.000000     0.000000     0.000000     1.000000     0.000000     0.000000    -0.000000     0.000000    -0.000000     0.000000     0.000000     0.000000     0.000000     0.000000
    1.000000     0.000000    -0.000000    19.430000    -0.000000     0.000000     0.000000     0.000000     0.000000    -0.000000     0.000000     0.000000    -0.000000    -0.000000    -0.000000    -0.000000
    0.000000    -0.000000     0.000000    -0.000000     1.000000    -0.000000    -0.000000   -19.430000    -0.000000     0.000000    -0.000000    65.230000     0.000000     0.000000     0.000000     0.000000
   -0.000000     1.000000    -0.000000   -65.230000     0.000000     0.000000     0.000000     0.000000     0.000000    -0.000000     0.000000     0.000000    -0.000000    -0.000000    -0.000000    -0.000000
   -0.000000    -0.000000     0.000000     0.000000     0.000000    -0.000000     1.000000     0.000000    -0.000000     0.000000    -0.000000     0.000000     0.000000     0.000000     0.000000     0.000000
