u  w  q  the  v  p  r  phi  x  y  z  psi  |  slat  flap  aileron  elevator
   -0.028760     0.304700   -32.560000    -9.810000    -0.000000     0.000000     0.000000     0.000000     0.000000    -0.000000     0.000000     0.000000    -0.001032     0.040530    -0.000000     0.022820
   -0.095360    -0.348200    53.580000    -0.000000     0.000000    -0.000000    -0.000000    -0.000000     0.000000    -0.000000     0.000000     0.000000     0.002409    -0.097540     0.000000    -0.038610
    0.028020    -0.052210    -0.995900     0.000000    -0.001611    -0.039520     0.037960     0.000000    -0.000000     0.000000    -0.000000     0.000000     0.000096    -0.011570     0.000539    -0.021590
   -0.000000    -0.000000     1.000000    -0.000000     0.000000    -0.000000    -0.000000    -0.000000    -0.000000     0.000000    -0.000000    -0.000000     0.000000     0.000000     0.000000     0.000000
    0.000000    -0.000000     0.000000    -0.000000    -0.034310    33.100000   -55.610000     9.810000    -0.000000     0.000000    -0.000000    -0.000000     0.000000    -0.000000    -0.001768    -0.000000
    0.002286    -0.004259    -0.081250    -0.000000    -0.844200   -21.280000    19.510000    -0.000000     0.000000    -0.000000     0.000000    -0.000000     0.000008    -0.000944     0.286000    -0.001761
   -0.000019     0.000036     0.000690    -0.000000    -0.004867    -0.847200    -0.373700    -0.000000     0.000000    -0.000000     0.000000    -0.000000    -0.000000     0.000008     0.005905     0.000015
   -0.000000    -0.000000     0.000000     0.000000     0.000000     1.000000     0.000000    -0.000000    -0.000000     0.000000    -0.000000    -0.000000     0.000000     0.000000     0.000000     0.000000
    1.000000     0.000000    -0.000000    32.190000    -0.000000     0.000000     0.000000     0.000000     0.000000    -0.000000     0.000000     0.000000    -0.000000    -0.000000    -0.000000    -0.000000
    0.000000    -0.000000     0.000000    -0.000000     1.000000    -0.000000    -0.000000   -32.190000    -0.000000     0.000000    -0.000000    59.970000     0.000000     0.000000     0.000000     0.000000
   -0.000000     1.000000    -0.000000   -59.970000     0.000000     0.000000     0.000000     0.000000     0.000000    -0.000000     0.000000     0.000000    -0.000000    -0.000000    -0.000000    -0.000000
   -0.000000    -0.000000     0.000000     0.000000     0.000000    -0.000000     1.000000    -0.000000    -0.000000     0.000000    -0.000000    -0.000000     0.000000     0.000000     0.000000     0.000000

   -0.008157     0.187800   -24.890000    -9.810000    -0.000000    -0.000000    -0.000000     0.000000     0.000000    -0.000000     0.000000     0.000000    -0.000978     0.041050     0.000000     0.024560
   -0.067930    -0.469500    92.590000    -0.000000     0.000000     0.000000     0.000000    -0.000000     0.000000    -0.000000     0.000000     0.000000     0.005358    -0.230100    -0.000000    -0.082130
    0.019080    -0.077830    -1.446000     0.000000    -0.002174    -0.077200     0.046540     0.000000    -0.000000     0.000000    -0.000000     0.000000     0.000214    -0.031490     0.001791    -0.052260
   -0.000000    -0.000000     1.000000     0.000000     0.000000    -0.000000    -0.000000     0.000000    -0.000000     0.000000    -0.000000     0.000000     0.000000     0.000000     0.000000     0.000000
   -0.000000    -0.000000    -0.000000    -0.000000    -0.049900    25.130000   -95.570000     9.810000    -0.000000     0.000000    -0.000000    -0.000000    -0.000000    -0.000000     0.000315    -0.000000
    0.001884    -0.007685    -0.142800    -0.000000    -0.956200   -34.650000    20.030000    -0.000000     0.000000    -0.000000     0.000000    -0.000000     0.000021    -0.003109     0.798700    -0.005161
   -0.000016     0.000063     0.001178    -0.000000     0.003216    -0.771100    -0.632800    -0.000000     0.000000    -0.000000     0.000000    -0.000000    -0.000000     0.000026     0.011160     0.000043
   -0.000000    -0.000000     0.000000     0.000000     0.000000     1.000000     0.000000     0.000000    -0.000000     0.000000    -0.000000     0.000000     0.000000     0.000000     0.000000     0.000000
    1.000000     0.000000    -0.000000    24.720000    -0.000000     0.000000     0.000000     0.000000     0.000000    -0.000000     0.000000     0.000000    -0.000000    -0.000000    -0.000000    -0.000000
    0.000000    -0.000000     0.000000    -0.000000     1.000000    -0.000000    -0.000000   -24.720000    -0.000000     0.000000    -0.000000   100.900000     0.000000     0.000000     0.000000     0.000000
   -0.000000     1.000000    -0.000000  -100.900000     0.000000     0.000000     0.000000     0.000000     0.000000    -0.000000     0.000000     0.000000    -0.000000    -0.000000    -0.000000    -0.000000
   -0.000000    -0.000000     0.000000     0.000000     0.000000    -0.000000     1.000000    -0.000000    -0.000000     0.000000    -0.000000     0.000000     0.000000     0.000000     0.000000     0.000000

   -0.001828     0.087170   -24.060000    -9.810000     0.000000    -0.000000     0.000000     0.000000     0.000000    -0.000000     0.000000     0.000000    -0.000789     0.035590    -0.000000     0.024750
   -0.039430    -0.460600   198.600000    -0.000000    -0.000000     0.000000     0.000000    -0.000000     0.000000    -0.000000     0.000000     0.000000     0.010520    -0.477600    -0.000000    -0.157300
    0.012080    -0.103700    -1.873000     0.000000    -0.003615    -0.161100     0.071140     0.000000    -0.000000     0.000000    -0.000000     0.000000     0.000458    -0.091530     0.007707    -0.138600
   -0.000000    -0.000000     1.000000    -0.000000     0.000000    -0.000000    -0.000000    -0.000000    -0.000000     0.000000    -0.000000    -0.000000     0.000000     0.000000     0.000000     0.000000
    0.000000     0.000000    -0.000000    -0.000000    -0.047410    24.080000  -201.600000     9.810000    -0.000000     0.000000    -0.000000    -0.000000    -0.000000    -0.000000     0.004495     0.000000
    0.001820    -0.015620    -0.282200    -0.000000    -1.109000   -50.340000    21.330000    -0.000000     0.000000    -0.000000     0.000000    -0.000000     0.000069    -0.013790     2.401000    -0.020880
   -0.000014     0.000119     0.002148    -0.000000     0.010230    -0.707900    -0.841400    -0.000000     0.000000    -0.000000     0.000000    -0.000000    -0.000001     0.000105     0.025060     0.000159
   -0.000000    -0.000000     0.000000     0.000000     0.000000     1.000000     0.000000    -0.000000    -0.000000     0.000000    -0.000000    -0.000000     0.000000     0.000000     0.000000     0.000000
    1.000000     0.000000    -0.000000    24.030000    -0.000000     0.000000     0.000000     0.000000     0.000000    -0.000000     0.000000     0.000000    -0.000000    -0.000000    -0.000000    -0.000000
    0.000000    -0.000000     0.000000    -0.000000     1.000000    -0.000000    -0.000000   -24.030000    -0.000000     0.000000    -0.000000   206.200000     0.000000     0.000000     0.000000     0.000000
   -0.000000     1.000000    -0.000000  -206.200000     0.000000     0.000000     0.000000     0.000000     0.000000    -0.000000     0.000000     0.000000    -0.000000    -0.000000    -0.000000    -0.000000
   -0.000000    -0.000000     0.000000     0.000000     0.000000    -0.000000     1.000000    -0.000000    -0.000000     0.000000    -0.000000    -0.000000     0.000000     0.000000     0.000000     0.000000

   -0.001195     0.084090   -16.970000    -9.810000     0.000000    -0.000000    -0.000000     0.000000     0.000000    -0.000000     0.000000     0.000000    -0.000714     0.032440    -0.000000     0.024150
   -0.042250    -0.612600   196.800000    -0.000000    -0.000000     0.000000     0.000000    -0.000000     0.000000    -0.000000     0.000000     0.000000     0.014020    -0.639400    -0.000000    -0.208400
    0.008452    -0.103200    -1.861000     0.000000    -0.003387    -0.162100     0.064440     0.000000    -0.000000     0.000000    -0.000000     0.000000     0.000460    -0.092130     0.007787    -0.137600
   -0.000000    -0.000000     1.000000    -0.000000     0.000000    -0.000000    -0.000000    -0.000000    -0.000000     0.000000    -0.000000    -0.000000     0.000000     0.000000     0.000000     0.000000
    0.000000    -0.000000    -0.000000    -0.000000    -0.064210    16.890000  -200.800000     9.810000    -0.000000     0.000000    -0.000000    -0.000000     0.000000    -0.000000     0.007201    -0.000000
    0.001273    -0.015550    -0.280400    -0.000000    -1.037000   -50.560000    19.240000    -0.000000     0.000000    -0.000000     0.000000    -0.000000     0.000069    -0.013880     2.425000    -0.020740
   -0.000010     0.000118     0.002134    -0.000000     0.012340    -0.618800    -0.863600    -0.000000     0.000000    -0.000000     0.000000    -0.000000    -0.000001     0.000106     0.023950     0.000158
   -0.000000    -0.000000     0.000000     0.000000     0.000000     1.000000     0.000000    -0.000000    -0.000000     0.000000    -0.000000    -0.000000     0.000000     0.000000     0.000000     0.000000
    1.000000     0.000000    -0.000000    16.940000    -0.000000     0.000000     0.000000     0.000000     0.000000    -0.000000     0.000000     0.000000    -0.000000    -0.000000    -0.000000    -0.000000
    0.000000    -0.000000     0.000000    -0.000000     1.000000    -0.000000    -0.000000   -16.940000    -0.000000     0.000000    -0.000000   206.900000     0.000000     0.000000     0.000000     0.000000
   -0.000000     1.000000    -0.000000  -206.900000     0.000000     0.000000     0.000000     0.000000     0.000000    -0.000000     0.000000     0.000000    -0.000000    -0.000000    -0.000000    -0.000000
   -0.000000    -0.000000     0.000000     0.000000     0.000000    -0.000000     1.000000    -0.000000    -0.000000     0.000000    -0.000000    -0.000000     0.000000     0.000000     0.000000     0.000000

   -0.005534     0.183800   -18.070000    -9.810000     0.000000    -0.000000     0.000000     0.000000     0.000000    -0.000000     0.000000     0.000000    -0.000942     0.039940     0.000000     0.024500
   -0.070100    -0.625500    91.250000    -0.000000     0.000000     0.000000     0.000000    -0.000000     0.000000    -0.000000     0.000000     0.000000     0.007217    -0.312700    -0.000000    -0.109500
    0.013610    -0.077740    -1.439000     0.000000    -0.001979    -0.078700     0.040660     0.000000    -0.000000     0.000000    -0.000000     0.000000     0.000218    -0.032360     0.001856    -0.052440
   -0.000000    -0.000000     1.000000    -0.000000     0.000000    -0.000000    -0.000000    -0.000000    -0.000000     0.000000    -0.000000    -0.000000     0.000000     0.000000     0.000000     0.000000
    0.000000    -0.000000     0.000000    -0.000000    -0.068900    18.190000   -95.300000     9.810000    -0.000000     0.000000    -0.000000    -0.000000    -0.000000    -0.000000     0.001749    -0.000000
    0.001344    -0.007677    -0.142100    -0.000000    -0.867800   -35.210000    17.410000    -0.000000     0.000000    -0.000000     0.000000    -0.000000     0.000021    -0.003196     0.826600    -0.005178
   -0.000011     0.000063     0.001172    -0.000000     0.006301    -0.643500    -0.667900    -0.000000     0.000000    -0.000000     0.000000    -0.000000    -0.000000     0.000026     0.010440     0.000043
   -0.000000    -0.000000     0.000000     0.000000     0.000000     1.000000     0.000000    -0.000000    -0.000000     0.000000    -0.000000    -0.000000     0.000000     0.000000     0.000000     0.000000
    1.000000     0.000000    -0.000000    17.910000    -0.000000     0.000000     0.000000     0.000000     0.000000    -0.000000     0.000000     0.000000    -0.000000    -0.000000    -0.000000    -0.000000
    0.000000    -0.000000     0.000000    -0.000000     1.000000    -0.000000    -0.000000   -17.910000    -0.000000     0.000000    -0.000000   102.300000     0.000000     0.000000     0.000000     0.000000
   -0.000000     1.000000    -0.000000  -102.300000     0.000000     0.000000     0.000000     0.000000     0.000000    -0.000000     0.000000     0.000000    -0.000000    -0.000000    -0.000000    -0.000000
   -0.000000    -0.000000     0.000000     0.000000     0.000000    -0.000000     1.000000    -0.000000    -0.000000     0.000000    -0.000000    -0.000000     0.000000     0.000000     0.000000     0.000000

   -0.018920     0.297000   -23.720000    -9.810000    -0.000000     0.000000     0.000000     0.000000     0.000000    -0.000000     0.000000     0.000000    -0.001047     0.042100    -0.000000     0.023880
   -0.095880    -0.483600    55.040000    -0.000000     0.000000     0.000000     0.000000    -0.000000     0.000000    -0.000000     0.000000     0.000000     0.003540    -0.146600     0.000000    -0.055490
    0.019600    -0.053670    -1.016000     0.000000    -0.001422    -0.042720     0.031920     0.000000    -0.000000     0.000000    -0.000000     0.000000     0.000106    -0.013120     0.000624    -0.023260
   -0.000000    -0.000000     1.000000     0.000000     0.000000    -0.000000    -0.000000     0.000000    -0.000000     0.000000    -0.000000     0.000000     0.000000     0.000000     0.000000     0.000000
   -0.000000     0.000000    -0.000000    -0.000000    -0.051880    24.120000   -57.990000     9.810000    -0.000000     0.000000    -0.000000    -0.000000     0.000000    -0.000000    -0.001047    -0.000000
    0.001599    -0.004379    -0.082850    -0.000000    -0.742300   -22.810000    16.310000    -0.000000     0.000000    -0.000000     0.000000    -0.000000     0.000009    -0.001071     0.330100    -0.001897
   -0.000014     0.000037     0.000703    -0.000000    -0.000658    -0.677300    -0.428300    -0.000000     0.000000    -0.000000     0.000000    -0.000000    -0.000000     0.000009     0.005639     0.000016
   -0.000000    -0.000000     0.000000    -0.000000     0.000000     1.000000     0.000000     0.000000    -0.000000     0.000000    -0.000000     0.000000     0.000000     0.000000     0.000000     0.000000
    1.000000     0.000000    -0.000000    23.350000    -0.000000     0.000000     0.000000     0.000000     0.000000    -0.000000     0.000000     0.000000    -0.000000    -0.000000    -0.000000    -0.000000
    0.000000    -0.000000     0.000000    -0.000000     1.000000    -0.000000    -0.000000   -23.350000    -0.000000     0.000000    -0.000000    63.930000     0.000000     0.000000     0.000000     0.000000
   -0.000000     1.000000    -0.000000   -63.930000     0.000000     0.000000     0.000000     0.000000     0.000000    -0.000000     0.000000     0.000000    -0.000000    -0.000000    -0.000000    -0.000000
   -0.000000    -0.000000     0.000000    -0.000000     0.000000    -0.000000     1.000000    -0.000000    -0.000000     0.000000    -0.000000     0.000000     0.000000     0.000000     0.000000     0.000000
