u  w  q  the  v  p  r  phi  x  y  z  psi  |  slat  flap  aileron  elevator
   -0.002359     0.252700   -26.880000    -9.810000     0.000000    -0.000000     0.000000     0.000000     0.000000    -0.000000     0.000000     0.000000    -0.000848     0.033890    -0.000000     0.010670
   -0.127800    -0.368300    57.670000    -0.000000     0.000000    -0.000000     0.000000    -0.000000     0.000000    -0.000000     0.000000     0.000000     0.002640    -0.108200     0.000000    -0.041020
    0.007930    -0.019350    -0.593300     0.000000    -0.001563    -0.040940     0.030610     0.000000    -0.000000     0.000000    -0.000000     0.000000    -0.000147    -0.001991     0.000586    -0.017680
   -0.000000    -0.000000     1.000000    -0.000000     0.000000    -0.000000    -0.000000    -0.000000    -0.000000     0.000000    -0.000000    -0.000000     0.000000     0.000000     0.000000     0.000000
   -0.000000    -0.000000     0.000000    -0.000000    -0.039620    26.500000   -58.610000     9.810000    -0.000000     0.000000    -0.000000    -0.000000     0.000000    -0.000000    -0.001165    -0.000000
    0.000647    -0.001579    -0.048410    -0.000000    -0.842900   -22.470000    16.200000    -0.000000     0.000000    -0.000000     0.000000    -0.000000    -0.000012    -0.000162     0.318500    -0.001442
   -0.000005     0.000013     0.000399    -0.000000    -0.006081    -0.660900    -0.273700    -0.000000     0.000000    -0.000000     0.000000    -0.000000     0.000000     0.000001     0.005520     0.000012
   -0.000000    -0.000000     0.000000     0.000000     0.000000     1.000000     0.000000    -0.000000    -0.000000     0.000000    -0.000000    -0.000000     0.000000     0.000000     0.000000     0.000000
    1.000000     0.000000    -0.000000    25.800000    -0.000000     0.000000     0.000000     0.000000     0.000000    -0.000000     0.000000     0.000000    -0.000000    -0.000000    -0.000000    -0.000000
    0.000000    -0.000000     0.000000    -0.000000     1.000000    -0.000000    -0.000000   -25.800000    -0.000000     0.000000    -0.000000    62.980000     0.000000     0.000000     0.000000     0.000000
   -0.000000     1.000000    -0.000000   -62.980000     0.000000     0.000000     0.000000     0.000000     0.000000    -0.000000     0.000000     0.000000    -0.000000    -0.000000    -0.000000    -0.000000
   -0.000000    -0.000000     0.000000     0.000000     0.000000    -0.000000     1.000000    -0.000000    -0.000000     0.000000    -0.000000    -0.000000     0.000000     0.000000     0.000000     0.000000

    0.000036     0.155700   -20.350000    -9.810000    -0.000000    -0.000000     0.000000     0.000000     0.000000    -0.000000     0.000000     0.000000    -0.000768     0.032510     0.000000     0.009747
   -0.089880    -0.476700    95.350000    -0.000000     0.000000     0.000000    -0.000000    -0.000000     0.000000    -0.000000     0.000000     0.000000     0.005466    -0.235600    -0.000000    -0.082350
    0.004755    -0.024550    -0.838700     0.000000    -0.002088    -0.075960     0.036750     0.000000    -0.000000     0.000000    -0.000000     0.000000    -0.000389    -0.004913     0.001780    -0.040670
   -0.000000    -0.000000     1.000000    -0.000000     0.000000    -0.000000    -0.000000    -0.000000    -0.000000     0.000000    -0.000000    -0.000000     0.000000     0.000000     0.000000     0.000000
    0.000000    -0.000000    -0.000000    -0.000000    -0.052990    20.020000   -96.810000     9.810000    -0.000000     0.000000    -0.000000    -0.000000     0.000000    -0.000000     0.000953    -0.000000
    0.000470    -0.002424    -0.082830    -0.000000    -0.951300   -35.100000    16.370000    -0.000000     0.000000    -0.000000     0.000000    -0.000000    -0.000038    -0.000485     0.819000    -0.004017
   -0.000004     0.000019     0.000661    -0.000000    -0.000650    -0.641000    -0.468200    -0.000000     0.000000    -0.000000     0.000000    -0.000000     0.000000     0.000004     0.010470     0.000032
   -0.000000    -0.000000     0.000000     0.000000     0.000000     1.000000     0.000000    -0.000000    -0.000000     0.000000    -0.000000    -0.000000     0.000000     0.000000     0.000000     0.000000
    1.000000     0.000000    -0.000000    19.750000    -0.000000     0.000000     0.000000     0.000000     0.000000    -0.000000     0.000000     0.000000    -0.000000    -0.000000    -0.000000    -0.000000
    0.000000    -0.000000     0.000000    -0.000000     1.000000    -0.000000    -0.000000   -19.750000    -0.000000     0.000000    -0.000000   102.000000     0.000000     0.000000     0.000000     0.000000
   -0.000000     1.000000    -0.000000  -102.000000     0.000000     0.000000     0.000000     0.000000     0.000000    -0.000000     0.000000     0.000000    -0.000000    -0.000000    -0.000000    -0.000000
   -0.000000    -0.000000     0.000000     0.000000     0.000000    -0.000000     1.000000    -0.000000    -0.000000     0.000000    -0.000000    -0.000000     0.000000     0.000000     0.000000     0.000000

    0.000235     0.071400   -19.100000    -9.810000     0.000000     0.000000     0.000000     0.000000     0.000000    -0.000000     0.000000     0.000000    -0.000590     0.026870    -0.000000     0.008119
   -0.050720    -0.463000   200.800000    -0.000000    -0.000000     0.000000     0.000000    -0.000000     0.000000    -0.000000     0.000000     0.000000     0.010570    -0.480700    -0.000000    -0.156400
    0.002704    -0.029640    -1.064000     0.000000    -0.003421    -0.154700     0.054530     0.000000    -0.000000     0.000000    -0.000000     0.000000    -0.001160    -0.014440     0.007415    -0.106300
   -0.000000    -0.000000     1.000000     0.000000     0.000000    -0.000000    -0.000000     0.000000    -0.000000     0.000000    -0.000000     0.000000     0.000000     0.000000     0.000000     0.000000
    0.000000    -0.000000    -0.000000    -0.000000    -0.048930    18.850000  -202.300000     9.810000    -0.000000     0.000000    -0.000000    -0.000000     0.000000    -0.000000     0.005059    -0.000000
    0.000407    -0.004465    -0.160300    -0.000000    -1.103000   -50.520000    17.160000    -0.000000     0.000000    -0.000000     0.000000    -0.000000    -0.000175    -0.002176     2.417000    -0.016020
   -0.000003     0.000032     0.001164    -0.000000     0.003894    -0.624800    -0.614300    -0.000000     0.000000    -0.000000     0.000000    -0.000000     0.000001     0.000016     0.024040     0.000116
   -0.000000    -0.000000     0.000000    -0.000000     0.000000     1.000000     0.000000     0.000000    -0.000000     0.000000    -0.000000     0.000000     0.000000     0.000000     0.000000     0.000000
    1.000000     0.000000    -0.000000    18.860000    -0.000000     0.000000     0.000000     0.000000     0.000000    -0.000000     0.000000     0.000000    -0.000000    -0.000000    -0.000000    -0.000000
    0.000000    -0.000000     0.000000    -0.000000     1.000000    -0.000000    -0.000000   -18.860000    -0.000000     0.000000    -0.000000   206.800000     0.000000     0.000000     0.000000     0.000000
   -0.000000     1.000000    -0.000000  -206.800000     0.000000     0.000000     0.000000     0.000000     0.000000    -0.000000     0.000000     0.000000    -0.000000    -0.000000    -0.000000    -0.000000
   -0.000000    -0.000000     0.000000     0.000000     0.000000    -0.000000     1.000000     0.000000    -0.000000     0.000000    -0.000000     0.000000     0.000000     0.000000     0.000000     0.000000

    0.000252     0.068360   -13.300000    -9.810000     0.000000     0.000000     0.000000     0.000000     0.000000    -0.000000     0.000000     0.000000    -0.000515     0.023620    -0.000000     0.007325
   -0.053530    -0.614700   199.200000    -0.000000    -0.000000    -0.000000    -0.000000    -0.000000     0.000000    -0.000000     0.000000     0.000000     0.014060    -0.641700    -0.000000    -0.207200
    0.001821    -0.028850    -1.059000     0.000000    -0.003208    -0.155300     0.049130     0.000000    -0.000000     0.000000    -0.000000     0.000000    -0.001165    -0.014400     0.007469    -0.105800
   -0.000000    -0.000000     1.000000    -0.000000     0.000000    -0.000000    -0.000000    -0.000000    -0.000000     0.000000    -0.000000    -0.000000     0.000000     0.000000     0.000000     0.000000
    0.000000    -0.000000    -0.000000    -0.000000    -0.065710    12.970000  -201.400000     9.810000    -0.000000     0.000000    -0.000000    -0.000000    -0.000000    -0.000000     0.007755    -0.000000
    0.000274    -0.004347    -0.159500    -0.000000    -1.034000   -50.670000    15.400000    -0.000000     0.000000    -0.000000     0.000000    -0.000000    -0.000176    -0.002169     2.434000    -0.015950
   -0.000002     0.000032     0.001158    -0.000000     0.005408    -0.564200    -0.629900    -0.000000     0.000000    -0.000000     0.000000    -0.000000     0.000001     0.000016     0.023240     0.000116
   -0.000000    -0.000000     0.000000     0.000000     0.000000     1.000000     0.000000    -0.000000    -0.000000     0.000000    -0.000000    -0.000000     0.000000     0.000000     0.000000     0.000000
    1.000000     0.000000    -0.000000    13.080000    -0.000000     0.000000     0.000000     0.000000     0.000000    -0.000000     0.000000     0.000000    -0.000000    -0.000000    -0.000000    -0.000000
    0.000000    -0.000000     0.000000    -0.000000     1.000000    -0.000000    -0.000000   -13.080000    -0.000000     0.000000    -0.000000   207.200000     0.000000     0.000000     0.000000     0.000000
   -0.000000     1.000000    -0.000000  -207.200000     0.000000     0.000000     0.000000     0.000000     0.000000    -0.000000     0.000000     0.000000    -0.000000    -0.000000    -0.000000    -0.000000
   -0.000000    -0.000000     0.000000     0.000000     0.000000    -0.000000     1.000000    -0.000000    -0.000000     0.000000    -0.000000    -0.000000     0.000000     0.000000     0.000000     0.000000

    0.000334     0.152000   -14.790000    -9.810000    -0.000000    -0.000000     0.000000     0.000000     0.000000    -0.000000     0.000000     0.000000    -0.000728     0.031090    -0.000000     0.009265
   -0.091940    -0.631200    94.080000    -0.000000     0.000000     0.000000    -0.000000    -0.000000     0.000000    -0.000000     0.000000     0.000000     0.007290    -0.316700    -0.000000    -0.109200
    0.003248    -0.023510    -0.834700     0.000000    -0.001901    -0.076920     0.031920     0.000000    -0.000000     0.000000    -0.000000     0.000000    -0.000397    -0.004922     0.001823    -0.040730
   -0.000000    -0.000000     1.000000     0.000000     0.000000    -0.000000    -0.000000     0.000000    -0.000000     0.000000    -0.000000     0.000000     0.000000     0.000000     0.000000     0.000000
   -0.000000    -0.000000    -0.000000    -0.000000    -0.071860    14.370000   -96.110000     9.810000    -0.000000     0.000000    -0.000000    -0.000000     0.000000    -0.000000     0.002378    -0.000000
    0.000321    -0.002322    -0.082430    -0.000000    -0.864400   -35.470000    14.150000    -0.000000     0.000000    -0.000000     0.000000    -0.000000    -0.000039    -0.000486     0.838100    -0.004022
   -0.000003     0.000019     0.000658    -0.000000     0.001638    -0.553500    -0.494400    -0.000000     0.000000    -0.000000     0.000000    -0.000000     0.000000     0.000004     0.009935     0.000032
   -0.000000    -0.000000     0.000000     0.000000     0.000000     1.000000     0.000000     0.000000    -0.000000     0.000000    -0.000000     0.000000     0.000000     0.000000     0.000000     0.000000
    1.000000     0.000000    -0.000000    14.210000    -0.000000     0.000000     0.000000     0.000000     0.000000    -0.000000     0.000000     0.000000    -0.000000    -0.000000    -0.000000    -0.000000
    0.000000    -0.000000     0.000000    -0.000000     1.000000    -0.000000    -0.000000   -14.210000    -0.000000     0.000000    -0.000000   102.900000     0.000000     0.000000     0.000000     0.000000
   -0.000000     1.000000    -0.000000  -102.900000     0.000000     0.000000     0.000000     0.000000     0.000000    -0.000000     0.000000     0.000000    -0.000000    -0.000000    -0.000000    -0.000000
   -0.000000    -0.000000     0.000000     0.000000     0.000000    -0.000000     1.000000    -0.000000    -0.000000     0.000000    -0.000000     0.000000     0.000000     0.000000     0.000000     0.000000

   -0.000877     0.246900   -19.750000    -9.810000    -0.000000    -0.000000     0.000000     0.000000     0.000000    -0.000000     0.000000     0.000000    -0.000839     0.034120    -0.000000     0.010480
   -0.128200    -0.498000    58.190000    -0.000000     0.000000    -0.000000    -0.000000    -0.000000     0.000000    -0.000000     0.000000     0.000000     0.003696    -0.154100     0.000000    -0.056680
    0.005215    -0.018240    -0.598100     0.000000    -0.001377    -0.042910     0.025580     0.000000    -0.000000     0.000000    -0.000000     0.000000    -0.000160    -0.002073     0.000641    -0.018430
   -0.000000    -0.000000     1.000000     0.000000     0.000000    -0.000000    -0.000000     0.000000    -0.000000     0.000000    -0.000000     0.000000     0.000000     0.000000     0.000000     0.000000
   -0.000000    -0.000000     0.000000    -0.000000    -0.056680    19.280000   -59.600000     9.810000    -0.000000     0.000000    -0.000000    -0.000000     0.000000    -0.000000    -0.000401    -0.000000
    0.000425    -0.001488    -0.048800    -0.000000    -0.740200   -23.430000    13.470000    -0.000000     0.000000    -0.000000     0.000000    -0.000000    -0.000013    -0.000169     0.347800    -0.001504
   -0.000004     0.000012     0.000403    -0.000000    -0.002831    -0.544900    -0.317400    -0.000000     0.000000    -0.000000     0.000000    -0.000000     0.000000     0.000001     0.005240     0.000012
   -0.000000    -0.000000     0.000000    -0.000000     0.000000     1.000000     0.000000     0.000000    -0.000000     0.000000    -0.000000     0.000000     0.000000     0.000000     0.000000     0.000000
    1.000000     0.000000    -0.000000    18.710000    -0.000000     0.000000     0.000000     0.000000     0.000000    -0.000000     0.000000     0.000000    -0.000000    -0.000000    -0.000000    -0.000000
    0.000000    -0.000000     0.000000    -0.000000     1.000000    -0.000000    -0.000000   -18.710000    -0.000000     0.000000    -0.000000    65.440000     0.000000     0.000000     0.000000     0.000000
   -0.000000     1.000000    -0.000000   -65.440000     0.000000     0.000000     0.000000     0.000000     0.000000    -0.000000     0.000000     0.000000    -0.000000    -0.000000    -0.000000    -0.000000
   -0.000000    -0.000000     0.000000    -0.000000     0.000000    -0.000000     1.000000    -0.000000    -0.000000     0.000000    -0.000000     0.000000     0.000000     0.000000     0.000000     0.000000
