u  w  q  the  v  p  r  phi  x  y  z  psi  |  slat  flap  aileron  elevator
   -0.010220     0.273400   -29.200000    -9.810000    -0.000000     0.000000     0.000000     0.000000     0.000000    -0.000000     0.000000     0.000000    -0.000925     0.036740    -0.000000     0.015900
   -0.114200    -0.360700    56.090000    -0.000000     0.000000     0.000000    -0.000000    -0.000000     0.000000    -0.000000     0.000000     0.000000     0.002554    -0.104200     0.000000    -0.040180
    0.016970    -0.037010    -0.816000     0.000000    -0.002121    -0.065190     0.037030     0.000000    -0.000000     0.000000    -0.000000     0.000000    -0.000049    -0.006849     0.000832    -0.021680
   -0.000000    -0.000000     1.000000    -0.000000     0.000000    -0.000000    -0.000000    -0.000000    -0.000000     0.000000    -0.000000    -0.000000     0.000000     0.000000     0.000000     0.000000
   -0.000000    -0.000000     0.000000    -0.000000    -0.037350    29.150000   -57.490000     9.810000    -0.000000     0.000000    -0.000000    -0.000000     0.000000    -0.000000    -0.001415    -0.000000
    0.001708    -0.003724    -0.082120    -0.000000    -0.099650    -2.603000     2.073000    -0.000000     0.000000    -0.000000     0.000000    -0.000000    -0.000005    -0.000689     0.036200    -0.002182
    0.000281    -0.000614    -0.013530    -0.000000     0.001960    -0.494900    -0.438100    -0.000000     0.000000    -0.000000     0.000000    -0.000000    -0.000001    -0.000114     0.002687    -0.000360
   -0.000000    -0.000000     0.000000     0.000000     0.000000     1.000000     0.000000    -0.000000    -0.000000     0.000000    -0.000000    -0.000000     0.000000     0.000000     0.000000     0.000000
    1.000000     0.000000    -0.000000    28.370000    -0.000000     0.000000     0.000000     0.000000     0.000000    -0.000000     0.000000     0.000000    -0.000000    -0.000000    -0.000000    -0.000000
    0.000000    -0.000000     0.000000    -0.000000     1.000000    -0.000000    -0.000000   -28.370000    -0.000000     0.000000    -0.000000    61.860000     0.000000     0.000000     0.000000     0.000000
   -0.000000     1.000000    -0.000000   -61.860000     0.000000     0.000000     0.000000     0.000000     0.000000    -0.000000     0.000000     0.000000    -0.000000    -0.000000    -0.000000    -0.000000
   -0.000000    -0.000000     0.000000     0.000000     0.000000    -0.000000     1.000000    -0.000000    -0.000000     0.000000    -0.000000    -0.000000     0.000000     0.000000     0.000000     0.000000

   -0.002330     0.168800   -22.230000    -9.810000    -0.000000    -0.000000    -0.000000     0.000000     0.000000    -0.000000     0.000000     0.000000    -0.000854     0.036040     0.000000     0.015920
   -0.080760    -0.473900    94.240000    -0.000000    -0.000000     0.000000     0.000000    -0.000000     0.000000    -0.000000     0.000000     0.000000     0.005425    -0.233500    -0.000000    -0.082310
    0.011320    -0.052760    -1.186000     0.000000    -0.002289    -0.098290     0.032730     0.000000    -0.000000     0.000000    -0.000000     0.000000    -0.000164    -0.018010     0.002178    -0.051850
   -0.000000    -0.000000     1.000000     0.000000     0.000000    -0.000000    -0.000000     0.000000    -0.000000     0.000000    -0.000000     0.000000     0.000000     0.000000     0.000000     0.000000
   -0.000000    -0.000000     0.000000    -0.000000    -0.051670    22.110000   -96.330000     9.810000    -0.000000     0.000000    -0.000000    -0.000000    -0.000000    -0.000000     0.000692    -0.000000
    0.001162    -0.005419    -0.121800    -0.000000    -0.095140    -3.485000     1.783000    -0.000000     0.000000    -0.000000     0.000000    -0.000000    -0.000017    -0.001850     0.080960    -0.005325
    0.000216    -0.001005    -0.022590    -0.000000     0.008820    -0.345800    -0.638100    -0.000000     0.000000    -0.000000     0.000000    -0.000000    -0.000003    -0.000343     0.003139    -0.000988
   -0.000000    -0.000000     0.000000     0.000000     0.000000     1.000000     0.000000     0.000000    -0.000000     0.000000    -0.000000     0.000000     0.000000     0.000000     0.000000     0.000000
    1.000000     0.000000    -0.000000    21.780000    -0.000000     0.000000     0.000000     0.000000     0.000000    -0.000000     0.000000     0.000000    -0.000000    -0.000000    -0.000000    -0.000000
    0.000000    -0.000000     0.000000    -0.000000     1.000000    -0.000000    -0.000000   -21.780000    -0.000000     0.000000    -0.000000   101.500000     0.000000     0.000000     0.000000     0.000000
   -0.000000     1.000000    -0.000000  -101.500000     0.000000     0.000000     0.000000     0.000000     0.000000    -0.000000     0.000000     0.000000    -0.000000    -0.000000    -0.000000    -0.000000
   -0.000000    -0.000000     0.000000     0.000000     0.000000    -0.000000     1.000000    -0.000000    -0.000000     0.000000    -0.000000     0.000000     0.000000     0.000000     0.000000     0.000000

   -0.000320     0.077860   -21.150000    -9.810000    -0.000000    -0.000000     0.000000     0.000000     0.000000    -0.000000     0.000000     0.000000    -0.000672     0.030460    -0.000000     0.015000
   -0.046060    -0.462000   199.900000    -0.000000    -0.000000     0.000000    -0.000000    -0.000000     0.000000    -0.000000     0.000000     0.000000     0.010550    -0.479500    -0.000000    -0.156800
    0.007314    -0.071990    -1.610000     0.000000    -0.002477    -0.140700     0.025150     0.000000    -0.000000     0.000000    -0.000000     0.000000    -0.000623    -0.055060     0.006521    -0.144800
   -0.000000    -0.000000     1.000000     0.000000     0.000000    -0.000000    -0.000000     0.000000    -0.000000     0.000000    -0.000000     0.000000     0.000000     0.000000     0.000000     0.000000
    0.000000    -0.000000    -0.000000    -0.000000    -0.048290    21.000000  -202.100000     9.810000    -0.000000     0.000000    -0.000000    -0.000000     0.000000    -0.000000     0.004828    -0.000000
    0.000777    -0.007650    -0.171000    -0.000000    -0.075040    -3.425000     1.280000    -0.000000     0.000000    -0.000000     0.000000    -0.000000    -0.000066    -0.005850     0.163600    -0.015380
    0.000186    -0.001828    -0.040880    -0.000000     0.014260    -0.201800    -0.771600    -0.000000     0.000000    -0.000000     0.000000    -0.000000    -0.000016    -0.001398     0.003434    -0.003677
   -0.000000    -0.000000     0.000000     0.000000     0.000000     1.000000     0.000000     0.000000    -0.000000     0.000000    -0.000000     0.000000     0.000000     0.000000     0.000000     0.000000
    1.000000     0.000000    -0.000000    20.980000    -0.000000     0.000000     0.000000     0.000000     0.000000    -0.000000     0.000000     0.000000    -0.000000    -0.000000    -0.000000    -0.000000
    0.000000    -0.000000     0.000000    -0.000000     1.000000    -0.000000    -0.000000   -20.980000    -0.000000     0.000000    -0.000000   206.600000     0.000000     0.000000     0.000000     0.000000
   -0.000000     1.000000    -0.000000  -206.600000     0.000000     0.000000     0.000000     0.000000     0.000000    -0.000000     0.000000     0.000000    -0.000000    -0.000000    -0.000000    -0.000000
   -0.000000    -0.000000     0.000000     0.000000     0.000000    -0.000000     1.000000    -0.000000    -0.000000     0.000000    -0.000000     0.000000     0.000000     0.000000     0.000000     0.000000

   -0.000120     0.074810   -14.820000    -9.810000     0.000000     0.000000     0.000000     0.000000     0.000000    -0.000000     0.000000     0.000000    -0.000597     0.027250    -0.000000     0.014270
   -0.048880    -0.613900   198.200000    -0.000000    -0.000000    -0.000000     0.000000    -0.000000     0.000000    -0.000000     0.000000     0.000000     0.014040    -0.640800    -0.000000    -0.207700
    0.005040    -0.071180    -1.599000     0.000000    -0.002256    -0.139000     0.020060     0.000000    -0.000000     0.000000    -0.000000     0.000000    -0.000626    -0.055250     0.006541    -0.144000
   -0.000000    -0.000000     1.000000     0.000000     0.000000    -0.000000    -0.000000     0.000000    -0.000000     0.000000    -0.000000     0.000000     0.000000     0.000000     0.000000     0.000000
    0.000000    -0.000000    -0.000000    -0.000000    -0.065080    14.580000  -201.100000     9.810000    -0.000000     0.000000    -0.000000    -0.000000     0.000000    -0.000000     0.007528    -0.000000
    0.000535    -0.007563    -0.170000    -0.000000    -0.070240    -3.436000     1.152000    -0.000000     0.000000    -0.000000     0.000000    -0.000000    -0.000067    -0.005871     0.165000    -0.015300
    0.000128    -0.001808    -0.040620    -0.000000     0.015290    -0.136300    -0.773300    -0.000000     0.000000    -0.000000     0.000000    -0.000000    -0.000016    -0.001403     0.002459    -0.003657
   -0.000000    -0.000000     0.000000     0.000000     0.000000     1.000000     0.000000     0.000000    -0.000000     0.000000    -0.000000     0.000000     0.000000     0.000000     0.000000     0.000000
    1.000000     0.000000    -0.000000    14.660000    -0.000000     0.000000     0.000000     0.000000     0.000000    -0.000000     0.000000     0.000000    -0.000000    -0.000000    -0.000000    -0.000000
    0.000000    -0.000000     0.000000    -0.000000     1.000000    -0.000000    -0.000000   -14.660000    -0.000000     0.000000    -0.000000   207.100000     0.000000     0.000000     0.000000     0.000000
   -0.000000     1.000000    -0.000000  -207.100000     0.000000     0.000000     0.000000     0.000000     0.000000    -0.000000     0.000000     0.000000    -0.000000    -0.000000    -0.000000    -0.000000
   -0.000000    -0.000000     0.000000     0.000000     0.000000    -0.000000     1.000000     0.000000    -0.000000     0.000000    -0.000000     0.000000     0.000000     0.000000     0.000000     0.000000

   -0.001324     0.165000   -16.160000    -9.810000     0.000000    -0.000000    -0.000000     0.000000     0.000000    -0.000000     0.000000     0.000000    -0.000816     0.034740     0.000000     0.015580
   -0.082900    -0.628900    92.930000    -0.000000     0.000000     0.000000     0.000000    -0.000000     0.000000    -0.000000     0.000000     0.000000     0.007263    -0.315200    -0.000000    -0.109300
    0.007954    -0.051920    -1.179000     0.000000    -0.002026    -0.097320     0.026380     0.000000    -0.000000     0.000000    -0.000000     0.000000    -0.000169    -0.018340     0.002220    -0.051930
   -0.000000    -0.000000     1.000000     0.000000     0.000000    -0.000000    -0.000000     0.000000    -0.000000     0.000000    -0.000000     0.000000     0.000000     0.000000     0.000000     0.000000
   -0.000000    -0.000000     0.000000    -0.000000    -0.070610    15.930000   -95.790000     9.810000    -0.000000     0.000000    -0.000000    -0.000000    -0.000000     0.000000     0.002121    -0.000000
    0.000817    -0.005333    -0.121100    -0.000000    -0.086420    -3.530000     1.546000    -0.000000     0.000000    -0.000000     0.000000    -0.000000    -0.000017    -0.001883     0.083210    -0.005334
    0.000151    -0.000989    -0.022460    -0.000000     0.010500    -0.247100    -0.645900    -0.000000     0.000000    -0.000000     0.000000    -0.000000    -0.000003    -0.000349     0.002388    -0.000989
   -0.000000    -0.000000     0.000000    -0.000000     0.000000     1.000000     0.000000     0.000000    -0.000000     0.000000    -0.000000     0.000000     0.000000     0.000000     0.000000     0.000000
    1.000000     0.000000    -0.000000    15.720000    -0.000000     0.000000     0.000000     0.000000     0.000000    -0.000000     0.000000     0.000000    -0.000000    -0.000000    -0.000000    -0.000000
    0.000000    -0.000000     0.000000    -0.000000     1.000000    -0.000000    -0.000000   -15.720000    -0.000000     0.000000    -0.000000   102.600000     0.000000     0.000000     0.000000     0.000000
   -0.000000     1.000000    -0.000000  -102.600000     0.000000     0.000000     0.000000     0.000000     0.000000    -0.000000     0.000000     0.000000    -0.000000    -0.000000    -0.000000    -0.000000
   -0.000000    -0.000000     0.000000     0.000000     0.000000    -0.000000     1.000000    -0.000000    -0.000000     0.000000    -0.000000     0.000000     0.000000     0.000000     0.000000     0.000000

   -0.006221     0.267100   -21.410000    -9.810000    -0.000000    -0.000000     0.000000     0.000000     0.000000    -0.000000     0.000000     0.000000    -0.000925     0.037450    -0.000000     0.016120
   -0.114700    -0.492400    56.930000    -0.000000     0.000000    -0.000000    -0.000000    -0.000000     0.000000    -0.000000     0.000000     0.000000     0.003637    -0.151200     0.000000    -0.056280
    0.011640    -0.036670    -0.824200     0.000000    -0.001815    -0.065740     0.029210     0.000000    -0.000000     0.000000    -0.000000     0.000000    -0.000056    -0.007464     0.000911    -0.022850
   -0.000000    -0.000000     1.000000     0.000000     0.000000    -0.000000    -0.000000     0.000000    -0.000000     0.000000    -0.000000     0.000000     0.000000     0.000000     0.000000     0.000000
   -0.000000    -0.000000     0.000000    -0.000000    -0.054630    21.240000   -58.990000     9.810000    -0.000000     0.000000    -0.000000    -0.000000     0.000000    -0.000000    -0.000665    -0.000000
    0.001171    -0.003690    -0.082940    -0.000000    -0.087590    -2.742000     1.730000    -0.000000     0.000000    -0.000000     0.000000    -0.000000    -0.000006    -0.000751     0.040330    -0.002300
    0.000193    -0.000608    -0.013660    -0.000000     0.004510    -0.357700    -0.459200    -0.000000     0.000000    -0.000000     0.000000    -0.000000    -0.000001    -0.000124     0.002125    -0.000379
   -0.000000    -0.000000     0.000000    -0.000000     0.000000     1.000000     0.000000     0.000000    -0.000000     0.000000    -0.000000     0.000000     0.000000     0.000000     0.000000     0.000000
    1.000000     0.000000    -0.000000    20.590000    -0.000000     0.000000     0.000000     0.000000     0.000000    -0.000000     0.000000     0.000000    -0.000000    -0.000000    -0.000000    -0.000000
    0.000000    -0.000000     0.000000    -0.000000     1.000000    -0.000000    -0.000000   -20.590000    -0.000000     0.000000    -0.000000    64.870000     0.000000     0.000000     0.000000     0.000000
   -0.000000     1.000000    -0.000000   -64.870000     0.000000     0.000000     0.000000     0.000000     0.000000    -0.000000     0.000000     0.000000    -0.000000    -0.000000    -0.000000    -0.000000
   -0.000000    -0.000000     0.000000    -0.000000     0.000000    -0.000000     1.000000    -0.000000    -0.000000     0.000000    -0.000000     0.000000     0.000000     0.000000     0.000000     0.000000
