u  w  q  the  v  p  r  phi  x  y  z  psi  |  slat  flap  aileron  elevator
   -0.018870     0.289600   -30.960000    -9.810000    -0.000000     0.000000     0.000000     0.000000     0.000000    -0.000000     0.000000     0.000000    -0.000982     0.038790    -0.000000     0.019620
   -0.104200    -0.354400    54.810000    -0.000000     0.000000    -0.000000    -0.000000    -0.000000     0.000000    -0.000000     0.000000     0.000000     0.002481    -0.100800     0.000000    -0.039410
    0.022360    -0.044870    -0.891700     0.000000    -0.003928    -0.102800     0.085100     0.000000    -0.000000     0.000000    -0.000000     0.000000     0.000032    -0.009409     0.001391    -0.021360
   -0.000000    -0.000000     1.000000     0.000000     0.000000    -0.000000    -0.000000     0.000000    -0.000000     0.000000    -0.000000     0.000000     0.000000     0.000000     0.000000     0.000000
   -0.000000    -0.000000    -0.000000    -0.000000    -0.035720    31.200000   -56.550000     9.810000    -0.000000     0.000000    -0.000000    -0.000000     0.000000    -0.000000    -0.001601    -0.000000
    0.004354    -0.008738    -0.173700    -0.000000    -0.618700   -15.890000    13.610000    -0.000000     0.000000    -0.000000     0.000000    -0.000000     0.000006    -0.001832     0.217200    -0.004160
    0.000112    -0.000226    -0.004485    -0.000000    -0.002967    -0.750200    -0.403200    -0.000000     0.000000    -0.000000     0.000000    -0.000000     0.000000    -0.000047     0.005115    -0.000107
   -0.000000    -0.000000     0.000000     0.000000     0.000000     1.000000     0.000000     0.000000    -0.000000     0.000000    -0.000000     0.000000     0.000000     0.000000     0.000000     0.000000
    1.000000     0.000000    -0.000000    30.350000    -0.000000     0.000000     0.000000     0.000000     0.000000    -0.000000     0.000000     0.000000    -0.000000    -0.000000    -0.000000    -0.000000
    0.000000    -0.000000     0.000000    -0.000000     1.000000    -0.000000    -0.000000   -30.350000    -0.000000     0.000000    -0.000000    60.920000     0.000000     0.000000     0.000000     0.000000
   -0.000000     1.000000    -0.000000   -60.920000     0.000000     0.000000     0.000000     0.000000     0.000000    -0.000000     0.000000     0.000000    -0.000000    -0.000000    -0.000000    -0.000000
   -0.000000    -0.000000     0.000000     0.000000     0.000000    -0.000000     1.000000    -0.000000    -0.000000     0.000000    -0.000000     0.000000     0.000000     0.000000     0.000000     0.000000

   -0.005039     0.178700   -23.630000    -9.810000     0.000000     0.000000    -0.000000     0.000000     0.000000    -0.000000     0.000000     0.000000    -0.000919     0.038680    -0.000000     0.020500
   -0.073980    -0.471600    93.380000    -0.000000     0.000000     0.000000    -0.000000    -0.000000     0.000000    -0.000000     0.000000     0.000000     0.005391    -0.231700    -0.000000    -0.082240
    0.015100    -0.065520    -1.289000     0.000000    -0.004980    -0.184300     0.097160     0.000000    -0.000000     0.000000    -0.000000     0.000000     0.000046    -0.025080     0.004244    -0.051160
   -0.000000    -0.000000     1.000000     0.000000     0.000000    -0.000000    -0.000000     0.000000    -0.000000     0.000000    -0.000000     0.000000     0.000000     0.000000     0.000000     0.000000
   -0.000000    -0.000000     0.000000    -0.000000    -0.050720    23.690000   -95.950000     9.810000    -0.000000     0.000000    -0.000000    -0.000000    -0.000000    -0.000000     0.000495    -0.000000
    0.003369    -0.014620    -0.287600    -0.000000    -0.663400   -24.180000    13.190000    -0.000000     0.000000    -0.000000     0.000000    -0.000000     0.000010    -0.005597     0.559500    -0.011410
    0.000088    -0.000380    -0.007484    -0.000000     0.005247    -0.644500    -0.661300    -0.000000     0.000000    -0.000000     0.000000    -0.000000     0.000000    -0.000146     0.008743    -0.000297
   -0.000000    -0.000000     0.000000     0.000000     0.000000     1.000000     0.000000     0.000000    -0.000000     0.000000    -0.000000     0.000000     0.000000     0.000000     0.000000     0.000000
    1.000000     0.000000    -0.000000    23.320000    -0.000000     0.000000     0.000000     0.000000     0.000000    -0.000000     0.000000     0.000000    -0.000000    -0.000000    -0.000000    -0.000000
    0.000000    -0.000000     0.000000    -0.000000     1.000000    -0.000000    -0.000000   -23.320000    -0.000000     0.000000    -0.000000   101.200000     0.000000     0.000000     0.000000     0.000000
   -0.000000     1.000000    -0.000000  -101.200000     0.000000     0.000000     0.000000     0.000000     0.000000    -0.000000     0.000000     0.000000    -0.000000    -0.000000    -0.000000    -0.000000
   -0.000000    -0.000000     0.000000     0.000000     0.000000    -0.000000     1.000000     0.000000    -0.000000     0.000000    -0.000000     0.000000     0.000000     0.000000     0.000000     0.000000

   -0.001010     0.082750   -22.690000    -9.810000     0.000000     0.000000     0.000000     0.000000     0.000000    -0.000000     0.000000     0.000000    -0.000733     0.033160    -0.000000     0.020140
   -0.042570    -0.461300   199.200000    -0.000000    -0.000000     0.000000    -0.000000    -0.000000     0.000000    -0.000000     0.000000     0.000000     0.010540    -0.478500    -0.000000    -0.157000
    0.009596    -0.087690    -1.690000     0.000000    -0.007176    -0.332200     0.127400     0.000000    -0.000000     0.000000    -0.000000     0.000000    -0.000009    -0.073860     0.015820    -0.137700
   -0.000000    -0.000000     1.000000     0.000000     0.000000    -0.000000    -0.000000     0.000000    -0.000000     0.000000    -0.000000     0.000000     0.000000     0.000000     0.000000     0.000000
    0.000000    -0.000000    -0.000000    -0.000000    -0.047820    22.620000  -201.800000     9.810000    -0.000000     0.000000    -0.000000    -0.000000    -0.000000    -0.000000     0.004653    -0.000000
    0.002812    -0.025700    -0.495300    -0.000000    -0.663900   -30.230000    12.070000    -0.000000     0.000000    -0.000000     0.000000    -0.000000    -0.000003    -0.021640     1.443000    -0.040340
    0.000075    -0.000682    -0.013160    -0.000000     0.013140    -0.518300    -0.885700    -0.000000     0.000000    -0.000000     0.000000    -0.000000    -0.000000    -0.000575     0.016550    -0.001071
   -0.000000    -0.000000     0.000000     0.000000     0.000000     1.000000     0.000000     0.000000    -0.000000     0.000000    -0.000000     0.000000     0.000000     0.000000     0.000000     0.000000
    1.000000     0.000000    -0.000000    22.580000    -0.000000     0.000000     0.000000     0.000000     0.000000    -0.000000     0.000000     0.000000    -0.000000    -0.000000    -0.000000    -0.000000
    0.000000    -0.000000     0.000000    -0.000000     1.000000    -0.000000    -0.000000   -22.580000    -0.000000     0.000000    -0.000000   206.400000     0.000000     0.000000     0.000000     0.000000
   -0.000000     1.000000    -0.000000  -206.400000     0.000000     0.000000     0.000000     0.000000     0.000000    -0.000000     0.000000     0.000000    -0.000000    -0.000000    -0.000000    -0.000000
   -0.000000    -0.000000     0.000000     0.000000     0.000000    -0.000000     1.000000     0.000000    -0.000000     0.000000    -0.000000     0.000000     0.000000     0.000000     0.000000     0.000000

   -0.000607     0.079690   -15.960000    -9.810000     0.000000    -0.000000    -0.000000     0.000000     0.000000    -0.000000     0.000000     0.000000    -0.000658     0.029980    -0.000000     0.019480
   -0.045380    -0.613200   197.500000    -0.000000    -0.000000    -0.000000     0.000000    -0.000000     0.000000    -0.000000     0.000000     0.000000     0.014030    -0.640100    -0.000000    -0.208000
    0.006673    -0.087100    -1.679000     0.000000    -0.006700    -0.333000     0.114300     0.000000    -0.000000     0.000000    -0.000000     0.000000    -0.000010    -0.074240     0.015950    -0.136800
   -0.000000    -0.000000     1.000000     0.000000     0.000000    -0.000000    -0.000000     0.000000    -0.000000     0.000000    -0.000000     0.000000     0.000000     0.000000     0.000000     0.000000
    0.000000    -0.000000    -0.000000    -0.000000    -0.064620    15.790000  -201.000000     9.810000    -0.000000     0.000000    -0.000000    -0.000000    -0.000000    -0.000000     0.007356    -0.000000
    0.001956    -0.025520    -0.492100    -0.000000    -0.621000   -30.340000    10.880000    -0.000000     0.000000    -0.000000     0.000000    -0.000000    -0.000003    -0.021760     1.456000    -0.040090
    0.000052    -0.000678    -0.013070    -0.000000     0.014890    -0.433300    -0.899100    -0.000000     0.000000    -0.000000     0.000000    -0.000000    -0.000000    -0.000578     0.015400    -0.001065
   -0.000000    -0.000000     0.000000    -0.000000     0.000000     1.000000     0.000000     0.000000    -0.000000     0.000000    -0.000000     0.000000     0.000000     0.000000     0.000000     0.000000
    1.000000     0.000000    -0.000000    15.860000    -0.000000     0.000000     0.000000     0.000000     0.000000    -0.000000     0.000000     0.000000    -0.000000    -0.000000    -0.000000    -0.000000
    0.000000    -0.000000     0.000000    -0.000000     1.000000    -0.000000    -0.000000   -15.860000    -0.000000     0.000000    -0.000000   207.000000     0.000000     0.000000     0.000000     0.000000
   -0.000000     1.000000    -0.000000  -207.000000     0.000000     0.000000     0.000000     0.000000     0.000000    -0.000000     0.000000     0.000000    -0.000000    -0.000000    -0.000000    -0.000000
   -0.000000    -0.000000     0.000000     0.000000     0.000000    -0.000000     1.000000     0.000000    -0.000000     0.000000    -0.000000     0.000000     0.000000     0.000000     0.000000     0.000000

   -0.003272     0.174900   -17.170000    -9.810000     0.000000    -0.000000    -0.000000     0.000000     0.000000    -0.000000     0.000000     0.000000    -0.000882     0.037480     0.000000     0.020290
   -0.076140    -0.627100    92.050000    -0.000000    -0.000000     0.000000     0.000000    -0.000000     0.000000    -0.000000     0.000000     0.000000     0.007239    -0.313900    -0.000000    -0.109400
    0.010710    -0.065080    -1.282000     0.000000    -0.004510    -0.186500     0.083980     0.000000    -0.000000     0.000000    -0.000000     0.000000     0.000045    -0.025670     0.004373    -0.051280
   -0.000000    -0.000000     1.000000     0.000000     0.000000    -0.000000    -0.000000     0.000000    -0.000000     0.000000    -0.000000     0.000000     0.000000     0.000000     0.000000     0.000000
   -0.000000     0.000000     0.000000    -0.000000    -0.069700    17.120000   -95.540000     9.810000    -0.000000     0.000000    -0.000000    -0.000000    -0.000000     0.000000     0.001926    -0.000000
    0.002391    -0.014520    -0.286000    -0.000000    -0.602300   -24.530000    11.460000    -0.000000     0.000000    -0.000000     0.000000    -0.000000     0.000010    -0.005728     0.577000    -0.011440
    0.000062    -0.000378    -0.007441    -0.000000     0.007922    -0.523600    -0.687100    -0.000000     0.000000    -0.000000     0.000000    -0.000000     0.000000    -0.000149     0.007977    -0.000298
   -0.000000    -0.000000     0.000000     0.000000     0.000000     1.000000     0.000000     0.000000    -0.000000     0.000000    -0.000000     0.000000     0.000000     0.000000     0.000000     0.000000
    1.000000     0.000000    -0.000000    16.870000    -0.000000     0.000000     0.000000     0.000000     0.000000    -0.000000     0.000000     0.000000    -0.000000    -0.000000    -0.000000    -0.000000
    0.000000    -0.000000     0.000000    -0.000000     1.000000    -0.000000    -0.000000   -16.870000    -0.000000     0.000000    -0.000000   102.500000     0.000000     0.000000     0.000000     0.000000
   -0.000000     1.000000    -0.000000  -102.500000     0.000000     0.000000     0.000000     0.000000     0.000000    -0.000000     0.000000     0.000000    -0.000000    -0.000000    -0.000000    -0.000000
   -0.000000    -0.000000     0.000000     0.000000     0.000000    -0.000000     1.000000    -0.000000    -0.000000     0.000000    -0.000000     0.000000     0.000000     0.000000     0.000000     0.000000

   -0.012150     0.282700   -22.630000    -9.810000    -0.000000    -0.000000     0.000000     0.000000     0.000000    -0.000000     0.000000     0.000000    -0.000989     0.039920    -0.000000     0.020250
   -0.104700    -0.487900    55.950000    -0.000000     0.000000    -0.000000    -0.000000    -0.000000     0.000000    -0.000000     0.000000     0.000000     0.003588    -0.148800     0.000000    -0.055900
    0.015540    -0.045410    -0.904300     0.000000    -0.003444    -0.108600     0.070780     0.000000    -0.000000     0.000000    -0.000000     0.000000     0.000033    -0.010470     0.001573    -0.022750
   -0.000000    -0.000000     1.000000    -0.000000     0.000000    -0.000000    -0.000000    -0.000000    -0.000000     0.000000    -0.000000    -0.000000     0.000000     0.000000     0.000000     0.000000
   -0.000000    -0.000000     0.000000    -0.000000    -0.053160    22.750000   -58.480000     9.810000    -0.000000     0.000000    -0.000000    -0.000000     0.000000    -0.000000    -0.000866    -0.000000
    0.003026    -0.008845    -0.176100    -0.000000    -0.544000   -16.880000    11.370000    -0.000000     0.000000    -0.000000     0.000000    -0.000000     0.000006    -0.002039     0.246200    -0.004430
    0.000078    -0.000228    -0.004548    -0.000000     0.000811    -0.588900    -0.448400    -0.000000     0.000000    -0.000000     0.000000    -0.000000     0.000000    -0.000053     0.004717    -0.000114
   -0.000000    -0.000000     0.000000     0.000000     0.000000     1.000000     0.000000    -0.000000    -0.000000     0.000000    -0.000000    -0.000000     0.000000     0.000000     0.000000     0.000000
    1.000000     0.000000    -0.000000    22.030000    -0.000000     0.000000     0.000000     0.000000     0.000000    -0.000000     0.000000     0.000000    -0.000000    -0.000000    -0.000000    -0.000000
    0.000000    -0.000000     0.000000    -0.000000     1.000000    -0.000000    -0.000000   -22.030000    -0.000000     0.000000    -0.000000    64.390000     0.000000     0.000000     0.000000     0.000000
   -0.000000     1.000000    -0.000000   -64.390000     0.000000     0.000000     0.000000     0.000000     0.000000    -0.000000     0.000000     0.000000    -0.000000    -0.000000    -0.000000    -0.000000
   -0.000000    -0.000000     0.000000     0.000000     0.000000    -0.000000     1.000000    -0.000000    -0.000000     0.000000    -0.000000    -0.000000     0.000000     0.000000     0.000000     0.000000
