u  w  q  the  v  p  r  phi  x  y  z  psi  |  slat  flap  aileron  elevator
   -0.007104     0.266300   -28.410000    -9.810000    -0.000000    -0.000000     0.000000     0.000000     0.000000    -0.000000     0.000000     0.000000    -0.000900     0.035800    -0.000000     0.014160
   -0.118700    -0.363400    56.640000    -0.000000     0.000000    -0.000000    -0.000000    -0.000000     0.000000    -0.000000     0.000000     0.000000     0.002584    -0.105600     0.000000    -0.040480
    0.014400    -0.032610    -0.777600     0.000000    -0.000788    -0.018870     0.017350     0.000000    -0.000000     0.000000    -0.000000     0.000000    -0.000090    -0.005440     0.000279    -0.021560
   -0.000000    -0.000000     1.000000     0.000000     0.000000    -0.000000    -0.000000     0.000000    -0.000000     0.000000    -0.000000     0.000000     0.000000     0.000000     0.000000     0.000000
   -0.000000    -0.000000     0.000000    -0.000000    -0.038100    28.240000   -57.890000     9.810000    -0.000000     0.000000    -0.000000    -0.000000     0.000000    -0.000000    -0.001330    -0.000000
    0.000508    -0.001150    -0.027430    -0.000000    -0.934800   -24.640000    18.910000    -0.000000     0.000000    -0.000000     0.000000    -0.000000    -0.000003    -0.000192     0.344700    -0.000761
   -0.000039     0.000088     0.002091    -0.000000    -0.007785    -0.846100    -0.319800    -0.000000     0.000000    -0.000000     0.000000    -0.000000     0.000000     0.000015     0.006912     0.000058
   -0.000000    -0.000000     0.000000    -0.000000     0.000000     1.000000     0.000000     0.000000    -0.000000     0.000000    -0.000000     0.000000     0.000000     0.000000     0.000000     0.000000
    1.000000     0.000000    -0.000000    27.490000    -0.000000     0.000000     0.000000     0.000000     0.000000    -0.000000     0.000000     0.000000    -0.000000    -0.000000    -0.000000    -0.000000
    0.000000    -0.000000     0.000000    -0.000000     1.000000    -0.000000    -0.000000   -27.490000    -0.000000     0.000000    -0.000000    62.260000     0.000000     0.000000     0.000000     0.000000
   -0.000000     1.000000    -0.000000   -62.260000     0.000000     0.000000     0.000000     0.000000     0.000000    -0.000000     0.000000     0.000000    -0.000000    -0.000000    -0.000000    -0.000000
   -0.000000    -0.000000     0.000000     0.000000     0.000000    -0.000000     1.000000    -0.000000    -0.000000     0.000000    -0.000000     0.000000     0.000000     0.000000     0.000000     0.000000

   -0.001370     0.164300   -21.590000    -9.810000    -0.000000    -0.000000     0.000000     0.000000     0.000000    -0.000000     0.000000     0.000000    -0.000825     0.034850    -0.000000     0.013840
   -0.083830    -0.474900    94.620000    -0.000000     0.000000     0.000000    -0.000000    -0.000000     0.000000    -0.000000     0.000000     0.000000     0.005439    -0.234200    -0.000000    -0.082340
    0.009464    -0.045630    -1.132000     0.000000    -0.001131    -0.038670     0.022690     0.000000    -0.000000     0.000000    -0.000000     0.000000    -0.000267    -0.014200     0.000921    -0.051480
   -0.000000    -0.000000     1.000000    -0.000000     0.000000    -0.000000    -0.000000    -0.000000    -0.000000     0.000000    -0.000000    -0.000000     0.000000     0.000000     0.000000     0.000000
   -0.000000    -0.000000    -0.000000    -0.000000    -0.052110    21.400000   -96.500000     9.810000    -0.000000     0.000000    -0.000000    -0.000000    -0.000000     0.000000     0.000781    -0.000000
    0.000414    -0.001994    -0.049480    -0.000000    -1.081000   -39.760000    19.650000    -0.000000     0.000000    -0.000000     0.000000    -0.000000    -0.000012    -0.000620     0.924600    -0.002250
   -0.000031     0.000147     0.003655    -0.000000    -0.001076    -0.856400    -0.575100    -0.000000     0.000000    -0.000000     0.000000    -0.000000     0.000001     0.000046     0.013970     0.000166
   -0.000000    -0.000000     0.000000     0.000000     0.000000     1.000000     0.000000    -0.000000    -0.000000     0.000000    -0.000000    -0.000000     0.000000     0.000000     0.000000     0.000000
    1.000000     0.000000    -0.000000    21.090000    -0.000000     0.000000     0.000000     0.000000     0.000000    -0.000000     0.000000     0.000000    -0.000000    -0.000000    -0.000000    -0.000000
    0.000000    -0.000000     0.000000    -0.000000     1.000000    -0.000000    -0.000000   -21.090000    -0.000000     0.000000    -0.000000   101.700000     0.000000     0.000000     0.000000     0.000000
   -0.000000     1.000000    -0.000000  -101.700000     0.000000     0.000000     0.000000     0.000000     0.000000    -0.000000     0.000000     0.000000    -0.000000    -0.000000    -0.000000    -0.000000
   -0.000000    -0.000000     0.000000     0.000000     0.000000    -0.000000     1.000000    -0.000000    -0.000000     0.000000    -0.000000    -0.000000     0.000000     0.000000     0.000000     0.000000

   -0.000086     0.075670   -20.460000    -9.810000     0.000000    -0.000000     0.000000     0.000000     0.000000    -0.000000     0.000000     0.000000    -0.000644     0.029240    -0.000000     0.012670
   -0.047640    -0.462300   200.200000    -0.000000    -0.000000     0.000000    -0.000000    -0.000000     0.000000    -0.000000     0.000000     0.000000     0.010560    -0.479900    -0.000000    -0.156600
    0.006107    -0.062270    -1.555000     0.000000    -0.002181    -0.093550     0.040000     0.000000    -0.000000     0.000000    -0.000000     0.000000    -0.000932    -0.044050     0.004517    -0.145600
   -0.000000    -0.000000     1.000000    -0.000000     0.000000    -0.000000    -0.000000    -0.000000    -0.000000     0.000000    -0.000000    -0.000000     0.000000     0.000000     0.000000     0.000000
    0.000000    -0.000000    -0.000000    -0.000000    -0.048500    20.270000  -202.200000     9.810000    -0.000000     0.000000    -0.000000    -0.000000    -0.000000    -0.000000     0.004906    -0.000000
    0.000438    -0.004470    -0.111600    -0.000000    -1.348000   -61.740000    22.230000    -0.000000     0.000000    -0.000000     0.000000    -0.000000    -0.000067    -0.003162     2.951000    -0.010450
   -0.000029     0.000299     0.007457    -0.000000     0.004280    -0.959800    -0.811100    -0.000000     0.000000    -0.000000     0.000000    -0.000000     0.000004     0.000211     0.037480     0.000698
   -0.000000    -0.000000     0.000000     0.000000     0.000000     1.000000     0.000000    -0.000000    -0.000000     0.000000    -0.000000    -0.000000     0.000000     0.000000     0.000000     0.000000
    1.000000     0.000000    -0.000000    20.260000    -0.000000     0.000000     0.000000     0.000000     0.000000    -0.000000     0.000000     0.000000    -0.000000    -0.000000    -0.000000    -0.000000
    0.000000    -0.000000     0.000000    -0.000000     1.000000    -0.000000    -0.000000   -20.260000    -0.000000     0.000000    -0.000000   206.600000     0.000000     0.000000     0.000000     0.000000
   -0.000000     1.000000    -0.000000  -206.600000     0.000000     0.000000     0.000000     0.000000     0.000000    -0.000000     0.000000     0.000000    -0.000000    -0.000000    -0.000000    -0.000000
   -0.000000    -0.000000     0.000000     0.000000     0.000000    -0.000000     1.000000    -0.000000    -0.000000     0.000000    -0.000000    -0.000000     0.000000     0.000000     0.000000     0.000000

    0.000041     0.072620   -14.310000    -9.810000     0.000000     0.000000     0.000000     0.000000     0.000000    -0.000000     0.000000     0.000000    -0.000569     0.026020    -0.000000     0.011920
   -0.050450    -0.614200   198.600000    -0.000000    -0.000000    -0.000000     0.000000    -0.000000     0.000000    -0.000000     0.000000     0.000000     0.014050    -0.641100    -0.000000    -0.207500
    0.004185    -0.061370    -1.545000     0.000000    -0.002056    -0.094320     0.036540     0.000000    -0.000000     0.000000    -0.000000     0.000000    -0.000937    -0.044150     0.004559    -0.144800
   -0.000000    -0.000000     1.000000     0.000000     0.000000    -0.000000    -0.000000    -0.000000    -0.000000     0.000000    -0.000000     0.000000     0.000000     0.000000     0.000000     0.000000
    0.000000    -0.000000    -0.000000    -0.000000    -0.065290    14.030000  -201.200000     9.810000    -0.000000     0.000000    -0.000000    -0.000000     0.000000    -0.000000     0.007606    -0.000000
    0.000300    -0.004405    -0.110900    -0.000000    -1.262000   -61.930000    19.970000    -0.000000     0.000000    -0.000000     0.000000    -0.000000    -0.000067    -0.003169     2.973000    -0.010390
   -0.000020     0.000294     0.007412    -0.000000     0.006606    -0.873300    -0.838100    -0.000000     0.000000    -0.000000     0.000000    -0.000000     0.000004     0.000212     0.036400     0.000695
   -0.000000    -0.000000     0.000000     0.000000     0.000000     1.000000     0.000000     0.000000    -0.000000     0.000000    -0.000000     0.000000     0.000000     0.000000     0.000000     0.000000
    1.000000     0.000000    -0.000000    14.130000    -0.000000     0.000000     0.000000     0.000000     0.000000    -0.000000     0.000000     0.000000    -0.000000    -0.000000    -0.000000    -0.000000
    0.000000    -0.000000     0.000000    -0.000000     1.000000    -0.000000    -0.000000   -14.130000    -0.000000     0.000000    -0.000000   207.100000     0.000000     0.000000     0.000000     0.000000
   -0.000000     1.000000    -0.000000  -207.100000     0.000000     0.000000     0.000000     0.000000     0.000000    -0.000000     0.000000     0.000000    -0.000000    -0.000000    -0.000000    -0.000000
   -0.000000    -0.000000     0.000000     0.000000     0.000000    -0.000000     1.000000     0.000000    -0.000000     0.000000    -0.000000     0.000000     0.000000     0.000000     0.000000     0.000000

   -0.000643     0.160600   -15.700000    -9.810000    -0.000000    -0.000000     0.000000     0.000000     0.000000    -0.000000     0.000000     0.000000    -0.000786     0.033500    -0.000000     0.013450
   -0.085950    -0.629700    93.320000    -0.000000     0.000000     0.000000    -0.000000    -0.000000     0.000000    -0.000000     0.000000     0.000000     0.007272    -0.315700    -0.000000    -0.109300
    0.006610    -0.044640    -1.126000     0.000000    -0.001038    -0.039570     0.020050     0.000000    -0.000000     0.000000    -0.000000     0.000000    -0.000274    -0.014410     0.000948    -0.051560
   -0.000000    -0.000000     1.000000     0.000000     0.000000    -0.000000    -0.000000     0.000000    -0.000000     0.000000    -0.000000     0.000000     0.000000     0.000000     0.000000     0.000000
    0.000000    -0.000000    -0.000000    -0.000000    -0.071030    15.400000   -95.900000     9.810000    -0.000000     0.000000    -0.000000    -0.000000     0.000000     0.000000     0.002208    -0.000000
    0.000289    -0.001951    -0.049200    -0.000000    -0.981600   -40.230000    17.010000    -0.000000     0.000000    -0.000000     0.000000    -0.000000    -0.000012    -0.000630     0.948700    -0.002253
   -0.000021     0.000144     0.003634    -0.000000     0.002040    -0.741100    -0.613000    -0.000000     0.000000    -0.000000     0.000000    -0.000000     0.000001     0.000047     0.013310     0.000166
   -0.000000    -0.000000     0.000000     0.000000     0.000000     1.000000     0.000000     0.000000    -0.000000     0.000000    -0.000000     0.000000     0.000000     0.000000     0.000000     0.000000
    1.000000     0.000000    -0.000000    15.210000    -0.000000     0.000000     0.000000     0.000000     0.000000    -0.000000     0.000000     0.000000    -0.000000    -0.000000    -0.000000    -0.000000
    0.000000    -0.000000     0.000000    -0.000000     1.000000    -0.000000    -0.000000   -15.210000    -0.000000     0.000000    -0.000000   102.700000     0.000000     0.000000     0.000000     0.000000
   -0.000000     1.000000    -0.000000  -102.700000     0.000000     0.000000     0.000000     0.000000     0.000000    -0.000000     0.000000     0.000000    -0.000000    -0.000000    -0.000000    -0.000000
   -0.000000    -0.000000     0.000000     0.000000     0.000000    -0.000000     1.000000    -0.000000    -0.000000     0.000000    -0.000000     0.000000     0.000000     0.000000     0.000000     0.000000

   -0.004087     0.260200   -20.850000    -9.810000    -0.000000     0.000000     0.000000     0.000000     0.000000    -0.000000     0.000000     0.000000    -0.000896     0.036330    -0.000000     0.014230
   -0.119200    -0.494300    57.360000    -0.000000     0.000000    -0.000000    -0.000000    -0.000000     0.000000    -0.000000     0.000000     0.000000     0.003658    -0.152200     0.000000    -0.056430
    0.009783    -0.031910    -0.784500     0.000000    -0.000702    -0.020360     0.014790     0.000000    -0.000000     0.000000    -0.000000     0.000000    -0.000100    -0.005867     0.000311    -0.022630
   -0.000000    -0.000000     1.000000    -0.000000     0.000000    -0.000000    -0.000000    -0.000000    -0.000000     0.000000    -0.000000    -0.000000     0.000000     0.000000     0.000000     0.000000
   -0.000000    -0.000000     0.000000    -0.000000    -0.055310    20.570000   -59.200000     9.810000    -0.000000     0.000000    -0.000000    -0.000000     0.000000    -0.000000    -0.000575    -0.000000
    0.000345    -0.001126    -0.027680    -0.000000    -0.821200   -25.850000    15.750000    -0.000000     0.000000    -0.000000     0.000000    -0.000000    -0.000004    -0.000207     0.381200    -0.000798
   -0.000026     0.000086     0.002110    -0.000000    -0.003574    -0.698300    -0.378400    -0.000000     0.000000    -0.000000     0.000000    -0.000000     0.000000     0.000016     0.006628     0.000061
   -0.000000    -0.000000     0.000000     0.000000     0.000000     1.000000     0.000000    -0.000000    -0.000000     0.000000    -0.000000    -0.000000     0.000000     0.000000     0.000000     0.000000
    1.000000     0.000000    -0.000000    19.950000    -0.000000     0.000000     0.000000     0.000000     0.000000    -0.000000     0.000000     0.000000    -0.000000    -0.000000    -0.000000    -0.000000
    0.000000    -0.000000     0.000000    -0.000000     1.000000    -0.000000    -0.000000   -19.950000    -0.000000     0.000000    -0.000000    65.070000     0.000000     0.000000     0.000000     0.000000
   -0.000000     1.000000    -0.000000   -65.070000     0.000000     0.000000     0.000000     0.000000     0.000000    -0.000000     0.000000     0.000000    -0.000000    -0.000000    -0.000000    -0.000000
   -0.000000    -0.000000     0.000000     0.000000     0.000000    -0.000000     1.000000    -0.000000    -0.000000     0.000000    -0.000000    -0.000000     0.000000     0.000000     0.000000     0.000000
