u  w  q  the  v  p  r  phi  x  y  z  psi  |  slat  flap  aileron  elevator
   -0.007357     0.266900   -28.480000    -9.810000    -0.000000     0.000000     0.000000     0.000000     0.000000    -0.000000     0.000000     0.000000    -0.000902     0.035880    -0.000000     0.014320
   -0.118300    -0.363100    56.590000    -0.000000     0.000000    -0.000000    -0.000000    -0.000000     0.000000    -0.000000     0.000000     0.000000     0.002582    -0.105500     0.000000    -0.040460
    0.014580    -0.032910    -0.778700     0.000000    -0.000998    -0.024570     0.021520     0.000000    -0.000000     0.000000    -0.000000     0.000000    -0.000086    -0.005552     0.000357    -0.021510
   -0.000000    -0.000000     1.000000     0.000000     0.000000    -0.000000    -0.000000     0.000000    -0.000000     0.000000    -0.000000     0.000000     0.000000     0.000000     0.000000     0.000000
   -0.000000    -0.000000     0.000000    -0.000000    -0.038040    28.320000   -57.850000     9.810000    -0.000000     0.000000    -0.000000    -0.000000     0.000000    -0.000000    -0.001338    -0.000000
    0.000657    -0.001483    -0.035090    -0.000000    -0.915300   -24.120000    18.560000    -0.000000     0.000000    -0.000000     0.000000    -0.000000    -0.000004    -0.000250     0.337100    -0.000970
   -0.000033     0.000076     0.001788    -0.000000    -0.007493    -0.837600    -0.323800    -0.000000     0.000000    -0.000000     0.000000    -0.000000     0.000000     0.000013     0.006792     0.000049
   -0.000000    -0.000000     0.000000     0.000000     0.000000     1.000000     0.000000     0.000000    -0.000000     0.000000    -0.000000     0.000000     0.000000     0.000000     0.000000     0.000000
    1.000000     0.000000    -0.000000    27.570000    -0.000000     0.000000     0.000000     0.000000     0.000000    -0.000000     0.000000     0.000000    -0.000000    -0.000000    -0.000000    -0.000000
    0.000000    -0.000000     0.000000    -0.000000     1.000000    -0.000000    -0.000000   -27.570000    -0.000000     0.000000    -0.000000    62.230000     0.000000     0.000000     0.000000     0.000000
   -0.000000     1.000000    -0.000000   -62.230000     0.000000     0.000000     0.000000     0.000000     0.000000    -0.000000     0.000000     0.000000    -0.000000    -0.000000    -0.000000    -0.000000
   -0.000000    -0.000000     0.000000     0.000000     0.000000    -0.000000     1.000000     0.000000    -0.000000     0.000000    -0.000000     0.000000     0.000000     0.000000     0.000000     0.000000

   -0.001448     0.164700   -21.650000    -9.810000     0.000000    -0.000000     0.000000     0.000000     0.000000    -0.000000     0.000000     0.000000    -0.000828     0.034950     0.000000     0.014020
   -0.083570    -0.474800    94.590000    -0.000000    -0.000000     0.000000    -0.000000    -0.000000     0.000000    -0.000000     0.000000     0.000000     0.005438    -0.234100    -0.000000    -0.082330
    0.009592    -0.046110    -1.133000     0.000000    -0.001415    -0.049360     0.027710     0.000000    -0.000000     0.000000    -0.000000     0.000000    -0.000257    -0.014490     0.001167    -0.051340
   -0.000000    -0.000000     1.000000     0.000000     0.000000    -0.000000    -0.000000     0.000000    -0.000000     0.000000    -0.000000     0.000000     0.000000     0.000000     0.000000     0.000000
   -0.000000    -0.000000     0.000000    -0.000000    -0.052070    21.460000   -96.490000     9.810000    -0.000000     0.000000    -0.000000    -0.000000    -0.000000    -0.000000     0.000773    -0.000000
    0.000533    -0.002562    -0.062930    -0.000000    -1.053000   -38.740000    19.190000    -0.000000     0.000000    -0.000000     0.000000    -0.000000    -0.000014    -0.000805     0.900700    -0.002852
   -0.000026     0.000127     0.003118    -0.000000    -0.000685    -0.840100    -0.579300    -0.000000     0.000000    -0.000000     0.000000    -0.000000     0.000001     0.000040     0.013600     0.000141
   -0.000000    -0.000000     0.000000    -0.000000     0.000000     1.000000     0.000000     0.000000    -0.000000     0.000000    -0.000000     0.000000     0.000000     0.000000     0.000000     0.000000
    1.000000     0.000000    -0.000000    21.150000    -0.000000     0.000000     0.000000     0.000000     0.000000    -0.000000     0.000000     0.000000    -0.000000    -0.000000    -0.000000    -0.000000
    0.000000    -0.000000     0.000000    -0.000000     1.000000    -0.000000    -0.000000   -21.150000    -0.000000     0.000000    -0.000000   101.700000     0.000000     0.000000     0.000000     0.000000
   -0.000000     1.000000    -0.000000  -101.700000     0.000000     0.000000     0.000000     0.000000     0.000000    -0.000000     0.000000     0.000000    -0.000000    -0.000000    -0.000000    -0.000000
   -0.000000    -0.000000     0.000000     0.000000     0.000000    -0.000000     1.000000    -0.000000    -0.000000     0.000000    -0.000000     0.000000     0.000000     0.000000     0.000000     0.000000

   -0.000104     0.075860   -20.520000    -9.810000     0.000000     0.000000     0.000000     0.000000     0.000000    -0.000000     0.000000     0.000000    -0.000647     0.029350    -0.000000     0.012870
   -0.047500    -0.462300   200.200000    -0.000000    -0.000000    -0.000000    -0.000000    -0.000000     0.000000    -0.000000     0.000000     0.000000     0.010560    -0.479900    -0.000000    -0.156700
    0.006181    -0.062830    -1.551000     0.000000    -0.002668    -0.116400     0.047750     0.000000    -0.000000     0.000000    -0.000000     0.000000    -0.000900    -0.044810     0.005605    -0.144800
   -0.000000    -0.000000     1.000000     0.000000     0.000000    -0.000000    -0.000000     0.000000    -0.000000     0.000000    -0.000000     0.000000     0.000000     0.000000     0.000000     0.000000
    0.000000    -0.000000    -0.000000    -0.000000    -0.048480    20.340000  -202.100000     9.810000    -0.000000     0.000000    -0.000000    -0.000000     0.000000    -0.000000     0.004900    -0.000000
    0.000555    -0.005639    -0.139200    -0.000000    -1.293000   -59.180000    21.370000    -0.000000     0.000000    -0.000000     0.000000    -0.000000    -0.000081    -0.004022     2.828000    -0.012990
   -0.000025     0.000256     0.006311    -0.000000     0.004983    -0.921400    -0.816700    -0.000000     0.000000    -0.000000     0.000000    -0.000000     0.000004     0.000182     0.035690     0.000589
   -0.000000    -0.000000     0.000000     0.000000     0.000000     1.000000     0.000000     0.000000    -0.000000     0.000000    -0.000000     0.000000     0.000000     0.000000     0.000000     0.000000
    1.000000     0.000000    -0.000000    20.330000    -0.000000     0.000000     0.000000     0.000000     0.000000    -0.000000     0.000000     0.000000    -0.000000    -0.000000    -0.000000    -0.000000
    0.000000    -0.000000     0.000000    -0.000000     1.000000    -0.000000    -0.000000   -20.330000    -0.000000     0.000000    -0.000000   206.600000     0.000000     0.000000     0.000000     0.000000
   -0.000000     1.000000    -0.000000  -206.600000     0.000000     0.000000     0.000000     0.000000     0.000000    -0.000000     0.000000     0.000000    -0.000000    -0.000000    -0.000000    -0.000000
   -0.000000    -0.000000     0.000000     0.000000     0.000000    -0.000000     1.000000     0.000000    -0.000000     0.000000    -0.000000     0.000000     0.000000     0.000000     0.000000     0.000000

    0.000028     0.072820   -14.350000    -9.810000    -0.000000     0.000000     0.000000     0.000000     0.000000    -0.000000     0.000000     0.000000    -0.000571     0.026130    -0.000000     0.012120
   -0.050320    -0.614100   198.500000    -0.000000    -0.000000     0.000000    -0.000000    -0.000000     0.000000    -0.000000     0.000000     0.000000     0.014050    -0.641100    -0.000000    -0.207500
    0.004237    -0.061930    -1.542000     0.000000    -0.002510    -0.117200     0.043440     0.000000    -0.000000     0.000000    -0.000000     0.000000    -0.000904    -0.044920     0.005655    -0.144000
   -0.000000    -0.000000     1.000000     0.000000     0.000000    -0.000000    -0.000000     0.000000    -0.000000     0.000000    -0.000000     0.000000     0.000000     0.000000     0.000000     0.000000
    0.000000    -0.000000    -0.000000    -0.000000    -0.065270    14.080000  -201.200000     9.810000    -0.000000     0.000000    -0.000000    -0.000000     0.000000    -0.000000     0.007599    -0.000000
    0.000380    -0.005559    -0.138400    -0.000000    -1.210000   -59.360000    19.200000    -0.000000     0.000000    -0.000000     0.000000    -0.000000    -0.000081    -0.004031     2.850000    -0.012920
   -0.000017     0.000252     0.006273    -0.000000     0.007252    -0.835300    -0.842400    -0.000000     0.000000    -0.000000     0.000000    -0.000000     0.000004     0.000183     0.034610     0.000586
   -0.000000    -0.000000     0.000000    -0.000000     0.000000     1.000000     0.000000     0.000000    -0.000000     0.000000    -0.000000     0.000000     0.000000     0.000000     0.000000     0.000000
    1.000000     0.000000    -0.000000    14.170000    -0.000000     0.000000     0.000000     0.000000     0.000000    -0.000000     0.000000     0.000000    -0.000000    -0.000000    -0.000000    -0.000000
    0.000000    -0.000000     0.000000    -0.000000     1.000000    -0.000000    -0.000000   -14.170000    -0.000000     0.000000    -0.000000   207.100000     0.000000     0.000000     0.000000     0.000000
   -0.000000     1.000000    -0.000000  -207.100000     0.000000     0.000000     0.000000     0.000000     0.000000    -0.000000     0.000000     0.000000    -0.000000    -0.000000    -0.000000    -0.000000
   -0.000000    -0.000000     0.000000     0.000000     0.000000    -0.000000     1.000000     0.000000    -0.000000     0.000000    -0.000000     0.000000     0.000000     0.000000     0.000000     0.000000

   -0.000698     0.161000   -15.740000    -9.810000     0.000000    -0.000000    -0.000000     0.000000     0.000000    -0.000000     0.000000     0.000000    -0.000789     0.033610    -0.000000     0.013640
   -0.085680    -0.629600    93.290000    -0.000000     0.000000     0.000000    -0.000000    -0.000000     0.000000    -0.000000     0.000000     0.000000     0.007272    -0.315700    -0.000000    -0.109300
    0.006703    -0.045140    -1.126000     0.000000    -0.001295    -0.050350     0.024370     0.000000    -0.000000     0.000000    -0.000000     0.000000    -0.000264    -0.014710     0.001201    -0.051420
   -0.000000    -0.000000     1.000000     0.000000     0.000000    -0.000000    -0.000000     0.000000    -0.000000     0.000000    -0.000000     0.000000     0.000000     0.000000     0.000000     0.000000
   -0.000000    -0.000000    -0.000000    -0.000000    -0.070990    15.450000   -95.890000     9.810000    -0.000000     0.000000    -0.000000    -0.000000    -0.000000     0.000000     0.002201    -0.000000
    0.000372    -0.002507    -0.062570    -0.000000    -0.956500   -39.190000    16.620000    -0.000000     0.000000    -0.000000     0.000000    -0.000000    -0.000015    -0.000817     0.924300    -0.002857
   -0.000018     0.000124     0.003099    -0.000000     0.002390    -0.725000    -0.616200    -0.000000     0.000000    -0.000000     0.000000    -0.000000     0.000001     0.000040     0.012930     0.000141
   -0.000000    -0.000000     0.000000    -0.000000     0.000000     1.000000     0.000000     0.000000    -0.000000     0.000000    -0.000000     0.000000     0.000000     0.000000     0.000000     0.000000
    1.000000     0.000000    -0.000000    15.260000    -0.000000     0.000000     0.000000     0.000000     0.000000    -0.000000     0.000000     0.000000    -0.000000    -0.000000    -0.000000    -0.000000
    0.000000    -0.000000     0.000000    -0.000000     1.000000    -0.000000    -0.000000   -15.260000    -0.000000     0.000000    -0.000000   102.700000     0.000000     0.000000     0.000000     0.000000
   -0.000000     1.000000    -0.000000  -102.700000     0.000000     0.000000     0.000000     0.000000     0.000000    -0.000000     0.000000     0.000000    -0.000000    -0.000000    -0.000000    -0.000000
   -0.000000    -0.000000     0.000000    -0.000000     0.000000    -0.000000     1.000000    -0.000000    -0.000000     0.000000    -0.000000     0.000000     0.000000     0.000000     0.000000     0.000000

   -0.004260     0.260800   -20.900000    -9.810000    -0.000000    -0.000000     0.000000     0.000000     0.000000    -0.000000     0.000000     0.000000    -0.000899     0.036430    -0.000000     0.014400
   -0.118800    -0.494200    57.330000    -0.000000     0.000000    -0.000000    -0.000000    -0.000000     0.000000    -0.000000     0.000000     0.000000     0.003656    -0.152100     0.000000    -0.056420
    0.009916    -0.032240    -0.785600     0.000000    -0.000886    -0.026300     0.018230     0.000000    -0.000000     0.000000    -0.000000     0.000000    -0.000096    -0.005993     0.000398    -0.022590
   -0.000000    -0.000000     1.000000     0.000000     0.000000    -0.000000    -0.000000     0.000000    -0.000000     0.000000    -0.000000     0.000000     0.000000     0.000000     0.000000     0.000000
   -0.000000    -0.000000     0.000000    -0.000000    -0.055250    20.630000   -59.180000     9.810000    -0.000000     0.000000    -0.000000    -0.000000    -0.000000    -0.000000    -0.000583    -0.000000
    0.000447    -0.001453    -0.035400    -0.000000    -0.804100   -25.310000    15.460000    -0.000000     0.000000    -0.000000     0.000000    -0.000000    -0.000004    -0.000270     0.373100    -0.001018
   -0.000023     0.000074     0.001804    -0.000000    -0.003320    -0.689700    -0.381500    -0.000000     0.000000    -0.000000     0.000000    -0.000000     0.000000     0.000014     0.006501     0.000052
   -0.000000    -0.000000     0.000000     0.000000     0.000000     1.000000     0.000000     0.000000    -0.000000     0.000000    -0.000000     0.000000     0.000000     0.000000     0.000000     0.000000
    1.000000     0.000000    -0.000000    20.010000    -0.000000     0.000000     0.000000     0.000000     0.000000    -0.000000     0.000000     0.000000    -0.000000    -0.000000    -0.000000    -0.000000
    0.000000    -0.000000     0.000000    -0.000000     1.000000    -0.000000    -0.000000   -20.010000    -0.000000     0.000000    -0.000000    65.050000     0.000000     0.000000     0.000000     0.000000
   -0.000000     1.000000    -0.000000   -65.050000     0.000000     0.000000     0.000000     0.000000     0.000000    -0.000000     0.000000     0.000000    -0.000000    -0.000000    -0.000000    -0.000000
   -0.000000    -0.000000     0.000000     0.000000     0.000000    -0.000000     1.000000    -0.000000    -0.000000     0.000000    -0.000000     0.000000     0.000000     0.000000     0.000000     0.000000
