u  w  q  the  v  p  r  phi  x  y  z  psi  |  slat  flap  aileron  elevator
   -0.012930     0.278900   -29.810000    -9.810000    -0.000000     0.000000     0.000000     0.000000     0.000000    -0.000000     0.000000     0.000000    -0.000945     0.037460    -0.000000     0.017210
   -0.110700    -0.358600    55.660000    -0.000000     0.000000    -0.000000    -0.000000    -0.000000     0.000000    -0.000000     0.000000     0.000000     0.002530    -0.103100     0.000000    -0.039930
    0.019560    -0.041460    -0.873900     0.000000    -0.005396    -0.144200     0.111600     0.000000    -0.000000     0.000000    -0.000000     0.000000    -0.000020    -0.008105     0.001963    -0.022430
   -0.000000    -0.000000     1.000000     0.000000     0.000000    -0.000000    -0.000000     0.000000    -0.000000     0.000000    -0.000000     0.000000     0.000000     0.000000     0.000000     0.000000
    0.000000    -0.000000    -0.000000    -0.000000    -0.036780    29.850000   -57.180000     9.810000    -0.000000     0.000000    -0.000000    -0.000000     0.000000    -0.000000    -0.001479    -0.000000
    0.004831    -0.010240    -0.215800    -0.000000    -0.574300   -14.940000    12.170000    -0.000000     0.000000    -0.000000     0.000000    -0.000000    -0.000005    -0.002001     0.206500    -0.005539
    0.000169    -0.000358    -0.007556    -0.000000    -0.003036    -0.761200    -0.423900    -0.000000     0.000000    -0.000000     0.000000    -0.000000    -0.000000    -0.000070     0.005295    -0.000194
   -0.000000    -0.000000     0.000000    -0.000000     0.000000     1.000000     0.000000     0.000000    -0.000000     0.000000    -0.000000     0.000000     0.000000     0.000000     0.000000     0.000000
    1.000000     0.000000    -0.000000    29.050000    -0.000000     0.000000     0.000000     0.000000     0.000000    -0.000000     0.000000     0.000000    -0.000000    -0.000000    -0.000000    -0.000000
    0.000000    -0.000000     0.000000    -0.000000     1.000000    -0.000000    -0.000000   -29.050000    -0.000000     0.000000    -0.000000    61.550000     0.000000     0.000000     0.000000     0.000000
   -0.000000     1.000000    -0.000000   -61.550000     0.000000     0.000000     0.000000     0.000000     0.000000    -0.000000     0.000000     0.000000    -0.000000    -0.000000    -0.000000    -0.000000
   -0.000000    -0.000000     0.000000     0.000000     0.000000    -0.000000     1.000000     0.000000    -0.000000     0.000000    -0.000000     0.000000     0.000000     0.000000     0.000000     0.000000

   -0.003175     0.172200   -22.710000    -9.810000     0.000000     0.000000     0.000000     0.000000     0.000000    -0.000000     0.000000     0.000000    -0.000877     0.036950     0.000000     0.017510
   -0.078410    -0.473100    93.950000    -0.000000     0.000000     0.000000     0.000000    -0.000000     0.000000    -0.000000     0.000000     0.000000     0.005414    -0.232900    -0.000000    -0.082290
    0.013230    -0.060160    -1.277000     0.000000    -0.006855    -0.256900     0.126900     0.000000    -0.000000     0.000000    -0.000000     0.000000    -0.000092    -0.021580     0.005914    -0.054070
   -0.000000    -0.000000     1.000000     0.000000     0.000000    -0.000000    -0.000000     0.000000    -0.000000     0.000000    -0.000000     0.000000     0.000000     0.000000     0.000000     0.000000
    0.000000    -0.000000    -0.000000    -0.000000    -0.051340    22.650000   -96.200000     9.810000    -0.000000     0.000000    -0.000000    -0.000000    -0.000000    -0.000000     0.000624    -0.000000
    0.003705    -0.016840    -0.357600    -0.000000    -0.609000   -22.310000    11.630000    -0.000000     0.000000    -0.000000     0.000000    -0.000000    -0.000026    -0.006042     0.517200    -0.015140
    0.000134    -0.000611    -0.012960    -0.000000     0.005481    -0.662100    -0.701700    -0.000000     0.000000    -0.000000     0.000000    -0.000000    -0.000001    -0.000219     0.009032    -0.000549
   -0.000000    -0.000000     0.000000     0.000000     0.000000     1.000000     0.000000     0.000000    -0.000000     0.000000    -0.000000     0.000000     0.000000     0.000000     0.000000     0.000000
    1.000000     0.000000    -0.000000    22.310000    -0.000000     0.000000     0.000000     0.000000     0.000000    -0.000000     0.000000     0.000000    -0.000000    -0.000000    -0.000000    -0.000000
    0.000000    -0.000000     0.000000    -0.000000     1.000000    -0.000000    -0.000000   -22.310000    -0.000000     0.000000    -0.000000   101.400000     0.000000     0.000000     0.000000     0.000000
   -0.000000     1.000000    -0.000000  -101.400000     0.000000     0.000000     0.000000     0.000000     0.000000    -0.000000     0.000000     0.000000    -0.000000    -0.000000    -0.000000    -0.000000
   -0.000000    -0.000000     0.000000     0.000000     0.000000    -0.000000     1.000000    -0.000000    -0.000000     0.000000    -0.000000     0.000000     0.000000     0.000000     0.000000     0.000000

   -0.000532     0.079540   -21.680000    -9.810000     0.000000    -0.000000     0.000000     0.000000     0.000000    -0.000000     0.000000     0.000000    -0.000693     0.031390    -0.000000     0.016780
   -0.044860    -0.461800   199.700000    -0.000000    -0.000000     0.000000    -0.000000    -0.000000     0.000000    -0.000000     0.000000     0.000000     0.010550    -0.479200    -0.000000    -0.156900
    0.008715    -0.083570    -1.754000     0.000000    -0.010060    -0.472000     0.167600     0.000000    -0.000000     0.000000    -0.000000     0.000000    -0.000424    -0.066630     0.022450    -0.152600
   -0.000000    -0.000000     1.000000     0.000000     0.000000    -0.000000    -0.000000     0.000000    -0.000000     0.000000    -0.000000     0.000000     0.000000     0.000000     0.000000     0.000000
    0.000000    -0.000000    -0.000000    -0.000000    -0.048120    21.560000  -202.000000     9.810000    -0.000000     0.000000    -0.000000    -0.000000    -0.000000    -0.000000     0.004768    -0.000000
    0.003125    -0.029960    -0.628700    -0.000000    -0.594700   -27.170000    10.350000    -0.000000     0.000000    -0.000000     0.000000    -0.000000    -0.000152    -0.023890     1.297000    -0.054720
    0.000124    -0.001194    -0.025040    -0.000000     0.014330    -0.550400    -0.977900    -0.000000     0.000000    -0.000000     0.000000    -0.000000    -0.000006    -0.000951     0.017510    -0.002180
   -0.000000    -0.000000     0.000000    -0.000000     0.000000     1.000000     0.000000     0.000000    -0.000000     0.000000    -0.000000     0.000000     0.000000     0.000000     0.000000     0.000000
    1.000000     0.000000    -0.000000    21.540000    -0.000000     0.000000     0.000000     0.000000     0.000000    -0.000000     0.000000     0.000000    -0.000000    -0.000000    -0.000000    -0.000000
    0.000000    -0.000000     0.000000    -0.000000     1.000000    -0.000000    -0.000000   -21.540000    -0.000000     0.000000    -0.000000   206.500000     0.000000     0.000000     0.000000     0.000000
   -0.000000     1.000000    -0.000000  -206.500000     0.000000     0.000000     0.000000     0.000000     0.000000    -0.000000     0.000000     0.000000    -0.000000    -0.000000    -0.000000    -0.000000
   -0.000000    -0.000000     0.000000     0.000000     0.000000    -0.000000     1.000000     0.000000    -0.000000     0.000000    -0.000000     0.000000     0.000000     0.000000     0.000000     0.000000

   -0.000268     0.076500   -15.210000    -9.810000    -0.000000    -0.000000    -0.000000     0.000000     0.000000    -0.000000     0.000000     0.000000    -0.000618     0.028190    -0.000000     0.016070
   -0.047670    -0.613700   198.000000    -0.000000    -0.000000    -0.000000    -0.000000    -0.000000     0.000000    -0.000000     0.000000     0.000000     0.014040    -0.640600    -0.000000    -0.207800
    0.006027    -0.082780    -1.742000     0.000000    -0.009387    -0.472600     0.149700     0.000000    -0.000000     0.000000    -0.000000     0.000000    -0.000426    -0.066910     0.022620    -0.151700
   -0.000000    -0.000000     1.000000     0.000000     0.000000    -0.000000    -0.000000     0.000000    -0.000000     0.000000    -0.000000     0.000000     0.000000     0.000000     0.000000     0.000000
    0.000000    -0.000000    -0.000000    -0.000000    -0.064920    15.000000  -201.100000     9.810000    -0.000000     0.000000    -0.000000    -0.000000     0.000000    -0.000000     0.007469    -0.000000
    0.002161    -0.029680    -0.624700    -0.000000    -0.556400   -27.260000     9.308000    -0.000000     0.000000    -0.000000     0.000000    -0.000000    -0.000153    -0.023990     1.308000    -0.054400
    0.000086    -0.001182    -0.024880    -0.000000     0.016170    -0.458900    -0.991000    -0.000000     0.000000    -0.000000     0.000000    -0.000000    -0.000006    -0.000955     0.016250    -0.002167
   -0.000000    -0.000000     0.000000     0.000000     0.000000     1.000000     0.000000     0.000000    -0.000000     0.000000    -0.000000     0.000000     0.000000     0.000000     0.000000     0.000000
    1.000000     0.000000    -0.000000    15.080000    -0.000000     0.000000     0.000000     0.000000     0.000000    -0.000000     0.000000     0.000000    -0.000000    -0.000000    -0.000000    -0.000000
    0.000000    -0.000000     0.000000    -0.000000     1.000000    -0.000000    -0.000000   -15.080000    -0.000000     0.000000    -0.000000   207.100000     0.000000     0.000000     0.000000     0.000000
   -0.000000     1.000000    -0.000000  -207.100000     0.000000     0.000000     0.000000     0.000000     0.000000    -0.000000     0.000000     0.000000    -0.000000    -0.000000    -0.000000    -0.000000
   -0.000000    -0.000000     0.000000     0.000000     0.000000    -0.000000     1.000000    -0.000000    -0.000000     0.000000    -0.000000     0.000000     0.000000     0.000000     0.000000     0.000000

   -0.001929     0.168400   -16.510000    -9.810000     0.000000    -0.000000     0.000000     0.000000     0.000000    -0.000000     0.000000     0.000000    -0.000839     0.035690     0.000000     0.017210
   -0.080560    -0.628300    92.630000    -0.000000     0.000000    -0.000000     0.000000    -0.000000     0.000000    -0.000000     0.000000     0.000000     0.007255    -0.314800    -0.000000    -0.109400
    0.009337    -0.059430    -1.269000     0.000000    -0.006203    -0.259300     0.109300     0.000000    -0.000000     0.000000    -0.000000     0.000000    -0.000096    -0.022010     0.006077    -0.054170
   -0.000000    -0.000000     1.000000     0.000000     0.000000    -0.000000    -0.000000     0.000000    -0.000000     0.000000    -0.000000     0.000000     0.000000     0.000000     0.000000     0.000000
   -0.000000    -0.000000    -0.000000    -0.000000    -0.070290    16.340000   -95.710000     9.810000    -0.000000     0.000000    -0.000000    -0.000000     0.000000    -0.000000     0.002054    -0.000000
    0.002614    -0.016640    -0.355500    -0.000000    -0.553000   -22.600000    10.090000    -0.000000     0.000000    -0.000000     0.000000    -0.000000    -0.000027    -0.006163     0.532200    -0.015170
    0.000095    -0.000603    -0.012880    -0.000000     0.008211    -0.537500    -0.727100    -0.000000     0.000000    -0.000000     0.000000    -0.000000    -0.000001    -0.000223     0.008216    -0.000550
   -0.000000    -0.000000     0.000000     0.000000     0.000000     1.000000     0.000000     0.000000    -0.000000     0.000000    -0.000000     0.000000     0.000000     0.000000     0.000000     0.000000
    1.000000     0.000000    -0.000000    16.120000    -0.000000     0.000000     0.000000     0.000000     0.000000    -0.000000     0.000000     0.000000    -0.000000    -0.000000    -0.000000    -0.000000
    0.000000    -0.000000     0.000000    -0.000000     1.000000    -0.000000    -0.000000   -16.120000    -0.000000     0.000000    -0.000000   102.600000     0.000000     0.000000     0.000000     0.000000
   -0.000000     1.000000    -0.000000  -102.600000     0.000000     0.000000     0.000000     0.000000     0.000000    -0.000000     0.000000     0.000000    -0.000000    -0.000000    -0.000000    -0.000000
   -0.000000    -0.000000     0.000000     0.000000     0.000000    -0.000000     1.000000    -0.000000    -0.000000     0.000000    -0.000000     0.000000     0.000000     0.000000     0.000000     0.000000

   -0.008080     0.272500   -21.830000    -9.810000    -0.000000     0.000000     0.000000     0.000000     0.000000    -0.000000     0.000000     0.000000    -0.000947     0.038310    -0.000000     0.017560
   -0.111200    -0.490900    56.600000    -0.000000     0.000000     0.000000    -0.000000    -0.000000     0.000000    -0.000000     0.000000     0.000000     0.003621    -0.150400     0.000000    -0.056150
    0.013490    -0.041410    -0.883600     0.000000    -0.004723    -0.151100     0.092470     0.000000    -0.000000     0.000000    -0.000000     0.000000    -0.000025    -0.008898     0.002193    -0.023720
   -0.000000    -0.000000     1.000000     0.000000     0.000000    -0.000000    -0.000000     0.000000    -0.000000     0.000000    -0.000000     0.000000     0.000000     0.000000     0.000000     0.000000
   -0.000000    -0.000000     0.000000    -0.000000    -0.054120    21.760000   -58.820000     9.810000    -0.000000     0.000000    -0.000000    -0.000000     0.000000    -0.000000    -0.000734    -0.000000
    0.003332    -0.010230    -0.218200    -0.000000    -0.504700   -15.780000    10.150000    -0.000000     0.000000    -0.000000     0.000000    -0.000000    -0.000006    -0.002197     0.231300    -0.005857
    0.000117    -0.000358    -0.007640    -0.000000     0.000811    -0.597600    -0.469500    -0.000000     0.000000    -0.000000     0.000000    -0.000000    -0.000000    -0.000077     0.004845    -0.000205
   -0.000000    -0.000000     0.000000     0.000000     0.000000     1.000000     0.000000     0.000000    -0.000000     0.000000    -0.000000     0.000000     0.000000     0.000000     0.000000     0.000000
    1.000000     0.000000    -0.000000    21.080000    -0.000000     0.000000     0.000000     0.000000     0.000000    -0.000000     0.000000     0.000000    -0.000000    -0.000000    -0.000000    -0.000000
    0.000000    -0.000000     0.000000    -0.000000     1.000000    -0.000000    -0.000000   -21.080000    -0.000000     0.000000    -0.000000    64.710000     0.000000     0.000000     0.000000     0.000000
   -0.000000     1.000000    -0.000000   -64.710000     0.000000     0.000000     0.000000     0.000000     0.000000    -0.000000     0.000000     0.000000    -0.000000    -0.000000    -0.000000    -0.000000
   -0.000000    -0.000000     0.000000     0.000000     0.000000    -0.000000     1.000000     0.000000    -0.000000     0.000000    -0.000000     0.000000     0.000000     0.000000     0.000000     0.000000
