u  w  q  the  v  p  r  phi  x  y  z  psi  |  slat  flap  aileron  elevator
   -0.012370     0.277800   -29.680000    -9.810000    -0.000000     0.000000     0.000000     0.000000     0.000000    -0.000000     0.000000     0.000000    -0.000941     0.037320    -0.000000     0.016940
   -0.111400    -0.359000    55.750000    -0.000000     0.000000    -0.000000     0.000000    -0.000000     0.000000    -0.000000     0.000000     0.000000     0.002534    -0.103300     0.000000    -0.039980
    0.019630    -0.041840    -0.889200     0.000000    -0.003005    -0.078300     0.063390     0.000000    -0.000000     0.000000    -0.000000     0.000000    -0.000027    -0.008100     0.001083    -0.022980
   -0.000000    -0.000000     1.000000     0.000000     0.000000    -0.000000    -0.000000    -0.000000    -0.000000     0.000000    -0.000000     0.000000     0.000000     0.000000     0.000000     0.000000
   -0.000000    -0.000000     0.000000    -0.000000    -0.036900    29.710000   -57.240000     9.810000    -0.000000     0.000000    -0.000000    -0.000000     0.000000    -0.000000    -0.001466    -0.000000
    0.002615    -0.005573    -0.118400    -0.000000    -0.772700   -20.140000    16.300000    -0.000000     0.000000    -0.000000     0.000000    -0.000000    -0.000004    -0.001079     0.278500    -0.003062
    0.000031    -0.000067    -0.001421    -0.000000    -0.005593    -0.851700    -0.388900    -0.000000     0.000000    -0.000000     0.000000    -0.000000    -0.000000    -0.000013     0.006375    -0.000037
   -0.000000    -0.000000     0.000000     0.000000     0.000000     1.000000     0.000000     0.000000    -0.000000     0.000000    -0.000000     0.000000     0.000000     0.000000     0.000000     0.000000
    1.000000     0.000000    -0.000000    28.910000    -0.000000     0.000000     0.000000     0.000000     0.000000    -0.000000     0.000000     0.000000    -0.000000    -0.000000    -0.000000    -0.000000
    0.000000    -0.000000     0.000000    -0.000000     1.000000    -0.000000    -0.000000   -28.910000    -0.000000     0.000000    -0.000000    61.610000     0.000000     0.000000     0.000000     0.000000
   -0.000000     1.000000    -0.000000   -61.610000     0.000000     0.000000     0.000000     0.000000     0.000000    -0.000000     0.000000     0.000000    -0.000000    -0.000000    -0.000000    -0.000000
   -0.000000    -0.000000     0.000000     0.000000     0.000000    -0.000000     1.000000     0.000000    -0.000000     0.000000    -0.000000     0.000000     0.000000     0.000000     0.000000     0.000000

   -0.002997     0.171500   -22.620000    -9.810000    -0.000000    -0.000000     0.000000     0.000000     0.000000    -0.000000     0.000000     0.000000    -0.000872     0.036770     0.000000     0.017190
   -0.078880    -0.473300    94.010000    -0.000000     0.000000     0.000000     0.000000    -0.000000     0.000000    -0.000000     0.000000     0.000000     0.005416    -0.233000    -0.000000    -0.082300
    0.013330    -0.060900    -1.306000     0.000000    -0.004060    -0.148800     0.077210     0.000000    -0.000000     0.000000    -0.000000     0.000000    -0.000111    -0.021650     0.003451    -0.055670
   -0.000000    -0.000000     1.000000     0.000000     0.000000    -0.000000    -0.000000     0.000000    -0.000000     0.000000    -0.000000     0.000000     0.000000     0.000000     0.000000     0.000000
    0.000000    -0.000000    -0.000000    -0.000000    -0.051410    22.540000   -96.230000     9.810000    -0.000000     0.000000    -0.000000    -0.000000     0.000000     0.000000     0.000638    -0.000000
    0.002111    -0.009647    -0.206900    -0.000000    -0.858700   -31.480000    16.320000    -0.000000     0.000000    -0.000000     0.000000    -0.000000    -0.000018    -0.003430     0.729900    -0.008819
    0.000025    -0.000116    -0.002479    -0.000000     0.002662    -0.803400    -0.676500    -0.000000     0.000000    -0.000000     0.000000    -0.000000    -0.000000    -0.000041     0.012040    -0.000106
   -0.000000    -0.000000     0.000000    -0.000000     0.000000     1.000000     0.000000     0.000000    -0.000000     0.000000    -0.000000     0.000000     0.000000     0.000000     0.000000     0.000000
    1.000000     0.000000    -0.000000    22.200000    -0.000000     0.000000     0.000000     0.000000     0.000000    -0.000000     0.000000     0.000000    -0.000000    -0.000000    -0.000000    -0.000000
    0.000000    -0.000000     0.000000    -0.000000     1.000000    -0.000000    -0.000000   -22.200000    -0.000000     0.000000    -0.000000   101.400000     0.000000     0.000000     0.000000     0.000000
   -0.000000     1.000000    -0.000000  -101.400000     0.000000     0.000000     0.000000     0.000000     0.000000    -0.000000     0.000000     0.000000    -0.000000    -0.000000    -0.000000    -0.000000
   -0.000000    -0.000000     0.000000    -0.000000     0.000000    -0.000000     1.000000    -0.000000    -0.000000     0.000000    -0.000000     0.000000     0.000000     0.000000     0.000000     0.000000

   -0.000487     0.079210   -21.570000    -9.810000    -0.000000    -0.000000     0.000000     0.000000     0.000000    -0.000000     0.000000     0.000000    -0.000689     0.031200    -0.000000     0.016420
   -0.045100    -0.461800   199.700000    -0.000000    -0.000000    -0.000000    -0.000000    -0.000000     0.000000    -0.000000     0.000000     0.000000     0.010550    -0.479200    -0.000000    -0.156800
    0.008916    -0.085940    -1.824000     0.000000    -0.006922    -0.316400     0.119800     0.000000    -0.000000     0.000000    -0.000000     0.000000    -0.000492    -0.068010     0.015110    -0.159800
   -0.000000    -0.000000     1.000000     0.000000     0.000000    -0.000000    -0.000000     0.000000    -0.000000     0.000000    -0.000000     0.000000     0.000000     0.000000     0.000000     0.000000
    0.000000    -0.000000    -0.000000    -0.000000    -0.048160    21.450000  -202.000000     9.810000    -0.000000     0.000000    -0.000000    -0.000000     0.000000    -0.000000     0.004780    -0.000000
    0.002047    -0.019730    -0.418800    -0.000000    -0.946400   -43.270000    16.370000    -0.000000     0.000000    -0.000000     0.000000    -0.000000    -0.000113    -0.015610     2.066000    -0.036700
    0.000024    -0.000236    -0.004998    -0.000000     0.011100    -0.782900    -0.976100    -0.000000     0.000000    -0.000000     0.000000    -0.000000    -0.000001    -0.000186     0.028000    -0.000438
   -0.000000    -0.000000     0.000000     0.000000     0.000000     1.000000     0.000000     0.000000    -0.000000     0.000000    -0.000000     0.000000     0.000000     0.000000     0.000000     0.000000
    1.000000     0.000000    -0.000000    21.420000    -0.000000     0.000000     0.000000     0.000000     0.000000    -0.000000     0.000000     0.000000    -0.000000    -0.000000    -0.000000    -0.000000
    0.000000    -0.000000     0.000000    -0.000000     1.000000    -0.000000    -0.000000   -21.420000    -0.000000     0.000000    -0.000000   206.500000     0.000000     0.000000     0.000000     0.000000
   -0.000000     1.000000    -0.000000  -206.500000     0.000000     0.000000     0.000000     0.000000     0.000000    -0.000000     0.000000     0.000000    -0.000000    -0.000000    -0.000000    -0.000000
   -0.000000    -0.000000     0.000000     0.000000     0.000000    -0.000000     1.000000    -0.000000    -0.000000     0.000000    -0.000000     0.000000     0.000000     0.000000     0.000000     0.000000

   -0.000237     0.076160   -15.140000    -9.810000    -0.000000     0.000000     0.000000     0.000000     0.000000    -0.000000     0.000000     0.000000    -0.000614     0.028000    -0.000000     0.015700
   -0.047910    -0.613700   198.000000    -0.000000    -0.000000     0.000000    -0.000000    -0.000000     0.000000    -0.000000     0.000000     0.000000     0.014040    -0.640600    -0.000000    -0.207800
    0.006162    -0.085100    -1.813000     0.000000    -0.006477    -0.317500     0.107800     0.000000    -0.000000     0.000000    -0.000000     0.000000    -0.000495    -0.068280     0.015240    -0.158900
   -0.000000    -0.000000     1.000000     0.000000     0.000000    -0.000000    -0.000000     0.000000    -0.000000     0.000000    -0.000000     0.000000     0.000000     0.000000     0.000000     0.000000
    0.000000    -0.000000    -0.000000    -0.000000    -0.064950    14.910000  -201.100000     9.810000    -0.000000     0.000000    -0.000000    -0.000000     0.000000    -0.000000     0.007481    -0.000000
    0.001415    -0.019540    -0.416100    -0.000000    -0.885500   -43.420000    14.730000    -0.000000     0.000000    -0.000000     0.000000    -0.000000    -0.000114    -0.015680     2.084000    -0.036480
    0.000017    -0.000233    -0.004966    -0.000000     0.013340    -0.685600    -0.997300    -0.000000     0.000000    -0.000000     0.000000    -0.000000    -0.000001    -0.000187     0.026720    -0.000435
   -0.000000    -0.000000     0.000000     0.000000     0.000000     1.000000     0.000000     0.000000    -0.000000     0.000000    -0.000000     0.000000     0.000000     0.000000     0.000000     0.000000
    1.000000     0.000000    -0.000000    14.990000    -0.000000     0.000000     0.000000     0.000000     0.000000    -0.000000     0.000000     0.000000    -0.000000    -0.000000    -0.000000    -0.000000
    0.000000    -0.000000     0.000000    -0.000000     1.000000    -0.000000    -0.000000   -14.990000    -0.000000     0.000000    -0.000000   207.100000     0.000000     0.000000     0.000000     0.000000
   -0.000000     1.000000    -0.000000  -207.100000     0.000000     0.000000     0.000000     0.000000     0.000000    -0.000000     0.000000     0.000000    -0.000000    -0.000000    -0.000000    -0.000000
   -0.000000    -0.000000     0.000000     0.000000     0.000000    -0.000000     1.000000     0.000000    -0.000000     0.000000    -0.000000     0.000000     0.000000     0.000000     0.000000     0.000000

   -0.001801     0.167700   -16.440000    -9.810000     0.000000    -0.000000    -0.000000     0.000000     0.000000    -0.000000     0.000000     0.000000    -0.000834     0.035500     0.000000     0.016890
   -0.081030    -0.628400    92.690000    -0.000000     0.000000     0.000000     0.000000    -0.000000     0.000000    -0.000000     0.000000     0.000000     0.007256    -0.314800    -0.000000    -0.109300
    0.009397    -0.060110    -1.298000     0.000000    -0.003687    -0.150700     0.066930     0.000000    -0.000000     0.000000    -0.000000     0.000000    -0.000115    -0.022080     0.003550    -0.055770
   -0.000000    -0.000000     1.000000    -0.000000     0.000000    -0.000000    -0.000000    -0.000000    -0.000000     0.000000    -0.000000    -0.000000     0.000000     0.000000     0.000000     0.000000
   -0.000000    -0.000000    -0.000000    -0.000000    -0.070350    16.260000   -95.720000     9.810000    -0.000000     0.000000    -0.000000    -0.000000    -0.000000     0.000000     0.002067    -0.000000
    0.001489    -0.009523    -0.205700    -0.000000    -0.779600   -31.880000    14.150000    -0.000000     0.000000    -0.000000     0.000000    -0.000000    -0.000018    -0.003497     0.750800    -0.008835
    0.000018    -0.000114    -0.002464    -0.000000     0.005790    -0.674800    -0.710700    -0.000000     0.000000    -0.000000     0.000000    -0.000000    -0.000000    -0.000042     0.011260    -0.000106
   -0.000000    -0.000000     0.000000     0.000000     0.000000     1.000000     0.000000    -0.000000    -0.000000     0.000000    -0.000000    -0.000000     0.000000     0.000000     0.000000     0.000000
    1.000000     0.000000    -0.000000    16.040000    -0.000000     0.000000     0.000000     0.000000     0.000000    -0.000000     0.000000     0.000000    -0.000000    -0.000000    -0.000000    -0.000000
    0.000000    -0.000000     0.000000    -0.000000     1.000000    -0.000000    -0.000000   -16.040000    -0.000000     0.000000    -0.000000   102.600000     0.000000     0.000000     0.000000     0.000000
   -0.000000     1.000000    -0.000000  -102.600000     0.000000     0.000000     0.000000     0.000000     0.000000    -0.000000     0.000000     0.000000    -0.000000    -0.000000    -0.000000    -0.000000
   -0.000000    -0.000000     0.000000     0.000000     0.000000    -0.000000     1.000000    -0.000000    -0.000000     0.000000    -0.000000    -0.000000     0.000000     0.000000     0.000000     0.000000

   -0.007691     0.271400   -21.750000    -9.810000     0.000000    -0.000000     0.000000     0.000000     0.000000    -0.000000     0.000000     0.000000    -0.000943     0.038130    -0.000000     0.017270
   -0.111900    -0.491200    56.660000    -0.000000     0.000000     0.000000    -0.000000    -0.000000     0.000000    -0.000000     0.000000     0.000000     0.003624    -0.150600     0.000000    -0.056180
    0.013530    -0.041730    -0.898900     0.000000    -0.002641    -0.082620     0.052880     0.000000    -0.000000     0.000000    -0.000000     0.000000    -0.000032    -0.008880     0.001212    -0.024290
   -0.000000    -0.000000     1.000000     0.000000     0.000000    -0.000000    -0.000000     0.000000    -0.000000     0.000000    -0.000000     0.000000     0.000000     0.000000     0.000000     0.000000
   -0.000000    -0.000000     0.000000    -0.000000    -0.054220    21.660000   -58.850000     9.810000    -0.000000     0.000000    -0.000000    -0.000000    -0.000000    -0.000000    -0.000720    -0.000000
    0.001802    -0.005559    -0.119700    -0.000000    -0.679000   -21.250000    13.590000    -0.000000     0.000000    -0.000000     0.000000    -0.000000    -0.000004    -0.001183     0.311600    -0.003235
    0.000022    -0.000067    -0.001436    -0.000000    -0.001314    -0.685800    -0.444600    -0.000000     0.000000    -0.000000     0.000000    -0.000000    -0.000000    -0.000014     0.006009    -0.000039
   -0.000000    -0.000000     0.000000     0.000000     0.000000     1.000000     0.000000     0.000000    -0.000000     0.000000    -0.000000     0.000000     0.000000     0.000000     0.000000     0.000000
    1.000000     0.000000    -0.000000    20.990000    -0.000000     0.000000     0.000000     0.000000     0.000000    -0.000000     0.000000     0.000000    -0.000000    -0.000000    -0.000000    -0.000000
    0.000000    -0.000000     0.000000    -0.000000     1.000000    -0.000000    -0.000000   -20.990000    -0.000000     0.000000    -0.000000    64.740000     0.000000     0.000000     0.000000     0.000000
   -0.000000     1.000000    -0.000000   -64.740000     0.000000     0.000000     0.000000     0.000000     0.000000    -0.000000     0.000000     0.000000    -0.000000    -0.000000    -0.000000    -0.000000
   -0.000000    -0.000000     0.000000     0.000000     0.000000    -0.000000     1.000000    -0.000000    -0.000000     0.000000    -0.000000     0.000000     0.000000     0.000000     0.000000     0.000000
