u  w  q  the  v  p  r  phi  x  y  z  psi  |  slat  flap  aileron  elevator
   -0.010060     0.273100   -29.160000    -9.810000    -0.000000    -0.000000     0.000000     0.000000     0.000000    -0.000000     0.000000     0.000000    -0.000924     0.036700    -0.000000     0.015820
   -0.114400    -0.360800    56.120000    -0.000000     0.000000     0.000000    -0.000000    -0.000000     0.000000    -0.000000     0.000000     0.000000     0.002555    -0.104200     0.000000    -0.040190
    0.016720    -0.036530    -0.808100     0.000000    -0.002124    -0.066160     0.036350     0.000000    -0.000000     0.000000    -0.000000     0.000000    -0.000050    -0.006733     0.000839    -0.021520
   -0.000000    -0.000000     1.000000     0.000000     0.000000    -0.000000    -0.000000     0.000000    -0.000000     0.000000    -0.000000     0.000000     0.000000     0.000000     0.000000     0.000000
   -0.000000    -0.000000     0.000000    -0.000000    -0.037390    29.100000   -57.510000     9.810000    -0.000000     0.000000    -0.000000    -0.000000    -0.000000    -0.000000    -0.001411    -0.000000
    0.001699    -0.003711    -0.082100    -0.000000    -0.090960    -2.376000     1.890000    -0.000000     0.000000    -0.000000     0.000000    -0.000000    -0.000005    -0.000684     0.033060    -0.002186
    0.000304    -0.000663    -0.014680    -0.000000     0.001985    -0.480200    -0.428800    -0.000000     0.000000    -0.000000     0.000000    -0.000000    -0.000001    -0.000122     0.002593    -0.000391
   -0.000000    -0.000000     0.000000    -0.000000     0.000000     1.000000     0.000000     0.000000    -0.000000     0.000000    -0.000000     0.000000     0.000000     0.000000     0.000000     0.000000
    1.000000     0.000000    -0.000000    28.320000    -0.000000     0.000000     0.000000     0.000000     0.000000    -0.000000     0.000000     0.000000    -0.000000    -0.000000    -0.000000    -0.000000
    0.000000    -0.000000     0.000000    -0.000000     1.000000    -0.000000    -0.000000   -28.320000    -0.000000     0.000000    -0.000000    61.880000     0.000000     0.000000     0.000000     0.000000
   -0.000000     1.000000    -0.000000   -61.880000     0.000000     0.000000     0.000000     0.000000     0.000000    -0.000000     0.000000     0.000000    -0.000000    -0.000000    -0.000000    -0.000000
   -0.000000    -0.000000     0.000000     0.000000     0.000000    -0.000000     1.000000     0.000000    -0.000000     0.000000    -0.000000     0.000000     0.000000     0.000000     0.000000     0.000000

   -0.002279     0.168600   -22.200000    -9.810000    -0.000000    -0.000000     0.000000     0.000000     0.000000    -0.000000     0.000000     0.000000    -0.000853     0.035980     0.000000     0.015820
   -0.080910    -0.473900    94.260000    -0.000000     0.000000     0.000000     0.000000    -0.000000     0.000000    -0.000000     0.000000     0.000000     0.005426    -0.233500    -0.000000    -0.082320
    0.011130    -0.051960    -1.173000     0.000000    -0.002271    -0.098880     0.031440     0.000000    -0.000000     0.000000    -0.000000     0.000000    -0.000168    -0.017670     0.002183    -0.051380
   -0.000000    -0.000000     1.000000     0.000000     0.000000    -0.000000    -0.000000     0.000000    -0.000000     0.000000    -0.000000     0.000000     0.000000     0.000000     0.000000     0.000000
   -0.000000    -0.000000    -0.000000    -0.000000    -0.051690    22.070000   -96.340000     9.810000    -0.000000     0.000000    -0.000000    -0.000000    -0.000000     0.000000     0.000697    -0.000000
    0.001151    -0.005377    -0.121400    -0.000000    -0.086680    -3.175000     1.623000    -0.000000     0.000000    -0.000000     0.000000    -0.000000    -0.000017    -0.001829     0.073770    -0.005317
    0.000231    -0.001081    -0.024400    -0.000000     0.008630    -0.333200    -0.621200    -0.000000     0.000000    -0.000000     0.000000    -0.000000    -0.000003    -0.000368     0.002990    -0.001069
   -0.000000    -0.000000     0.000000     0.000000     0.000000     1.000000     0.000000     0.000000    -0.000000     0.000000    -0.000000     0.000000     0.000000     0.000000     0.000000     0.000000
    1.000000     0.000000    -0.000000    21.740000    -0.000000     0.000000     0.000000     0.000000     0.000000    -0.000000     0.000000     0.000000    -0.000000    -0.000000    -0.000000    -0.000000
    0.000000    -0.000000     0.000000    -0.000000     1.000000    -0.000000    -0.000000   -21.740000    -0.000000     0.000000    -0.000000   101.500000     0.000000     0.000000     0.000000     0.000000
   -0.000000     1.000000    -0.000000  -101.500000     0.000000     0.000000     0.000000     0.000000     0.000000    -0.000000     0.000000     0.000000    -0.000000    -0.000000    -0.000000    -0.000000
   -0.000000    -0.000000     0.000000     0.000000     0.000000    -0.000000     1.000000    -0.000000    -0.000000     0.000000    -0.000000     0.000000     0.000000     0.000000     0.000000     0.000000

   -0.000308     0.077750   -21.120000    -9.810000     0.000000     0.000000     0.000000     0.000000     0.000000    -0.000000     0.000000     0.000000    -0.000671     0.030400    -0.000000     0.014880
   -0.046140    -0.462000   199.900000    -0.000000    -0.000000     0.000000    -0.000000    -0.000000     0.000000    -0.000000     0.000000     0.000000     0.010550    -0.479500    -0.000000    -0.156800
    0.007160    -0.070600    -1.586000     0.000000    -0.002422    -0.140100     0.022890     0.000000    -0.000000     0.000000    -0.000000     0.000000    -0.000629    -0.053820     0.006481    -0.142900
   -0.000000    -0.000000     1.000000     0.000000     0.000000    -0.000000    -0.000000     0.000000    -0.000000     0.000000    -0.000000     0.000000     0.000000     0.000000     0.000000     0.000000
    0.000000    -0.000000    -0.000000    -0.000000    -0.048300    20.960000  -202.100000     9.810000    -0.000000     0.000000    -0.000000    -0.000000     0.000000    -0.000000     0.004832    -0.000000
    0.000764    -0.007535    -0.169200    -0.000000    -0.068170    -3.111000     1.161000    -0.000000     0.000000    -0.000000     0.000000    -0.000000    -0.000067    -0.005745     0.148700    -0.015250
    0.000197    -0.001943    -0.043640    -0.000000     0.013760    -0.192100    -0.743200    -0.000000     0.000000    -0.000000     0.000000    -0.000000    -0.000017    -0.001481     0.003208    -0.003934
   -0.000000    -0.000000     0.000000     0.000000     0.000000     1.000000     0.000000     0.000000    -0.000000     0.000000    -0.000000     0.000000     0.000000     0.000000     0.000000     0.000000
    1.000000     0.000000    -0.000000    20.950000    -0.000000     0.000000     0.000000     0.000000     0.000000    -0.000000     0.000000     0.000000    -0.000000    -0.000000    -0.000000    -0.000000
    0.000000    -0.000000     0.000000    -0.000000     1.000000    -0.000000    -0.000000   -20.950000    -0.000000     0.000000    -0.000000   206.600000     0.000000     0.000000     0.000000     0.000000
   -0.000000     1.000000    -0.000000  -206.600000     0.000000     0.000000     0.000000     0.000000     0.000000    -0.000000     0.000000     0.000000    -0.000000    -0.000000    -0.000000    -0.000000
   -0.000000    -0.000000     0.000000     0.000000     0.000000    -0.000000     1.000000     0.000000    -0.000000     0.000000    -0.000000     0.000000     0.000000     0.000000     0.000000     0.000000

   -0.000111     0.074710   -14.800000    -9.810000     0.000000     0.000000     0.000000     0.000000     0.000000    -0.000000     0.000000     0.000000    -0.000595     0.027190    -0.000000     0.014150
   -0.048960    -0.613900   198.200000    -0.000000    -0.000000    -0.000000     0.000000    -0.000000     0.000000    -0.000000     0.000000     0.000000     0.014040    -0.640800    -0.000000    -0.207700
    0.004932    -0.069790    -1.576000     0.000000    -0.002200    -0.138300     0.017840     0.000000    -0.000000     0.000000    -0.000000     0.000000    -0.000633    -0.054010     0.006498    -0.142100
   -0.000000    -0.000000     1.000000     0.000000     0.000000    -0.000000    -0.000000     0.000000    -0.000000     0.000000    -0.000000     0.000000     0.000000     0.000000     0.000000     0.000000
    0.000000    -0.000000    -0.000000    -0.000000    -0.065090    14.550000  -201.200000     9.810000    -0.000000     0.000000    -0.000000    -0.000000     0.000000    -0.000000     0.007532    -0.000000
    0.000526    -0.007449    -0.168200    -0.000000    -0.063810    -3.121000     1.045000    -0.000000     0.000000    -0.000000     0.000000    -0.000000    -0.000068    -0.005764     0.149900    -0.015170
    0.000136    -0.001921    -0.043370    -0.000000     0.014740    -0.129100    -0.744800    -0.000000     0.000000    -0.000000     0.000000    -0.000000    -0.000017    -0.001486     0.002270    -0.003911
   -0.000000    -0.000000     0.000000    -0.000000     0.000000     1.000000     0.000000     0.000000    -0.000000     0.000000    -0.000000     0.000000     0.000000     0.000000     0.000000     0.000000
    1.000000     0.000000    -0.000000    14.640000    -0.000000     0.000000     0.000000     0.000000     0.000000    -0.000000     0.000000     0.000000    -0.000000    -0.000000    -0.000000    -0.000000
    0.000000    -0.000000     0.000000    -0.000000     1.000000    -0.000000    -0.000000   -14.640000    -0.000000     0.000000    -0.000000   207.100000     0.000000     0.000000     0.000000     0.000000
   -0.000000     1.000000    -0.000000  -207.100000     0.000000     0.000000     0.000000     0.000000     0.000000    -0.000000     0.000000     0.000000    -0.000000    -0.000000    -0.000000    -0.000000
   -0.000000    -0.000000     0.000000     0.000000     0.000000    -0.000000     1.000000    -0.000000    -0.000000     0.000000    -0.000000     0.000000     0.000000     0.000000     0.000000     0.000000

   -0.001288     0.164800   -16.140000    -9.810000     0.000000    -0.000000    -0.000000     0.000000     0.000000    -0.000000     0.000000     0.000000    -0.000815     0.034680     0.000000     0.015480
   -0.083040    -0.629000    92.950000    -0.000000    -0.000000     0.000000     0.000000    -0.000000     0.000000    -0.000000     0.000000     0.000000     0.007263    -0.315200    -0.000000    -0.109300
    0.007819    -0.051120    -1.166000     0.000000    -0.002005    -0.097720     0.025080     0.000000    -0.000000     0.000000    -0.000000     0.000000    -0.000173    -0.017990     0.002223    -0.051460
   -0.000000    -0.000000     1.000000     0.000000     0.000000    -0.000000    -0.000000     0.000000    -0.000000     0.000000    -0.000000     0.000000     0.000000     0.000000     0.000000     0.000000
   -0.000000    -0.000000    -0.000000    -0.000000    -0.070630    15.910000   -95.800000     9.810000    -0.000000     0.000000    -0.000000    -0.000000     0.000000    -0.000000     0.002125     0.000000
    0.000809    -0.005291    -0.120600    -0.000000    -0.078740    -3.216000     1.407000    -0.000000     0.000000    -0.000000     0.000000    -0.000000    -0.000018    -0.001862     0.075810    -0.005326
    0.000163    -0.001064    -0.024260    -0.000000     0.010260    -0.237400    -0.628600    -0.000000     0.000000    -0.000000     0.000000    -0.000000    -0.000004    -0.000374     0.002260    -0.001071
   -0.000000    -0.000000     0.000000     0.000000     0.000000     1.000000     0.000000     0.000000    -0.000000     0.000000    -0.000000     0.000000     0.000000     0.000000     0.000000     0.000000
    1.000000     0.000000    -0.000000    15.700000    -0.000000     0.000000     0.000000     0.000000     0.000000    -0.000000     0.000000     0.000000    -0.000000    -0.000000    -0.000000    -0.000000
    0.000000    -0.000000     0.000000    -0.000000     1.000000    -0.000000    -0.000000   -15.700000    -0.000000     0.000000    -0.000000   102.700000     0.000000     0.000000     0.000000     0.000000
   -0.000000     1.000000    -0.000000  -102.700000     0.000000     0.000000     0.000000     0.000000     0.000000    -0.000000     0.000000     0.000000    -0.000000    -0.000000    -0.000000    -0.000000
   -0.000000    -0.000000     0.000000     0.000000     0.000000    -0.000000     1.000000    -0.000000    -0.000000     0.000000    -0.000000     0.000000     0.000000     0.000000     0.000000     0.000000

   -0.006108     0.266800   -21.380000    -9.810000    -0.000000    -0.000000     0.000000     0.000000     0.000000    -0.000000     0.000000     0.000000    -0.000924     0.037400    -0.000000     0.016030
   -0.114900    -0.492500    56.950000    -0.000000     0.000000    -0.000000    -0.000000    -0.000000     0.000000    -0.000000     0.000000     0.000000     0.003639    -0.151200     0.000000    -0.056290
    0.011460    -0.036180    -0.816100     0.000000    -0.001812    -0.066480     0.028490     0.000000    -0.000000     0.000000    -0.000000     0.000000    -0.000058    -0.007334     0.000917    -0.022670
   -0.000000    -0.000000     1.000000     0.000000     0.000000    -0.000000    -0.000000     0.000000    -0.000000     0.000000    -0.000000     0.000000     0.000000     0.000000     0.000000     0.000000
   -0.000000    -0.000000     0.000000    -0.000000    -0.054660    21.210000   -59.000000     9.810000    -0.000000     0.000000    -0.000000    -0.000000    -0.000000    -0.000000    -0.000661    -0.000000
    0.001165    -0.003675    -0.082910    -0.000000    -0.079950    -2.503000     1.577000    -0.000000     0.000000    -0.000000     0.000000    -0.000000    -0.000006    -0.000745     0.036820    -0.002304
    0.000208    -0.000657    -0.014820    -0.000000     0.004460    -0.346400    -0.449100    -0.000000     0.000000    -0.000000     0.000000    -0.000000    -0.000001    -0.000133     0.002041    -0.000412
   -0.000000    -0.000000     0.000000     0.000000     0.000000     1.000000     0.000000     0.000000    -0.000000     0.000000    -0.000000     0.000000     0.000000     0.000000     0.000000     0.000000
    1.000000     0.000000    -0.000000    20.560000    -0.000000     0.000000     0.000000     0.000000     0.000000    -0.000000     0.000000     0.000000    -0.000000    -0.000000    -0.000000    -0.000000
    0.000000    -0.000000     0.000000    -0.000000     1.000000    -0.000000    -0.000000   -20.560000    -0.000000     0.000000    -0.000000    64.880000     0.000000     0.000000     0.000000     0.000000
   -0.000000     1.000000    -0.000000   -64.880000     0.000000     0.000000     0.000000     0.000000     0.000000    -0.000000     0.000000     0.000000    -0.000000    -0.000000    -0.000000    -0.000000
   -0.000000    -0.000000     0.000000     0.000000     0.000000    -0.000000     1.000000     0.000000    -0.000000     0.000000    -0.000000     0.000000     0.000000     0.000000     0.000000     0.000000
