u  w  q  the  v  p  r  phi  x  y  z  psi  |  slat  flap  aileron  elevator
   -0.010580     0.274200   -29.280000    -9.810000    -0.000000    -0.000000     0.000000     0.000000     0.000000    -0.000000     0.000000     0.000000    -0.000928     0.036840    -0.000000     0.016080
   -0.113700    -0.360400    56.030000    -0.000000     0.000000     0.000000    -0.000000    -0.000000     0.000000    -0.000000     0.000000     0.000000     0.002551    -0.104000     0.000000    -0.040140
    0.017520    -0.038050    -0.833200     0.000000    -0.002101    -0.062530     0.038270     0.000000    -0.000000     0.000000    -0.000000     0.000000    -0.000045    -0.007102     0.000810    -0.022040
   -0.000000    -0.000000     1.000000     0.000000     0.000000    -0.000000    -0.000000     0.000000    -0.000000     0.000000    -0.000000     0.000000     0.000000     0.000000     0.000000     0.000000
   -0.000000    -0.000000     0.000000    -0.000000    -0.037270    29.240000   -57.450000     9.810000    -0.000000     0.000000    -0.000000    -0.000000     0.000000    -0.000000    -0.001424    -0.000000
    0.001714    -0.003723    -0.081520    -0.000000    -0.124800    -3.258000     2.602000    -0.000000     0.000000    -0.000000     0.000000    -0.000000    -0.000004    -0.000695     0.045270    -0.002156
    0.000227    -0.000494    -0.010820    -0.000000     0.001836    -0.530000    -0.457900    -0.000000     0.000000    -0.000000     0.000000    -0.000000    -0.000001    -0.000092     0.002927    -0.000286
   -0.000000    -0.000000     0.000000     0.000000     0.000000     1.000000     0.000000     0.000000    -0.000000     0.000000    -0.000000     0.000000     0.000000     0.000000     0.000000     0.000000
    1.000000     0.000000    -0.000000    28.460000    -0.000000     0.000000     0.000000     0.000000     0.000000    -0.000000     0.000000     0.000000    -0.000000    -0.000000    -0.000000    -0.000000
    0.000000    -0.000000     0.000000    -0.000000     1.000000    -0.000000    -0.000000   -28.460000    -0.000000     0.000000    -0.000000    61.820000     0.000000     0.000000     0.000000     0.000000
   -0.000000     1.000000    -0.000000   -61.820000     0.000000     0.000000     0.000000     0.000000     0.000000    -0.000000     0.000000     0.000000    -0.000000    -0.000000    -0.000000    -0.000000
   -0.000000    -0.000000     0.000000     0.000000     0.000000    -0.000000     1.000000     0.000000    -0.000000     0.000000    -0.000000     0.000000     0.000000     0.000000     0.000000     0.000000

   -0.002441     0.169300   -22.290000    -9.810000    -0.000000    -0.000000     0.000000     0.000000     0.000000    -0.000000     0.000000     0.000000    -0.000857     0.036170    -0.000000     0.016140
   -0.080440    -0.473800    94.200000    -0.000000     0.000000     0.000000    -0.000000    -0.000000     0.000000    -0.000000     0.000000     0.000000     0.005423    -0.233400    -0.000000    -0.082310
    0.011730    -0.054510    -1.215000     0.000000    -0.002317    -0.096300     0.035500     0.000000    -0.000000     0.000000    -0.000000     0.000000    -0.000157    -0.018750     0.002153    -0.052870
   -0.000000    -0.000000     1.000000     0.000000     0.000000    -0.000000    -0.000000     0.000000    -0.000000     0.000000    -0.000000     0.000000     0.000000     0.000000     0.000000     0.000000
    0.000000    -0.000000    -0.000000    -0.000000    -0.051630    22.180000   -96.320000     9.810000    -0.000000     0.000000    -0.000000    -0.000000    -0.000000    -0.000000     0.000683    -0.000000
    0.001178    -0.005472    -0.121900    -0.000000    -0.119700    -4.387000     2.250000    -0.000000     0.000000    -0.000000     0.000000    -0.000000    -0.000016    -0.001882     0.101900    -0.005308
    0.000176    -0.000818    -0.018230    -0.000000     0.009191    -0.377300    -0.675800    -0.000000     0.000000    -0.000000     0.000000    -0.000000    -0.000002    -0.000282     0.003537    -0.000794
   -0.000000    -0.000000     0.000000     0.000000     0.000000     1.000000     0.000000     0.000000    -0.000000     0.000000    -0.000000     0.000000     0.000000     0.000000     0.000000     0.000000
    1.000000     0.000000    -0.000000    21.850000    -0.000000     0.000000     0.000000     0.000000     0.000000    -0.000000     0.000000     0.000000    -0.000000    -0.000000    -0.000000    -0.000000
    0.000000    -0.000000     0.000000    -0.000000     1.000000    -0.000000    -0.000000   -21.850000    -0.000000     0.000000    -0.000000   101.500000     0.000000     0.000000     0.000000     0.000000
   -0.000000     1.000000    -0.000000  -101.500000     0.000000     0.000000     0.000000     0.000000     0.000000    -0.000000     0.000000     0.000000    -0.000000    -0.000000    -0.000000    -0.000000
   -0.000000    -0.000000     0.000000     0.000000     0.000000    -0.000000     1.000000    -0.000000    -0.000000     0.000000    -0.000000     0.000000     0.000000     0.000000     0.000000     0.000000

   -0.000348     0.078090   -21.220000    -9.810000     0.000000    -0.000000     0.000000     0.000000     0.000000    -0.000000     0.000000     0.000000    -0.000675     0.030590    -0.000000     0.015240
   -0.045900    -0.462000   199.900000    -0.000000    -0.000000     0.000000     0.000000    -0.000000     0.000000    -0.000000     0.000000     0.000000     0.010550    -0.479400    -0.000000    -0.156800
    0.007655    -0.075080    -1.662000     0.000000    -0.002599    -0.141200     0.030530     0.000000    -0.000000     0.000000    -0.000000     0.000000    -0.000609    -0.057790     0.006582    -0.148900
   -0.000000    -0.000000     1.000000     0.000000     0.000000    -0.000000    -0.000000     0.000000    -0.000000     0.000000    -0.000000     0.000000     0.000000     0.000000     0.000000     0.000000
    0.000000    -0.000000    -0.000000    -0.000000    -0.048260    21.080000  -202.000000     9.810000    -0.000000     0.000000    -0.000000    -0.000000    -0.000000    -0.000000     0.004820    -0.000000
    0.000803    -0.007872    -0.174300    -0.000000    -0.095290    -4.349000     1.630000    -0.000000     0.000000    -0.000000     0.000000    -0.000000    -0.000064    -0.006059     0.207800    -0.015610
    0.000156    -0.001529    -0.033850    -0.000000     0.015410    -0.227200    -0.838100    -0.000000     0.000000    -0.000000     0.000000    -0.000000    -0.000012    -0.001177     0.004082    -0.003031
   -0.000000    -0.000000     0.000000    -0.000000     0.000000     1.000000     0.000000     0.000000    -0.000000     0.000000    -0.000000     0.000000     0.000000     0.000000     0.000000     0.000000
    1.000000     0.000000    -0.000000    21.060000    -0.000000     0.000000     0.000000     0.000000     0.000000    -0.000000     0.000000     0.000000    -0.000000    -0.000000    -0.000000    -0.000000
    0.000000    -0.000000     0.000000    -0.000000     1.000000    -0.000000    -0.000000   -21.060000    -0.000000     0.000000    -0.000000   206.500000     0.000000     0.000000     0.000000     0.000000
   -0.000000     1.000000    -0.000000  -206.500000     0.000000     0.000000     0.000000     0.000000     0.000000    -0.000000     0.000000     0.000000    -0.000000    -0.000000    -0.000000    -0.000000
   -0.000000    -0.000000     0.000000     0.000000     0.000000    -0.000000     1.000000     0.000000    -0.000000     0.000000    -0.000000     0.000000     0.000000     0.000000     0.000000     0.000000

   -0.000139     0.075050   -14.880000    -9.810000     0.000000     0.000000    -0.000000     0.000000     0.000000    -0.000000     0.000000     0.000000    -0.000599     0.027380    -0.000000     0.014510
   -0.048710    -0.613800   198.200000    -0.000000    -0.000000    -0.000000    -0.000000    -0.000000     0.000000    -0.000000     0.000000     0.000000     0.014040    -0.640800    -0.000000    -0.207700
    0.005278    -0.074250    -1.652000     0.000000    -0.002381    -0.139900     0.025380     0.000000    -0.000000     0.000000    -0.000000     0.000000    -0.000612    -0.058000     0.006609    -0.148000
   -0.000000    -0.000000     1.000000     0.000000     0.000000    -0.000000    -0.000000    -0.000000    -0.000000     0.000000    -0.000000     0.000000     0.000000     0.000000     0.000000     0.000000
    0.000000    -0.000000    -0.000000    -0.000000    -0.065060    14.630000  -201.100000     9.810000    -0.000000     0.000000    -0.000000    -0.000000    -0.000000    -0.000000     0.007520    -0.000000
    0.000553    -0.007785    -0.173200    -0.000000    -0.089190    -4.364000     1.466000    -0.000000     0.000000    -0.000000     0.000000    -0.000000    -0.000064    -0.006081     0.209500    -0.015520
    0.000107    -0.001512    -0.033640    -0.000000     0.016540    -0.155800    -0.840300    -0.000000     0.000000    -0.000000     0.000000    -0.000000    -0.000012    -0.001181     0.003022    -0.003014
   -0.000000    -0.000000     0.000000     0.000000     0.000000     1.000000     0.000000     0.000000    -0.000000     0.000000    -0.000000     0.000000     0.000000     0.000000     0.000000     0.000000
    1.000000     0.000000    -0.000000    14.720000    -0.000000     0.000000     0.000000     0.000000     0.000000    -0.000000     0.000000     0.000000    -0.000000    -0.000000    -0.000000    -0.000000
    0.000000    -0.000000     0.000000    -0.000000     1.000000    -0.000000    -0.000000   -14.720000    -0.000000     0.000000    -0.000000   207.100000     0.000000     0.000000     0.000000     0.000000
   -0.000000     1.000000    -0.000000  -207.100000     0.000000     0.000000     0.000000     0.000000     0.000000    -0.000000     0.000000     0.000000    -0.000000    -0.000000    -0.000000    -0.000000
   -0.000000    -0.000000     0.000000     0.000000     0.000000    -0.000000     1.000000     0.000000    -0.000000     0.000000    -0.000000     0.000000     0.000000     0.000000     0.000000     0.000000

   -0.001403     0.165500   -16.210000    -9.810000    -0.000000    -0.000000     0.000000     0.000000     0.000000    -0.000000     0.000000     0.000000    -0.000819     0.034870    -0.000000     0.015810
   -0.082570    -0.628800    92.890000    -0.000000     0.000000     0.000000     0.000000    -0.000000     0.000000    -0.000000     0.000000     0.000000     0.007261    -0.315100    -0.000000    -0.109300
    0.008251    -0.053670    -1.207000     0.000000    -0.002062    -0.095770     0.029190     0.000000    -0.000000     0.000000    -0.000000     0.000000    -0.000161    -0.019100     0.002199    -0.052960
   -0.000000    -0.000000     1.000000     0.000000     0.000000    -0.000000    -0.000000     0.000000    -0.000000     0.000000    -0.000000     0.000000     0.000000     0.000000     0.000000     0.000000
   -0.000000    -0.000000     0.000000    -0.000000    -0.070560    15.990000   -95.780000     9.810000    -0.000000     0.000000    -0.000000    -0.000000     0.000000    -0.000000     0.002112    -0.000000
    0.000828    -0.005389    -0.121200    -0.000000    -0.108800    -4.443000     1.951000    -0.000000     0.000000    -0.000000     0.000000    -0.000000    -0.000016    -0.001917     0.104700    -0.005317
    0.000124    -0.000806    -0.018120    -0.000000     0.011010    -0.272000    -0.684700    -0.000000     0.000000    -0.000000     0.000000    -0.000000    -0.000002    -0.000287     0.002742    -0.000795
   -0.000000    -0.000000     0.000000     0.000000     0.000000     1.000000     0.000000     0.000000    -0.000000     0.000000    -0.000000     0.000000     0.000000     0.000000     0.000000     0.000000
    1.000000     0.000000    -0.000000    15.780000    -0.000000     0.000000     0.000000     0.000000     0.000000    -0.000000     0.000000     0.000000    -0.000000    -0.000000    -0.000000    -0.000000
    0.000000    -0.000000     0.000000    -0.000000     1.000000    -0.000000    -0.000000   -15.780000    -0.000000     0.000000    -0.000000   102.600000     0.000000     0.000000     0.000000     0.000000
   -0.000000     1.000000    -0.000000  -102.600000     0.000000     0.000000     0.000000     0.000000     0.000000    -0.000000     0.000000     0.000000    -0.000000    -0.000000    -0.000000    -0.000000
   -0.000000    -0.000000     0.000000     0.000000     0.000000    -0.000000     1.000000    -0.000000    -0.000000     0.000000    -0.000000     0.000000     0.000000     0.000000     0.000000     0.000000

   -0.006465     0.267900   -21.460000    -9.810000    -0.000000     0.000000     0.000000     0.000000     0.000000    -0.000000     0.000000     0.000000    -0.000928     0.037570    -0.000000     0.016320
   -0.114200    -0.492200    56.890000    -0.000000     0.000000    -0.000000    -0.000000    -0.000000     0.000000    -0.000000     0.000000     0.000000     0.003635    -0.151100     0.000000    -0.056260
    0.012020    -0.037750    -0.841600     0.000000    -0.001808    -0.063580     0.030610     0.000000    -0.000000     0.000000    -0.000000     0.000000    -0.000052    -0.007748     0.000891    -0.023230
   -0.000000    -0.000000     1.000000     0.000000     0.000000    -0.000000    -0.000000     0.000000    -0.000000     0.000000    -0.000000     0.000000     0.000000     0.000000     0.000000     0.000000
   -0.000000    -0.000000     0.000000    -0.000000    -0.054560    21.310000   -58.960000     9.810000    -0.000000     0.000000    -0.000000    -0.000000    -0.000000    -0.000000    -0.000675    -0.000000
    0.001177    -0.003693    -0.082350    -0.000000    -0.109700    -3.433000     2.171000    -0.000000     0.000000    -0.000000     0.000000    -0.000000    -0.000005    -0.000758     0.050470    -0.002273
    0.000156    -0.000490    -0.010930    -0.000000     0.004563    -0.385100    -0.481000    -0.000000     0.000000    -0.000000     0.000000    -0.000000    -0.000001    -0.000101     0.002344    -0.000302
   -0.000000    -0.000000     0.000000    -0.000000     0.000000     1.000000     0.000000     0.000000    -0.000000     0.000000    -0.000000     0.000000     0.000000     0.000000     0.000000     0.000000
    1.000000     0.000000    -0.000000    20.660000    -0.000000     0.000000     0.000000     0.000000     0.000000    -0.000000     0.000000     0.000000    -0.000000    -0.000000    -0.000000    -0.000000
    0.000000    -0.000000     0.000000    -0.000000     1.000000    -0.000000    -0.000000   -20.660000    -0.000000     0.000000    -0.000000    64.850000     0.000000     0.000000     0.000000     0.000000
   -0.000000     1.000000    -0.000000   -64.850000     0.000000     0.000000     0.000000     0.000000     0.000000    -0.000000     0.000000     0.000000    -0.000000    -0.000000    -0.000000    -0.000000
   -0.000000    -0.000000     0.000000     0.000000     0.000000    -0.000000     1.000000    -0.000000    -0.000000     0.000000    -0.000000     0.000000     0.000000     0.000000     0.000000     0.000000
