u  w  q  the  v  p  r  phi  x  y  z  psi  |  slat  flap  aileron  elevator
   -0.011010     0.275100   -29.380000    -9.810000    -0.000000     0.000000     0.000000     0.000000     0.000000    -0.000000     0.000000     0.000000    -0.000932     0.036960    -0.000000     0.016300
   -0.113100    -0.360100    55.960000    -0.000000     0.000000    -0.000000    -0.000000    -0.000000     0.000000    -0.000000     0.000000     0.000000     0.002547    -0.103800     0.000000    -0.040100
    0.018100    -0.039140    -0.850300     0.000000    -0.002529    -0.072240     0.048390     0.000000    -0.000000     0.000000    -0.000000     0.000000    -0.000041    -0.007378     0.000955    -0.022360
   -0.000000    -0.000000     1.000000     0.000000     0.000000    -0.000000    -0.000000    -0.000000    -0.000000     0.000000    -0.000000     0.000000     0.000000     0.000000     0.000000     0.000000
   -0.000000    -0.000000     0.000000    -0.000000    -0.037180    29.360000   -57.400000     9.810000    -0.000000     0.000000    -0.000000    -0.000000     0.000000    -0.000000    -0.001434    -0.000000
    0.002094    -0.004528    -0.098370    -0.000000    -0.183200    -4.783000     3.831000    -0.000000     0.000000    -0.000000     0.000000    -0.000000    -0.000005    -0.000854     0.066360    -0.002587
    0.000196    -0.000424    -0.009205    -0.000000     0.001344    -0.584300    -0.476500    -0.000000     0.000000    -0.000000     0.000000    -0.000000    -0.000000    -0.000080     0.003357    -0.000242
   -0.000000    -0.000000     0.000000     0.000000     0.000000     1.000000     0.000000     0.000000    -0.000000     0.000000    -0.000000     0.000000     0.000000     0.000000     0.000000     0.000000
    1.000000     0.000000    -0.000000    28.570000    -0.000000     0.000000     0.000000     0.000000     0.000000    -0.000000     0.000000     0.000000    -0.000000    -0.000000    -0.000000    -0.000000
    0.000000    -0.000000     0.000000    -0.000000     1.000000    -0.000000    -0.000000   -28.570000    -0.000000     0.000000    -0.000000    61.770000     0.000000     0.000000     0.000000     0.000000
   -0.000000     1.000000    -0.000000   -61.770000     0.000000     0.000000     0.000000     0.000000     0.000000    -0.000000     0.000000     0.000000    -0.000000    -0.000000    -0.000000    -0.000000
   -0.000000    -0.000000     0.000000     0.000000     0.000000    -0.000000     1.000000     0.000000    -0.000000     0.000000    -0.000000     0.000000     0.000000     0.000000     0.000000     0.000000

   -0.002576     0.169800   -22.380000    -9.810000    -0.000000    -0.000000    -0.000000     0.000000     0.000000    -0.000000     0.000000     0.000000    -0.000861     0.036320     0.000000     0.016400
   -0.080050    -0.473600    94.150000    -0.000000     0.000000     0.000000     0.000000    -0.000000     0.000000    -0.000000     0.000000     0.000000     0.005421    -0.233300    -0.000000    -0.082310
    0.012180    -0.056340    -1.243000     0.000000    -0.002877    -0.114800     0.047610     0.000000    -0.000000     0.000000    -0.000000     0.000000    -0.000146    -0.019550     0.002597    -0.053820
   -0.000000    -0.000000     1.000000     0.000000     0.000000    -0.000000    -0.000000     0.000000    -0.000000     0.000000    -0.000000     0.000000     0.000000     0.000000     0.000000     0.000000
    0.000000    -0.000000    -0.000000    -0.000000    -0.051570    22.270000   -96.290000     9.810000    -0.000000     0.000000    -0.000000    -0.000000     0.000000    -0.000000     0.000672    -0.000000
    0.001464    -0.006773    -0.149400    -0.000000    -0.178000    -6.522000     3.353000    -0.000000     0.000000    -0.000000     0.000000    -0.000000    -0.000018    -0.002351     0.151400    -0.006470
    0.000153    -0.000710    -0.015650    -0.000000     0.009350    -0.431000    -0.719400    -0.000000     0.000000    -0.000000     0.000000    -0.000000    -0.000002    -0.000246     0.004344    -0.000678
   -0.000000    -0.000000     0.000000     0.000000     0.000000     1.000000     0.000000     0.000000    -0.000000     0.000000    -0.000000     0.000000     0.000000     0.000000     0.000000     0.000000
    1.000000     0.000000    -0.000000    21.940000    -0.000000     0.000000     0.000000     0.000000     0.000000    -0.000000     0.000000     0.000000    -0.000000    -0.000000    -0.000000    -0.000000
    0.000000    -0.000000     0.000000    -0.000000     1.000000    -0.000000    -0.000000   -21.940000    -0.000000     0.000000    -0.000000   101.500000     0.000000     0.000000     0.000000     0.000000
   -0.000000     1.000000    -0.000000  -101.500000     0.000000     0.000000     0.000000     0.000000     0.000000    -0.000000     0.000000     0.000000    -0.000000    -0.000000    -0.000000    -0.000000
   -0.000000    -0.000000     0.000000     0.000000     0.000000    -0.000000     1.000000     0.000000    -0.000000     0.000000    -0.000000     0.000000     0.000000     0.000000     0.000000     0.000000

   -0.000381     0.078370   -21.310000    -9.810000     0.000000     0.000000    -0.000000     0.000000     0.000000    -0.000000     0.000000     0.000000    -0.000678     0.030740    -0.000000     0.015540
   -0.045700    -0.461900   199.800000    -0.000000    -0.000000    -0.000000     0.000000    -0.000000     0.000000    -0.000000     0.000000     0.000000     0.010550    -0.479400    -0.000000    -0.156800
    0.008016    -0.078280    -1.714000     0.000000    -0.003405    -0.174800     0.046540     0.000000    -0.000000     0.000000    -0.000000     0.000000    -0.000585    -0.060700     0.008211    -0.152700
   -0.000000    -0.000000     1.000000     0.000000     0.000000    -0.000000    -0.000000     0.000000    -0.000000     0.000000    -0.000000     0.000000     0.000000     0.000000     0.000000     0.000000
   -0.000000     0.000000    -0.000000    -0.000000    -0.048240    21.170000  -202.000000     9.810000    -0.000000     0.000000    -0.000000    -0.000000    -0.000000    -0.000000     0.004810    -0.000000
    0.001029    -0.010050    -0.220000    -0.000000    -0.144800    -6.612000     2.483000    -0.000000     0.000000    -0.000000     0.000000    -0.000000    -0.000075    -0.007793     0.315900    -0.019600
    0.000140    -0.001365    -0.029880    -0.000000     0.016720    -0.275600    -0.925900    -0.000000     0.000000    -0.000000     0.000000    -0.000000    -0.000010    -0.001058     0.005602    -0.002662
   -0.000000    -0.000000     0.000000    -0.000000     0.000000     1.000000     0.000000     0.000000    -0.000000     0.000000    -0.000000     0.000000     0.000000     0.000000     0.000000     0.000000
    1.000000     0.000000    -0.000000    21.150000    -0.000000     0.000000     0.000000     0.000000     0.000000    -0.000000     0.000000     0.000000    -0.000000    -0.000000    -0.000000    -0.000000
    0.000000    -0.000000     0.000000    -0.000000     1.000000    -0.000000    -0.000000   -21.150000    -0.000000     0.000000    -0.000000   206.500000     0.000000     0.000000     0.000000     0.000000
   -0.000000     1.000000    -0.000000  -206.500000     0.000000     0.000000     0.000000     0.000000     0.000000    -0.000000     0.000000     0.000000    -0.000000    -0.000000    -0.000000    -0.000000
   -0.000000    -0.000000     0.000000     0.000000     0.000000    -0.000000     1.000000    -0.000000    -0.000000     0.000000    -0.000000     0.000000     0.000000     0.000000     0.000000     0.000000

   -0.000163     0.075320   -14.940000    -9.810000    -0.000000     0.000000     0.000000     0.000000     0.000000    -0.000000     0.000000     0.000000    -0.000603     0.027540    -0.000000     0.014810
   -0.048510    -0.613800   198.100000    -0.000000    -0.000000     0.000000     0.000000    -0.000000     0.000000    -0.000000     0.000000     0.000000     0.014040    -0.640700    -0.000000    -0.207700
    0.005530    -0.077440    -1.703000     0.000000    -0.003143    -0.173900     0.040080     0.000000    -0.000000     0.000000    -0.000000     0.000000    -0.000589    -0.060920     0.008255    -0.151800
   -0.000000    -0.000000     1.000000     0.000000     0.000000    -0.000000    -0.000000     0.000000    -0.000000     0.000000    -0.000000     0.000000     0.000000     0.000000     0.000000     0.000000
    0.000000    -0.000000    -0.000000    -0.000000    -0.065030    14.700000  -201.100000     9.810000    -0.000000     0.000000    -0.000000    -0.000000    -0.000000    -0.000000     0.007511    -0.000000
    0.000710    -0.009942    -0.218600    -0.000000    -0.135500    -6.635000     2.234000    -0.000000     0.000000    -0.000000     0.000000    -0.000000    -0.000076    -0.007821     0.318500    -0.019490
    0.000096    -0.001350    -0.029690    -0.000000     0.018020    -0.196000    -0.929300    -0.000000     0.000000    -0.000000     0.000000    -0.000000    -0.000010    -0.001062     0.004428    -0.002646
   -0.000000    -0.000000     0.000000     0.000000     0.000000     1.000000     0.000000     0.000000    -0.000000     0.000000    -0.000000     0.000000     0.000000     0.000000     0.000000     0.000000
    1.000000     0.000000    -0.000000    14.790000    -0.000000     0.000000     0.000000     0.000000     0.000000    -0.000000     0.000000     0.000000    -0.000000    -0.000000    -0.000000    -0.000000
    0.000000    -0.000000     0.000000    -0.000000     1.000000    -0.000000    -0.000000   -14.790000    -0.000000     0.000000    -0.000000   207.100000     0.000000     0.000000     0.000000     0.000000
   -0.000000     1.000000    -0.000000  -207.100000     0.000000     0.000000     0.000000     0.000000     0.000000    -0.000000     0.000000     0.000000    -0.000000    -0.000000    -0.000000    -0.000000
   -0.000000    -0.000000     0.000000     0.000000     0.000000    -0.000000     1.000000     0.000000    -0.000000     0.000000    -0.000000     0.000000     0.000000     0.000000     0.000000     0.000000

   -0.001500     0.166000   -16.270000    -9.810000     0.000000     0.000000    -0.000000     0.000000     0.000000    -0.000000     0.000000     0.000000    -0.000823     0.035030     0.000000     0.016080
   -0.082190    -0.628700    92.840000    -0.000000     0.000000     0.000000    -0.000000    -0.000000     0.000000    -0.000000     0.000000     0.000000     0.007260    -0.315100    -0.000000    -0.109300
    0.008571    -0.055520    -1.235000     0.000000    -0.002578    -0.114900     0.039970     0.000000    -0.000000     0.000000    -0.000000     0.000000    -0.000151    -0.019920     0.002658    -0.053910
   -0.000000    -0.000000     1.000000     0.000000     0.000000    -0.000000    -0.000000     0.000000    -0.000000     0.000000    -0.000000     0.000000     0.000000     0.000000     0.000000     0.000000
   -0.000000    -0.000000    -0.000000    -0.000000    -0.070510    16.060000   -95.770000     9.810000    -0.000000     0.000000    -0.000000    -0.000000    -0.000000    -0.000000     0.002101    -0.000000
    0.001030    -0.006674    -0.148500    -0.000000    -0.161600    -6.605000     2.907000    -0.000000     0.000000    -0.000000     0.000000    -0.000000    -0.000018    -0.002395     0.155700    -0.006481
    0.000108    -0.000699    -0.015560    -0.000000     0.011380    -0.317200    -0.730600    -0.000000     0.000000    -0.000000     0.000000    -0.000000    -0.000002    -0.000251     0.003499    -0.000679
   -0.000000    -0.000000     0.000000    -0.000000     0.000000     1.000000     0.000000     0.000000    -0.000000     0.000000    -0.000000     0.000000     0.000000     0.000000     0.000000     0.000000
    1.000000     0.000000    -0.000000    15.840000    -0.000000     0.000000     0.000000     0.000000     0.000000    -0.000000     0.000000     0.000000    -0.000000    -0.000000    -0.000000    -0.000000
    0.000000    -0.000000     0.000000    -0.000000     1.000000    -0.000000    -0.000000   -15.840000    -0.000000     0.000000    -0.000000   102.600000     0.000000     0.000000     0.000000     0.000000
   -0.000000     1.000000    -0.000000  -102.600000     0.000000     0.000000     0.000000     0.000000     0.000000    -0.000000     0.000000     0.000000    -0.000000    -0.000000    -0.000000    -0.000000
   -0.000000    -0.000000     0.000000     0.000000     0.000000    -0.000000     1.000000    -0.000000    -0.000000     0.000000    -0.000000     0.000000     0.000000     0.000000     0.000000     0.000000

   -0.006763     0.268700   -21.540000    -9.810000    -0.000000    -0.000000     0.000000     0.000000     0.000000    -0.000000     0.000000     0.000000    -0.000932     0.037710    -0.000000     0.016560
   -0.113600    -0.492000    56.830000    -0.000000     0.000000    -0.000000    -0.000000    -0.000000     0.000000    -0.000000     0.000000     0.000000     0.003633    -0.151000     0.000000    -0.056240
    0.012440    -0.038880    -0.859000     0.000000    -0.002191    -0.074270     0.039300     0.000000    -0.000000     0.000000    -0.000000     0.000000    -0.000048    -0.008058     0.001055    -0.023590
   -0.000000    -0.000000     1.000000    -0.000000     0.000000    -0.000000    -0.000000    -0.000000    -0.000000     0.000000    -0.000000    -0.000000     0.000000     0.000000     0.000000     0.000000
   -0.000000    -0.000000     0.000000    -0.000000    -0.054470    21.400000   -58.940000     9.810000    -0.000000     0.000000    -0.000000    -0.000000     0.000000    -0.000000    -0.000686    -0.000000
    0.001439    -0.004498    -0.099390    -0.000000    -0.161000    -5.040000     3.195000    -0.000000     0.000000    -0.000000     0.000000    -0.000000    -0.000005    -0.000932     0.074040    -0.002729
    0.000135    -0.000421    -0.009300    -0.000000     0.004343    -0.429900    -0.503500    -0.000000     0.000000    -0.000000     0.000000    -0.000000    -0.000001    -0.000087     0.002761    -0.000255
   -0.000000    -0.000000     0.000000     0.000000     0.000000     1.000000     0.000000    -0.000000    -0.000000     0.000000    -0.000000    -0.000000     0.000000     0.000000     0.000000     0.000000
    1.000000     0.000000    -0.000000    20.740000    -0.000000     0.000000     0.000000     0.000000     0.000000    -0.000000     0.000000     0.000000    -0.000000    -0.000000    -0.000000    -0.000000
    0.000000    -0.000000     0.000000    -0.000000     1.000000    -0.000000    -0.000000   -20.740000    -0.000000     0.000000    -0.000000    64.820000     0.000000     0.000000     0.000000     0.000000
   -0.000000     1.000000    -0.000000   -64.820000     0.000000     0.000000     0.000000     0.000000     0.000000    -0.000000     0.000000     0.000000    -0.000000    -0.000000    -0.000000    -0.000000
   -0.000000    -0.000000     0.000000     0.000000     0.000000    -0.000000     1.000000    -0.000000    -0.000000     0.000000    -0.000000    -0.000000     0.000000     0.000000     0.000000     0.000000
