u  w  q  the  v  p  r  phi  x  y  z  psi  |  slat  flap  aileron  elevator
   -0.012980     0.279000   -29.820000    -9.810000    -0.000000     0.000000     0.000000     0.000000     0.000000    -0.000000     0.000000     0.000000    -0.000946     0.037470    -0.000000     0.017230
   -0.110600    -0.358600    55.650000    -0.000000     0.000000    -0.000000    -0.000000    -0.000000     0.000000    -0.000000     0.000000     0.000000     0.002529    -0.103000     0.000000    -0.039920
    0.020150    -0.042680    -0.899000     0.000000    -0.003074    -0.086250     0.060630     0.000000    -0.000000     0.000000    -0.000000     0.000000    -0.000020    -0.008350     0.001143    -0.023060
   -0.000000    -0.000000     1.000000     0.000000     0.000000    -0.000000    -0.000000     0.000000    -0.000000     0.000000    -0.000000     0.000000     0.000000     0.000000     0.000000     0.000000
    0.000000     0.000000     0.000000    -0.000000    -0.036770    29.860000   -57.170000     9.810000    -0.000000     0.000000    -0.000000    -0.000000     0.000000    -0.000000    -0.001480    -0.000000
    0.002778    -0.005883    -0.123900    -0.000000    -0.229300    -5.963000     4.860000    -0.000000     0.000000    -0.000000     0.000000    -0.000000    -0.000003    -0.001151     0.082390    -0.003179
    0.000219    -0.000464    -0.009768    -0.000000     0.000986    -0.636400    -0.494600    -0.000000     0.000000    -0.000000     0.000000    -0.000000    -0.000000    -0.000091     0.003725    -0.000251
   -0.000000    -0.000000     0.000000     0.000000     0.000000     1.000000     0.000000     0.000000    -0.000000     0.000000    -0.000000     0.000000     0.000000     0.000000     0.000000     0.000000
    1.000000     0.000000    -0.000000    29.060000    -0.000000     0.000000     0.000000     0.000000     0.000000    -0.000000     0.000000     0.000000    -0.000000    -0.000000    -0.000000    -0.000000
    0.000000    -0.000000     0.000000    -0.000000     1.000000    -0.000000    -0.000000   -29.060000    -0.000000     0.000000    -0.000000    61.540000     0.000000     0.000000     0.000000     0.000000
   -0.000000     1.000000    -0.000000   -61.540000     0.000000     0.000000     0.000000     0.000000     0.000000    -0.000000     0.000000     0.000000    -0.000000    -0.000000    -0.000000    -0.000000
   -0.000000    -0.000000     0.000000     0.000000     0.000000    -0.000000     1.000000    -0.000000    -0.000000     0.000000    -0.000000     0.000000     0.000000     0.000000     0.000000     0.000000

   -0.003190     0.172300   -22.720000    -9.810000     0.000000     0.000000    -0.000000     0.000000     0.000000    -0.000000     0.000000     0.000000    -0.000877     0.036970     0.000000     0.017540
   -0.078370    -0.473100    93.940000    -0.000000    -0.000000     0.000000     0.000000    -0.000000     0.000000    -0.000000     0.000000     0.000000     0.005413    -0.232900    -0.000000    -0.082290
    0.013710    -0.062290    -1.321000     0.000000    -0.003565    -0.140200     0.061480     0.000000    -0.000000     0.000000    -0.000000     0.000000    -0.000094    -0.022360     0.003180    -0.055910
   -0.000000    -0.000000     1.000000     0.000000     0.000000    -0.000000    -0.000000     0.000000    -0.000000     0.000000    -0.000000     0.000000     0.000000     0.000000     0.000000     0.000000
   -0.000000    -0.000000    -0.000000    -0.000000    -0.051330    22.660000   -96.200000     9.810000    -0.000000     0.000000    -0.000000    -0.000000    -0.000000     0.000000     0.000623    -0.000000
    0.001983    -0.009011    -0.191100    -0.000000    -0.225000    -8.237000     4.301000    -0.000000     0.000000    -0.000000     0.000000    -0.000000    -0.000014    -0.003235     0.191000    -0.008087
    0.000174    -0.000791    -0.016780    -0.000000     0.009603    -0.480800    -0.759200    -0.000000     0.000000    -0.000000     0.000000    -0.000000    -0.000001    -0.000284     0.005050    -0.000710
   -0.000000    -0.000000     0.000000     0.000000     0.000000     1.000000     0.000000     0.000000    -0.000000     0.000000    -0.000000     0.000000     0.000000     0.000000     0.000000     0.000000
    1.000000     0.000000    -0.000000    22.320000    -0.000000     0.000000     0.000000     0.000000     0.000000    -0.000000     0.000000     0.000000    -0.000000    -0.000000    -0.000000    -0.000000
    0.000000    -0.000000     0.000000    -0.000000     1.000000    -0.000000    -0.000000   -22.320000    -0.000000     0.000000    -0.000000   101.400000     0.000000     0.000000     0.000000     0.000000
   -0.000000     1.000000    -0.000000  -101.400000     0.000000     0.000000     0.000000     0.000000     0.000000    -0.000000     0.000000     0.000000    -0.000000    -0.000000    -0.000000    -0.000000
   -0.000000    -0.000000     0.000000     0.000000     0.000000    -0.000000     1.000000     0.000000    -0.000000     0.000000    -0.000000     0.000000     0.000000     0.000000     0.000000     0.000000

   -0.000536     0.079570   -21.690000    -9.810000     0.000000    -0.000000     0.000000     0.000000     0.000000    -0.000000     0.000000     0.000000    -0.000693     0.031410    -0.000000     0.016810
   -0.044830    -0.461700   199.700000    -0.000000    -0.000000     0.000000    -0.000000    -0.000000     0.000000    -0.000000     0.000000     0.000000     0.010550    -0.479200    -0.000000    -0.156900
    0.009180    -0.087990    -1.844000     0.000000    -0.004382    -0.220600     0.063950     0.000000    -0.000000     0.000000    -0.000000     0.000000    -0.000441    -0.070200     0.010390    -0.160400
   -0.000000    -0.000000     1.000000     0.000000     0.000000    -0.000000    -0.000000     0.000000    -0.000000     0.000000    -0.000000     0.000000     0.000000     0.000000     0.000000     0.000000
    0.000000    -0.000000    -0.000000    -0.000000    -0.048120    21.570000  -202.000000     9.810000    -0.000000     0.000000    -0.000000    -0.000000     0.000000    -0.000000     0.004767    -0.000000
    0.001445    -0.013850    -0.290200    -0.000000    -0.186400    -8.513000     3.246000    -0.000000     0.000000    -0.000000     0.000000    -0.000000    -0.000069    -0.011050     0.406600    -0.025250
    0.000164    -0.001570    -0.032920    -0.000000     0.018000    -0.320900    -1.004000    -0.000000     0.000000    -0.000000     0.000000    -0.000000    -0.000008    -0.001253     0.007001    -0.002863
   -0.000000    -0.000000     0.000000    -0.000000     0.000000     1.000000     0.000000     0.000000    -0.000000     0.000000    -0.000000     0.000000     0.000000     0.000000     0.000000     0.000000
    1.000000     0.000000    -0.000000    21.540000    -0.000000     0.000000     0.000000     0.000000     0.000000    -0.000000     0.000000     0.000000    -0.000000    -0.000000    -0.000000    -0.000000
    0.000000    -0.000000     0.000000    -0.000000     1.000000    -0.000000    -0.000000   -21.540000    -0.000000     0.000000    -0.000000   206.500000     0.000000     0.000000     0.000000     0.000000
   -0.000000     1.000000    -0.000000  -206.500000     0.000000     0.000000     0.000000     0.000000     0.000000    -0.000000     0.000000     0.000000    -0.000000    -0.000000    -0.000000    -0.000000
   -0.000000    -0.000000     0.000000     0.000000     0.000000    -0.000000     1.000000     0.000000    -0.000000     0.000000    -0.000000     0.000000     0.000000     0.000000     0.000000     0.000000

   -0.000271     0.076520   -15.220000    -9.810000     0.000000     0.000000     0.000000     0.000000     0.000000    -0.000000     0.000000     0.000000    -0.000618     0.028210    -0.000000     0.016100
   -0.047650    -0.613700   198.000000    -0.000000    -0.000000     0.000000     0.000000    -0.000000     0.000000    -0.000000     0.000000     0.000000     0.014040    -0.640600    -0.000000    -0.207800
    0.006349    -0.087160    -1.833000     0.000000    -0.004054    -0.219800     0.055650     0.000000    -0.000000     0.000000    -0.000000     0.000000    -0.000444    -0.070490     0.010450    -0.159500
   -0.000000    -0.000000     1.000000     0.000000     0.000000    -0.000000    -0.000000     0.000000    -0.000000     0.000000    -0.000000     0.000000     0.000000     0.000000     0.000000     0.000000
    0.000000    -0.000000    -0.000000    -0.000000    -0.064920    15.000000  -201.100000     9.810000    -0.000000     0.000000    -0.000000    -0.000000    -0.000000    -0.000000     0.007468    -0.000000
    0.000999    -0.013720    -0.288400    -0.000000    -0.174400    -8.542000     2.921000    -0.000000     0.000000    -0.000000     0.000000    -0.000000    -0.000070    -0.011090     0.410000    -0.025100
    0.000113    -0.001556    -0.032710    -0.000000     0.019460    -0.233400    -1.009000    -0.000000     0.000000    -0.000000     0.000000    -0.000000    -0.000008    -0.001258     0.005724    -0.002846
   -0.000000    -0.000000     0.000000     0.000000     0.000000     1.000000     0.000000     0.000000    -0.000000     0.000000    -0.000000     0.000000     0.000000     0.000000     0.000000     0.000000
    1.000000     0.000000    -0.000000    15.080000    -0.000000     0.000000     0.000000     0.000000     0.000000    -0.000000     0.000000     0.000000    -0.000000    -0.000000    -0.000000    -0.000000
    0.000000    -0.000000     0.000000    -0.000000     1.000000    -0.000000    -0.000000   -15.080000    -0.000000     0.000000    -0.000000   207.100000     0.000000     0.000000     0.000000     0.000000
   -0.000000     1.000000    -0.000000  -207.100000     0.000000     0.000000     0.000000     0.000000     0.000000    -0.000000     0.000000     0.000000    -0.000000    -0.000000    -0.000000    -0.000000
   -0.000000    -0.000000     0.000000     0.000000     0.000000    -0.000000     1.000000    -0.000000    -0.000000     0.000000    -0.000000     0.000000     0.000000     0.000000     0.000000     0.000000

   -0.001940     0.168500   -16.520000    -9.810000     0.000000    -0.000000    -0.000000     0.000000     0.000000    -0.000000     0.000000     0.000000    -0.000839     0.035700     0.000000     0.017240
   -0.080520    -0.628300    92.620000    -0.000000    -0.000000     0.000000     0.000000    -0.000000     0.000000    -0.000000     0.000000     0.000000     0.007255    -0.314800    -0.000000    -0.109400
    0.009673    -0.061530    -1.313000     0.000000    -0.003201    -0.140500     0.051980     0.000000    -0.000000     0.000000    -0.000000     0.000000    -0.000098    -0.022810     0.003260    -0.056010
   -0.000000    -0.000000     1.000000     0.000000     0.000000    -0.000000    -0.000000     0.000000    -0.000000     0.000000    -0.000000     0.000000     0.000000     0.000000     0.000000     0.000000
    0.000000    -0.000000    -0.000000    -0.000000    -0.070290    16.350000   -95.700000     9.810000    -0.000000     0.000000    -0.000000    -0.000000    -0.000000     0.000000     0.002053    -0.000000
    0.001399    -0.008901    -0.190000    -0.000000    -0.204300    -8.346000     3.729000    -0.000000     0.000000    -0.000000     0.000000    -0.000000    -0.000014    -0.003300     0.196500    -0.008103
    0.000123    -0.000782    -0.016680    -0.000000     0.011840    -0.358500    -0.772800    -0.000000     0.000000    -0.000000     0.000000    -0.000000    -0.000001    -0.000290     0.004157    -0.000712
   -0.000000    -0.000000     0.000000     0.000000     0.000000     1.000000     0.000000     0.000000    -0.000000     0.000000    -0.000000     0.000000     0.000000     0.000000     0.000000     0.000000
    1.000000     0.000000    -0.000000    16.130000    -0.000000     0.000000     0.000000     0.000000     0.000000    -0.000000     0.000000     0.000000    -0.000000    -0.000000    -0.000000    -0.000000
    0.000000    -0.000000     0.000000    -0.000000     1.000000    -0.000000    -0.000000   -16.130000    -0.000000     0.000000    -0.000000   102.600000     0.000000     0.000000     0.000000     0.000000
   -0.000000     1.000000    -0.000000  -102.600000     0.000000     0.000000     0.000000     0.000000     0.000000    -0.000000     0.000000     0.000000    -0.000000    -0.000000    -0.000000    -0.000000
   -0.000000    -0.000000     0.000000     0.000000     0.000000    -0.000000     1.000000     0.000000    -0.000000     0.000000    -0.000000     0.000000     0.000000     0.000000     0.000000     0.000000

   -0.008114     0.272500   -21.840000    -9.810000    -0.000000     0.000000     0.000000     0.000000     0.000000    -0.000000     0.000000     0.000000    -0.000948     0.038320    -0.000000     0.017580
   -0.111200    -0.490900    56.590000    -0.000000     0.000000    -0.000000    -0.000000    -0.000000     0.000000    -0.000000     0.000000     0.000000     0.003621    -0.150400     0.000000    -0.056150
    0.013900    -0.042640    -0.909100     0.000000    -0.002669    -0.089170     0.049520     0.000000    -0.000000     0.000000    -0.000000     0.000000    -0.000025    -0.009168     0.001271    -0.024390
   -0.000000    -0.000000     1.000000    -0.000000     0.000000    -0.000000    -0.000000    -0.000000    -0.000000     0.000000    -0.000000    -0.000000     0.000000     0.000000     0.000000     0.000000
   -0.000000    -0.000000     0.000000    -0.000000    -0.054110    21.770000   -58.810000     9.810000    -0.000000     0.000000    -0.000000    -0.000000    -0.000000    -0.000000    -0.000736     0.000000
    0.001916    -0.005878    -0.125300    -0.000000    -0.201500    -6.297000     4.055000    -0.000000     0.000000    -0.000000     0.000000    -0.000000    -0.000003    -0.001264     0.092300    -0.003362
    0.000151    -0.000463    -0.009877    -0.000000     0.004244    -0.471900    -0.525000    -0.000000     0.000000    -0.000000     0.000000    -0.000000    -0.000000    -0.000100     0.003119    -0.000265
   -0.000000    -0.000000     0.000000     0.000000     0.000000     1.000000     0.000000    -0.000000    -0.000000     0.000000    -0.000000    -0.000000     0.000000     0.000000     0.000000     0.000000
    1.000000     0.000000    -0.000000    21.090000    -0.000000     0.000000     0.000000     0.000000     0.000000    -0.000000     0.000000     0.000000    -0.000000    -0.000000    -0.000000    -0.000000
    0.000000    -0.000000     0.000000    -0.000000     1.000000    -0.000000    -0.000000   -21.090000    -0.000000     0.000000    -0.000000    64.710000     0.000000     0.000000     0.000000     0.000000
   -0.000000     1.000000    -0.000000   -64.710000     0.000000     0.000000     0.000000     0.000000     0.000000    -0.000000     0.000000     0.000000    -0.000000    -0.000000    -0.000000    -0.000000
   -0.000000    -0.000000     0.000000     0.000000     0.000000    -0.000000     1.000000    -0.000000    -0.000000     0.000000    -0.000000    -0.000000     0.000000     0.000000     0.000000     0.000000
