u  w  q  the  v  p  r  phi  x  y  z  psi  |  slat  flap  aileron  elevator
   -0.017600     0.287500   -30.730000    -9.810000    -0.000000     0.000000     0.000000     0.000000     0.000000    -0.000000     0.000000     0.000000    -0.000975     0.038520    -0.000000     0.019150
   -0.105500    -0.355300    54.980000    -0.000000     0.000000    -0.000000     0.000000    -0.000000     0.000000    -0.000000     0.000000     0.000000     0.002491    -0.101300     0.000000    -0.039520
    0.021920    -0.044470    -0.892300     0.000000    -0.003500    -0.091250     0.075630     0.000000    -0.000000     0.000000    -0.000000     0.000000     0.000023    -0.009221     0.001242    -0.021680
   -0.000000    -0.000000     1.000000     0.000000     0.000000    -0.000000    -0.000000     0.000000    -0.000000     0.000000    -0.000000     0.000000     0.000000     0.000000     0.000000     0.000000
   -0.000000    -0.000000    -0.000000    -0.000000    -0.035930    30.930000   -56.680000     9.810000    -0.000000     0.000000    -0.000000    -0.000000     0.000000    -0.000000    -0.001577    -0.000000
    0.003721    -0.007550    -0.151500    -0.000000    -0.668300   -17.210000    14.590000    -0.000000     0.000000    -0.000000     0.000000    -0.000000     0.000004    -0.001565     0.235800    -0.003680
    0.000079    -0.000160    -0.003201    -0.000000    -0.003647    -0.775500    -0.396700    -0.000000     0.000000    -0.000000     0.000000    -0.000000     0.000000    -0.000033     0.005422    -0.000078
   -0.000000    -0.000000     0.000000    -0.000000     0.000000     1.000000     0.000000     0.000000    -0.000000     0.000000    -0.000000     0.000000     0.000000     0.000000     0.000000     0.000000
    1.000000     0.000000    -0.000000    30.090000    -0.000000     0.000000     0.000000     0.000000     0.000000    -0.000000     0.000000     0.000000    -0.000000    -0.000000    -0.000000    -0.000000
    0.000000    -0.000000     0.000000    -0.000000     1.000000    -0.000000    -0.000000   -30.090000    -0.000000     0.000000    -0.000000    61.050000     0.000000     0.000000     0.000000     0.000000
   -0.000000     1.000000    -0.000000   -61.050000     0.000000     0.000000     0.000000     0.000000     0.000000    -0.000000     0.000000     0.000000    -0.000000    -0.000000    -0.000000    -0.000000
   -0.000000    -0.000000     0.000000     0.000000     0.000000    -0.000000     1.000000     0.000000    -0.000000     0.000000    -0.000000     0.000000     0.000000     0.000000     0.000000     0.000000

   -0.004639     0.177400   -23.450000    -9.810000    -0.000000    -0.000000     0.000000     0.000000     0.000000    -0.000000     0.000000     0.000000    -0.000911     0.038340     0.000000     0.019900
   -0.074860    -0.471900    93.500000    -0.000000     0.000000     0.000000    -0.000000    -0.000000     0.000000    -0.000000     0.000000     0.000000     0.005396    -0.232000    -0.000000    -0.082250
    0.014830    -0.064930    -1.293000     0.000000    -0.004515    -0.166400     0.087960     0.000000    -0.000000     0.000000    -0.000000     0.000000     0.000020    -0.024590     0.003839    -0.052020
   -0.000000    -0.000000     1.000000     0.000000     0.000000    -0.000000    -0.000000     0.000000    -0.000000     0.000000    -0.000000     0.000000     0.000000     0.000000     0.000000     0.000000
    0.000000    -0.000000    -0.000000    -0.000000    -0.050850    23.480000   -96.000000     9.810000    -0.000000     0.000000    -0.000000    -0.000000     0.000000     0.000000     0.000521    -0.000000
    0.002918    -0.012780    -0.254600    -0.000000    -0.724900   -26.450000    14.300000    -0.000000     0.000000    -0.000000     0.000000    -0.000000     0.000004    -0.004840     0.612200    -0.010240
    0.000062    -0.000270    -0.005382    -0.000000     0.004576    -0.682900    -0.660700    -0.000000     0.000000    -0.000000     0.000000    -0.000000     0.000000    -0.000102     0.009545    -0.000216
   -0.000000    -0.000000     0.000000     0.000000     0.000000     1.000000     0.000000     0.000000    -0.000000     0.000000    -0.000000     0.000000     0.000000     0.000000     0.000000     0.000000
    1.000000     0.000000    -0.000000    23.120000    -0.000000     0.000000     0.000000     0.000000     0.000000    -0.000000     0.000000     0.000000    -0.000000    -0.000000    -0.000000    -0.000000
    0.000000    -0.000000     0.000000    -0.000000     1.000000    -0.000000    -0.000000   -23.120000    -0.000000     0.000000    -0.000000   101.200000     0.000000     0.000000     0.000000     0.000000
   -0.000000     1.000000    -0.000000  -101.200000     0.000000     0.000000     0.000000     0.000000     0.000000    -0.000000     0.000000     0.000000    -0.000000    -0.000000    -0.000000    -0.000000
   -0.000000    -0.000000     0.000000     0.000000     0.000000    -0.000000     1.000000    -0.000000    -0.000000     0.000000    -0.000000     0.000000     0.000000     0.000000     0.000000     0.000000

   -0.000906     0.082110   -22.480000    -9.810000    -0.000000     0.000000     0.000000     0.000000     0.000000    -0.000000     0.000000     0.000000    -0.000725     0.032810    -0.000000     0.019470
   -0.043020    -0.461400   199.300000    -0.000000    -0.000000    -0.000000    -0.000000    -0.000000     0.000000    -0.000000     0.000000     0.000000     0.010540    -0.478700    -0.000000    -0.157000
    0.009509    -0.087720    -1.715000     0.000000    -0.006792    -0.312800     0.120500     0.000000    -0.000000     0.000000    -0.000000     0.000000    -0.000083    -0.073210     0.014910    -0.141500
   -0.000000    -0.000000     1.000000     0.000000     0.000000    -0.000000    -0.000000     0.000000    -0.000000     0.000000    -0.000000     0.000000     0.000000     0.000000     0.000000     0.000000
    0.000000    -0.000000    -0.000000    -0.000000    -0.047880    22.410000  -201.900000     9.810000    -0.000000     0.000000    -0.000000    -0.000000    -0.000000    -0.000000     0.004676    -0.000000
    0.002533    -0.023360    -0.456700    -0.000000    -0.746900   -34.040000    13.460000    -0.000000     0.000000    -0.000000     0.000000    -0.000000    -0.000022    -0.019500     1.625000    -0.037700
    0.000054    -0.000495    -0.009669    -0.000000     0.012590    -0.576100    -0.898700    -0.000000     0.000000    -0.000000     0.000000    -0.000000    -0.000000    -0.000413     0.019080    -0.000798
   -0.000000    -0.000000     0.000000     0.000000     0.000000     1.000000     0.000000     0.000000    -0.000000     0.000000    -0.000000     0.000000     0.000000     0.000000     0.000000     0.000000
    1.000000     0.000000    -0.000000    22.370000    -0.000000     0.000000     0.000000     0.000000     0.000000    -0.000000     0.000000     0.000000    -0.000000    -0.000000    -0.000000    -0.000000
    0.000000    -0.000000     0.000000    -0.000000     1.000000    -0.000000    -0.000000   -22.370000    -0.000000     0.000000    -0.000000   206.400000     0.000000     0.000000     0.000000     0.000000
   -0.000000     1.000000    -0.000000  -206.400000     0.000000     0.000000     0.000000     0.000000     0.000000    -0.000000     0.000000     0.000000    -0.000000    -0.000000    -0.000000    -0.000000
   -0.000000    -0.000000     0.000000     0.000000     0.000000    -0.000000     1.000000     0.000000    -0.000000     0.000000    -0.000000     0.000000     0.000000     0.000000     0.000000     0.000000

   -0.000533     0.079050   -15.810000    -9.810000     0.000000    -0.000000    -0.000000     0.000000     0.000000    -0.000000     0.000000     0.000000    -0.000650     0.029620    -0.000000     0.018800
   -0.045840    -0.613300   197.600000    -0.000000    -0.000000     0.000000    -0.000000    -0.000000     0.000000    -0.000000     0.000000     0.000000     0.014030    -0.640200    -0.000000    -0.208000
    0.006606    -0.087090    -1.703000     0.000000    -0.006347    -0.313700     0.108200     0.000000    -0.000000     0.000000    -0.000000     0.000000    -0.000084    -0.073580     0.015040    -0.140700
   -0.000000    -0.000000     1.000000     0.000000     0.000000    -0.000000    -0.000000     0.000000    -0.000000     0.000000    -0.000000     0.000000     0.000000     0.000000     0.000000     0.000000
    0.000000    -0.000000    -0.000000    -0.000000    -0.064680    15.630000  -201.000000     9.810000    -0.000000     0.000000    -0.000000    -0.000000    -0.000000    -0.000000     0.007379    -0.000000
    0.001759    -0.023200    -0.453600    -0.000000    -0.698700   -34.160000    12.130000    -0.000000     0.000000    -0.000000     0.000000    -0.000000    -0.000022    -0.019600     1.639000    -0.037460
    0.000037    -0.000491    -0.009605    -0.000000     0.014450    -0.488800    -0.914000    -0.000000     0.000000    -0.000000     0.000000    -0.000000    -0.000000    -0.000415     0.017910    -0.000793
   -0.000000    -0.000000     0.000000    -0.000000     0.000000     1.000000     0.000000     0.000000    -0.000000     0.000000    -0.000000     0.000000     0.000000     0.000000     0.000000     0.000000
    1.000000     0.000000    -0.000000    15.700000    -0.000000     0.000000     0.000000     0.000000     0.000000    -0.000000     0.000000     0.000000    -0.000000    -0.000000    -0.000000    -0.000000
    0.000000    -0.000000     0.000000    -0.000000     1.000000    -0.000000    -0.000000   -15.700000    -0.000000     0.000000    -0.000000   207.000000     0.000000     0.000000     0.000000     0.000000
   -0.000000     1.000000    -0.000000  -207.000000     0.000000     0.000000     0.000000     0.000000     0.000000    -0.000000     0.000000     0.000000    -0.000000    -0.000000    -0.000000    -0.000000
   -0.000000    -0.000000     0.000000     0.000000     0.000000    -0.000000     1.000000     0.000000    -0.000000     0.000000    -0.000000     0.000000     0.000000     0.000000     0.000000     0.000000

   -0.002983     0.173600   -17.040000    -9.810000    -0.000000    -0.000000     0.000000     0.000000     0.000000    -0.000000     0.000000     0.000000    -0.000874     0.037120    -0.000000     0.019680
   -0.077020    -0.627400    92.170000    -0.000000     0.000000     0.000000    -0.000000    -0.000000     0.000000    -0.000000     0.000000     0.000000     0.007243    -0.314100    -0.000000    -0.109400
    0.010510    -0.064430    -1.286000     0.000000    -0.004093    -0.168500     0.076120     0.000000    -0.000000     0.000000    -0.000000     0.000000     0.000019    -0.025150     0.003956    -0.052130
   -0.000000    -0.000000     1.000000     0.000000     0.000000    -0.000000    -0.000000     0.000000    -0.000000     0.000000    -0.000000     0.000000     0.000000     0.000000     0.000000     0.000000
    0.000000    -0.000000    -0.000000    -0.000000    -0.069810    16.960000   -95.570000     9.810000    -0.000000     0.000000    -0.000000    -0.000000     0.000000    -0.000000     0.001951    -0.000000
    0.002069    -0.012680    -0.253100    -0.000000    -0.658100   -26.820000    12.410000    -0.000000     0.000000    -0.000000     0.000000    -0.000000     0.000004    -0.004950     0.631100    -0.010260
    0.000044    -0.000268    -0.005351    -0.000000     0.007361    -0.560400    -0.688700    -0.000000     0.000000    -0.000000     0.000000    -0.000000     0.000000    -0.000105     0.008781    -0.000217
   -0.000000    -0.000000     0.000000    -0.000000     0.000000     1.000000     0.000000     0.000000    -0.000000     0.000000    -0.000000     0.000000     0.000000     0.000000     0.000000     0.000000
    1.000000     0.000000    -0.000000    16.720000    -0.000000     0.000000     0.000000     0.000000     0.000000    -0.000000     0.000000     0.000000    -0.000000    -0.000000    -0.000000    -0.000000
    0.000000    -0.000000     0.000000    -0.000000     1.000000    -0.000000    -0.000000   -16.720000    -0.000000     0.000000    -0.000000   102.500000     0.000000     0.000000     0.000000     0.000000
   -0.000000     1.000000    -0.000000  -102.500000     0.000000     0.000000     0.000000     0.000000     0.000000    -0.000000     0.000000     0.000000    -0.000000    -0.000000    -0.000000    -0.000000
   -0.000000    -0.000000     0.000000     0.000000     0.000000    -0.000000     1.000000     0.000000    -0.000000     0.000000    -0.000000     0.000000     0.000000     0.000000     0.000000     0.000000

   -0.011280     0.280600   -22.470000    -9.810000    -0.000000    -0.000000     0.000000     0.000000     0.000000    -0.000000     0.000000     0.000000    -0.000981     0.039600    -0.000000     0.019720
   -0.106000    -0.488500    56.080000    -0.000000     0.000000    -0.000000    -0.000000    -0.000000     0.000000    -0.000000     0.000000     0.000000     0.003595    -0.149200     0.000000    -0.055950
    0.015210    -0.044900    -0.904300     0.000000    -0.003071    -0.096470     0.062980     0.000000    -0.000000     0.000000    -0.000000     0.000000     0.000023    -0.010230     0.001402    -0.023050
   -0.000000    -0.000000     1.000000     0.000000     0.000000    -0.000000    -0.000000     0.000000    -0.000000     0.000000    -0.000000     0.000000     0.000000     0.000000     0.000000     0.000000
   -0.000000    -0.000000    -0.000000    -0.000000    -0.053350    22.550000   -58.550000     9.810000    -0.000000     0.000000    -0.000000    -0.000000     0.000000    -0.000000    -0.000839    -0.000000
    0.002583    -0.007623    -0.153500    -0.000000    -0.587500   -18.260000    12.190000    -0.000000     0.000000    -0.000000     0.000000    -0.000000     0.000004    -0.001737     0.266600    -0.003913
    0.000055    -0.000161    -0.003244    -0.000000     0.000257    -0.613300    -0.444800    -0.000000     0.000000    -0.000000     0.000000    -0.000000     0.000000    -0.000037     0.005039    -0.000083
   -0.000000    -0.000000     0.000000    -0.000000     0.000000     1.000000     0.000000     0.000000    -0.000000     0.000000    -0.000000     0.000000     0.000000     0.000000     0.000000     0.000000
    1.000000     0.000000    -0.000000    21.840000    -0.000000     0.000000     0.000000     0.000000     0.000000    -0.000000     0.000000     0.000000    -0.000000    -0.000000    -0.000000    -0.000000
    0.000000    -0.000000     0.000000    -0.000000     1.000000    -0.000000    -0.000000   -21.840000    -0.000000     0.000000    -0.000000    64.460000     0.000000     0.000000     0.000000     0.000000
   -0.000000     1.000000    -0.000000   -64.460000     0.000000     0.000000     0.000000     0.000000     0.000000    -0.000000     0.000000     0.000000    -0.000000    -0.000000    -0.000000    -0.000000
   -0.000000    -0.000000     0.000000     0.000000     0.000000    -0.000000     1.000000     0.000000    -0.000000     0.000000    -0.000000     0.000000     0.000000     0.000000     0.000000     0.000000
