u  w  q  the  v  p  r  phi  x  y  z  psi  |  slat  flap  aileron  elevator
   -0.015350     0.283500   -30.300000    -9.810000    -0.000000     0.000000     0.000000     0.000000     0.000000    -0.000000     0.000000     0.000000    -0.000961     0.038030    -0.000000     0.018250
   -0.107900    -0.356800    55.300000    -0.000000     0.000000    -0.000000    -0.000000    -0.000000     0.000000    -0.000000     0.000000     0.000000     0.002509    -0.102100     0.000000    -0.039710
    0.021630    -0.044770    -0.916800     0.000000    -0.001857    -0.046860     0.040820     0.000000    -0.000000     0.000000    -0.000000     0.000000     0.000004    -0.009060     0.000654    -0.022850
   -0.000000    -0.000000     1.000000     0.000000     0.000000    -0.000000    -0.000000    -0.000000    -0.000000     0.000000    -0.000000     0.000000     0.000000     0.000000     0.000000     0.000000
   -0.000000    -0.000000     0.000000    -0.000000    -0.036320    30.430000   -56.910000     9.810000    -0.000000     0.000000    -0.000000    -0.000000     0.000000    -0.000000    -0.001532    -0.000000
    0.001816    -0.003760    -0.076990    -0.000000    -0.879100   -22.770000    18.920000    -0.000000     0.000000    -0.000000     0.000000    -0.000000     0.000000    -0.000761     0.313000    -0.001919
   -0.000017     0.000035     0.000715    -0.000000    -0.006574    -0.887600    -0.365300    -0.000000     0.000000    -0.000000     0.000000    -0.000000    -0.000000     0.000007     0.006725     0.000018
   -0.000000    -0.000000     0.000000     0.000000     0.000000     1.000000     0.000000     0.000000    -0.000000     0.000000    -0.000000     0.000000     0.000000     0.000000     0.000000     0.000000
    1.000000     0.000000    -0.000000    29.600000    -0.000000     0.000000     0.000000     0.000000     0.000000    -0.000000     0.000000     0.000000    -0.000000    -0.000000    -0.000000    -0.000000
    0.000000    -0.000000     0.000000    -0.000000     1.000000    -0.000000    -0.000000   -29.600000    -0.000000     0.000000    -0.000000    61.280000     0.000000     0.000000     0.000000     0.000000
   -0.000000     1.000000    -0.000000   -61.280000     0.000000     0.000000     0.000000     0.000000     0.000000    -0.000000     0.000000     0.000000    -0.000000    -0.000000    -0.000000    -0.000000
   -0.000000    -0.000000     0.000000     0.000000     0.000000    -0.000000     1.000000     0.000000    -0.000000     0.000000    -0.000000     0.000000     0.000000     0.000000     0.000000     0.000000

   -0.003933     0.175000   -23.110000    -9.810000    -0.000000    -0.000000     0.000000     0.000000     0.000000    -0.000000     0.000000     0.000000    -0.000895     0.037700     0.000000     0.018790
   -0.076510    -0.472500    93.710000    -0.000000     0.000000     0.000000    -0.000000    -0.000000     0.000000    -0.000000     0.000000     0.000000     0.005404    -0.232400    -0.000000    -0.082270
    0.014740    -0.065680    -1.344000     0.000000    -0.002582    -0.092560     0.051430     0.000000    -0.000000     0.000000    -0.000000     0.000000    -0.000031    -0.024320     0.002158    -0.055350
   -0.000000    -0.000000     1.000000     0.000000     0.000000    -0.000000    -0.000000     0.000000    -0.000000     0.000000    -0.000000     0.000000     0.000000     0.000000     0.000000     0.000000
    0.000000    -0.000000    -0.000000    -0.000000    -0.051070    23.090000   -96.090000     9.810000    -0.000000     0.000000    -0.000000    -0.000000     0.000000     0.000000     0.000569    -0.000000
    0.001512    -0.006736    -0.137800    -0.000000    -1.003000   -36.700000    19.490000    -0.000000     0.000000    -0.000000     0.000000    -0.000000    -0.000003    -0.002494     0.850000    -0.005676
   -0.000014     0.000061     0.001247    -0.000000     0.001370    -0.859700    -0.645700    -0.000000     0.000000    -0.000000     0.000000    -0.000000     0.000000     0.000023     0.013230     0.000051
   -0.000000    -0.000000     0.000000    -0.000000     0.000000     1.000000     0.000000     0.000000    -0.000000     0.000000    -0.000000     0.000000     0.000000     0.000000     0.000000     0.000000
    1.000000     0.000000    -0.000000    22.740000    -0.000000     0.000000     0.000000     0.000000     0.000000    -0.000000     0.000000     0.000000    -0.000000    -0.000000    -0.000000    -0.000000
    0.000000    -0.000000     0.000000    -0.000000     1.000000    -0.000000    -0.000000   -22.740000    -0.000000     0.000000    -0.000000   101.300000     0.000000     0.000000     0.000000     0.000000
   -0.000000     1.000000    -0.000000  -101.300000     0.000000     0.000000     0.000000     0.000000     0.000000    -0.000000     0.000000     0.000000    -0.000000    -0.000000    -0.000000    -0.000000
   -0.000000    -0.000000     0.000000     0.000000     0.000000    -0.000000     1.000000     0.000000    -0.000000     0.000000    -0.000000     0.000000     0.000000     0.000000     0.000000     0.000000

   -0.000725     0.080920   -22.110000    -9.810000     0.000000    -0.000000    -0.000000     0.000000     0.000000    -0.000000     0.000000     0.000000    -0.000710     0.032150    -0.000000     0.018220
   -0.043870    -0.461500   199.500000    -0.000000    -0.000000     0.000000     0.000000    -0.000000     0.000000    -0.000000     0.000000     0.000000     0.010540    -0.478900    -0.000000    -0.156900
    0.009779    -0.091830    -1.849000     0.000000    -0.004709    -0.211000     0.085800     0.000000    -0.000000     0.000000    -0.000000     0.000000    -0.000248    -0.075180     0.010100    -0.156500
   -0.000000    -0.000000     1.000000     0.000000     0.000000    -0.000000    -0.000000     0.000000    -0.000000     0.000000    -0.000000     0.000000     0.000000     0.000000     0.000000     0.000000
    0.000000    -0.000000    -0.000000    -0.000000    -0.047990    22.010000  -201.900000     9.810000    -0.000000     0.000000    -0.000000    -0.000000    -0.000000    -0.000000     0.004719    -0.000000
    0.001572    -0.014760    -0.297200    -0.000000    -1.196000   -54.600000    21.180000    -0.000000     0.000000    -0.000000     0.000000    -0.000000    -0.000040    -0.012090     2.607000    -0.025160
   -0.000013     0.000123     0.002482    -0.000000     0.008603    -0.893200    -0.915400    -0.000000     0.000000    -0.000000     0.000000    -0.000000     0.000000     0.000101     0.033260     0.000210
   -0.000000    -0.000000     0.000000     0.000000     0.000000     1.000000     0.000000     0.000000    -0.000000     0.000000    -0.000000     0.000000     0.000000     0.000000     0.000000     0.000000
    1.000000     0.000000    -0.000000    21.990000    -0.000000     0.000000     0.000000     0.000000     0.000000    -0.000000     0.000000     0.000000    -0.000000    -0.000000    -0.000000    -0.000000
    0.000000    -0.000000     0.000000    -0.000000     1.000000    -0.000000    -0.000000   -21.990000    -0.000000     0.000000    -0.000000   206.400000     0.000000     0.000000     0.000000     0.000000
   -0.000000     1.000000    -0.000000  -206.400000     0.000000     0.000000     0.000000     0.000000     0.000000    -0.000000     0.000000     0.000000    -0.000000    -0.000000    -0.000000    -0.000000
   -0.000000    -0.000000     0.000000     0.000000     0.000000    -0.000000     1.000000     0.000000    -0.000000     0.000000    -0.000000     0.000000     0.000000     0.000000     0.000000     0.000000

   -0.000404     0.077870   -15.530000    -9.810000     0.000000     0.000000     0.000000     0.000000     0.000000    -0.000000     0.000000     0.000000    -0.000635     0.028960    -0.000000     0.017530
   -0.046690    -0.613500   197.700000    -0.000000    -0.000000     0.000000    -0.000000    -0.000000     0.000000    -0.000000     0.000000     0.000000     0.014040    -0.640400    -0.000000    -0.207900
    0.006780    -0.091080    -1.837000     0.000000    -0.004415    -0.212000     0.077590     0.000000    -0.000000     0.000000    -0.000000     0.000000    -0.000250    -0.075530     0.010190    -0.155500
   -0.000000    -0.000000     1.000000     0.000000     0.000000    -0.000000    -0.000000    -0.000000    -0.000000     0.000000    -0.000000     0.000000     0.000000     0.000000     0.000000     0.000000
    0.000000    -0.000000    -0.000000    -0.000000    -0.064790    15.340000  -201.100000     9.810000    -0.000000     0.000000    -0.000000    -0.000000     0.000000    -0.000000     0.007421    -0.000000
    0.001090    -0.014640    -0.295300    -0.000000    -1.119000   -54.800000    19.060000    -0.000000     0.000000    -0.000000     0.000000    -0.000000    -0.000040    -0.012140     2.629000    -0.025000
   -0.000009     0.000122     0.002466    -0.000000     0.011020    -0.796500    -0.941700    -0.000000     0.000000    -0.000000     0.000000    -0.000000     0.000000     0.000101     0.032050     0.000209
   -0.000000    -0.000000     0.000000     0.000000     0.000000     1.000000     0.000000     0.000000    -0.000000     0.000000    -0.000000     0.000000     0.000000     0.000000     0.000000     0.000000
    1.000000     0.000000    -0.000000    15.410000    -0.000000     0.000000     0.000000     0.000000     0.000000    -0.000000     0.000000     0.000000    -0.000000    -0.000000    -0.000000    -0.000000
    0.000000    -0.000000     0.000000    -0.000000     1.000000    -0.000000    -0.000000   -15.410000    -0.000000     0.000000    -0.000000   207.000000     0.000000     0.000000     0.000000     0.000000
   -0.000000     1.000000    -0.000000  -207.000000     0.000000     0.000000     0.000000     0.000000     0.000000    -0.000000     0.000000     0.000000    -0.000000    -0.000000    -0.000000    -0.000000
   -0.000000    -0.000000     0.000000     0.000000     0.000000    -0.000000     1.000000     0.000000    -0.000000     0.000000    -0.000000     0.000000     0.000000     0.000000     0.000000     0.000000

   -0.002474     0.171200   -16.800000    -9.810000    -0.000000    -0.000000     0.000000     0.000000     0.000000    -0.000000     0.000000     0.000000    -0.000858     0.036460    -0.000000     0.018540
   -0.078660    -0.627800    92.380000    -0.000000     0.000000     0.000000    -0.000000    -0.000000     0.000000    -0.000000     0.000000     0.000000     0.007248    -0.314400    -0.000000    -0.109400
    0.010430    -0.065050    -1.336000     0.000000    -0.002351    -0.094110     0.044860     0.000000    -0.000000     0.000000    -0.000000     0.000000    -0.000034    -0.024840     0.002225    -0.055470
   -0.000000    -0.000000     1.000000    -0.000000     0.000000    -0.000000    -0.000000    -0.000000    -0.000000     0.000000    -0.000000    -0.000000     0.000000     0.000000     0.000000     0.000000
   -0.000000    -0.000000    -0.000000    -0.000000    -0.070030    16.670000   -95.630000     9.810000    -0.000000     0.000000    -0.000000    -0.000000    -0.000000    -0.000000     0.001999    -0.000000
    0.001070    -0.006671    -0.137000    -0.000000    -0.910900   -37.200000    16.900000    -0.000000     0.000000    -0.000000     0.000000    -0.000000    -0.000003    -0.002547     0.875400    -0.005688
   -0.000010     0.000060     0.001239    -0.000000     0.004667    -0.730400    -0.684300    -0.000000     0.000000    -0.000000     0.000000    -0.000000     0.000000     0.000023     0.012490     0.000051
   -0.000000    -0.000000     0.000000     0.000000     0.000000     1.000000     0.000000    -0.000000    -0.000000     0.000000    -0.000000    -0.000000     0.000000     0.000000     0.000000     0.000000
    1.000000     0.000000    -0.000000    16.440000    -0.000000     0.000000     0.000000     0.000000     0.000000    -0.000000     0.000000     0.000000    -0.000000    -0.000000    -0.000000    -0.000000
    0.000000    -0.000000     0.000000    -0.000000     1.000000    -0.000000    -0.000000   -16.440000    -0.000000     0.000000    -0.000000   102.500000     0.000000     0.000000     0.000000     0.000000
   -0.000000     1.000000    -0.000000  -102.500000     0.000000     0.000000     0.000000     0.000000     0.000000    -0.000000     0.000000     0.000000    -0.000000    -0.000000    -0.000000    -0.000000
   -0.000000    -0.000000     0.000000     0.000000     0.000000    -0.000000     1.000000    -0.000000    -0.000000     0.000000    -0.000000    -0.000000     0.000000     0.000000     0.000000     0.000000

   -0.009740     0.276800   -22.170000    -9.810000    -0.000000     0.000000     0.000000     0.000000     0.000000    -0.000000     0.000000     0.000000    -0.000965     0.039000    -0.000000     0.018720
   -0.108400    -0.489600    56.320000    -0.000000     0.000000     0.000000    -0.000000    -0.000000     0.000000    -0.000000     0.000000     0.000000     0.003607    -0.149700     0.000000    -0.056050
    0.014970    -0.044990    -0.928100     0.000000    -0.001638    -0.049970     0.034280     0.000000    -0.000000     0.000000    -0.000000     0.000000     0.000002    -0.010000     0.000738    -0.024240
   -0.000000    -0.000000     1.000000     0.000000     0.000000    -0.000000    -0.000000     0.000000    -0.000000     0.000000    -0.000000     0.000000     0.000000     0.000000     0.000000     0.000000
   -0.000000    -0.000000    -0.000000    -0.000000    -0.053700    22.180000   -58.680000     9.810000    -0.000000     0.000000    -0.000000    -0.000000     0.000000    -0.000000    -0.000790    -0.000000
    0.001257    -0.003778    -0.077940    -0.000000    -0.772600   -24.090000    15.790000    -0.000000     0.000000    -0.000000     0.000000    -0.000000     0.000000    -0.000840     0.352300    -0.002035
   -0.000012     0.000035     0.000724    -0.000000    -0.002125    -0.720800    -0.425500    -0.000000     0.000000    -0.000000     0.000000    -0.000000    -0.000000     0.000008     0.006425     0.000019
   -0.000000    -0.000000     0.000000     0.000000     0.000000     1.000000     0.000000     0.000000    -0.000000     0.000000    -0.000000     0.000000     0.000000     0.000000     0.000000     0.000000
    1.000000     0.000000    -0.000000    21.490000    -0.000000     0.000000     0.000000     0.000000     0.000000    -0.000000     0.000000     0.000000    -0.000000    -0.000000    -0.000000    -0.000000
    0.000000    -0.000000     0.000000    -0.000000     1.000000    -0.000000    -0.000000   -21.490000    -0.000000     0.000000    -0.000000    64.580000     0.000000     0.000000     0.000000     0.000000
   -0.000000     1.000000    -0.000000   -64.580000     0.000000     0.000000     0.000000     0.000000     0.000000    -0.000000     0.000000     0.000000    -0.000000    -0.000000    -0.000000    -0.000000
   -0.000000    -0.000000     0.000000     0.000000     0.000000    -0.000000     1.000000    -0.000000    -0.000000     0.000000    -0.000000     0.000000     0.000000     0.000000     0.000000     0.000000
