u  w  q  the  v  p  r  phi  x  y  z  psi  |  slat  flap  aileron  elevator
   -0.010860     0.274800   -29.350000    -9.810000    -0.000000     0.000000     0.000000     0.000000     0.000000    -0.000000     0.000000     0.000000    -0.000930     0.036920    -0.000000     0.016220
   -0.113300    -0.360200    55.980000    -0.000000     0.000000     0.000000    -0.000000    -0.000000     0.000000    -0.000000     0.000000     0.000000     0.002548    -0.103900     0.000000    -0.040120
    0.017860    -0.038660    -0.842200     0.000000    -0.002577    -0.074770     0.048420     0.000000    -0.000000     0.000000    -0.000000     0.000000    -0.000042    -0.007264     0.000981    -0.022190
   -0.000000    -0.000000     1.000000     0.000000     0.000000    -0.000000    -0.000000    -0.000000    -0.000000     0.000000    -0.000000     0.000000     0.000000     0.000000     0.000000     0.000000
   -0.000000    -0.000000     0.000000    -0.000000    -0.037210    29.320000   -57.420000     9.810000    -0.000000     0.000000    -0.000000    -0.000000     0.000000    -0.000000    -0.001431    -0.000000
    0.002124    -0.004599    -0.100200    -0.000000    -0.160200    -4.184000     3.348000    -0.000000     0.000000    -0.000000     0.000000    -0.000000    -0.000005    -0.000864     0.058080    -0.002640
    0.000230    -0.000498    -0.010850    -0.000000     0.001545    -0.563800    -0.470000    -0.000000     0.000000    -0.000000     0.000000    -0.000000    -0.000001    -0.000094     0.003192    -0.000286
   -0.000000    -0.000000     0.000000     0.000000     0.000000     1.000000     0.000000     0.000000    -0.000000     0.000000    -0.000000     0.000000     0.000000     0.000000     0.000000     0.000000
    1.000000     0.000000    -0.000000    28.530000    -0.000000     0.000000     0.000000     0.000000     0.000000    -0.000000     0.000000     0.000000    -0.000000    -0.000000    -0.000000    -0.000000
    0.000000    -0.000000     0.000000    -0.000000     1.000000    -0.000000    -0.000000   -28.530000    -0.000000     0.000000    -0.000000    61.790000     0.000000     0.000000     0.000000     0.000000
   -0.000000     1.000000    -0.000000   -61.790000     0.000000     0.000000     0.000000     0.000000     0.000000    -0.000000     0.000000     0.000000    -0.000000    -0.000000    -0.000000    -0.000000
   -0.000000    -0.000000     0.000000     0.000000     0.000000    -0.000000     1.000000     0.000000    -0.000000     0.000000    -0.000000     0.000000     0.000000     0.000000     0.000000     0.000000

   -0.002529     0.169600   -22.350000    -9.810000    -0.000000    -0.000000     0.000000     0.000000     0.000000    -0.000000     0.000000     0.000000    -0.000860     0.036270    -0.000000     0.016310
   -0.080180    -0.473700    94.170000    -0.000000     0.000000     0.000000    -0.000000    -0.000000     0.000000    -0.000000     0.000000     0.000000     0.005422    -0.233300    -0.000000    -0.082310
    0.011990    -0.055540    -1.229000     0.000000    -0.002896    -0.117400     0.046600     0.000000    -0.000000     0.000000    -0.000000     0.000000    -0.000149    -0.019220     0.002643    -0.053330
   -0.000000    -0.000000     1.000000     0.000000     0.000000    -0.000000    -0.000000    -0.000000    -0.000000     0.000000    -0.000000     0.000000     0.000000     0.000000     0.000000     0.000000
    0.000000    -0.000000    -0.000000    -0.000000    -0.051590    22.240000   -96.300000     9.810000    -0.000000     0.000000    -0.000000    -0.000000     0.000000     0.000000     0.000676    -0.000000
    0.001474    -0.006830    -0.151200    -0.000000    -0.154900    -5.677000     2.916000    -0.000000     0.000000    -0.000000     0.000000    -0.000000    -0.000018    -0.002363     0.131800    -0.006558
    0.000179    -0.000831    -0.018390    -0.000000     0.009309    -0.410400    -0.703500    -0.000000     0.000000    -0.000000     0.000000    -0.000000    -0.000002    -0.000287     0.004029    -0.000798
   -0.000000    -0.000000     0.000000     0.000000     0.000000     1.000000     0.000000     0.000000    -0.000000     0.000000    -0.000000     0.000000     0.000000     0.000000     0.000000     0.000000
    1.000000     0.000000    -0.000000    21.910000    -0.000000     0.000000     0.000000     0.000000     0.000000    -0.000000     0.000000     0.000000    -0.000000    -0.000000    -0.000000    -0.000000
    0.000000    -0.000000     0.000000    -0.000000     1.000000    -0.000000    -0.000000   -21.910000    -0.000000     0.000000    -0.000000   101.500000     0.000000     0.000000     0.000000     0.000000
   -0.000000     1.000000    -0.000000  -101.500000     0.000000     0.000000     0.000000     0.000000     0.000000    -0.000000     0.000000     0.000000    -0.000000    -0.000000    -0.000000    -0.000000
   -0.000000    -0.000000     0.000000     0.000000     0.000000    -0.000000     1.000000     0.000000    -0.000000     0.000000    -0.000000     0.000000     0.000000     0.000000     0.000000     0.000000

   -0.000370     0.078280   -21.280000    -9.810000    -0.000000    -0.000000     0.000000     0.000000     0.000000    -0.000000     0.000000     0.000000    -0.000677     0.030690    -0.000000     0.015440
   -0.045770    -0.461900   199.800000    -0.000000    -0.000000     0.000000    -0.000000    -0.000000     0.000000    -0.000000     0.000000     0.000000     0.010550    -0.479400    -0.000000    -0.156800
    0.007854    -0.076810    -1.688000     0.000000    -0.003352    -0.175800     0.043440     0.000000    -0.000000     0.000000    -0.000000     0.000000    -0.000590    -0.059420     0.008234    -0.150700
   -0.000000    -0.000000     1.000000     0.000000     0.000000    -0.000000    -0.000000     0.000000    -0.000000     0.000000    -0.000000     0.000000     0.000000     0.000000     0.000000     0.000000
   -0.000000    -0.000000    -0.000000    -0.000000    -0.048250    21.140000  -202.000000     9.810000    -0.000000     0.000000    -0.000000    -0.000000     0.000000    -0.000000     0.004813    -0.000000
    0.001022    -0.009998    -0.219700    -0.000000    -0.125000    -5.706000     2.141000    -0.000000     0.000000    -0.000000     0.000000    -0.000000    -0.000077    -0.007734     0.272600    -0.019610
    0.000162    -0.001580    -0.034730    -0.000000     0.016240    -0.256900    -0.892900    -0.000000     0.000000    -0.000000     0.000000    -0.000000    -0.000012    -0.001222     0.005007    -0.003099
   -0.000000    -0.000000     0.000000    -0.000000     0.000000     1.000000     0.000000     0.000000    -0.000000     0.000000    -0.000000     0.000000     0.000000     0.000000     0.000000     0.000000
    1.000000     0.000000    -0.000000    21.120000    -0.000000     0.000000     0.000000     0.000000     0.000000    -0.000000     0.000000     0.000000    -0.000000    -0.000000    -0.000000    -0.000000
    0.000000    -0.000000     0.000000    -0.000000     1.000000    -0.000000    -0.000000   -21.120000    -0.000000     0.000000    -0.000000   206.500000     0.000000     0.000000     0.000000     0.000000
   -0.000000     1.000000    -0.000000  -206.500000     0.000000     0.000000     0.000000     0.000000     0.000000    -0.000000     0.000000     0.000000    -0.000000    -0.000000    -0.000000    -0.000000
   -0.000000    -0.000000     0.000000     0.000000     0.000000    -0.000000     1.000000    -0.000000    -0.000000     0.000000    -0.000000     0.000000     0.000000     0.000000     0.000000     0.000000

   -0.000155     0.075230   -14.920000    -9.810000    -0.000000     0.000000     0.000000     0.000000     0.000000    -0.000000     0.000000     0.000000    -0.000602     0.027480    -0.000000     0.014710
   -0.048580    -0.613800   198.200000    -0.000000    -0.000000     0.000000     0.000000    -0.000000     0.000000    -0.000000     0.000000     0.000000     0.014040    -0.640800    -0.000000    -0.207700
    0.005417    -0.075980    -1.678000     0.000000    -0.003086    -0.174600     0.036970     0.000000    -0.000000     0.000000    -0.000000     0.000000    -0.000594    -0.059630     0.008274    -0.149800
   -0.000000    -0.000000     1.000000     0.000000     0.000000    -0.000000    -0.000000     0.000000    -0.000000     0.000000    -0.000000     0.000000     0.000000     0.000000     0.000000     0.000000
    0.000000    -0.000000    -0.000000    -0.000000    -0.065040    14.680000  -201.100000     9.810000    -0.000000     0.000000    -0.000000    -0.000000     0.000000    -0.000000     0.007514    -0.000000
    0.000705    -0.009890    -0.218400    -0.000000    -0.116900    -5.725000     1.926000    -0.000000     0.000000    -0.000000     0.000000    -0.000000    -0.000077    -0.007762     0.274800    -0.019500
    0.000111    -0.001563    -0.034510    -0.000000     0.017470    -0.180300    -0.895800    -0.000000     0.000000    -0.000000     0.000000    -0.000000    -0.000012    -0.001227     0.003875    -0.003081
   -0.000000    -0.000000     0.000000    -0.000000     0.000000     1.000000     0.000000     0.000000    -0.000000     0.000000    -0.000000     0.000000     0.000000     0.000000     0.000000     0.000000
    1.000000     0.000000    -0.000000    14.760000    -0.000000     0.000000     0.000000     0.000000     0.000000    -0.000000     0.000000     0.000000    -0.000000    -0.000000    -0.000000    -0.000000
    0.000000    -0.000000     0.000000    -0.000000     1.000000    -0.000000    -0.000000   -14.760000    -0.000000     0.000000    -0.000000   207.100000     0.000000     0.000000     0.000000     0.000000
   -0.000000     1.000000    -0.000000  -207.100000     0.000000     0.000000     0.000000     0.000000     0.000000    -0.000000     0.000000     0.000000    -0.000000    -0.000000    -0.000000    -0.000000
   -0.000000    -0.000000     0.000000    -0.000000     0.000000    -0.000000     1.000000    -0.000000    -0.000000     0.000000    -0.000000     0.000000     0.000000     0.000000     0.000000     0.000000

   -0.001467     0.165900   -16.250000    -9.810000    -0.000000    -0.000000    -0.000000     0.000000     0.000000    -0.000000     0.000000     0.000000    -0.000822     0.034970     0.000000     0.015990
   -0.082320    -0.628800    92.860000    -0.000000     0.000000     0.000000     0.000000    -0.000000     0.000000    -0.000000     0.000000     0.000000     0.007261    -0.315100    -0.000000    -0.109300
    0.008434    -0.054710    -1.222000     0.000000    -0.002588    -0.117100     0.038840     0.000000    -0.000000     0.000000    -0.000000     0.000000    -0.000154    -0.019580     0.002702    -0.053420
   -0.000000    -0.000000     1.000000     0.000000     0.000000    -0.000000    -0.000000     0.000000    -0.000000     0.000000    -0.000000     0.000000     0.000000     0.000000     0.000000     0.000000
   -0.000000    -0.000000     0.000000    -0.000000    -0.070530    16.030000   -95.770000     9.810000    -0.000000     0.000000    -0.000000    -0.000000     0.000000    -0.000000     0.002104    -0.000000
    0.001037    -0.006728    -0.150300    -0.000000    -0.140700    -5.750000     2.528000    -0.000000     0.000000    -0.000000     0.000000    -0.000000    -0.000019    -0.002407     0.135500    -0.006569
    0.000126    -0.000819    -0.018280    -0.000000     0.011260    -0.299800    -0.713900    -0.000000     0.000000    -0.000000     0.000000    -0.000000    -0.000002    -0.000293     0.003203    -0.000799
   -0.000000    -0.000000     0.000000     0.000000     0.000000     1.000000     0.000000     0.000000    -0.000000     0.000000    -0.000000     0.000000     0.000000     0.000000     0.000000     0.000000
    1.000000     0.000000    -0.000000    15.820000    -0.000000     0.000000     0.000000     0.000000     0.000000    -0.000000     0.000000     0.000000    -0.000000    -0.000000    -0.000000    -0.000000
    0.000000    -0.000000     0.000000    -0.000000     1.000000    -0.000000    -0.000000   -15.820000    -0.000000     0.000000    -0.000000   102.600000     0.000000     0.000000     0.000000     0.000000
   -0.000000     1.000000    -0.000000  -102.600000     0.000000     0.000000     0.000000     0.000000     0.000000    -0.000000     0.000000     0.000000    -0.000000    -0.000000    -0.000000    -0.000000
   -0.000000    -0.000000     0.000000     0.000000     0.000000    -0.000000     1.000000    -0.000000    -0.000000     0.000000    -0.000000     0.000000     0.000000     0.000000     0.000000     0.000000

   -0.006661     0.268400   -21.510000    -9.810000    -0.000000    -0.000000     0.000000     0.000000     0.000000    -0.000000     0.000000     0.000000    -0.000931     0.037660    -0.000000     0.016480
   -0.113800    -0.492000    56.850000    -0.000000     0.000000    -0.000000    -0.000000    -0.000000     0.000000    -0.000000     0.000000     0.000000     0.003633    -0.151000     0.000000    -0.056250
    0.012270    -0.038390    -0.850900     0.000000    -0.002227    -0.076550     0.039110     0.000000    -0.000000     0.000000    -0.000000     0.000000    -0.000049    -0.007931     0.001082    -0.023410
   -0.000000    -0.000000     1.000000     0.000000     0.000000    -0.000000    -0.000000     0.000000    -0.000000     0.000000    -0.000000     0.000000     0.000000     0.000000     0.000000     0.000000
    0.000000    -0.000000    -0.000000    -0.000000    -0.054500    21.370000   -58.950000     9.810000    -0.000000     0.000000    -0.000000    -0.000000     0.000000    -0.000000    -0.000682    -0.000000
    0.001459    -0.004566    -0.101200    -0.000000    -0.140800    -4.409000     2.792000    -0.000000     0.000000    -0.000000     0.000000    -0.000000    -0.000006    -0.000943     0.064780    -0.002784
    0.000158    -0.000495    -0.010960    -0.000000     0.004441    -0.412900    -0.495600    -0.000000     0.000000    -0.000000     0.000000    -0.000000    -0.000001    -0.000102     0.002599    -0.000302
   -0.000000    -0.000000     0.000000     0.000000     0.000000     1.000000     0.000000     0.000000    -0.000000     0.000000    -0.000000     0.000000     0.000000     0.000000     0.000000     0.000000
    1.000000     0.000000    -0.000000    20.710000    -0.000000     0.000000     0.000000     0.000000     0.000000    -0.000000     0.000000     0.000000    -0.000000    -0.000000    -0.000000    -0.000000
    0.000000    -0.000000     0.000000    -0.000000     1.000000    -0.000000    -0.000000   -20.710000    -0.000000     0.000000    -0.000000    64.830000     0.000000     0.000000     0.000000     0.000000
   -0.000000     1.000000    -0.000000   -64.830000     0.000000     0.000000     0.000000     0.000000     0.000000    -0.000000     0.000000     0.000000    -0.000000    -0.000000    -0.000000    -0.000000
   -0.000000    -0.000000     0.000000     0.000000     0.000000    -0.000000     1.000000     0.000000    -0.000000     0.000000    -0.000000     0.000000     0.000000     0.000000     0.000000     0.000000
