u  w  q  the  v  p  r  phi  x  y  z  psi  |  slat  flap  aileron  elevator
   -0.013610     0.280300   -29.950000    -9.810000    -0.000000     0.000000     0.000000     0.000000     0.000000    -0.000000     0.000000     0.000000    -0.000950     0.037630    -0.000000     0.017510
   -0.109900    -0.358100    55.560000    -0.000000     0.000000    -0.000000    -0.000000    -0.000000     0.000000    -0.000000     0.000000     0.000000     0.002524    -0.102800     0.000000    -0.039860
    0.020660    -0.043490    -0.908600     0.000000    -0.000806    -0.018770     0.018700     0.000000    -0.000000     0.000000    -0.000000     0.000000    -0.000013    -0.008594     0.000276    -0.023130
   -0.000000    -0.000000     1.000000     0.000000     0.000000    -0.000000    -0.000000    -0.000000    -0.000000     0.000000    -0.000000     0.000000     0.000000     0.000000     0.000000     0.000000
   -0.000000    -0.000000    -0.000000    -0.000000    -0.036650    30.020000   -57.100000     9.810000    -0.000000     0.000000    -0.000000    -0.000000     0.000000    -0.000000    -0.001494    -0.000000
    0.000728    -0.001533    -0.032030    -0.000000    -0.935000   -24.310000    19.890000    -0.000000     0.000000    -0.000000     0.000000    -0.000000    -0.000000    -0.000303     0.335300    -0.000815
   -0.000057     0.000120     0.002499    -0.000000    -0.007531    -0.916000    -0.353300    -0.000000     0.000000    -0.000000     0.000000    -0.000000     0.000000     0.000024     0.007129     0.000064
   -0.000000    -0.000000     0.000000     0.000000     0.000000     1.000000     0.000000     0.000000    -0.000000     0.000000    -0.000000     0.000000     0.000000     0.000000     0.000000     0.000000
    1.000000     0.000000    -0.000000    29.210000    -0.000000     0.000000     0.000000     0.000000     0.000000    -0.000000     0.000000     0.000000    -0.000000    -0.000000    -0.000000    -0.000000
    0.000000    -0.000000     0.000000    -0.000000     1.000000    -0.000000    -0.000000   -29.210000    -0.000000     0.000000    -0.000000    61.470000     0.000000     0.000000     0.000000     0.000000
   -0.000000     1.000000    -0.000000   -61.470000     0.000000     0.000000     0.000000     0.000000     0.000000    -0.000000     0.000000     0.000000    -0.000000    -0.000000    -0.000000    -0.000000
   -0.000000    -0.000000     0.000000     0.000000     0.000000    -0.000000     1.000000     0.000000    -0.000000     0.000000    -0.000000     0.000000     0.000000     0.000000     0.000000     0.000000

   -0.003386     0.173000   -22.830000    -9.810000    -0.000000    -0.000000     0.000000     0.000000     0.000000    -0.000000     0.000000     0.000000    -0.000882     0.037170     0.000000     0.017880
   -0.077860    -0.472900    93.880000    -0.000000     0.000000     0.000000    -0.000000    -0.000000     0.000000    -0.000000     0.000000     0.000000     0.005411    -0.232800    -0.000000    -0.082290
    0.014080    -0.063640    -1.336000     0.000000    -0.001166    -0.039330     0.024700     0.000000    -0.000000     0.000000    -0.000000     0.000000    -0.000077    -0.023050     0.000936    -0.056110
   -0.000000    -0.000000     1.000000     0.000000     0.000000    -0.000000    -0.000000     0.000000    -0.000000     0.000000    -0.000000     0.000000     0.000000     0.000000     0.000000     0.000000
   -0.000000    -0.000000    -0.000000    -0.000000    -0.051260    22.780000   -96.170000     9.810000    -0.000000     0.000000    -0.000000    -0.000000     0.000000    -0.000000     0.000608    -0.000000
    0.000615    -0.002779    -0.058320    -0.000000    -1.082000   -39.640000    20.760000    -0.000000     0.000000    -0.000000     0.000000    -0.000000    -0.000003    -0.001006     0.918700    -0.002450
   -0.000047     0.000211     0.004430    -0.000000     0.000153    -0.913700    -0.635900    -0.000000     0.000000    -0.000000     0.000000    -0.000000     0.000000     0.000076     0.014440     0.000186
   -0.000000    -0.000000     0.000000    -0.000000     0.000000     1.000000     0.000000     0.000000    -0.000000     0.000000    -0.000000     0.000000     0.000000     0.000000     0.000000     0.000000
    1.000000     0.000000    -0.000000    22.430000    -0.000000     0.000000     0.000000     0.000000     0.000000    -0.000000     0.000000     0.000000    -0.000000    -0.000000    -0.000000    -0.000000
    0.000000    -0.000000     0.000000    -0.000000     1.000000    -0.000000    -0.000000   -22.430000    -0.000000     0.000000    -0.000000   101.400000     0.000000     0.000000     0.000000     0.000000
   -0.000000     1.000000    -0.000000  -101.400000     0.000000     0.000000     0.000000     0.000000     0.000000    -0.000000     0.000000     0.000000    -0.000000    -0.000000    -0.000000    -0.000000
   -0.000000    -0.000000     0.000000     0.000000     0.000000    -0.000000     1.000000     0.000000    -0.000000     0.000000    -0.000000     0.000000     0.000000     0.000000     0.000000     0.000000

   -0.000585     0.079940   -21.810000    -9.810000     0.000000     0.000000     0.000000     0.000000     0.000000    -0.000000     0.000000     0.000000    -0.000698     0.031610    -0.000000     0.017190
   -0.044570    -0.461700   199.600000    -0.000000    -0.000000     0.000000    -0.000000    -0.000000     0.000000    -0.000000     0.000000     0.000000     0.010550    -0.479100    -0.000000    -0.156900
    0.009435    -0.089930    -1.863000     0.000000    -0.002285    -0.096910     0.044430     0.000000    -0.000000     0.000000    -0.000000     0.000000    -0.000391    -0.072290     0.004682    -0.160900
   -0.000000    -0.000000     1.000000     0.000000     0.000000    -0.000000    -0.000000     0.000000    -0.000000     0.000000    -0.000000     0.000000     0.000000     0.000000     0.000000     0.000000
   -0.000000    -0.000000    -0.000000    -0.000000    -0.048090    21.690000  -202.000000     9.810000    -0.000000     0.000000    -0.000000    -0.000000     0.000000    -0.000000     0.004754    -0.000000
    0.000676    -0.006445    -0.133500    -0.000000    -1.350000   -61.700000    23.580000    -0.000000     0.000000    -0.000000     0.000000    -0.000000    -0.000028    -0.005181     2.946000    -0.011530
   -0.000047     0.000449     0.009309    -0.000000     0.006618    -1.018000    -0.909500    -0.000000     0.000000    -0.000000     0.000000    -0.000000     0.000002     0.000361     0.038980     0.000804
   -0.000000    -0.000000     0.000000    -0.000000     0.000000     1.000000     0.000000     0.000000    -0.000000     0.000000    -0.000000     0.000000     0.000000     0.000000     0.000000     0.000000
    1.000000     0.000000    -0.000000    21.660000    -0.000000     0.000000     0.000000     0.000000     0.000000    -0.000000     0.000000     0.000000    -0.000000    -0.000000    -0.000000    -0.000000
    0.000000    -0.000000     0.000000    -0.000000     1.000000    -0.000000    -0.000000   -21.660000    -0.000000     0.000000    -0.000000   206.500000     0.000000     0.000000     0.000000     0.000000
   -0.000000     1.000000    -0.000000  -206.500000     0.000000     0.000000     0.000000     0.000000     0.000000    -0.000000     0.000000     0.000000    -0.000000    -0.000000    -0.000000    -0.000000
   -0.000000    -0.000000     0.000000    -0.000000     0.000000    -0.000000     1.000000    -0.000000    -0.000000     0.000000    -0.000000     0.000000     0.000000     0.000000     0.000000     0.000000

   -0.000306     0.076890   -15.310000    -9.810000     0.000000    -0.000000    -0.000000     0.000000     0.000000    -0.000000     0.000000     0.000000    -0.000623     0.028410    -0.000000     0.016490
   -0.047390    -0.613600   197.900000    -0.000000    -0.000000     0.000000     0.000000    -0.000000     0.000000    -0.000000     0.000000     0.000000     0.014040    -0.640500    -0.000000    -0.207800
    0.006530    -0.089120    -1.851000     0.000000    -0.002155    -0.097820     0.040660     0.000000    -0.000000     0.000000    -0.000000     0.000000    -0.000393    -0.072600     0.004730    -0.159900
   -0.000000    -0.000000     1.000000     0.000000     0.000000    -0.000000    -0.000000     0.000000    -0.000000     0.000000    -0.000000     0.000000     0.000000     0.000000     0.000000     0.000000
    0.000000    -0.000000    -0.000000    -0.000000    -0.064880    15.090000  -201.100000     9.810000    -0.000000     0.000000    -0.000000    -0.000000     0.000000    -0.000000     0.007455    -0.000000
    0.000468    -0.006387    -0.132700    -0.000000    -1.263000   -61.910000    21.210000    -0.000000     0.000000    -0.000000     0.000000    -0.000000    -0.000028    -0.005203     2.971000    -0.011460
   -0.000033     0.000445     0.009249    -0.000000     0.009226    -0.918900    -0.939900    -0.000000     0.000000    -0.000000     0.000000    -0.000000     0.000002     0.000363     0.037770     0.000799
   -0.000000    -0.000000     0.000000     0.000000     0.000000     1.000000     0.000000     0.000000    -0.000000     0.000000    -0.000000     0.000000     0.000000     0.000000     0.000000     0.000000
    1.000000     0.000000    -0.000000    15.170000    -0.000000     0.000000     0.000000     0.000000     0.000000    -0.000000     0.000000     0.000000    -0.000000    -0.000000    -0.000000    -0.000000
    0.000000    -0.000000     0.000000    -0.000000     1.000000    -0.000000    -0.000000   -15.170000    -0.000000     0.000000    -0.000000   207.100000     0.000000     0.000000     0.000000     0.000000
   -0.000000     1.000000    -0.000000  -207.100000     0.000000     0.000000     0.000000     0.000000     0.000000    -0.000000     0.000000     0.000000    -0.000000    -0.000000    -0.000000    -0.000000
   -0.000000    -0.000000     0.000000     0.000000     0.000000    -0.000000     1.000000    -0.000000    -0.000000     0.000000    -0.000000     0.000000     0.000000     0.000000     0.000000     0.000000

   -0.002080     0.169200   -16.600000    -9.810000    -0.000000    -0.000000    -0.000000     0.000000     0.000000    -0.000000     0.000000     0.000000    -0.000844     0.035910     0.000000     0.017590
   -0.080010    -0.628200    92.560000    -0.000000     0.000000     0.000000     0.000000    -0.000000     0.000000    -0.000000     0.000000     0.000000     0.007253    -0.314700    -0.000000    -0.109400
    0.009943    -0.062910    -1.328000     0.000000    -0.001072    -0.040370     0.021880     0.000000    -0.000000     0.000000    -0.000000     0.000000    -0.000080    -0.023520     0.000968    -0.056220
   -0.000000    -0.000000     1.000000    -0.000000     0.000000    -0.000000    -0.000000    -0.000000    -0.000000     0.000000    -0.000000    -0.000000     0.000000     0.000000     0.000000     0.000000
   -0.000000    -0.000000    -0.000000    -0.000000    -0.070220    16.440000   -95.680000     9.810000    -0.000000     0.000000    -0.000000    -0.000000    -0.000000     0.000000     0.002038    -0.000000
    0.000434    -0.002747    -0.057970    -0.000000    -0.982500   -40.160000    18.000000    -0.000000     0.000000    -0.000000     0.000000    -0.000000    -0.000004    -0.001027     0.945400    -0.002455
   -0.000033     0.000209     0.004403    -0.000000     0.003588    -0.783700    -0.677600    -0.000000     0.000000    -0.000000     0.000000    -0.000000     0.000000     0.000078     0.013720     0.000187
   -0.000000    -0.000000     0.000000     0.000000     0.000000     1.000000     0.000000    -0.000000    -0.000000     0.000000    -0.000000    -0.000000     0.000000     0.000000     0.000000     0.000000
    1.000000     0.000000    -0.000000    16.210000    -0.000000     0.000000     0.000000     0.000000     0.000000    -0.000000     0.000000     0.000000    -0.000000    -0.000000    -0.000000    -0.000000
    0.000000    -0.000000     0.000000    -0.000000     1.000000    -0.000000    -0.000000   -16.210000    -0.000000     0.000000    -0.000000   102.600000     0.000000     0.000000     0.000000     0.000000
   -0.000000     1.000000    -0.000000  -102.600000     0.000000     0.000000     0.000000     0.000000     0.000000    -0.000000     0.000000     0.000000    -0.000000    -0.000000    -0.000000    -0.000000
   -0.000000    -0.000000     0.000000     0.000000     0.000000    -0.000000     1.000000    -0.000000    -0.000000     0.000000    -0.000000    -0.000000     0.000000     0.000000     0.000000     0.000000

   -0.008544     0.273700   -21.930000    -9.810000    -0.000000     0.000000     0.000000     0.000000     0.000000    -0.000000     0.000000     0.000000    -0.000953     0.038510    -0.000000     0.017890
   -0.110400    -0.490500    56.520000    -0.000000     0.000000     0.000000    -0.000000    -0.000000     0.000000    -0.000000     0.000000     0.000000     0.003617    -0.150200     0.000000    -0.056120
    0.014270    -0.043520    -0.919100     0.000000    -0.000719    -0.020490     0.015970     0.000000    -0.000000     0.000000    -0.000000     0.000000    -0.000017    -0.009451     0.000313    -0.024480
   -0.000000    -0.000000     1.000000     0.000000     0.000000    -0.000000    -0.000000     0.000000    -0.000000     0.000000    -0.000000     0.000000     0.000000     0.000000     0.000000     0.000000
   -0.000000    -0.000000     0.000000    -0.000000    -0.054000    21.880000   -58.780000     9.810000    -0.000000     0.000000    -0.000000    -0.000000     0.000000    -0.000000    -0.000750    -0.000000
    0.000503    -0.001534    -0.032390    -0.000000    -0.821700   -25.680000    16.590000    -0.000000     0.000000    -0.000000     0.000000    -0.000000    -0.000001    -0.000333     0.376100    -0.000863
   -0.000039     0.000120     0.002528    -0.000000    -0.002946    -0.749600    -0.416700    -0.000000     0.000000    -0.000000     0.000000    -0.000000     0.000000     0.000026     0.006848     0.000067
   -0.000000    -0.000000     0.000000     0.000000     0.000000     1.000000     0.000000     0.000000    -0.000000     0.000000    -0.000000     0.000000     0.000000     0.000000     0.000000     0.000000
    1.000000     0.000000    -0.000000    21.200000    -0.000000     0.000000     0.000000     0.000000     0.000000    -0.000000     0.000000     0.000000    -0.000000    -0.000000    -0.000000    -0.000000
    0.000000    -0.000000     0.000000    -0.000000     1.000000    -0.000000    -0.000000   -21.200000    -0.000000     0.000000    -0.000000    64.670000     0.000000     0.000000     0.000000     0.000000
   -0.000000     1.000000    -0.000000   -64.670000     0.000000     0.000000     0.000000     0.000000     0.000000    -0.000000     0.000000     0.000000    -0.000000    -0.000000    -0.000000    -0.000000
   -0.000000    -0.000000     0.000000     0.000000     0.000000    -0.000000     1.000000     0.000000    -0.000000     0.000000    -0.000000     0.000000     0.000000     0.000000     0.000000     0.000000
