u  w  q  the  v  p  r  phi  x  y  z  psi  |  slat  flap  aileron  elevator
   -0.009688     0.272300   -29.070000    -9.810000    -0.000000    -0.000000     0.000000     0.000000     0.000000    -0.000000     0.000000     0.000000    -0.000921     0.036590    -0.000000     0.015620
   -0.114900    -0.361100    56.180000    -0.000000     0.000000    -0.000000    -0.000000    -0.000000     0.000000    -0.000000     0.000000     0.000000     0.002559    -0.104400     0.000000    -0.040230
    0.016210    -0.035570    -0.793000     0.000000    -0.001761    -0.056800     0.028630     0.000000    -0.000000     0.000000    -0.000000     0.000000    -0.000054    -0.006493     0.000708    -0.021220
   -0.000000    -0.000000     1.000000     0.000000     0.000000    -0.000000    -0.000000     0.000000    -0.000000     0.000000    -0.000000     0.000000     0.000000     0.000000     0.000000     0.000000
   -0.000000    -0.000000     0.000000    -0.000000    -0.037470    29.000000   -57.560000     9.810000    -0.000000     0.000000    -0.000000    -0.000000     0.000000    -0.000000    -0.001401    -0.000000
    0.001389    -0.003047    -0.067930    -0.000000    -0.071040    -1.856000     1.473000    -0.000000     0.000000    -0.000000     0.000000    -0.000000    -0.000005    -0.000556     0.025860    -0.001818
    0.000299    -0.000655    -0.014610    -0.000000     0.002025    -0.443500    -0.404500    -0.000000     0.000000    -0.000000     0.000000    -0.000000    -0.000001    -0.000120     0.002359    -0.000391
   -0.000000    -0.000000     0.000000     0.000000     0.000000     1.000000     0.000000     0.000000    -0.000000     0.000000    -0.000000     0.000000     0.000000     0.000000     0.000000     0.000000
    1.000000     0.000000    -0.000000    28.230000    -0.000000     0.000000     0.000000     0.000000     0.000000    -0.000000     0.000000     0.000000    -0.000000    -0.000000    -0.000000    -0.000000
    0.000000    -0.000000     0.000000    -0.000000     1.000000    -0.000000    -0.000000   -28.230000    -0.000000     0.000000    -0.000000    61.930000     0.000000     0.000000     0.000000     0.000000
   -0.000000     1.000000    -0.000000   -61.930000     0.000000     0.000000     0.000000     0.000000     0.000000    -0.000000     0.000000     0.000000    -0.000000    -0.000000    -0.000000    -0.000000
   -0.000000    -0.000000     0.000000     0.000000     0.000000    -0.000000     1.000000     0.000000    -0.000000     0.000000    -0.000000     0.000000     0.000000     0.000000     0.000000     0.000000

   -0.002165     0.168100   -22.130000    -9.810000     0.000000    -0.000000    -0.000000     0.000000     0.000000    -0.000000     0.000000     0.000000    -0.000850     0.035850     0.000000     0.015590
   -0.081250    -0.474000    94.300000    -0.000000    -0.000000     0.000000     0.000000    -0.000000     0.000000    -0.000000     0.000000     0.000000     0.005427    -0.233600    -0.000000    -0.082320
    0.010740    -0.050370    -1.148000     0.000000    -0.001843    -0.083160     0.023330     0.000000    -0.000000     0.000000    -0.000000     0.000000    -0.000176    -0.016980     0.001818    -0.050520
   -0.000000    -0.000000     1.000000     0.000000     0.000000    -0.000000    -0.000000     0.000000    -0.000000     0.000000    -0.000000     0.000000     0.000000     0.000000     0.000000     0.000000
   -0.000000    -0.000000    -0.000000    -0.000000    -0.051740    21.990000   -96.360000     9.810000    -0.000000     0.000000    -0.000000    -0.000000     0.000000    -0.000000     0.000707    -0.000000
    0.000934    -0.004376    -0.099740    -0.000000    -0.067420    -2.469000     1.259000    -0.000000     0.000000    -0.000000     0.000000    -0.000000    -0.000015    -0.001476     0.057390    -0.004389
    0.000225    -0.001055    -0.024040    -0.000000     0.008135    -0.302100    -0.578000    -0.000000     0.000000    -0.000000     0.000000    -0.000000    -0.000004    -0.000356     0.002630    -0.001058
   -0.000000    -0.000000     0.000000    -0.000000     0.000000     1.000000     0.000000     0.000000    -0.000000     0.000000    -0.000000     0.000000     0.000000     0.000000     0.000000     0.000000
    1.000000     0.000000    -0.000000    21.670000    -0.000000     0.000000     0.000000     0.000000     0.000000    -0.000000     0.000000     0.000000    -0.000000    -0.000000    -0.000000    -0.000000
    0.000000    -0.000000     0.000000    -0.000000     1.000000    -0.000000    -0.000000   -21.670000    -0.000000     0.000000    -0.000000   101.600000     0.000000     0.000000     0.000000     0.000000
   -0.000000     1.000000    -0.000000  -101.600000     0.000000     0.000000     0.000000     0.000000     0.000000    -0.000000     0.000000     0.000000    -0.000000    -0.000000    -0.000000    -0.000000
   -0.000000    -0.000000     0.000000     0.000000     0.000000    -0.000000     1.000000     0.000000    -0.000000     0.000000    -0.000000     0.000000     0.000000     0.000000     0.000000     0.000000

   -0.000279     0.077510   -21.040000    -9.810000    -0.000000     0.000000     0.000000     0.000000     0.000000    -0.000000     0.000000     0.000000    -0.000668     0.030260    -0.000000     0.014620
   -0.046320    -0.462100   199.900000    -0.000000    -0.000000    -0.000000     0.000000    -0.000000     0.000000    -0.000000     0.000000     0.000000     0.010550    -0.479600    -0.000000    -0.156700
    0.006859    -0.067900    -1.542000     0.000000    -0.001901    -0.115400     0.014460     0.000000    -0.000000     0.000000    -0.000000     0.000000    -0.000647    -0.051390     0.005306    -0.139600
   -0.000000    -0.000000     1.000000     0.000000     0.000000    -0.000000    -0.000000     0.000000    -0.000000     0.000000    -0.000000     0.000000     0.000000     0.000000     0.000000     0.000000
   -0.000000    -0.000000    -0.000000    -0.000000    -0.048320    20.880000  -202.100000     9.810000    -0.000000     0.000000    -0.000000    -0.000000     0.000000    -0.000000     0.004841    -0.000000
    0.000610    -0.006040    -0.137200    -0.000000    -0.052640    -2.401000     0.894800    -0.000000     0.000000    -0.000000     0.000000    -0.000000    -0.000058    -0.004572     0.114800    -0.012420
    0.000186    -0.001842    -0.041820    -0.000000     0.012530    -0.168100    -0.673500    -0.000000     0.000000    -0.000000     0.000000    -0.000000    -0.000018    -0.001394     0.002648    -0.003787
   -0.000000    -0.000000     0.000000     0.000000     0.000000     1.000000     0.000000     0.000000    -0.000000     0.000000    -0.000000     0.000000     0.000000     0.000000     0.000000     0.000000
    1.000000     0.000000    -0.000000    20.870000    -0.000000     0.000000     0.000000     0.000000     0.000000    -0.000000     0.000000     0.000000    -0.000000    -0.000000    -0.000000    -0.000000
    0.000000    -0.000000     0.000000    -0.000000     1.000000    -0.000000    -0.000000   -20.870000    -0.000000     0.000000    -0.000000   206.600000     0.000000     0.000000     0.000000     0.000000
   -0.000000     1.000000    -0.000000  -206.600000     0.000000     0.000000     0.000000     0.000000     0.000000    -0.000000     0.000000     0.000000    -0.000000    -0.000000    -0.000000    -0.000000
   -0.000000    -0.000000     0.000000     0.000000     0.000000    -0.000000     1.000000     0.000000    -0.000000     0.000000    -0.000000     0.000000     0.000000     0.000000     0.000000     0.000000

   -0.000092     0.074460   -14.740000    -9.810000     0.000000     0.000000     0.000000     0.000000     0.000000    -0.000000     0.000000     0.000000    -0.000592     0.027050    -0.000000     0.013890
   -0.049130    -0.613900   198.300000    -0.000000    -0.000000     0.000000     0.000000    -0.000000     0.000000    -0.000000     0.000000     0.000000     0.014040    -0.640900    -0.000000    -0.207700
    0.004723    -0.067100    -1.532000     0.000000    -0.001715    -0.113600     0.010340     0.000000    -0.000000     0.000000    -0.000000     0.000000    -0.000650    -0.051560     0.005315    -0.138800
   -0.000000    -0.000000     1.000000    -0.000000     0.000000    -0.000000    -0.000000    -0.000000    -0.000000     0.000000    -0.000000    -0.000000     0.000000     0.000000     0.000000     0.000000
    0.000000    -0.000000    -0.000000    -0.000000    -0.065120    14.490000  -201.200000     9.810000    -0.000000     0.000000    -0.000000    -0.000000     0.000000    -0.000000     0.007541    -0.000000
    0.000420    -0.005969    -0.136300    -0.000000    -0.049280    -2.409000     0.805000    -0.000000     0.000000    -0.000000     0.000000    -0.000000    -0.000058    -0.004587     0.115700    -0.012350
    0.000128    -0.001820    -0.041550    -0.000000     0.013410    -0.111300    -0.674700    -0.000000     0.000000    -0.000000     0.000000    -0.000000    -0.000018    -0.001398     0.001798    -0.003766
   -0.000000    -0.000000     0.000000     0.000000     0.000000     1.000000     0.000000    -0.000000    -0.000000     0.000000    -0.000000    -0.000000     0.000000     0.000000     0.000000     0.000000
    1.000000     0.000000    -0.000000    14.580000    -0.000000     0.000000     0.000000     0.000000     0.000000    -0.000000     0.000000     0.000000    -0.000000    -0.000000    -0.000000    -0.000000
    0.000000    -0.000000     0.000000    -0.000000     1.000000    -0.000000    -0.000000   -14.580000    -0.000000     0.000000    -0.000000   207.100000     0.000000     0.000000     0.000000     0.000000
   -0.000000     1.000000    -0.000000  -207.100000     0.000000     0.000000     0.000000     0.000000     0.000000    -0.000000     0.000000     0.000000    -0.000000    -0.000000    -0.000000    -0.000000
   -0.000000    -0.000000     0.000000     0.000000     0.000000    -0.000000     1.000000    -0.000000    -0.000000     0.000000    -0.000000    -0.000000     0.000000     0.000000     0.000000     0.000000

   -0.001206     0.164300   -16.090000    -9.810000     0.000000    -0.000000     0.000000     0.000000     0.000000    -0.000000     0.000000     0.000000    -0.000811     0.034540     0.000000     0.015240
   -0.083390    -0.629100    92.990000    -0.000000     0.000000     0.000000     0.000000    -0.000000     0.000000    -0.000000     0.000000     0.000000     0.007264    -0.315300    -0.000000    -0.109300
    0.007546    -0.049530    -1.141000     0.000000    -0.001617    -0.081800     0.018050     0.000000    -0.000000     0.000000    -0.000000     0.000000    -0.000181    -0.017280     0.001849    -0.050600
   -0.000000    -0.000000     1.000000    -0.000000     0.000000    -0.000000    -0.000000    -0.000000    -0.000000     0.000000    -0.000000    -0.000000     0.000000     0.000000     0.000000     0.000000
   -0.000000    -0.000000     0.000000    -0.000000    -0.070680    15.850000   -95.810000     9.810000    -0.000000     0.000000    -0.000000    -0.000000    -0.000000     0.000000     0.002135    -0.000000
    0.000656    -0.004303    -0.099150    -0.000000    -0.061250    -2.501000     1.092000    -0.000000     0.000000    -0.000000     0.000000    -0.000000    -0.000016    -0.001502     0.058970    -0.004397
    0.000158    -0.001037    -0.023890    -0.000000     0.009623    -0.213400    -0.584400    -0.000000     0.000000    -0.000000     0.000000    -0.000000    -0.000004    -0.000362     0.001950    -0.001060
   -0.000000    -0.000000     0.000000     0.000000     0.000000     1.000000     0.000000    -0.000000    -0.000000     0.000000    -0.000000    -0.000000     0.000000     0.000000     0.000000     0.000000
    1.000000     0.000000    -0.000000    15.640000    -0.000000     0.000000     0.000000     0.000000     0.000000    -0.000000     0.000000     0.000000    -0.000000    -0.000000    -0.000000    -0.000000
    0.000000    -0.000000     0.000000    -0.000000     1.000000    -0.000000    -0.000000   -15.640000    -0.000000     0.000000    -0.000000   102.700000     0.000000     0.000000     0.000000     0.000000
   -0.000000     1.000000    -0.000000  -102.700000     0.000000     0.000000     0.000000     0.000000     0.000000    -0.000000     0.000000     0.000000    -0.000000    -0.000000    -0.000000    -0.000000
   -0.000000    -0.000000     0.000000     0.000000     0.000000    -0.000000     1.000000    -0.000000    -0.000000     0.000000    -0.000000    -0.000000     0.000000     0.000000     0.000000     0.000000

   -0.005854     0.266000   -21.320000    -9.810000     0.000000     0.000000     0.000000     0.000000     0.000000    -0.000000     0.000000     0.000000    -0.000920     0.037270    -0.000000     0.015820
   -0.115400    -0.492700    57.000000    -0.000000     0.000000    -0.000000    -0.000000    -0.000000     0.000000    -0.000000     0.000000     0.000000     0.003641    -0.151400     0.000000    -0.056300
    0.011110    -0.035180    -0.800800     0.000000    -0.001493    -0.056580     0.022030     0.000000    -0.000000     0.000000    -0.000000     0.000000    -0.000062    -0.007065     0.000771    -0.022350
   -0.000000    -0.000000     1.000000     0.000000     0.000000    -0.000000    -0.000000     0.000000    -0.000000     0.000000    -0.000000     0.000000     0.000000     0.000000     0.000000     0.000000
   -0.000000    -0.000000     0.000000    -0.000000    -0.054740    21.140000   -59.020000     9.810000    -0.000000     0.000000    -0.000000    -0.000000     0.000000    -0.000000    -0.000651    -0.000000
    0.000951    -0.003014    -0.068590    -0.000000    -0.062440    -1.955000     1.229000    -0.000000     0.000000    -0.000000     0.000000    -0.000000    -0.000005    -0.000605     0.028770    -0.001914
    0.000205    -0.000648    -0.014750    -0.000000     0.004313    -0.318400    -0.422800    -0.000000     0.000000    -0.000000     0.000000    -0.000000    -0.000001    -0.000130     0.001836    -0.000412
   -0.000000    -0.000000     0.000000     0.000000     0.000000     1.000000     0.000000     0.000000    -0.000000     0.000000    -0.000000     0.000000     0.000000     0.000000     0.000000     0.000000
    1.000000     0.000000    -0.000000    20.490000    -0.000000     0.000000     0.000000     0.000000     0.000000    -0.000000     0.000000     0.000000    -0.000000    -0.000000    -0.000000    -0.000000
    0.000000    -0.000000     0.000000    -0.000000     1.000000    -0.000000    -0.000000   -20.490000    -0.000000     0.000000    -0.000000    64.900000     0.000000     0.000000     0.000000     0.000000
   -0.000000     1.000000    -0.000000   -64.900000     0.000000     0.000000     0.000000     0.000000     0.000000    -0.000000     0.000000     0.000000    -0.000000    -0.000000    -0.000000    -0.000000
   -0.000000    -0.000000     0.000000     0.000000     0.000000    -0.000000     1.000000     0.000000    -0.000000     0.000000    -0.000000     0.000000     0.000000     0.000000     0.000000     0.000000
