u  w  q  the  v  p  r  phi  x  y  z  psi  |  slat  flap  aileron  elevator
   -0.026460     0.301400   -32.210000    -9.810000    -0.000000     0.000000     0.000000     0.000000     0.000000    -0.000000     0.000000     0.000000    -0.001021     0.040170    -0.000000     0.022150
   -0.097240    -0.349600    53.850000    -0.000000     0.000000    -0.000000    -0.000000    -0.000000     0.000000    -0.000000     0.000000     0.000000     0.002425    -0.098270     0.000000    -0.038790
    0.027020    -0.051140    -0.981300     0.000000    -0.001413    -0.034450     0.033190     0.000000    -0.000000     0.000000    -0.000000     0.000000     0.000084    -0.011230     0.000475    -0.021740
   -0.000000    -0.000000     1.000000    -0.000000     0.000000    -0.000000    -0.000000    -0.000000    -0.000000     0.000000    -0.000000    -0.000000     0.000000     0.000000     0.000000     0.000000
    0.000000     0.000000     0.000000    -0.000000    -0.034610    32.690000   -55.820000     9.810000    -0.000000     0.000000    -0.000000    -0.000000    -0.000000    -0.000000    -0.001732    -0.000000
    0.001902    -0.003600    -0.069080    -0.000000    -0.866200   -21.930000    19.810000    -0.000000     0.000000    -0.000000     0.000000    -0.000000     0.000006    -0.000790     0.295800    -0.001530
   -0.000031     0.000058     0.001120    -0.000000    -0.005277    -0.855700    -0.367300    -0.000000     0.000000    -0.000000     0.000000    -0.000000    -0.000000     0.000013     0.006071     0.000025
   -0.000000    -0.000000     0.000000     0.000000     0.000000     1.000000     0.000000    -0.000000    -0.000000     0.000000    -0.000000    -0.000000     0.000000     0.000000     0.000000     0.000000
    1.000000     0.000000    -0.000000    31.790000    -0.000000     0.000000     0.000000     0.000000     0.000000    -0.000000     0.000000     0.000000    -0.000000    -0.000000    -0.000000    -0.000000
    0.000000    -0.000000     0.000000    -0.000000     1.000000    -0.000000    -0.000000   -31.790000    -0.000000     0.000000    -0.000000    60.180000     0.000000     0.000000     0.000000     0.000000
   -0.000000     1.000000    -0.000000   -60.180000     0.000000     0.000000     0.000000     0.000000     0.000000    -0.000000     0.000000     0.000000    -0.000000    -0.000000    -0.000000    -0.000000
   -0.000000    -0.000000     0.000000     0.000000     0.000000    -0.000000     1.000000    -0.000000    -0.000000     0.000000    -0.000000    -0.000000     0.000000     0.000000     0.000000     0.000000

   -0.007434     0.185900   -24.620000    -9.810000     0.000000    -0.000000     0.000000     0.000000     0.000000    -0.000000     0.000000     0.000000    -0.000965     0.040540     0.000000     0.023690
   -0.069230    -0.470000    92.760000    -0.000000     0.000000     0.000000    -0.000000    -0.000000     0.000000    -0.000000     0.000000     0.000000     0.005366    -0.230400    -0.000000    -0.082150
    0.018400    -0.076050    -1.425000     0.000000    -0.001927    -0.068000     0.041150     0.000000    -0.000000     0.000000    -0.000000     0.000000     0.000181    -0.030470     0.001583    -0.052570
   -0.000000    -0.000000     1.000000     0.000000     0.000000    -0.000000    -0.000000     0.000000    -0.000000     0.000000    -0.000000     0.000000     0.000000     0.000000     0.000000     0.000000
   -0.000000    -0.000000     0.000000    -0.000000    -0.050070    24.820000   -95.650000     9.810000    -0.000000     0.000000    -0.000000    -0.000000    -0.000000     0.000000     0.000354    -0.000000
    0.001576    -0.006516    -0.122100    -0.000000    -0.986500   -35.790000    20.430000    -0.000000     0.000000    -0.000000     0.000000    -0.000000     0.000015    -0.002611     0.825800    -0.004505
   -0.000025     0.000102     0.001912    -0.000000     0.002722    -0.790300    -0.627900    -0.000000     0.000000    -0.000000     0.000000    -0.000000    -0.000000     0.000041     0.011620     0.000071
   -0.000000    -0.000000     0.000000     0.000000     0.000000     1.000000     0.000000     0.000000    -0.000000     0.000000    -0.000000     0.000000     0.000000     0.000000     0.000000     0.000000
    1.000000     0.000000    -0.000000    24.420000    -0.000000     0.000000     0.000000     0.000000     0.000000    -0.000000     0.000000     0.000000    -0.000000    -0.000000    -0.000000    -0.000000
    0.000000    -0.000000     0.000000    -0.000000     1.000000    -0.000000    -0.000000   -24.420000    -0.000000     0.000000    -0.000000   100.900000     0.000000     0.000000     0.000000     0.000000
   -0.000000     1.000000    -0.000000  -100.900000     0.000000     0.000000     0.000000     0.000000     0.000000    -0.000000     0.000000     0.000000    -0.000000    -0.000000    -0.000000    -0.000000
   -0.000000    -0.000000     0.000000     0.000000     0.000000    -0.000000     1.000000     0.000000    -0.000000     0.000000    -0.000000     0.000000     0.000000     0.000000     0.000000     0.000000

   -0.001637     0.086220   -23.770000    -9.810000    -0.000000    -0.000000     0.000000     0.000000     0.000000    -0.000000     0.000000     0.000000    -0.000777     0.035070    -0.000000     0.023770
   -0.040110    -0.460700   198.700000    -0.000000    -0.000000    -0.000000    -0.000000    -0.000000     0.000000    -0.000000     0.000000     0.000000     0.010530    -0.477800     0.000000    -0.157200
    0.011710    -0.101900    -1.859000     0.000000    -0.003289    -0.145700     0.064530     0.000000    -0.000000     0.000000    -0.000000     0.000000     0.000367    -0.089190     0.006979    -0.140400
   -0.000000    -0.000000     1.000000     0.000000     0.000000    -0.000000    -0.000000    -0.000000    -0.000000     0.000000    -0.000000     0.000000     0.000000     0.000000     0.000000     0.000000
    0.000000    -0.000000    -0.000000    -0.000000    -0.047500    23.770000  -201.700000     9.810000    -0.000000     0.000000    -0.000000    -0.000000     0.000000    -0.000000     0.004529    -0.000000
    0.001558    -0.013550    -0.247300    -0.000000    -1.163000   -52.860000    22.110000    -0.000000     0.000000    -0.000000     0.000000    -0.000000     0.000049    -0.011860     2.522000    -0.018680
   -0.000022     0.000192     0.003497    -0.000000     0.009601    -0.747900    -0.840500    -0.000000     0.000000    -0.000000     0.000000    -0.000000    -0.000001     0.000168     0.026910     0.000264
   -0.000000    -0.000000     0.000000     0.000000     0.000000     1.000000     0.000000     0.000000    -0.000000     0.000000    -0.000000     0.000000     0.000000     0.000000     0.000000     0.000000
    1.000000     0.000000    -0.000000    23.720000    -0.000000     0.000000     0.000000     0.000000     0.000000    -0.000000     0.000000     0.000000    -0.000000    -0.000000    -0.000000    -0.000000
    0.000000    -0.000000     0.000000    -0.000000     1.000000    -0.000000    -0.000000   -23.720000    -0.000000     0.000000    -0.000000   206.300000     0.000000     0.000000     0.000000     0.000000
   -0.000000     1.000000    -0.000000  -206.300000     0.000000     0.000000     0.000000     0.000000     0.000000    -0.000000     0.000000     0.000000    -0.000000    -0.000000    -0.000000    -0.000000
   -0.000000    -0.000000     0.000000     0.000000     0.000000    -0.000000     1.000000     0.000000    -0.000000     0.000000    -0.000000     0.000000     0.000000     0.000000     0.000000     0.000000

   -0.001057     0.083150   -16.750000    -9.810000     0.000000    -0.000000     0.000000     0.000000     0.000000    -0.000000     0.000000     0.000000    -0.000702     0.031910    -0.000000     0.023150
   -0.042920    -0.612800   196.900000    -0.000000    -0.000000     0.000000     0.000000    -0.000000     0.000000    -0.000000     0.000000     0.000000     0.014020    -0.639600    -0.000000    -0.208300
    0.008186    -0.101400    -1.847000     0.000000    -0.003084    -0.146600     0.058520     0.000000    -0.000000     0.000000    -0.000000     0.000000     0.000369    -0.089750     0.007051    -0.139500
   -0.000000    -0.000000     1.000000     0.000000     0.000000    -0.000000    -0.000000     0.000000    -0.000000     0.000000    -0.000000     0.000000     0.000000     0.000000     0.000000     0.000000
    0.000000    -0.000000    -0.000000    -0.000000    -0.064300    16.650000  -200.900000     9.810000    -0.000000     0.000000    -0.000000    -0.000000     0.000000    -0.000000     0.007234    -0.000000
    0.001089    -0.013480    -0.245600    -0.000000    -1.088000   -53.090000    19.940000    -0.000000     0.000000    -0.000000     0.000000    -0.000000     0.000049    -0.011940     2.546000    -0.018550
   -0.000015     0.000191     0.003474    -0.000000     0.011770    -0.658300    -0.863900    -0.000000     0.000000    -0.000000     0.000000    -0.000000    -0.000001     0.000169     0.025800     0.000262
   -0.000000    -0.000000     0.000000     0.000000     0.000000     1.000000     0.000000     0.000000    -0.000000     0.000000    -0.000000     0.000000     0.000000     0.000000     0.000000     0.000000
    1.000000     0.000000    -0.000000    16.710000    -0.000000     0.000000     0.000000     0.000000     0.000000    -0.000000     0.000000     0.000000    -0.000000    -0.000000    -0.000000    -0.000000
    0.000000    -0.000000     0.000000    -0.000000     1.000000    -0.000000    -0.000000   -16.710000    -0.000000     0.000000    -0.000000   206.900000     0.000000     0.000000     0.000000     0.000000
   -0.000000     1.000000    -0.000000  -206.900000     0.000000     0.000000     0.000000     0.000000     0.000000    -0.000000     0.000000     0.000000    -0.000000    -0.000000    -0.000000    -0.000000
   -0.000000    -0.000000     0.000000     0.000000     0.000000    -0.000000     1.000000    -0.000000    -0.000000     0.000000    -0.000000     0.000000     0.000000     0.000000     0.000000     0.000000

   -0.005008     0.181900   -17.880000    -9.810000     0.000000     0.000000     0.000000     0.000000     0.000000    -0.000000     0.000000     0.000000    -0.000929     0.039410     0.000000     0.023600
   -0.071390    -0.625800    91.430000    -0.000000     0.000000     0.000000    -0.000000    -0.000000     0.000000    -0.000000     0.000000     0.000000     0.007222    -0.313000    -0.000000    -0.109400
    0.013110    -0.075880    -1.418000     0.000000    -0.001756    -0.069370     0.036020     0.000000    -0.000000     0.000000    -0.000000     0.000000     0.000183    -0.031290     0.001639    -0.052740
   -0.000000    -0.000000     1.000000     0.000000     0.000000    -0.000000    -0.000000     0.000000    -0.000000     0.000000    -0.000000     0.000000     0.000000     0.000000     0.000000     0.000000
   -0.000000     0.000000     0.000000    -0.000000    -0.069070    17.960000   -95.350000     9.810000    -0.000000     0.000000    -0.000000    -0.000000    -0.000000     0.000000     0.001787    -0.000000
    0.001124    -0.006502    -0.121500    -0.000000    -0.895300   -36.360000    17.760000    -0.000000     0.000000    -0.000000     0.000000    -0.000000     0.000016    -0.002681     0.854000    -0.004519
   -0.000018     0.000102     0.001903    -0.000000     0.005854    -0.662900    -0.664200    -0.000000     0.000000    -0.000000     0.000000    -0.000000    -0.000000     0.000042     0.010910     0.000071
   -0.000000    -0.000000     0.000000     0.000000     0.000000     1.000000     0.000000     0.000000    -0.000000     0.000000    -0.000000     0.000000     0.000000     0.000000     0.000000     0.000000
    1.000000     0.000000    -0.000000    17.680000    -0.000000     0.000000     0.000000     0.000000     0.000000    -0.000000     0.000000     0.000000    -0.000000    -0.000000    -0.000000    -0.000000
    0.000000    -0.000000     0.000000    -0.000000     1.000000    -0.000000    -0.000000   -17.680000    -0.000000     0.000000    -0.000000   102.300000     0.000000     0.000000     0.000000     0.000000
   -0.000000     1.000000    -0.000000  -102.300000     0.000000     0.000000     0.000000     0.000000     0.000000    -0.000000     0.000000     0.000000    -0.000000    -0.000000    -0.000000    -0.000000
   -0.000000    -0.000000     0.000000     0.000000     0.000000    -0.000000     1.000000     0.000000    -0.000000     0.000000    -0.000000     0.000000     0.000000     0.000000     0.000000     0.000000

   -0.017350     0.293900   -23.490000    -9.810000    -0.000000     0.000000     0.000000     0.000000     0.000000    -0.000000     0.000000     0.000000    -0.001035     0.041640    -0.000000     0.023110
   -0.097760    -0.484600    55.240000    -0.000000     0.000000    -0.000000    -0.000000    -0.000000     0.000000    -0.000000     0.000000     0.000000     0.003551    -0.147100     0.000000    -0.055580
    0.018880    -0.052410    -0.999300     0.000000    -0.001249    -0.037260     0.027960     0.000000    -0.000000     0.000000    -0.000000     0.000000     0.000091    -0.012690     0.000548    -0.023360
   -0.000000    -0.000000     1.000000     0.000000     0.000000    -0.000000    -0.000000     0.000000    -0.000000     0.000000    -0.000000     0.000000     0.000000     0.000000     0.000000     0.000000
   -0.000000    -0.000000     0.000000    -0.000000    -0.052150    23.820000   -58.100000     9.810000    -0.000000     0.000000    -0.000000    -0.000000     0.000000    -0.000000    -0.001008    -0.000000
    0.001329    -0.003689    -0.070350    -0.000000    -0.761600   -23.460000    16.560000    -0.000000     0.000000    -0.000000     0.000000    -0.000000     0.000006    -0.000893     0.340100    -0.001644
   -0.000022     0.000060     0.001141    -0.000000    -0.001016    -0.687000    -0.423400    -0.000000     0.000000    -0.000000     0.000000    -0.000000    -0.000000     0.000014     0.005810     0.000027
   -0.000000    -0.000000     0.000000     0.000000     0.000000     1.000000     0.000000     0.000000    -0.000000     0.000000    -0.000000     0.000000     0.000000     0.000000     0.000000     0.000000
    1.000000     0.000000    -0.000000    23.060000    -0.000000     0.000000     0.000000     0.000000     0.000000    -0.000000     0.000000     0.000000    -0.000000    -0.000000    -0.000000    -0.000000
    0.000000    -0.000000     0.000000    -0.000000     1.000000    -0.000000    -0.000000   -23.060000    -0.000000     0.000000    -0.000000    64.030000     0.000000     0.000000     0.000000     0.000000
   -0.000000     1.000000    -0.000000   -64.030000     0.000000     0.000000     0.000000     0.000000     0.000000    -0.000000     0.000000     0.000000    -0.000000    -0.000000    -0.000000    -0.000000
   -0.000000    -0.000000     0.000000     0.000000     0.000000    -0.000000     1.000000    -0.000000    -0.000000     0.000000    -0.000000     0.000000     0.000000     0.000000     0.000000     0.000000
