u  w  q  the  v  p  r  phi  x  y  z  psi  |  slat  flap  aileron  elevator
   -0.022090     0.294800   -31.510000    -9.810000    -0.000000     0.000000     0.000000     0.000000     0.000000    -0.000000     0.000000     0.000000    -0.001000     0.039410    -0.000000     0.020760
   -0.101100    -0.352300    54.390000    -0.000000     0.000000    -0.000000    -0.000000    -0.000000     0.000000    -0.000000     0.000000     0.000000     0.002457    -0.099710     0.000000    -0.039140
    0.025530    -0.049920    -0.973700     0.000000    -0.001488    -0.036600     0.034260     0.000000    -0.000000     0.000000    -0.000000     0.000000     0.000058    -0.010710     0.000508    -0.022530
   -0.000000    -0.000000     1.000000     0.000000     0.000000    -0.000000    -0.000000    -0.000000    -0.000000     0.000000    -0.000000     0.000000     0.000000     0.000000     0.000000     0.000000
   -0.000000     0.000000     0.000000    -0.000000    -0.035220    31.860000   -56.230000     9.810000    -0.000000     0.000000    -0.000000    -0.000000     0.000000    -0.000000    -0.001659    -0.000000
    0.001796    -0.003512    -0.068520    -0.000000    -0.865900   -22.120000    19.370000    -0.000000     0.000000    -0.000000     0.000000    -0.000000     0.000004    -0.000754     0.300500    -0.001586
   -0.000031     0.000060     0.001175    -0.000000    -0.005771    -0.880700    -0.374000    -0.000000     0.000000    -0.000000     0.000000    -0.000000    -0.000000     0.000013     0.006391     0.000027
   -0.000000    -0.000000     0.000000     0.000000     0.000000     1.000000     0.000000     0.000000    -0.000000     0.000000    -0.000000     0.000000     0.000000     0.000000     0.000000     0.000000
    1.000000     0.000000    -0.000000    30.990000    -0.000000     0.000000     0.000000     0.000000     0.000000    -0.000000     0.000000     0.000000    -0.000000    -0.000000    -0.000000    -0.000000
    0.000000    -0.000000     0.000000    -0.000000     1.000000    -0.000000    -0.000000   -30.990000    -0.000000     0.000000    -0.000000    60.600000     0.000000     0.000000     0.000000     0.000000
   -0.000000     1.000000    -0.000000   -60.600000     0.000000     0.000000     0.000000     0.000000     0.000000    -0.000000     0.000000     0.000000    -0.000000    -0.000000    -0.000000    -0.000000
   -0.000000    -0.000000     0.000000     0.000000     0.000000    -0.000000     1.000000     0.000000    -0.000000     0.000000    -0.000000     0.000000     0.000000     0.000000     0.000000     0.000000

   -0.006054     0.181900   -24.070000    -9.810000     0.000000     0.000000    -0.000000     0.000000     0.000000    -0.000000     0.000000     0.000000    -0.000940     0.039510     0.000000     0.021920
   -0.071860    -0.470900    93.110000    -0.000000     0.000000     0.000000     0.000000    -0.000000     0.000000    -0.000000     0.000000     0.000000     0.005380    -0.231200    -0.000000    -0.082200
    0.017460    -0.074140    -1.422000     0.000000    -0.002050    -0.072520     0.042880     0.000000    -0.000000     0.000000    -0.000000     0.000000     0.000112    -0.029030     0.001691    -0.054660
   -0.000000    -0.000000     1.000000     0.000000     0.000000    -0.000000    -0.000000     0.000000    -0.000000     0.000000    -0.000000     0.000000     0.000000     0.000000     0.000000     0.000000
   -0.000000    -0.000000     0.000000    -0.000000    -0.050430    24.190000   -95.820000     9.810000    -0.000000     0.000000    -0.000000    -0.000000    -0.000000     0.000000     0.000432    -0.000000
    0.001496    -0.006350    -0.121800    -0.000000    -0.985700   -35.880000    19.950000    -0.000000     0.000000    -0.000000     0.000000    -0.000000     0.000010    -0.002486     0.828900    -0.004682
   -0.000025     0.000106     0.002039    -0.000000     0.002399    -0.828500    -0.648900    -0.000000     0.000000    -0.000000     0.000000    -0.000000    -0.000000     0.000042     0.012360     0.000078
   -0.000000    -0.000000     0.000000    -0.000000     0.000000     1.000000     0.000000     0.000000    -0.000000     0.000000    -0.000000     0.000000     0.000000     0.000000     0.000000     0.000000
    1.000000     0.000000    -0.000000    23.810000    -0.000000     0.000000     0.000000     0.000000     0.000000    -0.000000     0.000000     0.000000    -0.000000    -0.000000    -0.000000    -0.000000
    0.000000    -0.000000     0.000000    -0.000000     1.000000    -0.000000    -0.000000   -23.810000    -0.000000     0.000000    -0.000000   101.100000     0.000000     0.000000     0.000000     0.000000
   -0.000000     1.000000    -0.000000  -101.100000     0.000000     0.000000     0.000000     0.000000     0.000000    -0.000000     0.000000     0.000000    -0.000000    -0.000000    -0.000000    -0.000000
   -0.000000    -0.000000     0.000000     0.000000     0.000000    -0.000000     1.000000    -0.000000    -0.000000     0.000000    -0.000000     0.000000     0.000000     0.000000     0.000000     0.000000

   -0.001274     0.084290   -23.170000    -9.810000     0.000000     0.000000     0.000000     0.000000     0.000000    -0.000000     0.000000     0.000000    -0.000753     0.034010    -0.000000     0.021750
   -0.041470    -0.461000   199.000000    -0.000000    -0.000000     0.000000    -0.000000    -0.000000     0.000000    -0.000000     0.000000     0.000000     0.010530    -0.478200    -0.000000    -0.157100
    0.011390    -0.101800    -1.907000     0.000000    -0.003603    -0.159800     0.069180     0.000000    -0.000000     0.000000    -0.000000     0.000000     0.000173    -0.087360     0.007655    -0.150300
   -0.000000    -0.000000     1.000000     0.000000     0.000000    -0.000000    -0.000000     0.000000    -0.000000     0.000000    -0.000000     0.000000     0.000000     0.000000     0.000000     0.000000
    0.000000     0.000000    -0.000000    -0.000000    -0.047670    23.130000  -201.800000     9.810000    -0.000000     0.000000    -0.000000    -0.000000    -0.000000    -0.000000     0.004598    -0.000000
    0.001513    -0.013520    -0.253500    -0.000000    -1.162000   -52.930000    21.530000    -0.000000     0.000000    -0.000000     0.000000    -0.000000     0.000023    -0.011610     2.525000    -0.019970
   -0.000024     0.000210     0.003944    -0.000000     0.009721    -0.814200    -0.894500    -0.000000     0.000000    -0.000000     0.000000    -0.000000    -0.000000     0.000181     0.029600     0.000311
   -0.000000    -0.000000     0.000000     0.000000     0.000000     1.000000     0.000000     0.000000    -0.000000     0.000000    -0.000000     0.000000     0.000000     0.000000     0.000000     0.000000
    1.000000     0.000000    -0.000000    23.090000    -0.000000     0.000000     0.000000     0.000000     0.000000    -0.000000     0.000000     0.000000    -0.000000    -0.000000    -0.000000    -0.000000
    0.000000    -0.000000     0.000000    -0.000000     1.000000    -0.000000    -0.000000   -23.090000    -0.000000     0.000000    -0.000000   206.300000     0.000000     0.000000     0.000000     0.000000
   -0.000000     1.000000    -0.000000  -206.300000     0.000000     0.000000     0.000000     0.000000     0.000000    -0.000000     0.000000     0.000000    -0.000000    -0.000000    -0.000000    -0.000000
   -0.000000    -0.000000     0.000000     0.000000     0.000000    -0.000000     1.000000     0.000000    -0.000000     0.000000    -0.000000     0.000000     0.000000     0.000000     0.000000     0.000000

   -0.000796     0.081230   -16.310000    -9.810000    -0.000000    -0.000000     0.000000     0.000000     0.000000    -0.000000     0.000000     0.000000    -0.000678     0.030840    -0.000000     0.021110
   -0.044290    -0.613000   197.200000    -0.000000    -0.000000    -0.000000    -0.000000    -0.000000     0.000000    -0.000000     0.000000     0.000000     0.014030    -0.639900    -0.000000    -0.208200
    0.007937    -0.101200    -1.895000     0.000000    -0.003380    -0.160700     0.062730     0.000000    -0.000000     0.000000    -0.000000     0.000000     0.000174    -0.087860     0.007731    -0.149300
   -0.000000    -0.000000     1.000000     0.000000     0.000000    -0.000000    -0.000000     0.000000    -0.000000     0.000000    -0.000000     0.000000     0.000000     0.000000     0.000000     0.000000
    0.000000    -0.000000    -0.000000    -0.000000    -0.064480    16.180000  -200.900000     9.810000    -0.000000     0.000000    -0.000000    -0.000000     0.000000    -0.000000     0.007302    -0.000000
    0.001055    -0.013450    -0.251800    -0.000000    -1.087000   -53.130000    19.400000    -0.000000     0.000000    -0.000000     0.000000    -0.000000     0.000023    -0.011680     2.549000    -0.019840
   -0.000016     0.000209     0.003918    -0.000000     0.012040    -0.719300    -0.919400    -0.000000     0.000000    -0.000000     0.000000    -0.000000    -0.000000     0.000182     0.028420     0.000309
   -0.000000    -0.000000     0.000000     0.000000     0.000000     1.000000     0.000000     0.000000    -0.000000     0.000000    -0.000000     0.000000     0.000000     0.000000     0.000000     0.000000
    1.000000     0.000000    -0.000000    16.240000    -0.000000     0.000000     0.000000     0.000000     0.000000    -0.000000     0.000000     0.000000    -0.000000    -0.000000    -0.000000    -0.000000
    0.000000    -0.000000     0.000000    -0.000000     1.000000    -0.000000    -0.000000   -16.240000    -0.000000     0.000000    -0.000000   207.000000     0.000000     0.000000     0.000000     0.000000
   -0.000000     1.000000    -0.000000  -207.000000     0.000000     0.000000     0.000000     0.000000     0.000000    -0.000000     0.000000     0.000000    -0.000000    -0.000000    -0.000000    -0.000000
   -0.000000    -0.000000     0.000000     0.000000     0.000000    -0.000000     1.000000     0.000000    -0.000000     0.000000    -0.000000     0.000000     0.000000     0.000000     0.000000     0.000000

   -0.004007     0.178000   -17.490000    -9.810000     0.000000     0.000000    -0.000000     0.000000     0.000000    -0.000000     0.000000     0.000000    -0.000903     0.038340     0.000000     0.021760
   -0.074030    -0.626600    91.780000    -0.000000     0.000000     0.000000     0.000000    -0.000000     0.000000    -0.000000     0.000000     0.000000     0.007232    -0.313500    -0.000000    -0.109400
    0.012420    -0.073810    -1.415000     0.000000    -0.001869    -0.073930     0.037520     0.000000    -0.000000     0.000000    -0.000000     0.000000     0.000113    -0.029760     0.001749    -0.054810
   -0.000000    -0.000000     1.000000     0.000000     0.000000    -0.000000    -0.000000     0.000000    -0.000000     0.000000    -0.000000     0.000000     0.000000     0.000000     0.000000     0.000000
   -0.000000    -0.000000     0.000000    -0.000000    -0.069420    17.490000   -95.460000     9.810000    -0.000000     0.000000    -0.000000    -0.000000    -0.000000     0.000000     0.001864    -0.000000
    0.001064    -0.006321    -0.121200    -0.000000    -0.894700   -36.420000    17.320000    -0.000000     0.000000    -0.000000     0.000000    -0.000000     0.000010    -0.002549     0.855900    -0.004694
   -0.000018     0.000106     0.002028    -0.000000     0.005650    -0.697700    -0.686600    -0.000000     0.000000    -0.000000     0.000000    -0.000000    -0.000000     0.000043     0.011630     0.000079
   -0.000000    -0.000000     0.000000    -0.000000     0.000000     1.000000     0.000000     0.000000    -0.000000     0.000000    -0.000000     0.000000     0.000000     0.000000     0.000000     0.000000
    1.000000     0.000000    -0.000000    17.230000    -0.000000     0.000000     0.000000     0.000000     0.000000    -0.000000     0.000000     0.000000    -0.000000    -0.000000    -0.000000    -0.000000
    0.000000    -0.000000     0.000000    -0.000000     1.000000    -0.000000    -0.000000   -17.230000    -0.000000     0.000000    -0.000000   102.400000     0.000000     0.000000     0.000000     0.000000
   -0.000000     1.000000    -0.000000  -102.400000     0.000000     0.000000     0.000000     0.000000     0.000000    -0.000000     0.000000     0.000000    -0.000000    -0.000000    -0.000000    -0.000000
   -0.000000    -0.000000     0.000000     0.000000     0.000000    -0.000000     1.000000    -0.000000    -0.000000     0.000000    -0.000000     0.000000     0.000000     0.000000     0.000000     0.000000

   -0.014360     0.287600   -23.010000    -9.810000    -0.000000     0.000000     0.000000     0.000000     0.000000    -0.000000     0.000000     0.000000    -0.001010     0.040680    -0.000000     0.021530
   -0.101600    -0.486500    55.630000    -0.000000     0.000000     0.000000    -0.000000    -0.000000     0.000000    -0.000000     0.000000     0.000000     0.003572    -0.148100     0.000000    -0.055760
    0.017790    -0.050810    -0.989200     0.000000    -0.001315    -0.039430     0.028850     0.000000    -0.000000     0.000000    -0.000000     0.000000     0.000062    -0.012000     0.000581    -0.024090
   -0.000000    -0.000000     1.000000     0.000000     0.000000    -0.000000    -0.000000     0.000000    -0.000000     0.000000    -0.000000     0.000000     0.000000     0.000000     0.000000     0.000000
   -0.000000    -0.000000    -0.000000    -0.000000    -0.052710    23.220000   -58.310000     9.810000    -0.000000     0.000000    -0.000000    -0.000000     0.000000    -0.000000    -0.000929    -0.000000
    0.001251    -0.003575    -0.069610    -0.000000    -0.761200   -23.560000    16.190000    -0.000000     0.000000    -0.000000     0.000000    -0.000000     0.000004    -0.000844     0.342600    -0.001695
   -0.000021     0.000061     0.001194    -0.000000    -0.001369    -0.709600    -0.432500    -0.000000     0.000000    -0.000000     0.000000    -0.000000    -0.000000     0.000014     0.006108     0.000029
   -0.000000    -0.000000     0.000000     0.000000     0.000000     1.000000     0.000000     0.000000    -0.000000     0.000000    -0.000000     0.000000     0.000000     0.000000     0.000000     0.000000
    1.000000     0.000000    -0.000000    22.490000    -0.000000     0.000000     0.000000     0.000000     0.000000    -0.000000     0.000000     0.000000    -0.000000    -0.000000    -0.000000    -0.000000
    0.000000    -0.000000     0.000000    -0.000000     1.000000    -0.000000    -0.000000   -22.490000    -0.000000     0.000000    -0.000000    64.240000     0.000000     0.000000     0.000000     0.000000
   -0.000000     1.000000    -0.000000   -64.240000     0.000000     0.000000     0.000000     0.000000     0.000000    -0.000000     0.000000     0.000000    -0.000000    -0.000000    -0.000000    -0.000000
   -0.000000    -0.000000     0.000000     0.000000     0.000000    -0.000000     1.000000    -0.000000    -0.000000     0.000000    -0.000000     0.000000     0.000000     0.000000     0.000000     0.000000
