u  w  q  the  v  p  r  phi  x  y  z  psi  |  slat  flap  aileron  elevator
   -0.005481     0.262200   -27.950000    -9.810000    -0.000000     0.000000     0.000000     0.000000     0.000000    -0.000000     0.000000     0.000000    -0.000884     0.035230    -0.000000     0.013120
   -0.121500    -0.364900    56.960000    -0.000000     0.000000    -0.000000     0.000000    -0.000000     0.000000    -0.000000     0.000000     0.000000     0.002602    -0.106400     0.000000    -0.040660
    0.012280    -0.028450    -0.720300     0.000000    -0.001062    -0.026600     0.022290     0.000000    -0.000000     0.000000    -0.000000     0.000000    -0.000110    -0.004342     0.000385    -0.020450
   -0.000000    -0.000000     1.000000     0.000000     0.000000    -0.000000    -0.000000     0.000000    -0.000000     0.000000    -0.000000     0.000000     0.000000     0.000000     0.000000     0.000000
   -0.000000    -0.000000     0.000000    -0.000000    -0.038550    27.710000   -58.110000     9.810000    -0.000000     0.000000    -0.000000    -0.000000     0.000000    -0.000000    -0.001280    -0.000000
    0.000609    -0.001411    -0.035730    -0.000000    -0.906300   -23.980000    18.050000    -0.000000     0.000000    -0.000000     0.000000    -0.000000    -0.000005    -0.000215     0.336800    -0.001014
   -0.000025     0.000058     0.001475    -0.000000    -0.007274    -0.790700    -0.307100    -0.000000     0.000000    -0.000000     0.000000    -0.000000     0.000000     0.000009     0.006503     0.000042
   -0.000000    -0.000000     0.000000    -0.000000     0.000000     1.000000     0.000000     0.000000    -0.000000     0.000000    -0.000000     0.000000     0.000000     0.000000     0.000000     0.000000
    1.000000     0.000000    -0.000000    26.980000    -0.000000     0.000000     0.000000     0.000000     0.000000    -0.000000     0.000000     0.000000    -0.000000    -0.000000    -0.000000    -0.000000
    0.000000    -0.000000     0.000000    -0.000000     1.000000    -0.000000    -0.000000   -26.980000    -0.000000     0.000000    -0.000000    62.480000     0.000000     0.000000     0.000000     0.000000
   -0.000000     1.000000    -0.000000   -62.480000     0.000000     0.000000     0.000000     0.000000     0.000000    -0.000000     0.000000     0.000000    -0.000000    -0.000000    -0.000000    -0.000000
   -0.000000    -0.000000     0.000000    -0.000000     0.000000    -0.000000     1.000000    -0.000000    -0.000000     0.000000    -0.000000     0.000000     0.000000     0.000000     0.000000     0.000000

   -0.000879     0.161700   -21.220000    -9.810000     0.000000     0.000000    -0.000000     0.000000     0.000000    -0.000000     0.000000     0.000000    -0.000808     0.034140     0.000000     0.012610
   -0.085660    -0.475400    94.840000    -0.000000    -0.000000     0.000000     0.000000    -0.000000     0.000000    -0.000000     0.000000     0.000000     0.005447    -0.234600    -0.000000    -0.082340
    0.007900    -0.038870    -1.040000     0.000000    -0.001486    -0.052450     0.028260     0.000000    -0.000000     0.000000    -0.000000     0.000000    -0.000312    -0.011160     0.001237    -0.048310
   -0.000000    -0.000000     1.000000     0.000000     0.000000    -0.000000    -0.000000     0.000000    -0.000000     0.000000    -0.000000     0.000000     0.000000     0.000000     0.000000     0.000000
   -0.000000    -0.000000    -0.000000    -0.000000    -0.052370    20.980000   -96.600000     9.810000    -0.000000     0.000000    -0.000000    -0.000000     0.000000     0.000000     0.000833    -0.000000
    0.000482    -0.002372    -0.063450    -0.000000    -1.040000   -38.300000    18.600000    -0.000000     0.000000    -0.000000     0.000000    -0.000000    -0.000019    -0.000681     0.891600    -0.002948
   -0.000019     0.000095     0.002533    -0.000000    -0.000922    -0.790400    -0.544700    -0.000000     0.000000    -0.000000     0.000000    -0.000000     0.000001     0.000027     0.012900     0.000118
   -0.000000    -0.000000     0.000000     0.000000     0.000000     1.000000     0.000000     0.000000    -0.000000     0.000000    -0.000000     0.000000     0.000000     0.000000     0.000000     0.000000
    1.000000     0.000000    -0.000000    20.680000    -0.000000     0.000000     0.000000     0.000000     0.000000    -0.000000     0.000000     0.000000    -0.000000    -0.000000    -0.000000    -0.000000
    0.000000    -0.000000     0.000000    -0.000000     1.000000    -0.000000    -0.000000   -20.680000    -0.000000     0.000000    -0.000000   101.800000     0.000000     0.000000     0.000000     0.000000
   -0.000000     1.000000    -0.000000  -101.800000     0.000000     0.000000     0.000000     0.000000     0.000000    -0.000000     0.000000     0.000000    -0.000000    -0.000000    -0.000000    -0.000000
   -0.000000    -0.000000     0.000000     0.000000     0.000000    -0.000000     1.000000    -0.000000    -0.000000     0.000000    -0.000000     0.000000     0.000000     0.000000     0.000000     0.000000

    0.000031     0.074370   -20.050000    -9.810000     0.000000     0.000000     0.000000     0.000000     0.000000    -0.000000     0.000000     0.000000    -0.000628     0.028520    -0.000000     0.011290
   -0.048570    -0.462500   200.400000    -0.000000    -0.000000     0.000000     0.000000    -0.000000     0.000000    -0.000000     0.000000     0.000000     0.010560    -0.480100    -0.000000    -0.156600
    0.004932    -0.051380    -1.396000     0.000000    -0.002723    -0.120000     0.047180     0.000000    -0.000000     0.000000    -0.000000     0.000000    -0.001030    -0.033970     0.005771    -0.133600
   -0.000000    -0.000000     1.000000     0.000000     0.000000    -0.000000    -0.000000     0.000000    -0.000000     0.000000    -0.000000     0.000000     0.000000     0.000000     0.000000     0.000000
   -0.000000    -0.000000    -0.000000    -0.000000    -0.048630    19.840000  -202.200000     9.810000    -0.000000     0.000000    -0.000000    -0.000000     0.000000    -0.000000     0.004953    -0.000000
    0.000483    -0.005029    -0.136600    -0.000000    -1.268000   -58.040000    20.530000    -0.000000     0.000000    -0.000000     0.000000    -0.000000    -0.000101    -0.003325     2.775000    -0.013070
   -0.000017     0.000181     0.004925    -0.000000     0.004284    -0.849000    -0.753400    -0.000000     0.000000    -0.000000     0.000000    -0.000000     0.000004     0.000120     0.033000     0.000471
   -0.000000    -0.000000     0.000000    -0.000000     0.000000     1.000000     0.000000     0.000000    -0.000000     0.000000    -0.000000     0.000000     0.000000     0.000000     0.000000     0.000000
    1.000000     0.000000    -0.000000    19.840000    -0.000000     0.000000     0.000000     0.000000     0.000000    -0.000000     0.000000     0.000000    -0.000000    -0.000000    -0.000000    -0.000000
    0.000000    -0.000000     0.000000    -0.000000     1.000000    -0.000000    -0.000000   -19.840000    -0.000000     0.000000    -0.000000   206.700000     0.000000     0.000000     0.000000     0.000000
   -0.000000     1.000000    -0.000000  -206.700000     0.000000     0.000000     0.000000     0.000000     0.000000    -0.000000     0.000000     0.000000    -0.000000    -0.000000    -0.000000    -0.000000
   -0.000000    -0.000000     0.000000    -0.000000     0.000000    -0.000000     1.000000    -0.000000    -0.000000     0.000000    -0.000000     0.000000     0.000000     0.000000     0.000000     0.000000

    0.000119     0.071330   -14.000000    -9.810000    -0.000000     0.000000     0.000000     0.000000     0.000000    -0.000000     0.000000     0.000000    -0.000553     0.025290    -0.000000     0.010530
   -0.051380    -0.614300   198.800000    -0.000000    -0.000000     0.000000    -0.000000    -0.000000     0.000000    -0.000000     0.000000     0.000000     0.014050    -0.641300    -0.000000    -0.207400
    0.003366    -0.050500    -1.388000     0.000000    -0.002560    -0.120700     0.042820     0.000000    -0.000000     0.000000    -0.000000     0.000000    -0.001035    -0.034010     0.005819    -0.132900
   -0.000000    -0.000000     1.000000    -0.000000     0.000000    -0.000000    -0.000000    -0.000000    -0.000000     0.000000    -0.000000    -0.000000     0.000000     0.000000     0.000000     0.000000
    0.000000    -0.000000    -0.000000    -0.000000    -0.065420    13.710000  -201.300000     9.810000    -0.000000     0.000000    -0.000000    -0.000000     0.000000    -0.000000     0.007651    -0.000000
    0.000329    -0.004943    -0.135800    -0.000000    -1.187000   -58.210000    18.440000    -0.000000     0.000000    -0.000000     0.000000    -0.000000    -0.000101    -0.003329     2.795000    -0.013010
   -0.000012     0.000178     0.004896    -0.000000     0.006345    -0.770600    -0.776400    -0.000000     0.000000    -0.000000     0.000000    -0.000000     0.000004     0.000120     0.032000     0.000469
   -0.000000    -0.000000     0.000000     0.000000     0.000000     1.000000     0.000000    -0.000000    -0.000000     0.000000    -0.000000    -0.000000     0.000000     0.000000     0.000000     0.000000
    1.000000     0.000000    -0.000000    13.810000    -0.000000     0.000000     0.000000     0.000000     0.000000    -0.000000     0.000000     0.000000    -0.000000    -0.000000    -0.000000    -0.000000
    0.000000    -0.000000     0.000000    -0.000000     1.000000    -0.000000    -0.000000   -13.810000    -0.000000     0.000000    -0.000000   207.200000     0.000000     0.000000     0.000000     0.000000
   -0.000000     1.000000    -0.000000  -207.200000     0.000000     0.000000     0.000000     0.000000     0.000000    -0.000000     0.000000     0.000000    -0.000000    -0.000000    -0.000000    -0.000000
   -0.000000    -0.000000     0.000000     0.000000     0.000000    -0.000000     1.000000    -0.000000    -0.000000     0.000000    -0.000000    -0.000000     0.000000     0.000000     0.000000     0.000000

   -0.000298     0.158000   -15.430000    -9.810000     0.000000    -0.000000    -0.000000     0.000000     0.000000    -0.000000     0.000000     0.000000    -0.000769     0.032770     0.000000     0.012190
   -0.087760    -0.630200    93.550000    -0.000000    -0.000000     0.000000     0.000000    -0.000000     0.000000    -0.000000     0.000000     0.000000     0.007278    -0.316000    -0.000000    -0.109200
    0.005490    -0.037850    -1.034000     0.000000    -0.001358    -0.053390     0.024780     0.000000    -0.000000     0.000000    -0.000000     0.000000    -0.000319    -0.011300     0.001272    -0.048380
   -0.000000    -0.000000     1.000000    -0.000000     0.000000    -0.000000    -0.000000    -0.000000    -0.000000     0.000000    -0.000000    -0.000000     0.000000     0.000000     0.000000     0.000000
   -0.000000    -0.000000    -0.000000    -0.000000    -0.071280    15.090000   -95.960000     9.810000    -0.000000     0.000000    -0.000000    -0.000000     0.000000    -0.000000     0.002260     0.000000
    0.000335    -0.002309    -0.063100    -0.000000    -0.944800   -38.730000    16.090000    -0.000000     0.000000    -0.000000     0.000000    -0.000000    -0.000019    -0.000690     0.914100    -0.002952
   -0.000013     0.000092     0.002519    -0.000000     0.001940    -0.683600    -0.578800    -0.000000     0.000000    -0.000000     0.000000    -0.000000     0.000001     0.000028     0.012270     0.000118
   -0.000000    -0.000000     0.000000     0.000000     0.000000     1.000000     0.000000    -0.000000    -0.000000     0.000000    -0.000000    -0.000000     0.000000     0.000000     0.000000     0.000000
    1.000000     0.000000    -0.000000    14.910000    -0.000000     0.000000     0.000000     0.000000     0.000000    -0.000000     0.000000     0.000000    -0.000000    -0.000000    -0.000000    -0.000000
    0.000000    -0.000000     0.000000    -0.000000     1.000000    -0.000000    -0.000000   -14.910000    -0.000000     0.000000    -0.000000   102.800000     0.000000     0.000000     0.000000     0.000000
   -0.000000     1.000000    -0.000000  -102.800000     0.000000     0.000000     0.000000     0.000000     0.000000    -0.000000     0.000000     0.000000    -0.000000    -0.000000    -0.000000    -0.000000
   -0.000000    -0.000000     0.000000     0.000000     0.000000    -0.000000     1.000000    -0.000000    -0.000000     0.000000    -0.000000    -0.000000     0.000000     0.000000     0.000000     0.000000

   -0.002982     0.256200   -20.520000    -9.810000    -0.000000    -0.000000     0.000000     0.000000     0.000000    -0.000000     0.000000     0.000000    -0.000879     0.035660    -0.000000     0.013100
   -0.121900    -0.495500    57.620000    -0.000000     0.000000    -0.000000    -0.000000    -0.000000     0.000000    -0.000000     0.000000     0.000000     0.003670    -0.152800     0.000000    -0.056510
    0.008286    -0.027600    -0.726400     0.000000    -0.000941    -0.028300     0.018820     0.000000    -0.000000     0.000000    -0.000000     0.000000    -0.000121    -0.004648     0.000427    -0.021420
   -0.000000    -0.000000     1.000000     0.000000     0.000000    -0.000000    -0.000000    -0.000000    -0.000000     0.000000    -0.000000     0.000000     0.000000     0.000000     0.000000     0.000000
   -0.000000    -0.000000     0.000000    -0.000000    -0.055720    20.180000   -59.330000     9.810000    -0.000000     0.000000    -0.000000    -0.000000     0.000000    -0.000000    -0.000523    -0.000000
    0.000411    -0.001369    -0.036030    -0.000000    -0.796100   -25.110000    15.030000    -0.000000     0.000000    -0.000000     0.000000    -0.000000    -0.000006    -0.000231     0.371000    -0.001062
   -0.000017     0.000056     0.001487    -0.000000    -0.003349    -0.652400    -0.361200    -0.000000     0.000000    -0.000000     0.000000    -0.000000     0.000000     0.000010     0.006217     0.000044
   -0.000000    -0.000000     0.000000     0.000000     0.000000     1.000000     0.000000     0.000000    -0.000000     0.000000    -0.000000     0.000000     0.000000     0.000000     0.000000     0.000000
    1.000000     0.000000    -0.000000    19.570000    -0.000000     0.000000     0.000000     0.000000     0.000000    -0.000000     0.000000     0.000000    -0.000000    -0.000000    -0.000000    -0.000000
    0.000000    -0.000000     0.000000    -0.000000     1.000000    -0.000000    -0.000000   -19.570000    -0.000000     0.000000    -0.000000    65.180000     0.000000     0.000000     0.000000     0.000000
   -0.000000     1.000000    -0.000000   -65.180000     0.000000     0.000000     0.000000     0.000000     0.000000    -0.000000     0.000000     0.000000    -0.000000    -0.000000    -0.000000    -0.000000
   -0.000000    -0.000000     0.000000     0.000000     0.000000    -0.000000     1.000000     0.000000    -0.000000     0.000000    -0.000000     0.000000     0.000000     0.000000     0.000000     0.000000
