u  w  q  the  v  p  r  phi  x  y  z  psi  |  slat  flap  aileron  elevator
   -0.015130     0.283100   -30.260000    -9.810000    -0.000000     0.000000     0.000000     0.000000     0.000000    -0.000000     0.000000     0.000000    -0.000960     0.037980    -0.000000     0.018160
   -0.108100    -0.357000    55.330000    -0.000000     0.000000    -0.000000    -0.000000    -0.000000     0.000000    -0.000000     0.000000     0.000000     0.002511    -0.102200     0.000000    -0.039730
    0.021750    -0.045120    -0.926100     0.000000    -0.000800    -0.018540     0.018730     0.000000    -0.000000     0.000000    -0.000000     0.000000     0.000002    -0.009106     0.000272    -0.023150
   -0.000000    -0.000000     1.000000     0.000000     0.000000    -0.000000    -0.000000     0.000000    -0.000000     0.000000    -0.000000     0.000000     0.000000     0.000000     0.000000     0.000000
   -0.000000     0.000000     0.000000    -0.000000    -0.036360    30.380000   -56.940000     9.810000    -0.000000     0.000000    -0.000000    -0.000000     0.000000    -0.000000    -0.001527    -0.000000
    0.000767    -0.001591    -0.032650    -0.000000    -0.935100   -24.230000    20.090000    -0.000000     0.000000    -0.000000     0.000000    -0.000000     0.000000    -0.000321     0.333300    -0.000816
   -0.000059     0.000123     0.002525    -0.000000    -0.007377    -0.918500    -0.355800    -0.000000     0.000000    -0.000000     0.000000    -0.000000    -0.000000     0.000025     0.007078     0.000063
   -0.000000    -0.000000     0.000000     0.000000     0.000000     1.000000     0.000000     0.000000    -0.000000     0.000000    -0.000000     0.000000     0.000000     0.000000     0.000000     0.000000
    1.000000     0.000000    -0.000000    29.550000    -0.000000     0.000000     0.000000     0.000000     0.000000    -0.000000     0.000000     0.000000    -0.000000    -0.000000    -0.000000    -0.000000
    0.000000    -0.000000     0.000000    -0.000000     1.000000    -0.000000    -0.000000   -29.550000    -0.000000     0.000000    -0.000000    61.310000     0.000000     0.000000     0.000000     0.000000
   -0.000000     1.000000    -0.000000   -61.310000     0.000000     0.000000     0.000000     0.000000     0.000000    -0.000000     0.000000     0.000000    -0.000000    -0.000000    -0.000000    -0.000000
   -0.000000    -0.000000     0.000000     0.000000     0.000000    -0.000000     1.000000    -0.000000    -0.000000     0.000000    -0.000000     0.000000     0.000000     0.000000     0.000000     0.000000

   -0.003865     0.174800   -23.070000    -9.810000     0.000000    -0.000000    -0.000000     0.000000     0.000000    -0.000000     0.000000     0.000000    -0.000893     0.037630     0.000000     0.018680
   -0.076670    -0.472500    93.730000    -0.000000     0.000000     0.000000     0.000000    -0.000000     0.000000    -0.000000     0.000000     0.000000     0.005405    -0.232400    -0.000000    -0.082270
    0.014860    -0.066330    -1.361000     0.000000    -0.001156    -0.038910     0.024710     0.000000    -0.000000     0.000000    -0.000000     0.000000    -0.000037    -0.024500     0.000926    -0.056200
   -0.000000    -0.000000     1.000000     0.000000     0.000000    -0.000000    -0.000000     0.000000    -0.000000     0.000000    -0.000000     0.000000     0.000000     0.000000     0.000000     0.000000
   -0.000000    -0.000000    -0.000000    -0.000000    -0.051100    23.060000   -96.100000     9.810000    -0.000000     0.000000    -0.000000    -0.000000    -0.000000     0.000000     0.000574    -0.000000
    0.000649    -0.002897    -0.059440    -0.000000    -1.082000   -39.600000    20.990000    -0.000000     0.000000    -0.000000     0.000000    -0.000000    -0.000002    -0.001070     0.917300    -0.002455
   -0.000049     0.000218     0.004465    -0.000000     0.000401    -0.911000    -0.638600    -0.000000     0.000000    -0.000000     0.000000    -0.000000     0.000000     0.000080     0.014310     0.000184
   -0.000000    -0.000000     0.000000    -0.000000     0.000000     1.000000     0.000000     0.000000    -0.000000     0.000000    -0.000000     0.000000     0.000000     0.000000     0.000000     0.000000
    1.000000     0.000000    -0.000000    22.700000    -0.000000     0.000000     0.000000     0.000000     0.000000    -0.000000     0.000000     0.000000    -0.000000    -0.000000    -0.000000    -0.000000
    0.000000    -0.000000     0.000000    -0.000000     1.000000    -0.000000    -0.000000   -22.700000    -0.000000     0.000000    -0.000000   101.300000     0.000000     0.000000     0.000000     0.000000
   -0.000000     1.000000    -0.000000  -101.300000     0.000000     0.000000     0.000000     0.000000     0.000000    -0.000000     0.000000     0.000000    -0.000000    -0.000000    -0.000000    -0.000000
   -0.000000    -0.000000     0.000000    -0.000000     0.000000    -0.000000     1.000000    -0.000000    -0.000000     0.000000    -0.000000     0.000000     0.000000     0.000000     0.000000     0.000000

   -0.000707     0.080800   -22.070000    -9.810000     0.000000     0.000000     0.000000     0.000000     0.000000    -0.000000     0.000000     0.000000    -0.000709     0.032080    -0.000000     0.018100
   -0.043960    -0.461600   199.500000    -0.000000    -0.000000     0.000000     0.000000    -0.000000     0.000000    -0.000000     0.000000     0.000000     0.010540    -0.478900    -0.000000    -0.156900
    0.009940    -0.093510    -1.889000     0.000000    -0.002252    -0.095450     0.044200     0.000000    -0.000000     0.000000    -0.000000     0.000000    -0.000270    -0.076400     0.004611    -0.160200
   -0.000000    -0.000000     1.000000     0.000000     0.000000    -0.000000    -0.000000     0.000000    -0.000000     0.000000    -0.000000     0.000000     0.000000     0.000000     0.000000     0.000000
    0.000000    -0.000000    -0.000000    -0.000000    -0.048000    21.970000  -201.900000     9.810000    -0.000000     0.000000    -0.000000    -0.000000     0.000000    -0.000000     0.004723    -0.000000
    0.000713    -0.006706    -0.135400    -0.000000    -1.350000   -61.680000    23.860000    -0.000000     0.000000    -0.000000     0.000000    -0.000000    -0.000019    -0.005479     2.944000    -0.011490
   -0.000049     0.000460     0.009285    -0.000000     0.006935    -1.005000    -0.908200    -0.000000     0.000000    -0.000000     0.000000    -0.000000     0.000001     0.000376     0.038350     0.000788
   -0.000000    -0.000000     0.000000     0.000000     0.000000     1.000000     0.000000     0.000000    -0.000000     0.000000    -0.000000     0.000000     0.000000     0.000000     0.000000     0.000000
    1.000000     0.000000    -0.000000    21.950000    -0.000000     0.000000     0.000000     0.000000     0.000000    -0.000000     0.000000     0.000000    -0.000000    -0.000000    -0.000000    -0.000000
    0.000000    -0.000000     0.000000    -0.000000     1.000000    -0.000000    -0.000000   -21.950000    -0.000000     0.000000    -0.000000   206.500000     0.000000     0.000000     0.000000     0.000000
   -0.000000     1.000000    -0.000000  -206.500000     0.000000     0.000000     0.000000     0.000000     0.000000    -0.000000     0.000000     0.000000    -0.000000    -0.000000    -0.000000    -0.000000
   -0.000000    -0.000000     0.000000     0.000000     0.000000    -0.000000     1.000000     0.000000    -0.000000     0.000000    -0.000000     0.000000     0.000000     0.000000     0.000000     0.000000

   -0.000392     0.077750   -15.500000    -9.810000     0.000000     0.000000     0.000000     0.000000     0.000000    -0.000000     0.000000     0.000000    -0.000634     0.028890    -0.000000     0.017400
   -0.046780    -0.613500   197.800000    -0.000000    -0.000000     0.000000    -0.000000    -0.000000     0.000000    -0.000000     0.000000     0.000000     0.014040    -0.640400    -0.000000    -0.207900
    0.006890    -0.092740    -1.876000     0.000000    -0.002123    -0.096350     0.040450     0.000000    -0.000000     0.000000    -0.000000     0.000000    -0.000272    -0.076750     0.004659    -0.159300
   -0.000000    -0.000000     1.000000     0.000000     0.000000    -0.000000    -0.000000     0.000000    -0.000000     0.000000    -0.000000     0.000000     0.000000     0.000000     0.000000     0.000000
    0.000000    -0.000000    -0.000000    -0.000000    -0.064800    15.310000  -201.100000     9.810000    -0.000000     0.000000    -0.000000    -0.000000     0.000000    -0.000000     0.007425    -0.000000
    0.000494    -0.006650    -0.134600    -0.000000    -1.263000   -61.890000    21.480000    -0.000000     0.000000    -0.000000     0.000000    -0.000000    -0.000020    -0.005504     2.970000    -0.011420
   -0.000034     0.000456     0.009225    -0.000000     0.009539    -0.906100    -0.938500    -0.000000     0.000000    -0.000000     0.000000    -0.000000     0.000001     0.000377     0.037130     0.000783
   -0.000000    -0.000000     0.000000    -0.000000     0.000000     1.000000     0.000000     0.000000    -0.000000     0.000000    -0.000000     0.000000     0.000000     0.000000     0.000000     0.000000
    1.000000     0.000000    -0.000000    15.380000    -0.000000     0.000000     0.000000     0.000000     0.000000    -0.000000     0.000000     0.000000    -0.000000    -0.000000    -0.000000    -0.000000
    0.000000    -0.000000     0.000000    -0.000000     1.000000    -0.000000    -0.000000   -15.380000    -0.000000     0.000000    -0.000000   207.000000     0.000000     0.000000     0.000000     0.000000
   -0.000000     1.000000    -0.000000  -207.000000     0.000000     0.000000     0.000000     0.000000     0.000000    -0.000000     0.000000     0.000000    -0.000000    -0.000000    -0.000000    -0.000000
   -0.000000    -0.000000     0.000000     0.000000     0.000000    -0.000000     1.000000    -0.000000    -0.000000     0.000000    -0.000000     0.000000     0.000000     0.000000     0.000000     0.000000

   -0.002424     0.170900   -16.770000    -9.810000    -0.000000    -0.000000    -0.000000     0.000000     0.000000    -0.000000     0.000000     0.000000    -0.000856     0.036390     0.000000     0.018420
   -0.078830    -0.627900    92.400000    -0.000000    -0.000000     0.000000     0.000000    -0.000000     0.000000    -0.000000     0.000000     0.000000     0.007249    -0.314400    -0.000000    -0.109400
    0.010510    -0.065680    -1.353000     0.000000    -0.001062    -0.039960     0.021890     0.000000    -0.000000     0.000000    -0.000000     0.000000    -0.000040    -0.025020     0.000958    -0.056310
   -0.000000    -0.000000     1.000000     0.000000     0.000000    -0.000000    -0.000000     0.000000    -0.000000     0.000000    -0.000000     0.000000     0.000000     0.000000     0.000000     0.000000
   -0.000000    -0.000000    -0.000000    -0.000000    -0.070060    16.640000   -95.640000     9.810000    -0.000000     0.000000    -0.000000    -0.000000     0.000000    -0.000000     0.002004    -0.000000
    0.000459    -0.002869    -0.059080    -0.000000    -0.982700   -40.140000    18.200000    -0.000000     0.000000    -0.000000     0.000000    -0.000000    -0.000002    -0.001093     0.944600    -0.002460
   -0.000034     0.000216     0.004439    -0.000000     0.003845    -0.780000    -0.680400    -0.000000     0.000000    -0.000000     0.000000    -0.000000     0.000000     0.000082     0.013580     0.000185
   -0.000000    -0.000000     0.000000     0.000000     0.000000     1.000000     0.000000     0.000000    -0.000000     0.000000    -0.000000     0.000000     0.000000     0.000000     0.000000     0.000000
    1.000000     0.000000    -0.000000    16.410000    -0.000000     0.000000     0.000000     0.000000     0.000000    -0.000000     0.000000     0.000000    -0.000000    -0.000000    -0.000000    -0.000000
    0.000000    -0.000000     0.000000    -0.000000     1.000000    -0.000000    -0.000000   -16.410000    -0.000000     0.000000    -0.000000   102.500000     0.000000     0.000000     0.000000     0.000000
   -0.000000     1.000000    -0.000000  -102.500000     0.000000     0.000000     0.000000     0.000000     0.000000    -0.000000     0.000000     0.000000    -0.000000    -0.000000    -0.000000    -0.000000
   -0.000000    -0.000000     0.000000     0.000000     0.000000    -0.000000     1.000000    -0.000000    -0.000000     0.000000    -0.000000     0.000000     0.000000     0.000000     0.000000     0.000000

   -0.009591     0.276400   -22.140000    -9.810000    -0.000000     0.000000     0.000000     0.000000     0.000000    -0.000000     0.000000     0.000000    -0.000964     0.038940    -0.000000     0.018620
   -0.108700    -0.489800    56.340000    -0.000000     0.000000     0.000000    -0.000000    -0.000000     0.000000    -0.000000     0.000000     0.000000     0.003608    -0.149800     0.000000    -0.056060
    0.015050    -0.045320    -0.937400     0.000000    -0.000714    -0.020280     0.016000     0.000000    -0.000000     0.000000    -0.000000     0.000000    -0.000001    -0.010050     0.000309    -0.024540
   -0.000000    -0.000000     1.000000    -0.000000     0.000000    -0.000000    -0.000000    -0.000000    -0.000000     0.000000    -0.000000    -0.000000     0.000000     0.000000     0.000000     0.000000
   -0.000000    -0.000000    -0.000000    -0.000000    -0.053740    22.140000   -58.690000     9.810000    -0.000000     0.000000    -0.000000    -0.000000    -0.000000    -0.000000    -0.000786    -0.000000
    0.000531    -0.001598    -0.033050    -0.000000    -0.821800   -25.640000    16.770000    -0.000000     0.000000    -0.000000     0.000000    -0.000000    -0.000000    -0.000354     0.375000    -0.000865
   -0.000041     0.000123     0.002556    -0.000000    -0.002779    -0.750400    -0.419400    -0.000000     0.000000    -0.000000     0.000000    -0.000000     0.000000     0.000027     0.006802     0.000067
   -0.000000    -0.000000     0.000000     0.000000     0.000000     1.000000     0.000000    -0.000000    -0.000000     0.000000    -0.000000    -0.000000     0.000000     0.000000     0.000000     0.000000
    1.000000     0.000000    -0.000000    21.450000    -0.000000     0.000000     0.000000     0.000000     0.000000    -0.000000     0.000000     0.000000    -0.000000    -0.000000    -0.000000    -0.000000
    0.000000    -0.000000     0.000000    -0.000000     1.000000    -0.000000    -0.000000   -21.450000    -0.000000     0.000000    -0.000000    64.590000     0.000000     0.000000     0.000000     0.000000
   -0.000000     1.000000    -0.000000   -64.590000     0.000000     0.000000     0.000000     0.000000     0.000000    -0.000000     0.000000     0.000000    -0.000000    -0.000000    -0.000000    -0.000000
   -0.000000    -0.000000     0.000000     0.000000     0.000000    -0.000000     1.000000    -0.000000    -0.000000     0.000000    -0.000000    -0.000000     0.000000     0.000000     0.000000     0.000000
