u  w  q  the  v  p  r  phi  x  y  z  psi  |  slat  flap  aileron  elevator
   -0.012140     0.277400   -29.640000    -9.810000    -0.000000    -0.000000     0.000000     0.000000     0.000000    -0.000000     0.000000     0.000000    -0.000940     0.037260    -0.000000     0.016840
   -0.111700    -0.359200    55.780000    -0.000000     0.000000     0.000000    -0.000000    -0.000000     0.000000    -0.000000     0.000000     0.000000     0.002536    -0.103400     0.000000    -0.040000
    0.019510    -0.041680    -0.888700     0.000000    -0.000755    -0.017490     0.017490     0.000000    -0.000000     0.000000    -0.000000     0.000000    -0.000029    -0.008036     0.000259    -0.023040
   -0.000000    -0.000000     1.000000     0.000000     0.000000    -0.000000    -0.000000     0.000000    -0.000000     0.000000    -0.000000     0.000000     0.000000     0.000000     0.000000     0.000000
   -0.000000     0.000000     0.000000    -0.000000    -0.036940    29.650000   -57.270000     9.810000    -0.000000     0.000000    -0.000000    -0.000000    -0.000000    -0.000000    -0.001461    -0.000000
    0.000640    -0.001368    -0.029170    -0.000000    -0.939800   -24.510000    19.790000    -0.000000     0.000000    -0.000000     0.000000    -0.000000    -0.000001    -0.000264     0.339000    -0.000756
   -0.000056     0.000119     0.002543    -0.000000    -0.007724    -0.912200    -0.348400    -0.000000     0.000000    -0.000000     0.000000    -0.000000     0.000000     0.000023     0.007180     0.000066
   -0.000000    -0.000000     0.000000     0.000000     0.000000     1.000000     0.000000     0.000000    -0.000000     0.000000    -0.000000     0.000000     0.000000     0.000000     0.000000     0.000000
    1.000000     0.000000    -0.000000    28.860000    -0.000000     0.000000     0.000000     0.000000     0.000000    -0.000000     0.000000     0.000000    -0.000000    -0.000000    -0.000000    -0.000000
    0.000000    -0.000000     0.000000    -0.000000     1.000000    -0.000000    -0.000000   -28.860000    -0.000000     0.000000    -0.000000    61.640000     0.000000     0.000000     0.000000     0.000000
   -0.000000     1.000000    -0.000000   -61.640000     0.000000     0.000000     0.000000     0.000000     0.000000    -0.000000     0.000000     0.000000    -0.000000    -0.000000    -0.000000    -0.000000
   -0.000000    -0.000000     0.000000     0.000000     0.000000    -0.000000     1.000000    -0.000000    -0.000000     0.000000    -0.000000     0.000000     0.000000     0.000000     0.000000     0.000000

   -0.002928     0.171200   -22.580000    -9.810000     0.000000     0.000000     0.000000     0.000000     0.000000    -0.000000     0.000000     0.000000    -0.000870     0.036700    -0.000000     0.017060
   -0.079070    -0.473300    94.030000    -0.000000     0.000000     0.000000    -0.000000    -0.000000     0.000000    -0.000000     0.000000     0.000000     0.005417    -0.233100    -0.000000    -0.082300
    0.013240    -0.060630    -1.306000     0.000000    -0.001098    -0.036810     0.023220     0.000000    -0.000000     0.000000    -0.000000     0.000000    -0.000117    -0.021480     0.000879    -0.055810
   -0.000000    -0.000000     1.000000     0.000000     0.000000    -0.000000    -0.000000     0.000000    -0.000000     0.000000    -0.000000     0.000000     0.000000     0.000000     0.000000     0.000000
    0.000000    -0.000000    -0.000000    -0.000000    -0.051430    22.500000   -96.240000     9.810000    -0.000000     0.000000    -0.000000    -0.000000    -0.000000    -0.000000     0.000643    -0.000000
    0.000539    -0.002468    -0.053170    -0.000000    -1.089000   -39.920000    20.660000    -0.000000     0.000000    -0.000000     0.000000    -0.000000    -0.000005    -0.000874     0.925800    -0.002272
   -0.000046     0.000209     0.004513    -0.000000    -0.000187    -0.916200    -0.629200    -0.000000     0.000000    -0.000000     0.000000    -0.000000     0.000000     0.000074     0.014600     0.000193
   -0.000000    -0.000000     0.000000    -0.000000     0.000000     1.000000     0.000000     0.000000    -0.000000     0.000000    -0.000000     0.000000     0.000000     0.000000     0.000000     0.000000
    1.000000     0.000000    -0.000000    22.160000    -0.000000     0.000000     0.000000     0.000000     0.000000    -0.000000     0.000000     0.000000    -0.000000    -0.000000    -0.000000    -0.000000
    0.000000    -0.000000     0.000000    -0.000000     1.000000    -0.000000    -0.000000   -22.160000    -0.000000     0.000000    -0.000000   101.500000     0.000000     0.000000     0.000000     0.000000
   -0.000000     1.000000    -0.000000  -101.500000     0.000000     0.000000     0.000000     0.000000     0.000000    -0.000000     0.000000     0.000000    -0.000000    -0.000000    -0.000000    -0.000000
   -0.000000    -0.000000     0.000000     0.000000     0.000000    -0.000000     1.000000    -0.000000    -0.000000     0.000000    -0.000000     0.000000     0.000000     0.000000     0.000000     0.000000

   -0.000470     0.079070   -21.530000    -9.810000     0.000000    -0.000000     0.000000     0.000000     0.000000    -0.000000     0.000000     0.000000    -0.000687     0.031130    -0.000000     0.016280
   -0.045190    -0.461800   199.700000    -0.000000    -0.000000     0.000000    -0.000000    -0.000000     0.000000    -0.000000     0.000000     0.000000     0.010550    -0.479300    -0.000000    -0.156800
    0.008872    -0.085690    -1.828000     0.000000    -0.002169    -0.091530     0.042130     0.000000    -0.000000     0.000000    -0.000000     0.000000    -0.000513    -0.067600     0.004427    -0.160600
   -0.000000    -0.000000     1.000000     0.000000     0.000000    -0.000000    -0.000000     0.000000    -0.000000     0.000000    -0.000000     0.000000     0.000000     0.000000     0.000000     0.000000
    0.000000    -0.000000    -0.000000    -0.000000    -0.048170    21.400000  -202.000000     9.810000    -0.000000     0.000000    -0.000000    -0.000000     0.000000    -0.000000     0.004785    -0.000000
    0.000595    -0.005748    -0.122600    -0.000000    -1.364000   -62.360000    23.540000    -0.000000     0.000000    -0.000000     0.000000    -0.000000    -0.000034    -0.004535     2.978000    -0.010770
   -0.000046     0.000448     0.009555    -0.000000     0.006073    -1.033000    -0.902700    -0.000000     0.000000    -0.000000     0.000000    -0.000000     0.000003     0.000353     0.039810     0.000839
   -0.000000    -0.000000     0.000000    -0.000000     0.000000     1.000000     0.000000     0.000000    -0.000000     0.000000    -0.000000     0.000000     0.000000     0.000000     0.000000     0.000000
    1.000000     0.000000    -0.000000    21.380000    -0.000000     0.000000     0.000000     0.000000     0.000000    -0.000000     0.000000     0.000000    -0.000000    -0.000000    -0.000000    -0.000000
    0.000000    -0.000000     0.000000    -0.000000     1.000000    -0.000000    -0.000000   -21.380000    -0.000000     0.000000    -0.000000   206.500000     0.000000     0.000000     0.000000     0.000000
   -0.000000     1.000000    -0.000000  -206.500000     0.000000     0.000000     0.000000     0.000000     0.000000    -0.000000     0.000000     0.000000    -0.000000    -0.000000    -0.000000    -0.000000
   -0.000000    -0.000000     0.000000    -0.000000     0.000000    -0.000000     1.000000    -0.000000    -0.000000     0.000000    -0.000000     0.000000     0.000000     0.000000     0.000000     0.000000

   -0.000225     0.076020   -15.100000    -9.810000    -0.000000     0.000000     0.000000     0.000000     0.000000    -0.000000     0.000000     0.000000    -0.000612     0.027930    -0.000000     0.015560
   -0.048010    -0.613700   198.000000    -0.000000    -0.000000    -0.000000    -0.000000    -0.000000     0.000000    -0.000000     0.000000     0.000000     0.014040    -0.640600    -0.000000    -0.207800
    0.006129    -0.084840    -1.816000     0.000000    -0.002047    -0.092430     0.038600     0.000000    -0.000000     0.000000    -0.000000     0.000000    -0.000517    -0.067870     0.004472    -0.159600
   -0.000000    -0.000000     1.000000     0.000000     0.000000    -0.000000    -0.000000     0.000000    -0.000000     0.000000    -0.000000     0.000000     0.000000     0.000000     0.000000     0.000000
    0.000000    -0.000000    -0.000000    -0.000000    -0.064970    14.880000  -201.100000     9.810000    -0.000000     0.000000    -0.000000    -0.000000     0.000000    -0.000000     0.007486    -0.000000
    0.000411    -0.005691    -0.121800    -0.000000    -1.276000   -62.570000    21.170000    -0.000000     0.000000    -0.000000     0.000000    -0.000000    -0.000035    -0.004553     3.003000    -0.010710
   -0.000032     0.000444     0.009494    -0.000000     0.008682    -0.935000    -0.933200    -0.000000     0.000000    -0.000000     0.000000    -0.000000     0.000003     0.000355     0.038600     0.000835
   -0.000000    -0.000000     0.000000    -0.000000     0.000000     1.000000     0.000000     0.000000    -0.000000     0.000000    -0.000000     0.000000     0.000000     0.000000     0.000000     0.000000
    1.000000     0.000000    -0.000000    14.960000    -0.000000     0.000000     0.000000     0.000000     0.000000    -0.000000     0.000000     0.000000    -0.000000    -0.000000    -0.000000    -0.000000
    0.000000    -0.000000     0.000000    -0.000000     1.000000    -0.000000    -0.000000   -14.960000    -0.000000     0.000000    -0.000000   207.100000     0.000000     0.000000     0.000000     0.000000
   -0.000000     1.000000    -0.000000  -207.100000     0.000000     0.000000     0.000000     0.000000     0.000000    -0.000000     0.000000     0.000000    -0.000000    -0.000000    -0.000000    -0.000000
   -0.000000    -0.000000     0.000000     0.000000     0.000000    -0.000000     1.000000    -0.000000    -0.000000     0.000000    -0.000000     0.000000     0.000000     0.000000     0.000000     0.000000

   -0.001752     0.167500   -16.410000    -9.810000    -0.000000    -0.000000     0.000000     0.000000     0.000000    -0.000000     0.000000     0.000000    -0.000833     0.035420     0.000000     0.016760
   -0.081210    -0.628500    92.710000    -0.000000     0.000000     0.000000     0.000000    -0.000000     0.000000    -0.000000     0.000000     0.000000     0.007257    -0.314900    -0.000000    -0.109300
    0.009335    -0.059840    -1.298000     0.000000    -0.001010    -0.037820     0.020600     0.000000    -0.000000     0.000000    -0.000000     0.000000    -0.000122    -0.021900     0.000908    -0.055910
   -0.000000    -0.000000     1.000000     0.000000     0.000000    -0.000000    -0.000000     0.000000    -0.000000     0.000000    -0.000000     0.000000     0.000000     0.000000     0.000000     0.000000
   -0.000000    -0.000000     0.000000    -0.000000    -0.070380    16.230000   -95.730000     9.810000    -0.000000     0.000000    -0.000000    -0.000000    -0.000000    -0.000000     0.002073    -0.000000
    0.000380    -0.002435    -0.052850    -0.000000    -0.988500   -40.430000    17.900000    -0.000000     0.000000    -0.000000     0.000000    -0.000000    -0.000005    -0.000891     0.952200    -0.002276
   -0.000032     0.000207     0.004486    -0.000000     0.003232    -0.787700    -0.670900    -0.000000     0.000000    -0.000000     0.000000    -0.000000     0.000000     0.000076     0.013880     0.000193
   -0.000000    -0.000000     0.000000     0.000000     0.000000     1.000000     0.000000     0.000000    -0.000000     0.000000    -0.000000     0.000000     0.000000     0.000000     0.000000     0.000000
    1.000000     0.000000    -0.000000    16.010000    -0.000000     0.000000     0.000000     0.000000     0.000000    -0.000000     0.000000     0.000000    -0.000000    -0.000000    -0.000000    -0.000000
    0.000000    -0.000000     0.000000    -0.000000     1.000000    -0.000000    -0.000000   -16.010000    -0.000000     0.000000    -0.000000   102.600000     0.000000     0.000000     0.000000     0.000000
   -0.000000     1.000000    -0.000000  -102.600000     0.000000     0.000000     0.000000     0.000000     0.000000    -0.000000     0.000000     0.000000    -0.000000    -0.000000    -0.000000    -0.000000
   -0.000000    -0.000000     0.000000     0.000000     0.000000    -0.000000     1.000000    -0.000000    -0.000000     0.000000    -0.000000     0.000000     0.000000     0.000000     0.000000     0.000000

   -0.007538     0.271000   -21.710000    -9.810000    -0.000000    -0.000000     0.000000     0.000000     0.000000    -0.000000     0.000000     0.000000    -0.000941     0.038070    -0.000000     0.017160
   -0.112200    -0.491300    56.690000    -0.000000     0.000000    -0.000000    -0.000000    -0.000000     0.000000    -0.000000     0.000000     0.000000     0.003626    -0.150600     0.000000    -0.056190
    0.013440    -0.041540    -0.898300     0.000000    -0.000675    -0.019110     0.014960     0.000000    -0.000000     0.000000    -0.000000     0.000000    -0.000035    -0.008804     0.000293    -0.024340
   -0.000000    -0.000000     1.000000     0.000000     0.000000    -0.000000    -0.000000     0.000000    -0.000000     0.000000    -0.000000     0.000000     0.000000     0.000000     0.000000     0.000000
   -0.000000    -0.000000     0.000000    -0.000000    -0.054260    21.610000   -58.870000     9.810000    -0.000000     0.000000    -0.000000    -0.000000     0.000000    -0.000000    -0.000715    -0.000000
    0.000441    -0.001363    -0.029480    -0.000000    -0.825800   -25.850000    16.500000    -0.000000     0.000000    -0.000000     0.000000    -0.000000    -0.000001    -0.000289     0.379100    -0.000799
   -0.000038     0.000119     0.002570    -0.000000    -0.003160    -0.748200    -0.411800    -0.000000     0.000000    -0.000000     0.000000    -0.000000     0.000000     0.000025     0.006898     0.000070
   -0.000000    -0.000000     0.000000     0.000000     0.000000     1.000000     0.000000     0.000000    -0.000000     0.000000    -0.000000     0.000000     0.000000     0.000000     0.000000     0.000000
    1.000000     0.000000    -0.000000    20.950000    -0.000000     0.000000     0.000000     0.000000     0.000000    -0.000000     0.000000     0.000000    -0.000000    -0.000000    -0.000000    -0.000000
    0.000000    -0.000000     0.000000    -0.000000     1.000000    -0.000000    -0.000000   -20.950000    -0.000000     0.000000    -0.000000    64.760000     0.000000     0.000000     0.000000     0.000000
   -0.000000     1.000000    -0.000000   -64.760000     0.000000     0.000000     0.000000     0.000000     0.000000    -0.000000     0.000000     0.000000    -0.000000    -0.000000    -0.000000    -0.000000
   -0.000000    -0.000000     0.000000     0.000000     0.000000    -0.000000     1.000000     0.000000    -0.000000     0.000000    -0.000000     0.000000     0.000000     0.000000     0.000000     0.000000
