 ---------------------------------------------------------------
 Surface Forces (referred to Sref,Cref,Bref about Xmom,Ymom,Zmom)
 Standard axis orientation,  X fwd, Z down         

     Sref =   63.415       Cref =   2.3707       Bref =   27.586    
     Xmom =   11.702       Ymom =   0.0000       Zmom =   1.3850    

 n    Area         CL        CD        Cm        CY        Cn        Cl        CDi       CDv
 1   12.146       0.05864   0.00120  -0.03615  -0.00003  -0.00015  -0.00481   0.00059   0.00000   main_wing_1
 2   12.146       0.05855   0.00120  -0.03611   0.00003   0.00015   0.00480   0.00059   0.00000   main_wing_1 (YDUP)
 3   9.5433       0.04909   0.00094  -0.02998  -0.00016  -0.00035  -0.01130   0.00033   0.00000   main_wing_2
 4   9.5433       0.04910   0.00094  -0.02998   0.00016   0.00035   0.01131   0.00033   0.00000   main_wing_2 (YDUP)
 5   10.018       0.04555   0.00093  -0.02788  -0.00015  -0.00055  -0.01756   0.00039   0.00000   main_wing_3
 6   10.018       0.04555   0.00093  -0.02789   0.00015   0.00055   0.01756   0.00039   0.00000   main_wing_3 (YDUP)
 7   10.840       0.03018   0.00065  -0.16670  -0.00007  -0.00005  -0.00272   0.00065   0.00000   horizontal_stabilizer
 8   10.840       0.03018   0.00065  -0.16669   0.00007   0.00005   0.00272   0.00065   0.00000   horizontal_stabilizer (YDUP)
 9   15.080       0.00000  -0.00000  -0.00000  -0.00001   0.00000  -0.00000  -0.00000   0.00000   vertical_stabilizer
10   65.503       0.00763   0.00004   0.05012   0.00000  -0.00000   0.00000   0.00004   0.00000   fuselage_horizontal
11   65.103       0.00000   0.00000  -0.00000  -0.00000   0.00000   0.00000   0.00000   0.00000   fuselage_vertical
12  0.29196       0.00036   0.00000   0.00016   0.00000  -0.00000  -0.00003   0.00000   0.00000   nacelle_horizontal
13  0.29196       0.00023   0.00000   0.00011  -0.00000   0.00000   0.00002   0.00000   0.00000   nacelle_horizontal (YDUP)
14  0.29196       0.00000  -0.00000   0.00000  -0.00004  -0.00000   0.00000  -0.00000   0.00000   nacelle_vertical
15  0.29196       0.00000  -0.00000   0.00000   0.00002   0.00000  -0.00000  -0.00000   0.00000   nacelle_vertical (YDUP)
16  0.29196       0.00035   0.00000   0.00014   0.00000  -0.00000  -0.00008   0.00000   0.00000   nacelle_2_horizontal
17  0.29196      -0.00000  -0.00000   0.00000   0.00000   0.00000  -0.00000  -0.00000   0.00000   nacelle_2_vertical
18  0.29196       0.00033   0.00001   0.00010   0.00000  -0.00000  -0.00012   0.00001   0.00000   nacelle_3_horizontal
19  0.29196      -0.00000  -0.00000  -0.00000   0.00001   0.00000  -0.00000  -0.00000   0.00000   nacelle_3_vertical
20  0.29196       0.00023   0.00000   0.00011  -0.00000   0.00000   0.00002   0.00000   0.00000   nacelle_4_horizontal
21  0.29196       0.00000  -0.00000   0.00000   0.00002   0.00000  -0.00000  -0.00000   0.00000   nacelle_4_vertical
22  0.29196       0.00035   0.00000   0.00014   0.00000   0.00000   0.00008   0.00000   0.00000   nacelle_5_horizontal
23  0.29196      -0.00000  -0.00000  -0.00000   0.00000   0.00000  -0.00000  -0.00000   0.00000   nacelle_5_vertical
24  0.29196       0.00033   0.00001   0.00010   0.00000   0.00000   0.00012   0.00001   0.00000   nacelle_6_horizontal
25  0.29196       0.00000  -0.00000   0.00000  -0.00000  -0.00000  -0.00000  -0.00000   0.00000   nacelle_6_vertical

 Surface Forces (referred to Ssurf,Cave about root LE on hinge axis)

   n  Ssurf        Cave        cl_surf    cd_surf    cdv_surf  cmLE_surf
   1  12.146      2.7353       0.306173   0.006281   0.000000  -0.070837   main_wing_1
   2  12.146      2.7353       0.305702   0.006255   0.000000  -0.070795   main_wing_1 (YDUP)
   3  9.5433      2.4245       0.326215   0.006231   0.000000  -0.080343   main_wing_2
   4  9.5433      2.4245       0.326240   0.006229   0.000000  -0.080346   main_wing_2 (YDUP)
   5  10.018      1.8496       0.288326   0.005863   0.000000  -0.074799   main_wing_3
   6  10.018      1.8496       0.288357   0.005863   0.000000  -0.074807   main_wing_3 (YDUP)
   7  10.840      1.9008       0.176586   0.003822   0.000000  -0.077901   horizontal_stabilizer
   8  10.840      1.9008       0.176568   0.003822   0.000000  -0.077893   horizontal_stabilizer (YDUP)
   9  15.080      3.0700       0.000000  -0.000000   0.000000  -0.000000   vertical_stabilizer
  10  65.503      23.647       0.007390   0.000036   0.000000   0.002245   fuselage_horizontal
  11  65.103      23.503       0.000000   0.000000   0.000000  -0.000000   fuselage_vertical
  12 0.29196     0.67898       0.077868   0.000952   0.000000   0.016176   nacelle_horizontal
  13 0.29196     0.67898       0.050522   0.000587   0.000000   0.010800   nacelle_horizontal (YDUP)
  14 0.29196     0.67898       0.000020  -0.000031   0.000000  -0.000007   nacelle_vertical
  15 0.29196     0.67898       0.000014  -0.000021   0.000000  -0.000005   nacelle_vertical (YDUP)
  16 0.29196     0.67898       0.075211   0.001060   0.000000   0.015516   nacelle_2_horizontal
  17 0.29196     0.67898      -0.000000  -0.000002   0.000000  -0.000001   nacelle_2_vertical
  18 0.29196     0.67898       0.071842   0.001178   0.000000   0.014838   nacelle_3_horizontal
  19 0.29196     0.67898      -0.000002  -0.000003   0.000000  -0.000001   nacelle_3_vertical
  20 0.29196     0.67898       0.050522   0.000587   0.000000   0.010800   nacelle_4_horizontal
  21 0.29196     0.67898       0.000014  -0.000021   0.000000  -0.000005   nacelle_4_vertical
  22 0.29196     0.67898       0.075219   0.001060   0.000000   0.015520   nacelle_5_horizontal
  23 0.29196     0.67898      -0.000001  -0.000002   0.000000  -0.000001   nacelle_5_vertical
  24 0.29196     0.67898       0.071817   0.001177   0.000000   0.014838   nacelle_6_horizontal
  25 0.29196     0.67898       0.000001  -0.000002   0.000000  -0.000000   nacelle_6_vertical
 ---------------------------------------------------------------
