 ---------------------------------------------------------------
 Surface Forces (referred to Sref,Cref,Bref about Xmom,Ymom,Zmom)
 Standard axis orientation,  X fwd, Z down         

     Sref =   61.260       Cref =   2.3301       Bref =   27.113    
     Xmom =   11.631       Ymom =   0.0000       Zmom =   1.3850    

 n    Area         CL        CD        Cm        CY        Cn        Cl        CDi       CDv
 1   7.3376       0.03543   0.00070  -0.02273  -0.00001  -0.00005  -0.00184   0.00041   0.00000   main_wing_1
 2   7.3376       0.03539   0.00070  -0.02271   0.00001   0.00005   0.00184   0.00041   0.00000   main_wing_1 (YDUP)
 3   3.0652       0.01640   0.00048  -0.01004  -0.00001  -0.00004  -0.00199   0.00016   0.00000   main_wing_2
 4   3.0652       0.01640   0.00048  -0.01003   0.00001   0.00004   0.00199   0.00016   0.00000   main_wing_2 (YDUP)
 5   2.9927       0.01618   0.00047  -0.00991  -0.00004  -0.00006  -0.00265   0.00015   0.00000   main_wing_3
 6   2.9927       0.01618   0.00047  -0.00991   0.00004   0.00006   0.00265   0.00015   0.00000   main_wing_3 (YDUP)
 7   2.8333       0.01566   0.00046  -0.00961  -0.00005  -0.00007  -0.00322   0.00014   0.00000   main_wing_4
 8   2.8333       0.01566   0.00046  -0.00961   0.00005   0.00007   0.00322   0.00014   0.00000   main_wing_4 (YDUP)
 9   2.6715       0.01498   0.00045  -0.00921  -0.00005  -0.00008  -0.00371   0.00013   0.00000   main_wing_5
10   2.6715       0.01498   0.00045  -0.00921   0.00005   0.00008   0.00371   0.00013   0.00000   main_wing_5 (YDUP)
11   2.5099       0.01417   0.00043  -0.00873  -0.00004  -0.00008  -0.00411   0.00013   0.00000   main_wing_6
12   2.5099       0.01417   0.00043  -0.00873   0.00004   0.00008   0.00411   0.00013   0.00000   main_wing_6 (YDUP)
13   2.3483       0.01322   0.00041  -0.00815  -0.00004  -0.00009  -0.00440   0.00012   0.00000   main_wing_7
14   2.3483       0.01323   0.00041  -0.00815   0.00004   0.00009   0.00440   0.00012   0.00000   main_wing_7 (YDUP)
15   6.8719       0.02972   0.00053  -0.01879  -0.00010  -0.00042  -0.01227   0.00028   0.00000   main_wing_8
16   6.8719       0.02972   0.00053  -0.01879   0.00010   0.00042   0.01227   0.00028   0.00000   main_wing_8 (YDUP)
17   10.476       0.03008   0.00065  -0.16864  -0.00007  -0.00005  -0.00271   0.00065   0.00000   horizontal_stabilizer
18   10.476       0.03008   0.00065  -0.16864   0.00007   0.00005   0.00271   0.00065   0.00000   horizontal_stabilizer (YDUP)
19   14.282       0.00000  -0.00000  -0.00000  -0.00000   0.00000   0.00000  -0.00000   0.00000   vertical_stabilizer
20   65.503       0.00795   0.00004   0.05233   0.00000  -0.00000   0.00000   0.00004   0.00000   fuselage_horizontal
21   65.103       0.00000   0.00000  -0.00000  -0.00000   0.00000   0.00000   0.00000   0.00000   fuselage_vertical
22  0.11071       0.00014   0.00000   0.00007   0.00000  -0.00000  -0.00001   0.00000   0.00000   nacelle_horizontal
23  0.11071       0.00009   0.00000   0.00004  -0.00000   0.00000   0.00001   0.00000   0.00000   nacelle_horizontal (YDUP)
24  0.11070       0.00000  -0.00000   0.00000  -0.00002  -0.00000   0.00000  -0.00000   0.00000   nacelle_vertical
25  0.11070      -0.00000  -0.00000   0.00000   0.00001   0.00000  -0.00000  -0.00000   0.00000   nacelle_vertical (YDUP)
26  0.11071       0.00014   0.00000   0.00007   0.00000  -0.00000  -0.00002   0.00000   0.00000   nacelle_2_horizontal
27  0.11070       0.00000  -0.00000   0.00000  -0.00001  -0.00000   0.00000  -0.00000   0.00000   nacelle_2_vertical
28  0.11070       0.00014   0.00000   0.00006  -0.00000  -0.00000  -0.00002   0.00000   0.00000   nacelle_3_horizontal
29  0.11070      -0.00000  -0.00000  -0.00000  -0.00000  -0.00000   0.00000  -0.00000   0.00000   nacelle_3_vertical
30  0.11070       0.00014   0.00000   0.00006   0.00000  -0.00000  -0.00003   0.00000   0.00000   nacelle_4_horizontal
31  0.11070       0.00000  -0.00000   0.00000  -0.00000  -0.00000  -0.00000  -0.00000   0.00000   nacelle_4_vertical
32  0.11071       0.00014   0.00000   0.00006   0.00000  -0.00000  -0.00003   0.00000   0.00000   nacelle_5_horizontal
33  0.11070      -0.00000  -0.00000  -0.00000   0.00000   0.00000  -0.00000  -0.00000   0.00000   nacelle_5_vertical
34  0.11071       0.00014   0.00000   0.00005  -0.00000  -0.00000  -0.00004   0.00000   0.00000   nacelle_6_horizontal
35  0.11070      -0.00000  -0.00000  -0.00000  -0.00000  -0.00000   0.00000  -0.00000   0.00000   nacelle_6_vertical
36  0.11072       0.00013   0.00000   0.00005  -0.00000  -0.00000  -0.00004   0.00000   0.00000   nacelle_7_horizontal
37  0.11070      -0.00000  -0.00000   0.00000   0.00000  -0.00000   0.00000  -0.00000   0.00000   nacelle_7_vertical
38  0.11072       0.00013   0.00000   0.00005   0.00000  -0.00000  -0.00005   0.00000   0.00000   nacelle_8_horizontal
39  0.11070      -0.00000  -0.00000  -0.00000   0.00000   0.00000  -0.00000  -0.00000   0.00000   nacelle_8_vertical
40  0.11071       0.00009   0.00000   0.00004   0.00000   0.00000   0.00001   0.00000   0.00000   nacelle_9_horizontal
41  0.11070      -0.00000  -0.00000   0.00000   0.00001   0.00000  -0.00000  -0.00000   0.00000   nacelle_9_vertical
42  0.11071       0.00014   0.00000   0.00007  -0.00000   0.00000   0.00002   0.00000   0.00000   nacelle_10_horizontal
43  0.11070       0.00000  -0.00000   0.00000   0.00001   0.00000  -0.00000  -0.00000   0.00000   nacelle_10_vertical
44  0.11070       0.00014   0.00000   0.00006   0.00000   0.00000   0.00002   0.00000   0.00000   nacelle_11_horizontal
45  0.11070      -0.00000  -0.00000  -0.00000   0.00000   0.00000  -0.00000  -0.00000   0.00000   nacelle_11_vertical
46  0.11070       0.00014   0.00000   0.00006  -0.00000   0.00000   0.00003   0.00000   0.00000   nacelle_12_horizontal
47  0.11070       0.00000  -0.00000   0.00000   0.00000   0.00000   0.00000  -0.00000   0.00000   nacelle_12_vertical
48  0.11071       0.00014   0.00000   0.00006   0.00000   0.00000   0.00003   0.00000   0.00000   nacelle_13_horizontal
49  0.11070      -0.00000  -0.00000  -0.00000   0.00000   0.00000  -0.00000  -0.00000   0.00000   nacelle_13_vertical
50  0.11071       0.00014   0.00000   0.00005   0.00000   0.00000   0.00004   0.00000   0.00000   nacelle_14_horizontal
51  0.11070      -0.00000  -0.00000  -0.00000   0.00000   0.00000  -0.00000  -0.00000   0.00000   nacelle_14_vertical
52  0.11072       0.00013   0.00000   0.00005   0.00000   0.00000   0.00004   0.00000   0.00000   nacelle_15_horizontal
53  0.11070      -0.00000  -0.00000   0.00000  -0.00000   0.00000  -0.00000  -0.00000   0.00000   nacelle_15_vertical
54  0.11072       0.00013   0.00000   0.00005  -0.00000   0.00000   0.00005   0.00000   0.00000   nacelle_16_horizontal
55  0.11070      -0.00000  -0.00000  -0.00000  -0.00000  -0.00000   0.00000  -0.00000   0.00000   nacelle_16_vertical

 Surface Forces (referred to Ssurf,Cave about root LE on hinge axis)

   n  Ssurf        Cave        cl_surf    cd_surf    cdv_surf  cmLE_surf
   1  7.3376      2.7025       0.295813   0.005856   0.000000  -0.070735   main_wing_1
   2  7.3376      2.7025       0.295506   0.005845   0.000000  -0.070707   main_wing_1 (YDUP)
   3  3.0652      2.6736       0.327785   0.009671   0.000000  -0.070046   main_wing_2
   4  3.0652      2.6736       0.327769   0.009667   0.000000  -0.070031   main_wing_2 (YDUP)
   5  2.9927      2.6103       0.331165   0.009712   0.000000  -0.071901   main_wing_3
   6  2.9927      2.6103       0.331164   0.009711   0.000000  -0.071897   main_wing_3 (YDUP)
   7  2.8333      2.4711       0.338531   0.010016   0.000000  -0.074024   main_wing_4
   8  2.8333      2.4711       0.338519   0.010016   0.000000  -0.074022   main_wing_4 (YDUP)
   9  2.6715      2.3301       0.343403   0.010267   0.000000  -0.074854   main_wing_5
  10  2.6715      2.3301       0.343407   0.010267   0.000000  -0.074854   main_wing_5 (YDUP)
  11  2.5099      2.1892       0.345849   0.010521   0.000000  -0.074950   main_wing_6
  12  2.5099      2.1892       0.345872   0.010520   0.000000  -0.074935   main_wing_6 (YDUP)
  13  2.3483      2.0482       0.344997   0.010755   0.000000  -0.074072   main_wing_7
  14  2.3483      2.0482       0.345007   0.010755   0.000000  -0.074087   main_wing_7 (YDUP)
  15  6.8719      1.7343       0.264973   0.004765   0.000000  -0.067589   main_wing_8
  16  6.8719      1.7343       0.264977   0.004765   0.000000  -0.067622   main_wing_8 (YDUP)
  17  10.476      1.8686       0.175899   0.003828   0.000000  -0.077545   horizontal_stabilizer
  18  10.476      1.8686       0.175903   0.003828   0.000000  -0.077604   horizontal_stabilizer (YDUP)
  19  14.282      2.9877       0.000000  -0.000000   0.000000  -0.000000   vertical_stabilizer
  20  65.503      23.647       0.007439   0.000040   0.000000   0.002208   fuselage_horizontal
  21  65.103      23.503       0.000000   0.000000   0.000000  -0.000000   fuselage_vertical
  22 0.11071     0.41807       0.078264   0.000999   0.000000   0.016587   nacelle_horizontal
  23 0.11071     0.41807       0.048431   0.000588   0.000000   0.010640   nacelle_horizontal (YDUP)
  24 0.11070     0.41806       0.000022  -0.000055   0.000000  -0.000015   nacelle_vertical
  25 0.11070     0.41806      -0.000003  -0.000038   0.000000  -0.000013   nacelle_vertical (YDUP)
  26 0.11071     0.41807       0.077588   0.000800   0.000000   0.017072   nacelle_2_horizontal
  27 0.11070     0.41806       0.000010  -0.000008   0.000000  -0.000001   nacelle_2_vertical
  28 0.11070     0.41806       0.076851   0.000844   0.000000   0.016864   nacelle_3_horizontal
  29 0.11070     0.41806      -0.000004  -0.000004   0.000000  -0.000002   nacelle_3_vertical
  30 0.11070     0.41806       0.076247   0.000874   0.000000   0.016695   nacelle_4_horizontal
  31 0.11070     0.41806       0.000001  -0.000002   0.000000  -0.000001   nacelle_4_vertical
  32 0.11071     0.41807       0.075564   0.000908   0.000000   0.016545   nacelle_5_horizontal
  33 0.11070     0.41806      -0.000000  -0.000003   0.000000  -0.000001   nacelle_5_vertical
  34 0.11071     0.41807       0.074705   0.000948   0.000000   0.016345   nacelle_6_horizontal
  35 0.11070     0.41806      -0.000000  -0.000002   0.000000  -0.000001   nacelle_6_vertical
  36 0.11072     0.41812       0.073443   0.000998   0.000000   0.016063   nacelle_7_horizontal
  37 0.11070     0.41806      -0.000000  -0.000002   0.000000  -0.000001   nacelle_7_vertical
  38 0.11072     0.41812       0.073322   0.001198   0.000000   0.015240   nacelle_8_horizontal
  39 0.11070     0.41806      -0.000002  -0.000003   0.000000  -0.000001   nacelle_8_vertical
  40 0.11071     0.41807       0.049067   0.000605   0.000000   0.010737   nacelle_9_horizontal
  41 0.11070     0.41806      -0.000003  -0.000038   0.000000  -0.000012   nacelle_9_vertical
  42 0.11071     0.41807       0.077619   0.000798   0.000000   0.017075   nacelle_10_horizontal
  43 0.11070     0.41806       0.000010  -0.000008   0.000000  -0.000001   nacelle_10_vertical
  44 0.11070     0.41806       0.076856   0.000843   0.000000   0.016859   nacelle_11_horizontal
  45 0.11070     0.41806      -0.000004  -0.000004   0.000000  -0.000002   nacelle_11_vertical
  46 0.11070     0.41806       0.076248   0.000874   0.000000   0.016689   nacelle_12_horizontal
  47 0.11070     0.41806       0.000001  -0.000002   0.000000  -0.000001   nacelle_12_vertical
  48 0.11071     0.41807       0.075569   0.000908   0.000000   0.016542   nacelle_13_horizontal
  49 0.11070     0.41806      -0.000001  -0.000002   0.000000  -0.000001   nacelle_13_vertical
  50 0.11071     0.41807       0.074707   0.000948   0.000000   0.016349   nacelle_14_horizontal
  51 0.11070     0.41806      -0.000000  -0.000002   0.000000  -0.000001   nacelle_14_vertical
  52 0.11072     0.41812       0.073444   0.000998   0.000000   0.016067   nacelle_15_horizontal
  53 0.11070     0.41806      -0.000000  -0.000002   0.000000  -0.000001   nacelle_15_vertical
  54 0.11072     0.41812       0.073322   0.001197   0.000000   0.015244   nacelle_16_horizontal
  55 0.11070     0.41806      -0.000002  -0.000003   0.000000  -0.000001   nacelle_16_vertical
 ---------------------------------------------------------------
