 ---------------------------------------------------------------
 Surface Forces (referred to Sref,Cref,Bref about Xmom,Ymom,Zmom)
 Standard axis orientation,  X fwd, Z down         

     Sref =   68.294       Cref =   2.4602       Bref =   28.627    
     Xmom =   11.897       Ymom =   0.0000       Zmom =   1.3850    

 n    Area         CL        CD        Cm        CY        Cn        Cl        CDi       CDv
 1   5.4538       0.02616   0.00176  -0.01549  -0.00000  -0.00003  -0.00077   0.00176   0.00000   main_wing_1
 2   5.4538       0.02616   0.00176  -0.01549   0.00000   0.00003   0.00077   0.00176   0.00000   main_wing_1 (YDUP)
 3   2.5208       0.00501   0.00034  -0.00272  -0.00001  -0.00002  -0.00041   0.00034   0.00000   main_wing_2
 4   2.5208       0.00495   0.00034  -0.00270   0.00001   0.00002   0.00041   0.00034   0.00000   main_wing_2 (YDUP)
 5   5.3666       0.01902   0.00104  -0.01032  -0.00005  -0.00013  -0.00249   0.00104   0.00000   main_wing_3
 6   5.3666       0.01904   0.00103  -0.01033   0.00005   0.00013   0.00249   0.00103   0.00000   main_wing_3 (YDUP)
 7   2.3940       0.00458   0.00031  -0.00246  -0.00004  -0.00003  -0.00082   0.00031   0.00000   main_wing_4
 8   2.3940       0.00458   0.00031  -0.00246   0.00004   0.00003   0.00083   0.00031   0.00000   main_wing_4 (YDUP)
 9   4.8267       0.01792   0.00100  -0.00990  -0.00016  -0.00021  -0.00409   0.00100   0.00000   main_wing_5
10   4.8267       0.01792   0.00099  -0.00991   0.00016   0.00021   0.00409   0.00099   0.00000   main_wing_5 (YDUP)
11   2.0895       0.00463   0.00028  -0.00252  -0.00004  -0.00006  -0.00129   0.00028   0.00000   main_wing_6
12   2.0895       0.00463   0.00028  -0.00252   0.00004   0.00006   0.00129   0.00028   0.00000   main_wing_6 (YDUP)
13   4.1710       0.01706   0.00095  -0.00967  -0.00015  -0.00029  -0.00556   0.00095   0.00000   main_wing_7
14   4.1710       0.01706   0.00095  -0.00967   0.00015   0.00029   0.00556   0.00095   0.00000   main_wing_7 (YDUP)
15   1.7850       0.00408   0.00025  -0.00226  -0.00004  -0.00007  -0.00153   0.00025   0.00000   main_wing_8
16   1.7850       0.00408   0.00025  -0.00226   0.00004   0.00007   0.00153   0.00025   0.00000   main_wing_8 (YDUP)
17   5.5393       0.03162   0.00167  -0.01867  -0.00027  -0.00078  -0.01402   0.00167   0.00000   main_wing_9
18   5.5393       0.03162   0.00167  -0.01867   0.00027   0.00078   0.01402   0.00167   0.00000   main_wing_9 (YDUP)
19   11.730       0.09161   0.00361  -0.49527  -0.00037  -0.00043  -0.00829   0.00361   0.00000   horizontal_stabilizer
20   11.730       0.09160   0.00361  -0.49521   0.00037   0.00043   0.00828   0.00361   0.00000   horizontal_stabilizer (YDUP)
21   17.032       0.00000  -0.00000  -0.00000  -0.00002   0.00001  -0.00000  -0.00000   0.00000   vertical_stabilizer
22   65.503       0.01351   0.00014   0.09623   0.00000  -0.00000   0.00000   0.00014   0.00000   fuselage_horizontal
23   65.103      -0.00000   0.00000  -0.00000   0.00000   0.00000  -0.00000   0.00000   0.00000   fuselage_vertical
24  0.21569       0.00044   0.00002   0.00021   0.00000  -0.00000  -0.00004   0.00002   0.00000   nacelle_horizontal
25  0.21569       0.00027   0.00001   0.00013  -0.00000   0.00000   0.00002   0.00001   0.00000   nacelle_horizontal (YDUP)
26  0.21570       0.00000  -0.00000   0.00000  -0.00006  -0.00000   0.00000  -0.00000   0.00000   nacelle_vertical
27  0.21570       0.00000  -0.00000   0.00000   0.00004   0.00000  -0.00000  -0.00000   0.00000   nacelle_vertical (YDUP)
28  0.21569       0.00043   0.00002   0.00020   0.00000  -0.00000  -0.00008   0.00002   0.00000   nacelle_2_horizontal
29  0.21570       0.00000  -0.00000   0.00000  -0.00001  -0.00000  -0.00000  -0.00000   0.00000   nacelle_2_vertical
30  0.21569       0.00027   0.00001   0.00013   0.00000   0.00000   0.00002   0.00001   0.00000   nacelle_3_horizontal
31  0.21570       0.00000  -0.00000   0.00000   0.00004   0.00000  -0.00000  -0.00000   0.00000   nacelle_3_vertical
32  0.21569       0.00043   0.00002   0.00020   0.00000   0.00000   0.00008   0.00002   0.00000   nacelle_4_horizontal
33  0.21570      -0.00000  -0.00000  -0.00000   0.00001   0.00000  -0.00000  -0.00000   0.00000   nacelle_4_vertical

 Surface Forces (referred to Ssurf,Cave about root LE on hinge axis)

   n  Ssurf        Cave        cl_surf    cd_surf    cdv_surf  cmLE_surf
   1  5.4538      2.8579       0.327542   0.022067   0.000000  -0.075547   main_wing_1
   2  5.4538      2.8579       0.327623   0.022042   0.000000  -0.075537   main_wing_1 (YDUP)
   3  2.5208      2.8442       0.135857   0.009185   0.000000  -0.025517   main_wing_2
   4  2.5208      2.8442       0.134224   0.009272   0.000000  -0.025426   main_wing_2 (YDUP)
   5  5.3666      2.8122       0.242082   0.013183   0.000000  -0.045822   main_wing_3
   6  5.3666      2.8122       0.242262   0.013155   0.000000  -0.045824   main_wing_3 (YDUP)
   7  2.3940      2.7011       0.130752   0.008772   0.000000  -0.024079   main_wing_4
   8  2.3940      2.7011       0.130790   0.008772   0.000000  -0.024087   main_wing_4 (YDUP)
   9  4.8267      2.5293       0.253493   0.014081   0.000000  -0.051094   main_wing_5
  10  4.8267      2.5293       0.253565   0.014078   0.000000  -0.051158   main_wing_5 (YDUP)
  11  2.0895      2.3575       0.151452   0.009171   0.000000  -0.027588   main_wing_6
  12  2.0895      2.3575       0.151468   0.009171   0.000000  -0.027591   main_wing_6 (YDUP)
  13  4.1710      2.1857       0.279358   0.015525   0.000000  -0.058659   main_wing_7
  14  4.1710      2.1857       0.279374   0.015525   0.000000  -0.058663   main_wing_7 (YDUP)
  15  1.7850      2.0139       0.156070   0.009458   0.000000  -0.028441   main_wing_8
  16  1.7850      2.0139       0.156075   0.009458   0.000000  -0.028442   main_wing_8 (YDUP)
  17  5.5393      1.7668       0.389852   0.020612   0.000000  -0.095093   main_wing_9
  18  5.5393      1.7668       0.389860   0.020612   0.000000  -0.095002   main_wing_9 (YDUP)
  19  11.730      1.9774       0.533376   0.021026   0.000000  -0.232458   horizontal_stabilizer
  20  11.730      1.9774       0.533315   0.021029   0.000000  -0.232044   horizontal_stabilizer (YDUP)
  21  17.032      3.2626       0.000000  -0.000000   0.000000  -0.000000   vertical_stabilizer
  22  65.503      23.647       0.014087   0.000145   0.000000   0.005304   fuselage_horizontal
  23  65.103      23.503      -0.000000   0.000000   0.000000  -0.000000   fuselage_vertical
  24 0.21569     0.58358       0.139215   0.006233   0.000000   0.030490   nacelle_horizontal
  25 0.21569     0.58358       0.085639   0.003724   0.000000   0.019367   nacelle_horizontal (YDUP)
  26 0.21570     0.58361       0.000090  -0.000139   0.000000  -0.000037   nacelle_vertical
  27 0.21570     0.58361       0.000009  -0.000100   0.000000  -0.000032   nacelle_vertical (YDUP)
  28 0.21569     0.58358       0.134811   0.006328   0.000000   0.029584   nacelle_2_horizontal
  29 0.21570     0.58361       0.000007  -0.000007   0.000000  -0.000002   nacelle_2_vertical
  30 0.21569     0.58358       0.086518   0.003781   0.000000   0.019526   nacelle_3_horizontal
  31 0.21570     0.58361       0.000009  -0.000100   0.000000  -0.000032   nacelle_3_vertical
  32 0.21569     0.58358       0.134896   0.006329   0.000000   0.029605   nacelle_4_horizontal
  33 0.21570     0.58361      -0.000010  -0.000011   0.000000  -0.000005   nacelle_4_vertical
 ---------------------------------------------------------------
