u  w  q  the  v  p  r  phi  x  y  z  psi  |  slat  flap  aileron  elevator
   -0.023970     0.448600   -26.970000    -9.810000     0.000000     0.000000    -0.000000     0.000000     0.000000    -0.000000     0.000000     0.000000    -0.000973     0.031620    -0.000000     0.012450
   -0.206700    -0.328700    29.000000    -0.000000    -0.000000     0.000000     0.000000    -0.000000     0.000000    -0.000000     0.000000     0.000000     0.001599    -0.051290     0.000000    -0.016350
    0.022670    -0.027800    -0.654200     0.000000     0.000192    -0.019020     0.005800     0.000000    -0.000000     0.000000    -0.000000     0.000000    -0.000106    -0.000995     0.000130    -0.010550
   -0.000000    -0.000000     1.000000     0.000000     0.000000    -0.000000    -0.000000     0.000000    -0.000000     0.000000    -0.000000     0.000000     0.000000     0.000000     0.000000     0.000000
   -0.000000     0.000000    -0.000000    -0.000000    -0.050270    26.940000   -31.030000     9.810000    -0.000000     0.000000    -0.000000    -0.000000    -0.000000    -0.000000    -0.000419     0.000000
    0.000410    -0.000502    -0.011820    -0.000000    -0.082880    -9.548000    10.230000    -0.000000     0.000000    -0.000000     0.000000    -0.000000    -0.000002    -0.000018     0.104900    -0.000191
    0.000386    -0.000474    -0.011140    -0.000000     0.018130    -0.646900    -0.277800    -0.000000     0.000000    -0.000000     0.000000    -0.000000    -0.000002    -0.000017     0.001847    -0.000180
   -0.000000    -0.000000     0.000000     0.000000     0.000000     1.000000     0.000000     0.000000    -0.000000     0.000000    -0.000000     0.000000     0.000000     0.000000     0.000000     0.000000
    1.000000     0.000000    -0.000000    26.420000    -0.000000     0.000000     0.000000     0.000000     0.000000    -0.000000     0.000000     0.000000    -0.000000    -0.000000    -0.000000    -0.000000
    0.000000    -0.000000     0.000000    -0.000000     1.000000    -0.000000    -0.000000   -26.420000    -0.000000     0.000000    -0.000000    32.400000     0.000000     0.000000     0.000000     0.000000
   -0.000000     1.000000    -0.000000   -32.400000     0.000000     0.000000     0.000000     0.000000     0.000000    -0.000000     0.000000     0.000000    -0.000000    -0.000000    -0.000000    -0.000000
   -0.000000    -0.000000     0.000000     0.000000     0.000000    -0.000000     1.000000     0.000000    -0.000000     0.000000    -0.000000     0.000000     0.000000     0.000000     0.000000     0.000000

   -0.003795     0.266300   -18.170000    -9.810000    -0.000000    -0.000000     0.000000     0.000000     0.000000    -0.000000     0.000000     0.000000    -0.001009     0.035140    -0.000000     0.014060
   -0.134100    -0.553600    56.900000    -0.000000     0.000000    -0.000000    -0.000000    -0.000000     0.000000    -0.000000     0.000000     0.000000     0.004872    -0.169700     0.000000    -0.052890
    0.012550    -0.043880    -0.903300     0.000000     0.000419    -0.022030    -0.002401     0.000000    -0.000000     0.000000    -0.000000     0.000000    -0.000344    -0.003906     0.000380    -0.031300
   -0.000000    -0.000000     1.000000     0.000000     0.000000    -0.000000    -0.000000    -0.000000    -0.000000     0.000000    -0.000000     0.000000     0.000000     0.000000     0.000000     0.000000
    0.000000    -0.000000     0.000000    -0.000000    -0.099650    18.060000   -59.190000     9.810000    -0.000000     0.000000    -0.000000    -0.000000    -0.000000    -0.000000    -0.000983    -0.000000
    0.000235    -0.000823    -0.016940    -0.000000    -0.188600   -17.080000     8.682000    -0.000000     0.000000    -0.000000     0.000000    -0.000000    -0.000006    -0.000073     0.364300    -0.000587
    0.000226    -0.000789    -0.016230    -0.000000     0.038400    -0.266800    -0.713000    -0.000000     0.000000    -0.000000     0.000000    -0.000000    -0.000006    -0.000070     0.000083    -0.000563
   -0.000000    -0.000000     0.000000     0.000000     0.000000     1.000000     0.000000     0.000000    -0.000000     0.000000    -0.000000     0.000000     0.000000     0.000000     0.000000     0.000000
    1.000000     0.000000    -0.000000    17.810000    -0.000000     0.000000     0.000000     0.000000     0.000000    -0.000000     0.000000     0.000000    -0.000000    -0.000000    -0.000000    -0.000000
    0.000000    -0.000000     0.000000    -0.000000     1.000000    -0.000000    -0.000000   -17.810000    -0.000000     0.000000    -0.000000    62.300000     0.000000     0.000000     0.000000     0.000000
   -0.000000     1.000000    -0.000000   -62.300000     0.000000     0.000000     0.000000     0.000000     0.000000    -0.000000     0.000000     0.000000    -0.000000    -0.000000    -0.000000    -0.000000
   -0.000000    -0.000000     0.000000     0.000000     0.000000    -0.000000     1.000000     0.000000    -0.000000     0.000000    -0.000000     0.000000     0.000000     0.000000     0.000000     0.000000

    0.000031     0.114200   -11.120000    -9.810000    -0.000000     0.000000     0.000000     0.000000     0.000000    -0.000000     0.000000     0.000000    -0.000780     0.028110     0.000000     0.012360
   -0.074960    -0.804900   127.900000    -0.000000     0.000000     0.000000    -0.000000    -0.000000     0.000000    -0.000000     0.000000     0.000000     0.015020    -0.542100     0.000000    -0.166800
    0.005547    -0.068460    -1.327000     0.000000     0.000820    -0.029930    -0.013960     0.000000    -0.000000     0.000000    -0.000000     0.000000    -0.001222    -0.014600     0.001341    -0.105200
   -0.000000    -0.000000     1.000000     0.000000     0.000000    -0.000000    -0.000000     0.000000    -0.000000     0.000000    -0.000000     0.000000     0.000000     0.000000     0.000000     0.000000
   -0.000000    -0.000000    -0.000000    -0.000000    -0.150300    10.990000  -130.600000     9.810000    -0.000000     0.000000    -0.000000    -0.000000    -0.000000    -0.000000    -0.002717    -0.000000
    0.000112    -0.001383    -0.026800    -0.000000    -0.338600   -27.940000     8.253000    -0.000000     0.000000    -0.000000     0.000000    -0.000000    -0.000025    -0.000295     1.304000    -0.002125
    0.000112    -0.001381    -0.026760    -0.000000     0.066330     0.192700    -1.291000    -0.000000     0.000000    -0.000000     0.000000    -0.000000    -0.000025    -0.000294    -0.011970    -0.002122
   -0.000000    -0.000000     0.000000    -0.000000     0.000000     1.000000     0.000000     0.000000    -0.000000     0.000000    -0.000000     0.000000     0.000000     0.000000     0.000000     0.000000
    1.000000     0.000000    -0.000000    10.980000    -0.000000     0.000000     0.000000     0.000000     0.000000    -0.000000     0.000000     0.000000    -0.000000    -0.000000    -0.000000    -0.000000
    0.000000    -0.000000     0.000000    -0.000000     1.000000    -0.000000    -0.000000   -10.980000    -0.000000     0.000000    -0.000000   135.500000     0.000000     0.000000     0.000000     0.000000
   -0.000000     1.000000    -0.000000  -135.500000     0.000000     0.000000     0.000000     0.000000     0.000000    -0.000000     0.000000     0.000000    -0.000000    -0.000000    -0.000000    -0.000000
   -0.000000    -0.000000     0.000000    -0.000000     0.000000    -0.000000     1.000000    -0.000000    -0.000000     0.000000    -0.000000     0.000000     0.000000     0.000000     0.000000     0.000000

    0.000073     0.113100   -10.250000    -9.810000    -0.000000    -0.000000     0.000000     0.000000     0.000000    -0.000000     0.000000     0.000000    -0.000758     0.027350     0.000000     0.012160
   -0.075880    -0.858400   127.500000    -0.000000     0.000000    -0.000000    -0.000000    -0.000000     0.000000    -0.000000     0.000000     0.000000     0.016020    -0.578600     0.000000    -0.177900
    0.005097    -0.068390    -1.323000     0.000000     0.000821    -0.029650    -0.014270     0.000000    -0.000000     0.000000    -0.000000     0.000000    -0.001222    -0.014640     0.001339    -0.105100
   -0.000000    -0.000000     1.000000     0.000000     0.000000    -0.000000    -0.000000     0.000000    -0.000000     0.000000    -0.000000     0.000000     0.000000     0.000000     0.000000     0.000000
   -0.000000    -0.000000    -0.000000    -0.000000    -0.160700    10.110000  -130.400000     9.810000    -0.000000     0.000000    -0.000000    -0.000000     0.000000    -0.000000    -0.002884    -0.000000
    0.000103    -0.001382    -0.026730    -0.000000    -0.339600   -27.960000     8.065000    -0.000000     0.000000    -0.000000     0.000000    -0.000000    -0.000025    -0.000296     1.305000    -0.002123
    0.000103    -0.001380    -0.026680    -0.000000     0.066480     0.209200    -1.295000    -0.000000     0.000000    -0.000000     0.000000    -0.000000    -0.000025    -0.000295    -0.012210    -0.002120
   -0.000000    -0.000000     0.000000    -0.000000     0.000000     1.000000     0.000000     0.000000    -0.000000     0.000000    -0.000000     0.000000     0.000000     0.000000     0.000000     0.000000
    1.000000     0.000000    -0.000000    10.100000    -0.000000     0.000000     0.000000     0.000000     0.000000    -0.000000     0.000000     0.000000    -0.000000    -0.000000    -0.000000    -0.000000
    0.000000    -0.000000     0.000000    -0.000000     1.000000    -0.000000    -0.000000   -10.100000    -0.000000     0.000000    -0.000000   135.500000     0.000000     0.000000     0.000000     0.000000
   -0.000000     1.000000    -0.000000  -135.500000     0.000000     0.000000     0.000000     0.000000     0.000000    -0.000000     0.000000     0.000000    -0.000000    -0.000000    -0.000000    -0.000000
   -0.000000    -0.000000     0.000000     0.000000     0.000000    -0.000000     1.000000    -0.000000    -0.000000     0.000000    -0.000000     0.000000     0.000000     0.000000     0.000000     0.000000

   -0.003355     0.265100   -16.920000    -9.810000    -0.000000     0.000000     0.000000     0.000000     0.000000    -0.000000     0.000000     0.000000    -0.001003     0.035030    -0.000000     0.014050
   -0.134300    -0.592700    56.870000    -0.000000     0.000000    -0.000000    -0.000000    -0.000000     0.000000    -0.000000     0.000000     0.000000     0.005231    -0.182800     0.000000    -0.056940
    0.011610    -0.043910    -0.898400     0.000000     0.000424    -0.021610    -0.002958     0.000000    -0.000000     0.000000    -0.000000     0.000000    -0.000347    -0.003972     0.000381    -0.031450
   -0.000000    -0.000000     1.000000     0.000000     0.000000    -0.000000    -0.000000     0.000000    -0.000000     0.000000    -0.000000     0.000000     0.000000     0.000000     0.000000     0.000000
    0.000000    -0.000000     0.000000    -0.000000    -0.107500    16.800000   -59.280000     9.810000    -0.000000     0.000000    -0.000000    -0.000000    -0.000000    -0.000000    -0.001041    -0.000000
    0.000218    -0.000824    -0.016850    -0.000000    -0.191300   -17.180000     8.339000    -0.000000     0.000000    -0.000000     0.000000    -0.000000    -0.000006    -0.000074     0.368600    -0.000590
    0.000209    -0.000789    -0.016150    -0.000000     0.038860    -0.233800    -0.725400    -0.000000     0.000000    -0.000000     0.000000    -0.000000    -0.000006    -0.000071    -0.000144    -0.000565
   -0.000000    -0.000000     0.000000    -0.000000     0.000000     1.000000     0.000000     0.000000    -0.000000     0.000000    -0.000000     0.000000     0.000000     0.000000     0.000000     0.000000
    1.000000     0.000000    -0.000000    16.560000    -0.000000     0.000000     0.000000     0.000000     0.000000    -0.000000     0.000000     0.000000    -0.000000    -0.000000    -0.000000    -0.000000
    0.000000    -0.000000     0.000000    -0.000000     1.000000    -0.000000    -0.000000   -16.560000    -0.000000     0.000000    -0.000000    62.640000     0.000000     0.000000     0.000000     0.000000
   -0.000000     1.000000    -0.000000   -62.640000     0.000000     0.000000     0.000000     0.000000     0.000000    -0.000000     0.000000     0.000000    -0.000000    -0.000000    -0.000000    -0.000000
   -0.000000    -0.000000     0.000000     0.000000     0.000000    -0.000000     1.000000    -0.000000    -0.000000     0.000000    -0.000000     0.000000     0.000000     0.000000     0.000000     0.000000

   -0.020590     0.443500   -24.980000    -9.810000     0.000000    -0.000000    -0.000000     0.000000     0.000000    -0.000000     0.000000     0.000000    -0.000996     0.032750    -0.000000     0.012890
   -0.204600    -0.366200    30.170000    -0.000000    -0.000000     0.000000     0.000000    -0.000000     0.000000    -0.000000     0.000000     0.000000     0.001846    -0.060050     0.000000    -0.019080
    0.020530    -0.028530    -0.656400     0.000000     0.000207    -0.018570     0.004741     0.000000    -0.000000     0.000000    -0.000000     0.000000    -0.000115    -0.001122     0.000138    -0.011290
   -0.000000    -0.000000     1.000000     0.000000     0.000000    -0.000000    -0.000000    -0.000000    -0.000000     0.000000    -0.000000     0.000000     0.000000     0.000000     0.000000     0.000000
   -0.000000     0.000000    -0.000000    -0.000000    -0.058060    24.920000   -32.300000     9.810000    -0.000000     0.000000    -0.000000    -0.000000    -0.000000    -0.000000    -0.000463     0.000000
    0.000371    -0.000516    -0.011860    -0.000000    -0.091020   -10.020000     9.698000    -0.000000     0.000000    -0.000000     0.000000    -0.000000    -0.000002    -0.000020     0.115400    -0.000204
    0.000350    -0.000486    -0.011180    -0.000000     0.019650    -0.586500    -0.313600    -0.000000     0.000000    -0.000000     0.000000    -0.000000    -0.000002    -0.000019     0.001705    -0.000192
   -0.000000    -0.000000     0.000000     0.000000     0.000000     1.000000     0.000000     0.000000    -0.000000     0.000000    -0.000000     0.000000     0.000000     0.000000     0.000000     0.000000
    1.000000     0.000000    -0.000000    24.420000    -0.000000     0.000000     0.000000     0.000000     0.000000    -0.000000     0.000000     0.000000    -0.000000    -0.000000    -0.000000    -0.000000
    0.000000    -0.000000     0.000000    -0.000000     1.000000    -0.000000    -0.000000   -24.420000    -0.000000     0.000000    -0.000000    33.930000     0.000000     0.000000     0.000000     0.000000
   -0.000000     1.000000    -0.000000   -33.930000     0.000000     0.000000     0.000000     0.000000     0.000000    -0.000000     0.000000     0.000000    -0.000000    -0.000000    -0.000000    -0.000000
   -0.000000    -0.000000     0.000000     0.000000     0.000000    -0.000000     1.000000    -0.000000    -0.000000     0.000000    -0.000000     0.000000     0.000000     0.000000     0.000000     0.000000
