u  w  q  the  v  p  r  phi  x  y  z  psi  |  slat  flap  aileron  elevator
   -0.016410     0.438800   -26.380000    -9.810000     0.000000    -0.000000    -0.000000     0.000000     0.000000    -0.000000     0.000000     0.000000    -0.000958     0.031230     0.000000     0.011370
   -0.212400    -0.334700    29.730000    -0.000000    -0.000000     0.000000     0.000000    -0.000000     0.000000    -0.000000     0.000000     0.000000     0.001651    -0.053260     0.000000    -0.016960
    0.019680    -0.025300    -0.639700     0.000000     0.000244    -0.016220     0.001148     0.000000    -0.000000     0.000000    -0.000000     0.000000    -0.000144    -0.000258     0.000093    -0.011190
   -0.000000    -0.000000     1.000000     0.000000     0.000000    -0.000000    -0.000000     0.000000    -0.000000     0.000000    -0.000000     0.000000     0.000000     0.000000     0.000000     0.000000
   -0.000000     0.000000    -0.000000    -0.000000    -0.050770    26.170000   -31.600000     9.810000    -0.000000     0.000000    -0.000000    -0.000000    -0.000000    -0.000000    -0.000418     0.000000
    0.000173    -0.000223    -0.005635    -0.000000    -0.082660    -9.728000    10.020000    -0.000000     0.000000    -0.000000     0.000000    -0.000000    -0.000001    -0.000002     0.109000    -0.000099
    0.000355    -0.000456    -0.011520    -0.000000     0.018620    -0.678000    -0.295400    -0.000000     0.000000    -0.000000     0.000000    -0.000000    -0.000003    -0.000005     0.001937    -0.000201
   -0.000000    -0.000000     0.000000     0.000000     0.000000     1.000000     0.000000     0.000000    -0.000000     0.000000    -0.000000     0.000000     0.000000     0.000000     0.000000     0.000000
    1.000000     0.000000    -0.000000    25.670000    -0.000000     0.000000     0.000000     0.000000     0.000000    -0.000000     0.000000     0.000000    -0.000000    -0.000000    -0.000000    -0.000000
    0.000000    -0.000000     0.000000    -0.000000     1.000000    -0.000000    -0.000000   -25.670000    -0.000000     0.000000    -0.000000    33.000000     0.000000     0.000000     0.000000     0.000000
   -0.000000     1.000000    -0.000000   -33.000000     0.000000     0.000000     0.000000     0.000000     0.000000    -0.000000     0.000000     0.000000    -0.000000    -0.000000    -0.000000    -0.000000
   -0.000000    -0.000000     0.000000     0.000000     0.000000    -0.000000     1.000000    -0.000000    -0.000000     0.000000    -0.000000     0.000000     0.000000     0.000000     0.000000     0.000000

   -0.002088     0.260500   -17.720000    -9.810000    -0.000000     0.000000     0.000000     0.000000     0.000000    -0.000000     0.000000     0.000000    -0.000977     0.034050    -0.000000     0.012380
   -0.138600    -0.554900    57.300000    -0.000000     0.000000    -0.000000    -0.000000    -0.000000     0.000000    -0.000000     0.000000     0.000000     0.004889    -0.170500     0.000000    -0.053140
    0.010590    -0.038270    -0.896600     0.000000     0.000549    -0.015240    -0.007186     0.000000    -0.000000     0.000000    -0.000000     0.000000    -0.000456    -0.001326     0.000226    -0.032680
   -0.000000    -0.000000     1.000000     0.000000     0.000000    -0.000000    -0.000000     0.000000    -0.000000     0.000000    -0.000000     0.000000     0.000000     0.000000     0.000000     0.000000
    0.000000    -0.000000     0.000000    -0.000000    -0.099330    17.520000   -59.370000     9.810000    -0.000000     0.000000    -0.000000    -0.000000    -0.000000    -0.000000    -0.000969    -0.000000
    0.000094    -0.000339    -0.007934    -0.000000    -0.187500   -17.130000     8.479000    -0.000000     0.000000    -0.000000     0.000000    -0.000000    -0.000004    -0.000012     0.366600    -0.000289
    0.000202    -0.000732    -0.017140    -0.000000     0.039590    -0.277100    -0.740100    -0.000000     0.000000    -0.000000     0.000000    -0.000000    -0.000009    -0.000025    -0.000046    -0.000625
   -0.000000    -0.000000     0.000000     0.000000     0.000000     1.000000     0.000000     0.000000    -0.000000     0.000000    -0.000000     0.000000     0.000000     0.000000     0.000000     0.000000
    1.000000     0.000000    -0.000000    17.290000    -0.000000     0.000000     0.000000     0.000000     0.000000    -0.000000     0.000000     0.000000    -0.000000    -0.000000    -0.000000    -0.000000
    0.000000    -0.000000     0.000000    -0.000000     1.000000    -0.000000    -0.000000   -17.290000    -0.000000     0.000000    -0.000000    62.450000     0.000000     0.000000     0.000000     0.000000
   -0.000000     1.000000    -0.000000   -62.450000     0.000000     0.000000     0.000000     0.000000     0.000000    -0.000000     0.000000     0.000000    -0.000000    -0.000000    -0.000000    -0.000000
   -0.000000    -0.000000     0.000000     0.000000     0.000000    -0.000000     1.000000     0.000000    -0.000000     0.000000    -0.000000     0.000000     0.000000     0.000000     0.000000     0.000000

    0.000249     0.111300   -10.760000    -9.810000    -0.000000    -0.000000     0.000000     0.000000     0.000000    -0.000000     0.000000     0.000000    -0.000746     0.026870    -0.000000     0.010470
   -0.077260    -0.805100   128.300000    -0.000000     0.000000    -0.000000    -0.000000    -0.000000     0.000000    -0.000000     0.000000     0.000000     0.015020    -0.542400    -0.000000    -0.166800
    0.004626    -0.059210    -1.346000     0.000000     0.001120    -0.015900    -0.020680     0.000000    -0.000000     0.000000    -0.000000     0.000000    -0.001629    -0.005346     0.000679    -0.111200
   -0.000000    -0.000000     1.000000     0.000000     0.000000    -0.000000    -0.000000     0.000000    -0.000000     0.000000    -0.000000     0.000000     0.000000     0.000000     0.000000     0.000000
   -0.000000    -0.000000     0.000000    -0.000000    -0.150000    10.600000  -130.700000     9.810000    -0.000000     0.000000    -0.000000    -0.000000    -0.000000    -0.000000    -0.002698    -0.000000
    0.000040    -0.000515    -0.011700    -0.000000    -0.338700   -28.000000     8.063000    -0.000000     0.000000    -0.000000     0.000000    -0.000000    -0.000014    -0.000046     1.307000    -0.000967
    0.000101    -0.001287    -0.029260    -0.000000     0.069650     0.218900    -1.353000    -0.000000     0.000000    -0.000000     0.000000    -0.000000    -0.000035    -0.000116    -0.013430    -0.002418
   -0.000000    -0.000000     0.000000     0.000000     0.000000     1.000000     0.000000     0.000000    -0.000000     0.000000    -0.000000     0.000000     0.000000     0.000000     0.000000     0.000000
    1.000000     0.000000    -0.000000    10.590000    -0.000000     0.000000     0.000000     0.000000     0.000000    -0.000000     0.000000     0.000000    -0.000000    -0.000000    -0.000000    -0.000000
    0.000000    -0.000000     0.000000    -0.000000     1.000000    -0.000000    -0.000000   -10.590000    -0.000000     0.000000    -0.000000   135.500000     0.000000     0.000000     0.000000     0.000000
   -0.000000     1.000000    -0.000000  -135.500000     0.000000     0.000000     0.000000     0.000000     0.000000    -0.000000     0.000000     0.000000    -0.000000    -0.000000    -0.000000    -0.000000
   -0.000000    -0.000000     0.000000     0.000000     0.000000    -0.000000     1.000000     0.000000    -0.000000     0.000000    -0.000000     0.000000     0.000000     0.000000     0.000000     0.000000

    0.000271     0.110200    -9.909000    -9.810000    -0.000000    -0.000000     0.000000     0.000000     0.000000    -0.000000     0.000000     0.000000    -0.000724     0.026110    -0.000000     0.010270
   -0.078180    -0.858600   127.900000    -0.000000     0.000000    -0.000000    -0.000000    -0.000000     0.000000    -0.000000     0.000000     0.000000     0.016020    -0.578900     0.000000    -0.178000
    0.004246    -0.059120    -1.342000     0.000000     0.001123    -0.015570    -0.020900     0.000000    -0.000000     0.000000    -0.000000     0.000000    -0.001629    -0.005376     0.000675    -0.111100
   -0.000000    -0.000000     1.000000     0.000000     0.000000    -0.000000    -0.000000     0.000000    -0.000000     0.000000    -0.000000     0.000000     0.000000     0.000000     0.000000     0.000000
   -0.000000    -0.000000     0.000000    -0.000000    -0.160400     9.738000  -130.400000     9.810000    -0.000000     0.000000    -0.000000    -0.000000    -0.000000    -0.000000    -0.002864    -0.000000
    0.000037    -0.000514    -0.011670    -0.000000    -0.339700   -28.020000     7.879000    -0.000000     0.000000    -0.000000     0.000000    -0.000000    -0.000014    -0.000047     1.308000    -0.000967
    0.000092    -0.001285    -0.029190    -0.000000     0.069820     0.236600    -1.357000    -0.000000     0.000000    -0.000000     0.000000    -0.000000    -0.000035    -0.000117    -0.013690    -0.002416
   -0.000000    -0.000000     0.000000    -0.000000     0.000000     1.000000     0.000000     0.000000    -0.000000     0.000000    -0.000000     0.000000     0.000000     0.000000     0.000000     0.000000
    1.000000     0.000000    -0.000000     9.736000    -0.000000     0.000000     0.000000     0.000000     0.000000    -0.000000     0.000000     0.000000    -0.000000    -0.000000    -0.000000    -0.000000
    0.000000    -0.000000     0.000000    -0.000000     1.000000    -0.000000    -0.000000    -9.736000    -0.000000     0.000000    -0.000000   135.600000     0.000000     0.000000     0.000000     0.000000
   -0.000000     1.000000    -0.000000  -135.600000     0.000000     0.000000     0.000000     0.000000     0.000000    -0.000000     0.000000     0.000000    -0.000000    -0.000000    -0.000000    -0.000000
   -0.000000    -0.000000     0.000000     0.000000     0.000000    -0.000000     1.000000    -0.000000    -0.000000     0.000000    -0.000000     0.000000     0.000000     0.000000     0.000000     0.000000

   -0.001777     0.259200   -16.500000    -9.810000    -0.000000    -0.000000     0.000000     0.000000     0.000000    -0.000000     0.000000     0.000000    -0.000971     0.033910    -0.000000     0.012350
   -0.138700    -0.593900    57.270000    -0.000000     0.000000    -0.000000    -0.000000    -0.000000     0.000000    -0.000000     0.000000     0.000000     0.005247    -0.183600     0.000000    -0.057170
    0.009783    -0.038220    -0.892500     0.000000     0.000556    -0.014720    -0.007606     0.000000    -0.000000     0.000000    -0.000000     0.000000    -0.000459    -0.001362     0.000224    -0.032830
   -0.000000    -0.000000     1.000000     0.000000     0.000000    -0.000000    -0.000000     0.000000    -0.000000     0.000000    -0.000000     0.000000     0.000000     0.000000     0.000000     0.000000
    0.000000    -0.000000     0.000000    -0.000000    -0.107100    16.290000   -59.440000     9.810000    -0.000000     0.000000    -0.000000    -0.000000    -0.000000    -0.000000    -0.001027    -0.000000
    0.000087    -0.000338    -0.007898    -0.000000    -0.190200   -17.230000     8.142000    -0.000000     0.000000    -0.000000     0.000000    -0.000000    -0.000004    -0.000012     0.370700    -0.000291
    0.000187    -0.000731    -0.017060    -0.000000     0.040080    -0.242200    -0.752800    -0.000000     0.000000    -0.000000     0.000000    -0.000000    -0.000009    -0.000026    -0.000287    -0.000627
   -0.000000    -0.000000     0.000000     0.000000     0.000000     1.000000     0.000000     0.000000    -0.000000     0.000000    -0.000000     0.000000     0.000000     0.000000     0.000000     0.000000
    1.000000     0.000000    -0.000000    16.070000    -0.000000     0.000000     0.000000     0.000000     0.000000    -0.000000     0.000000     0.000000    -0.000000    -0.000000    -0.000000    -0.000000
    0.000000    -0.000000     0.000000    -0.000000     1.000000    -0.000000    -0.000000   -16.070000    -0.000000     0.000000    -0.000000    62.770000     0.000000     0.000000     0.000000     0.000000
   -0.000000     1.000000    -0.000000   -62.770000     0.000000     0.000000     0.000000     0.000000     0.000000    -0.000000     0.000000     0.000000    -0.000000    -0.000000    -0.000000    -0.000000
   -0.000000    -0.000000     0.000000     0.000000     0.000000    -0.000000     1.000000     0.000000    -0.000000     0.000000    -0.000000     0.000000     0.000000     0.000000     0.000000     0.000000

   -0.013940     0.433800   -24.440000    -9.810000     0.000000     0.000000    -0.000000     0.000000     0.000000    -0.000000     0.000000     0.000000    -0.000977     0.032210    -0.000000     0.011700
   -0.210500    -0.371400    30.820000    -0.000000    -0.000000     0.000000     0.000000    -0.000000     0.000000    -0.000000     0.000000     0.000000     0.001892    -0.061850     0.000000    -0.019630
    0.017750    -0.025750    -0.642400     0.000000     0.000263    -0.015480     0.000293     0.000000    -0.000000     0.000000    -0.000000     0.000000    -0.000155    -0.000310     0.000096    -0.011910
   -0.000000    -0.000000     1.000000     0.000000     0.000000    -0.000000    -0.000000     0.000000    -0.000000     0.000000    -0.000000     0.000000     0.000000     0.000000     0.000000     0.000000
   -0.000000     0.000000    -0.000000    -0.000000    -0.058390    24.220000   -32.770000     9.810000    -0.000000     0.000000    -0.000000    -0.000000    -0.000000    -0.000000    -0.000460     0.000000
    0.000156    -0.000227    -0.005658    -0.000000    -0.090530   -10.170000     9.490000    -0.000000     0.000000    -0.000000     0.000000    -0.000000    -0.000001    -0.000003     0.119000    -0.000105
    0.000320    -0.000464    -0.011570    -0.000000     0.020140    -0.614600    -0.330600    -0.000000     0.000000    -0.000000     0.000000    -0.000000    -0.000003    -0.000006     0.001776    -0.000215
   -0.000000    -0.000000     0.000000    -0.000000     0.000000     1.000000     0.000000     0.000000    -0.000000     0.000000    -0.000000     0.000000     0.000000     0.000000     0.000000     0.000000
    1.000000     0.000000    -0.000000    23.730000    -0.000000     0.000000     0.000000     0.000000     0.000000    -0.000000     0.000000     0.000000    -0.000000    -0.000000    -0.000000    -0.000000
    0.000000    -0.000000     0.000000    -0.000000     1.000000    -0.000000    -0.000000   -23.730000    -0.000000     0.000000    -0.000000    34.420000     0.000000     0.000000     0.000000     0.000000
   -0.000000     1.000000    -0.000000   -34.420000     0.000000     0.000000     0.000000     0.000000     0.000000    -0.000000     0.000000     0.000000    -0.000000    -0.000000    -0.000000    -0.000000
   -0.000000    -0.000000     0.000000     0.000000     0.000000    -0.000000     1.000000    -0.000000    -0.000000     0.000000    -0.000000     0.000000     0.000000     0.000000     0.000000     0.000000
