u  w  q  the  v  p  r  phi  x  y  z  psi  |  slat  flap  aileron  elevator
   -0.000762     0.217000   -18.510000    -9.810000     0.000000    -0.000000     0.000000     0.000000     0.000000    -0.000000     0.000000     0.000000    -0.000795     0.032920    -0.000000     0.011370
   -0.117700    -0.532700    66.670000    -0.000000    -0.000000     0.000000     0.000000    -0.000000     0.000000    -0.000000     0.000000     0.000000     0.004396    -0.179100    -0.000000    -0.075240
    0.006152    -0.025240    -0.912500     0.000000    -0.003146    -0.127300     0.056220     0.000000    -0.000000     0.000000    -0.000000     0.000000    -0.000267    -0.001725     0.001784    -0.029500
   -0.000000    -0.000000     1.000000     0.000000     0.000000    -0.000000    -0.000000     0.000000    -0.000000     0.000000    -0.000000     0.000000     0.000000     0.000000     0.000000     0.000000
    0.000000     0.000000     0.000000    -0.000000    -0.091650    18.630000   -69.020000     9.810000    -0.000000     0.000000    -0.000000    -0.000000    -0.000000     0.000000    -0.000179     0.000000
    0.000939    -0.003854    -0.139300    -0.000000    -0.227400    -8.448000     4.313000    -0.000000     0.000000    -0.000000     0.000000    -0.000000    -0.000041    -0.000263     0.120900    -0.004505
    0.000089    -0.000367    -0.013260    -0.000000     0.010800    -0.510200    -0.506700    -0.000000     0.000000    -0.000000     0.000000    -0.000000    -0.000004    -0.000025     0.004011    -0.000429
   -0.000000    -0.000000     0.000000    -0.000000     0.000000     1.000000     0.000000     0.000000    -0.000000     0.000000    -0.000000     0.000000     0.000000     0.000000     0.000000     0.000000
    1.000000     0.000000    -0.000000    17.960000    -0.000000     0.000000     0.000000     0.000000     0.000000    -0.000000     0.000000     0.000000    -0.000000    -0.000000    -0.000000    -0.000000
    0.000000    -0.000000     0.000000    -0.000000     1.000000    -0.000000    -0.000000   -17.960000    -0.000000     0.000000    -0.000000    73.680000     0.000000     0.000000     0.000000     0.000000
   -0.000000     1.000000    -0.000000   -73.680000     0.000000     0.000000     0.000000     0.000000     0.000000    -0.000000     0.000000     0.000000    -0.000000    -0.000000    -0.000000    -0.000000
   -0.000000    -0.000000     0.000000    -0.000000     0.000000    -0.000000     1.000000    -0.000000    -0.000000     0.000000    -0.000000     0.000000     0.000000     0.000000     0.000000     0.000000

    0.000137     0.133000   -14.100000    -9.810000    -0.000000    -0.000000    -0.000000     0.000000     0.000000    -0.000000     0.000000     0.000000    -0.000639     0.029000     0.000000     0.009499
   -0.085210    -0.655100   106.200000    -0.000000    -0.000000     0.000000    -0.000000    -0.000000     0.000000    -0.000000     0.000000     0.000000     0.008302    -0.354400     0.000000    -0.139500
    0.003777    -0.031300    -1.219000     0.000000    -0.003736    -0.184000     0.058080     0.000000    -0.000000     0.000000    -0.000000     0.000000    -0.000632    -0.004037     0.004104    -0.062030
   -0.000000    -0.000000     1.000000     0.000000     0.000000    -0.000000    -0.000000     0.000000    -0.000000     0.000000    -0.000000     0.000000     0.000000     0.000000     0.000000     0.000000
    0.000000     0.000000    -0.000000    -0.000000    -0.109300    13.960000  -109.300000     9.810000    -0.000000     0.000000    -0.000000    -0.000000     0.000000    -0.000000     0.002675    -0.000000
    0.000610    -0.005052    -0.196800    -0.000000    -0.240000   -10.820000     4.035000    -0.000000     0.000000    -0.000000     0.000000    -0.000000    -0.000102    -0.000652     0.243900    -0.010010
    0.000059    -0.000492    -0.019150    -0.000000     0.017930    -0.378700    -0.661000    -0.000000     0.000000    -0.000000     0.000000    -0.000000    -0.000010    -0.000063     0.005265    -0.000974
   -0.000000    -0.000000     0.000000    -0.000000     0.000000     1.000000     0.000000     0.000000    -0.000000     0.000000    -0.000000     0.000000     0.000000     0.000000     0.000000     0.000000
    1.000000     0.000000    -0.000000    13.810000    -0.000000     0.000000     0.000000     0.000000     0.000000    -0.000000     0.000000     0.000000    -0.000000    -0.000000    -0.000000    -0.000000
    0.000000    -0.000000     0.000000    -0.000000     1.000000    -0.000000    -0.000000   -13.810000    -0.000000     0.000000    -0.000000   114.400000     0.000000     0.000000     0.000000     0.000000
   -0.000000     1.000000    -0.000000  -114.400000     0.000000     0.000000     0.000000     0.000000     0.000000    -0.000000     0.000000     0.000000    -0.000000    -0.000000    -0.000000    -0.000000
   -0.000000    -0.000000     0.000000     0.000000     0.000000    -0.000000     1.000000     0.000000    -0.000000     0.000000    -0.000000     0.000000     0.000000     0.000000     0.000000     0.000000

    0.000032     0.059540   -14.350000    -9.810000     0.000000     0.000000     0.000000     0.000000     0.000000    -0.000000     0.000000     0.000000    -0.000369     0.021250    -0.000000     0.006945
   -0.048850    -0.569300   223.200000    -0.000000    -0.000000     0.000000     0.000000    -0.000000     0.000000    -0.000000     0.000000     0.000000     0.014190    -0.647600     0.000000    -0.234800
    0.001973    -0.031850    -1.295000     0.000000    -0.003907    -0.220000     0.054430     0.000000    -0.000000     0.000000    -0.000000     0.000000    -0.001604    -0.011450     0.010020    -0.135300
   -0.000000    -0.000000     1.000000     0.000000     0.000000    -0.000000    -0.000000     0.000000    -0.000000     0.000000    -0.000000     0.000000     0.000000     0.000000     0.000000     0.000000
   -0.000000    -0.000000     0.000000    -0.000000    -0.086110    14.120000  -226.000000     9.810000    -0.000000     0.000000    -0.000000    -0.000000     0.000000    -0.000000     0.007013     0.000000
    0.000350    -0.005649    -0.229700    -0.000000    -0.195400    -9.970000     3.013000    -0.000000     0.000000    -0.000000     0.000000    -0.000000    -0.000284    -0.002031     0.456800    -0.024000
    0.000036    -0.000575    -0.023400    -0.000000     0.019480    -0.208000    -0.636800    -0.000000     0.000000    -0.000000     0.000000    -0.000000    -0.000029    -0.000207     0.005880    -0.002445
   -0.000000    -0.000000     0.000000     0.000000     0.000000     1.000000     0.000000     0.000000    -0.000000     0.000000    -0.000000     0.000000     0.000000     0.000000     0.000000     0.000000
    1.000000     0.000000    -0.000000    14.230000    -0.000000     0.000000     0.000000     0.000000     0.000000    -0.000000     0.000000     0.000000    -0.000000    -0.000000    -0.000000    -0.000000
    0.000000    -0.000000     0.000000    -0.000000     1.000000    -0.000000    -0.000000   -14.230000    -0.000000     0.000000    -0.000000   229.700000     0.000000     0.000000     0.000000     0.000000
   -0.000000     1.000000    -0.000000  -229.700000     0.000000     0.000000     0.000000     0.000000     0.000000    -0.000000     0.000000     0.000000    -0.000000    -0.000000    -0.000000    -0.000000
   -0.000000    -0.000000     0.000000     0.000000     0.000000    -0.000000     1.000000     0.000000    -0.000000     0.000000    -0.000000     0.000000     0.000000     0.000000     0.000000     0.000000

    0.000019     0.058910   -13.340000    -9.810000     0.000000     0.000000     0.000000     0.000000     0.000000    -0.000000     0.000000     0.000000    -0.000349     0.020490    -0.000000     0.006716
   -0.049460    -0.600900   222.900000    -0.000000    -0.000000     0.000000     0.000000    -0.000000     0.000000    -0.000000     0.000000     0.000000     0.014970    -0.684200     0.000000    -0.247800
    0.001826    -0.031720    -1.294000     0.000000    -0.003865    -0.219900     0.053250     0.000000    -0.000000     0.000000    -0.000000     0.000000    -0.001604    -0.011430     0.010020    -0.135200
   -0.000000    -0.000000     1.000000     0.000000     0.000000    -0.000000    -0.000000    -0.000000    -0.000000     0.000000    -0.000000     0.000000     0.000000     0.000000     0.000000     0.000000
   -0.000000    -0.000000     0.000000    -0.000000    -0.091010    13.090000  -225.800000     9.810000    -0.000000     0.000000    -0.000000    -0.000000     0.000000    -0.000000     0.007568     0.000000
    0.000324    -0.005626    -0.229600    -0.000000    -0.193600    -9.973000     2.958000    -0.000000     0.000000    -0.000000     0.000000    -0.000000    -0.000285    -0.002027     0.457200    -0.023990
    0.000033    -0.000573    -0.023390    -0.000000     0.019590    -0.197300    -0.636100    -0.000000     0.000000    -0.000000     0.000000    -0.000000    -0.000029    -0.000207     0.005734    -0.002444
   -0.000000    -0.000000     0.000000     0.000000     0.000000     1.000000     0.000000     0.000000    -0.000000     0.000000    -0.000000     0.000000     0.000000     0.000000     0.000000     0.000000
    1.000000     0.000000    -0.000000    13.230000    -0.000000     0.000000     0.000000     0.000000     0.000000    -0.000000     0.000000     0.000000    -0.000000    -0.000000    -0.000000    -0.000000
    0.000000    -0.000000     0.000000    -0.000000     1.000000    -0.000000    -0.000000   -13.230000    -0.000000     0.000000    -0.000000   229.800000     0.000000     0.000000     0.000000     0.000000
   -0.000000     1.000000    -0.000000  -229.800000     0.000000     0.000000     0.000000     0.000000     0.000000    -0.000000     0.000000     0.000000    -0.000000    -0.000000    -0.000000    -0.000000
   -0.000000    -0.000000     0.000000     0.000000     0.000000    -0.000000     1.000000     0.000000    -0.000000     0.000000    -0.000000     0.000000     0.000000     0.000000     0.000000     0.000000

    0.000157     0.132200   -13.240000    -9.810000    -0.000000    -0.000000     0.000000     0.000000     0.000000    -0.000000     0.000000     0.000000    -0.000628     0.028590     0.000000     0.009348
   -0.085780    -0.690900   105.900000    -0.000000     0.000000     0.000000    -0.000000    -0.000000     0.000000    -0.000000     0.000000     0.000000     0.008757    -0.374500     0.000000    -0.147200
    0.003516    -0.031110    -1.218000     0.000000    -0.003683    -0.183900     0.056530     0.000000    -0.000000     0.000000    -0.000000     0.000000    -0.000633    -0.004022     0.004112    -0.062040
   -0.000000    -0.000000     1.000000     0.000000     0.000000    -0.000000    -0.000000     0.000000    -0.000000     0.000000    -0.000000     0.000000     0.000000     0.000000     0.000000     0.000000
    0.000000     0.000000    -0.000000    -0.000000    -0.115600    13.060000  -109.200000     9.810000    -0.000000     0.000000    -0.000000    -0.000000     0.000000    -0.000000     0.003009    -0.000000
    0.000568    -0.005022    -0.196600    -0.000000    -0.237000   -10.830000     3.941000    -0.000000     0.000000    -0.000000     0.000000    -0.000000    -0.000102    -0.000649     0.244500    -0.010010
    0.000055    -0.000489    -0.019130    -0.000000     0.018140    -0.360800    -0.661100    -0.000000     0.000000    -0.000000     0.000000    -0.000000    -0.000010    -0.000063     0.005133    -0.000974
   -0.000000    -0.000000     0.000000    -0.000000     0.000000     1.000000     0.000000     0.000000    -0.000000     0.000000    -0.000000     0.000000     0.000000     0.000000     0.000000     0.000000
    1.000000     0.000000    -0.000000    12.940000    -0.000000     0.000000     0.000000     0.000000     0.000000    -0.000000     0.000000     0.000000    -0.000000    -0.000000    -0.000000    -0.000000
    0.000000    -0.000000     0.000000    -0.000000     1.000000    -0.000000    -0.000000   -12.940000    -0.000000     0.000000    -0.000000   114.500000     0.000000     0.000000     0.000000     0.000000
   -0.000000     1.000000    -0.000000  -114.500000     0.000000     0.000000     0.000000     0.000000     0.000000    -0.000000     0.000000     0.000000    -0.000000    -0.000000    -0.000000    -0.000000
   -0.000000    -0.000000     0.000000     0.000000     0.000000    -0.000000     1.000000     0.000000    -0.000000     0.000000    -0.000000     0.000000     0.000000     0.000000     0.000000     0.000000

   -0.000614     0.216100   -17.440000    -9.810000     0.000000     0.000000     0.000000     0.000000     0.000000    -0.000000     0.000000     0.000000    -0.000789     0.032780    -0.000000     0.011280
   -0.118000    -0.562600    66.530000    -0.000000    -0.000000     0.000000     0.000000    -0.000000     0.000000    -0.000000     0.000000     0.000000     0.004652    -0.190100    -0.000000    -0.079620
    0.005718    -0.025020    -0.912400     0.000000    -0.003084    -0.127400     0.054350     0.000000    -0.000000     0.000000    -0.000000     0.000000    -0.000269    -0.001716     0.001797    -0.029610
   -0.000000    -0.000000     1.000000     0.000000     0.000000    -0.000000    -0.000000     0.000000    -0.000000     0.000000    -0.000000     0.000000     0.000000     0.000000     0.000000     0.000000
    0.000000     0.000000     0.000000    -0.000000    -0.097310    17.530000   -69.030000     9.810000    -0.000000     0.000000    -0.000000    -0.000000    -0.000000     0.000000     0.000010     0.000000
    0.000873    -0.003821    -0.139300    -0.000000    -0.223400    -8.479000     4.184000    -0.000000     0.000000    -0.000000     0.000000    -0.000000    -0.000041    -0.000262     0.121900    -0.004521
    0.000083    -0.000364    -0.013260    -0.000000     0.011150    -0.485100    -0.508100    -0.000000     0.000000    -0.000000     0.000000    -0.000000    -0.000004    -0.000025     0.003899    -0.000430
   -0.000000    -0.000000     0.000000     0.000000     0.000000     1.000000     0.000000     0.000000    -0.000000     0.000000    -0.000000     0.000000     0.000000     0.000000     0.000000     0.000000
    1.000000     0.000000    -0.000000    16.890000    -0.000000     0.000000     0.000000     0.000000     0.000000    -0.000000     0.000000     0.000000    -0.000000    -0.000000    -0.000000    -0.000000
    0.000000    -0.000000     0.000000    -0.000000     1.000000    -0.000000    -0.000000   -16.890000    -0.000000     0.000000    -0.000000    73.930000     0.000000     0.000000     0.000000     0.000000
   -0.000000     1.000000    -0.000000   -73.930000     0.000000     0.000000     0.000000     0.000000     0.000000    -0.000000     0.000000     0.000000    -0.000000    -0.000000    -0.000000    -0.000000
   -0.000000    -0.000000     0.000000     0.000000     0.000000    -0.000000     1.000000     0.000000    -0.000000     0.000000    -0.000000     0.000000     0.000000     0.000000     0.000000     0.000000
