u  w  q  the  v  p  r  phi  x  y  z  psi  |  slat  flap  aileron  elevator
   -0.000503     0.215400   -18.360000    -9.810000    -0.000000    -0.000000     0.000000     0.000000     0.000000    -0.000000     0.000000     0.000000    -0.000787     0.032600    -0.000000     0.010820
   -0.118900    -0.533100    66.790000    -0.000000    -0.000000     0.000000     0.000000    -0.000000     0.000000    -0.000000     0.000000     0.000000     0.004399    -0.179200    -0.000000    -0.075290
    0.005577    -0.023100    -0.881900     0.000000    -0.002873    -0.109000     0.053290     0.000000    -0.000000     0.000000    -0.000000     0.000000    -0.000277    -0.001100     0.001553    -0.028740
   -0.000000    -0.000000     1.000000     0.000000     0.000000    -0.000000    -0.000000     0.000000    -0.000000     0.000000    -0.000000     0.000000     0.000000     0.000000     0.000000     0.000000
    0.000000     0.000000     0.000000    -0.000000    -0.091800    18.450000   -69.080000     9.810000    -0.000000     0.000000    -0.000000    -0.000000    -0.000000     0.000000    -0.000154     0.000000
    0.000762    -0.003155    -0.120400    -0.000000    -0.550300   -20.460000    10.350000    -0.000000     0.000000    -0.000000     0.000000    -0.000000    -0.000038    -0.000150     0.293000    -0.003924
    0.000027    -0.000112    -0.004261    -0.000000     0.005818    -0.720800    -0.422500    -0.000000     0.000000    -0.000000     0.000000    -0.000000    -0.000001    -0.000005     0.006935    -0.000139
   -0.000000    -0.000000     0.000000    -0.000000     0.000000     1.000000     0.000000     0.000000    -0.000000     0.000000    -0.000000     0.000000     0.000000     0.000000     0.000000     0.000000
    1.000000     0.000000    -0.000000    17.790000    -0.000000     0.000000     0.000000     0.000000     0.000000    -0.000000     0.000000     0.000000    -0.000000    -0.000000    -0.000000    -0.000000
    0.000000    -0.000000     0.000000    -0.000000     1.000000    -0.000000    -0.000000   -17.790000    -0.000000     0.000000    -0.000000    73.720000     0.000000     0.000000     0.000000     0.000000
   -0.000000     1.000000    -0.000000   -73.720000     0.000000     0.000000     0.000000     0.000000     0.000000    -0.000000     0.000000     0.000000    -0.000000    -0.000000    -0.000000    -0.000000
   -0.000000    -0.000000     0.000000    -0.000000     0.000000    -0.000000     1.000000    -0.000000    -0.000000     0.000000    -0.000000     0.000000     0.000000     0.000000     0.000000     0.000000

    0.000208     0.132000   -13.980000    -9.810000    -0.000000    -0.000000     0.000000     0.000000     0.000000    -0.000000     0.000000     0.000000    -0.000632     0.028670     0.000000     0.008899
   -0.085980    -0.655200   106.300000    -0.000000     0.000000     0.000000     0.000000    -0.000000     0.000000    -0.000000     0.000000     0.000000     0.008303    -0.354500     0.000000    -0.139500
    0.003380    -0.028290    -1.175000     0.000000    -0.003781    -0.173800     0.061950     0.000000    -0.000000     0.000000    -0.000000     0.000000    -0.000650    -0.002638     0.003909    -0.060240
   -0.000000    -0.000000     1.000000     0.000000     0.000000    -0.000000    -0.000000     0.000000    -0.000000     0.000000    -0.000000     0.000000     0.000000     0.000000     0.000000     0.000000
    0.000000     0.000000    -0.000000    -0.000000    -0.109400    13.820000  -109.400000     9.810000    -0.000000     0.000000    -0.000000    -0.000000     0.000000    -0.000000     0.002698    -0.000000
    0.000533    -0.004459    -0.185200    -0.000000    -0.633500   -28.580000    10.550000    -0.000000     0.000000    -0.000000     0.000000    -0.000000    -0.000102    -0.000416     0.644100    -0.009495
    0.000018    -0.000147    -0.006090    -0.000000     0.012840    -0.646600    -0.589400    -0.000000     0.000000    -0.000000     0.000000    -0.000000    -0.000003    -0.000014     0.011190    -0.000312
   -0.000000    -0.000000     0.000000    -0.000000     0.000000     1.000000     0.000000     0.000000    -0.000000     0.000000    -0.000000     0.000000     0.000000     0.000000     0.000000     0.000000
    1.000000     0.000000    -0.000000    13.670000    -0.000000     0.000000     0.000000     0.000000     0.000000    -0.000000     0.000000     0.000000    -0.000000    -0.000000    -0.000000    -0.000000
    0.000000    -0.000000     0.000000    -0.000000     1.000000    -0.000000    -0.000000   -13.670000    -0.000000     0.000000    -0.000000   114.400000     0.000000     0.000000     0.000000     0.000000
   -0.000000     1.000000    -0.000000  -114.400000     0.000000     0.000000     0.000000     0.000000     0.000000    -0.000000     0.000000     0.000000    -0.000000    -0.000000    -0.000000    -0.000000
   -0.000000    -0.000000     0.000000     0.000000     0.000000    -0.000000     1.000000     0.000000    -0.000000     0.000000    -0.000000     0.000000     0.000000     0.000000     0.000000     0.000000

    0.000045     0.059020   -14.200000    -9.810000     0.000000     0.000000     0.000000     0.000000     0.000000    -0.000000     0.000000     0.000000    -0.000362     0.020940    -0.000000     0.006280
   -0.049240    -0.569300   223.300000    -0.000000    -0.000000     0.000000    -0.000000    -0.000000     0.000000    -0.000000     0.000000     0.000000     0.014190    -0.647700     0.000000    -0.234800
    0.001738    -0.028360    -1.241000     0.000000    -0.004813    -0.250000     0.072190     0.000000    -0.000000     0.000000    -0.000000     0.000000    -0.001627    -0.008100     0.011440    -0.130600
   -0.000000    -0.000000     1.000000     0.000000     0.000000    -0.000000    -0.000000    -0.000000    -0.000000     0.000000    -0.000000     0.000000     0.000000     0.000000     0.000000     0.000000
   -0.000000    -0.000000     0.000000    -0.000000    -0.086150    13.970000  -226.000000     9.810000    -0.000000     0.000000    -0.000000    -0.000000     0.000000    -0.000000     0.007032     0.000000
    0.000362    -0.005912    -0.258700    -0.000000    -0.619700   -31.620000     9.453000    -0.000000     0.000000    -0.000000     0.000000    -0.000000    -0.000339    -0.001689     1.449000    -0.027220
    0.000010    -0.000162    -0.007101    -0.000000     0.015970    -0.439200    -0.598700    -0.000000     0.000000    -0.000000     0.000000    -0.000000    -0.000009    -0.000046     0.016300    -0.000747
   -0.000000    -0.000000     0.000000     0.000000     0.000000     1.000000     0.000000     0.000000    -0.000000     0.000000    -0.000000     0.000000     0.000000     0.000000     0.000000     0.000000
    1.000000     0.000000    -0.000000    14.080000    -0.000000     0.000000     0.000000     0.000000     0.000000    -0.000000     0.000000     0.000000    -0.000000    -0.000000    -0.000000    -0.000000
    0.000000    -0.000000     0.000000    -0.000000     1.000000    -0.000000    -0.000000   -14.080000    -0.000000     0.000000    -0.000000   229.700000     0.000000     0.000000     0.000000     0.000000
   -0.000000     1.000000    -0.000000  -229.700000     0.000000     0.000000     0.000000     0.000000     0.000000    -0.000000     0.000000     0.000000    -0.000000    -0.000000    -0.000000    -0.000000
   -0.000000    -0.000000     0.000000     0.000000     0.000000    -0.000000     1.000000     0.000000    -0.000000     0.000000    -0.000000     0.000000     0.000000     0.000000     0.000000     0.000000

    0.000031     0.058390   -13.200000    -9.810000     0.000000     0.000000     0.000000     0.000000     0.000000    -0.000000     0.000000     0.000000    -0.000342     0.020170    -0.000000     0.006051
   -0.049850    -0.601000   223.000000    -0.000000    -0.000000     0.000000    -0.000000    -0.000000     0.000000    -0.000000     0.000000     0.000000     0.014970    -0.684200     0.000000    -0.247800
    0.001607    -0.028230    -1.240000     0.000000    -0.004767    -0.250000     0.070840     0.000000    -0.000000     0.000000    -0.000000     0.000000    -0.001628    -0.008075     0.011450    -0.130500
   -0.000000    -0.000000     1.000000     0.000000     0.000000    -0.000000    -0.000000     0.000000    -0.000000     0.000000    -0.000000     0.000000     0.000000     0.000000     0.000000     0.000000
   -0.000000    -0.000000     0.000000    -0.000000    -0.091050    12.940000  -225.800000     9.810000    -0.000000     0.000000    -0.000000    -0.000000     0.000000    -0.000000     0.007587     0.000000
    0.000335    -0.005885    -0.258500    -0.000000    -0.613900   -31.630000     9.281000    -0.000000     0.000000    -0.000000     0.000000    -0.000000    -0.000339    -0.001683     1.450000    -0.027210
    0.000009    -0.000162    -0.007096    -0.000000     0.016120    -0.428100    -0.599300    -0.000000     0.000000    -0.000000     0.000000    -0.000000    -0.000009    -0.000046     0.016160    -0.000747
   -0.000000    -0.000000     0.000000     0.000000     0.000000     1.000000     0.000000     0.000000    -0.000000     0.000000    -0.000000     0.000000     0.000000     0.000000     0.000000     0.000000
    1.000000     0.000000    -0.000000    13.080000    -0.000000     0.000000     0.000000     0.000000     0.000000    -0.000000     0.000000     0.000000    -0.000000    -0.000000    -0.000000    -0.000000
    0.000000    -0.000000     0.000000    -0.000000     1.000000    -0.000000    -0.000000   -13.080000    -0.000000     0.000000    -0.000000   229.800000     0.000000     0.000000     0.000000     0.000000
   -0.000000     1.000000    -0.000000  -229.800000     0.000000     0.000000     0.000000     0.000000     0.000000    -0.000000     0.000000     0.000000    -0.000000    -0.000000    -0.000000    -0.000000
   -0.000000    -0.000000     0.000000     0.000000     0.000000    -0.000000     1.000000    -0.000000    -0.000000     0.000000    -0.000000     0.000000     0.000000     0.000000     0.000000     0.000000

    0.000222     0.131200   -13.120000    -9.810000    -0.000000    -0.000000    -0.000000     0.000000     0.000000    -0.000000     0.000000     0.000000    -0.000620     0.028260     0.000000     0.008747
   -0.086550    -0.691000   106.000000    -0.000000     0.000000    -0.000000     0.000000    -0.000000     0.000000    -0.000000     0.000000     0.000000     0.008758    -0.374500     0.000000    -0.147200
    0.003144    -0.028100    -1.174000     0.000000    -0.003732    -0.173900     0.060460     0.000000    -0.000000     0.000000    -0.000000     0.000000    -0.000651    -0.002621     0.003918    -0.060240
   -0.000000    -0.000000     1.000000     0.000000     0.000000    -0.000000    -0.000000    -0.000000    -0.000000     0.000000    -0.000000     0.000000     0.000000     0.000000     0.000000     0.000000
    0.000000     0.000000    -0.000000    -0.000000    -0.115700    12.930000  -109.200000     9.810000    -0.000000     0.000000    -0.000000    -0.000000     0.000000    -0.000000     0.003032    -0.000000
    0.000496    -0.004429    -0.185100    -0.000000    -0.625500   -28.610000    10.300000    -0.000000     0.000000    -0.000000     0.000000    -0.000000    -0.000103    -0.000413     0.645700    -0.009495
    0.000016    -0.000146    -0.006084    -0.000000     0.013140    -0.628300    -0.591600    -0.000000     0.000000    -0.000000     0.000000    -0.000000    -0.000003    -0.000014     0.011070    -0.000312
   -0.000000    -0.000000     0.000000     0.000000     0.000000     1.000000     0.000000     0.000000    -0.000000     0.000000    -0.000000     0.000000     0.000000     0.000000     0.000000     0.000000
    1.000000     0.000000    -0.000000    12.810000    -0.000000     0.000000     0.000000     0.000000     0.000000    -0.000000     0.000000     0.000000    -0.000000    -0.000000    -0.000000    -0.000000
    0.000000    -0.000000     0.000000    -0.000000     1.000000    -0.000000    -0.000000   -12.810000    -0.000000     0.000000    -0.000000   114.500000     0.000000     0.000000     0.000000     0.000000
   -0.000000     1.000000    -0.000000  -114.500000     0.000000     0.000000     0.000000     0.000000     0.000000    -0.000000     0.000000     0.000000    -0.000000    -0.000000    -0.000000    -0.000000
   -0.000000    -0.000000     0.000000     0.000000     0.000000    -0.000000     1.000000     0.000000    -0.000000     0.000000    -0.000000     0.000000     0.000000     0.000000     0.000000     0.000000

   -0.000374     0.214500   -17.300000    -9.810000    -0.000000     0.000000     0.000000     0.000000     0.000000    -0.000000     0.000000     0.000000    -0.000781     0.032460    -0.000000     0.010730
   -0.119200    -0.562900    66.650000    -0.000000    -0.000000     0.000000     0.000000    -0.000000     0.000000    -0.000000     0.000000     0.000000     0.004656    -0.190200    -0.000000    -0.079670
    0.005178    -0.022880    -0.881800     0.000000    -0.002821    -0.109300     0.051650     0.000000    -0.000000     0.000000    -0.000000     0.000000    -0.000279    -0.001088     0.001565    -0.028830
   -0.000000    -0.000000     1.000000     0.000000     0.000000    -0.000000    -0.000000     0.000000    -0.000000     0.000000    -0.000000     0.000000     0.000000     0.000000     0.000000     0.000000
    0.000000     0.000000     0.000000    -0.000000    -0.097470    17.360000   -69.090000     9.810000    -0.000000     0.000000    -0.000000    -0.000000    -0.000000     0.000000     0.000035     0.000000
    0.000707    -0.003125    -0.120400    -0.000000    -0.540600   -20.540000    10.040000    -0.000000     0.000000    -0.000000     0.000000    -0.000000    -0.000038    -0.000149     0.295300    -0.003938
    0.000025    -0.000111    -0.004261    -0.000000     0.006278    -0.695600    -0.426900    -0.000000     0.000000    -0.000000     0.000000    -0.000000    -0.000001    -0.000005     0.006840    -0.000139
   -0.000000    -0.000000     0.000000    -0.000000     0.000000     1.000000     0.000000     0.000000    -0.000000     0.000000    -0.000000     0.000000     0.000000     0.000000     0.000000     0.000000
    1.000000     0.000000    -0.000000    16.740000    -0.000000     0.000000     0.000000     0.000000     0.000000    -0.000000     0.000000     0.000000    -0.000000    -0.000000    -0.000000    -0.000000
    0.000000    -0.000000     0.000000    -0.000000     1.000000    -0.000000    -0.000000   -16.740000    -0.000000     0.000000    -0.000000    73.970000     0.000000     0.000000     0.000000     0.000000
   -0.000000     1.000000    -0.000000   -73.970000     0.000000     0.000000     0.000000     0.000000     0.000000    -0.000000     0.000000     0.000000    -0.000000    -0.000000    -0.000000    -0.000000
   -0.000000    -0.000000     0.000000    -0.000000     0.000000    -0.000000     1.000000    -0.000000    -0.000000     0.000000    -0.000000     0.000000     0.000000     0.000000     0.000000     0.000000
