u  w  q  the  v  p  r  phi  x  y  z  psi  |  slat  flap  aileron  elevator
   -0.002056     0.413600   -24.780000    -9.810000     0.000000     0.000000    -0.000000     0.000000     0.000000    -0.000000     0.000000     0.000000    -0.000909     0.029920     0.000000     0.008162
   -0.229000    -0.349000    31.560000    -0.000000    -0.000000     0.000000     0.000000    -0.000000     0.000000    -0.000000     0.000000     0.000000     0.001778    -0.058110     0.000000    -0.018450
    0.008979    -0.013020    -0.520300     0.000000     0.000155    -0.027030     0.009735     0.000000    -0.000000     0.000000    -0.000000     0.000000    -0.000239     0.002235     0.000218    -0.011020
   -0.000000    -0.000000     1.000000     0.000000     0.000000    -0.000000    -0.000000     0.000000    -0.000000     0.000000    -0.000000     0.000000     0.000000     0.000000     0.000000     0.000000
   -0.000000     0.000000    -0.000000    -0.000000    -0.051610    24.190000   -32.970000     9.810000    -0.000000     0.000000    -0.000000    -0.000000    -0.000000    -0.000000    -0.000411     0.000000
    0.000240    -0.000348    -0.013900    -0.000000    -0.077280    -9.764000     9.060000    -0.000000     0.000000    -0.000000     0.000000    -0.000000    -0.000006     0.000060     0.114600    -0.000295
    0.000178    -0.000258    -0.010310    -0.000000     0.016230    -0.647400    -0.286700    -0.000000     0.000000    -0.000000     0.000000    -0.000000    -0.000005     0.000044     0.001860    -0.000218
   -0.000000    -0.000000     0.000000    -0.000000     0.000000     1.000000     0.000000     0.000000    -0.000000     0.000000    -0.000000     0.000000     0.000000     0.000000     0.000000     0.000000
    1.000000     0.000000    -0.000000    23.730000    -0.000000     0.000000     0.000000     0.000000     0.000000    -0.000000     0.000000     0.000000    -0.000000    -0.000000    -0.000000    -0.000000
    0.000000    -0.000000     0.000000    -0.000000     1.000000    -0.000000    -0.000000   -23.730000    -0.000000     0.000000    -0.000000    34.420000     0.000000     0.000000     0.000000     0.000000
   -0.000000     1.000000    -0.000000   -34.420000     0.000000     0.000000     0.000000     0.000000     0.000000    -0.000000     0.000000     0.000000    -0.000000    -0.000000    -0.000000    -0.000000
   -0.000000    -0.000000     0.000000    -0.000000     0.000000    -0.000000     1.000000    -0.000000    -0.000000     0.000000    -0.000000     0.000000     0.000000     0.000000     0.000000     0.000000

    0.001001     0.245000   -16.490000    -9.810000    -0.000000     0.000000     0.000000     0.000000     0.000000    -0.000000     0.000000     0.000000    -0.000892     0.031110    -0.000000     0.007857
   -0.150600    -0.558200    58.350000    -0.000000     0.000000    -0.000000    -0.000000    -0.000000     0.000000    -0.000000     0.000000     0.000000     0.004933    -0.172700     0.000000    -0.053770
    0.003781    -0.014950    -0.765000     0.000000     0.000347    -0.033700     0.000662     0.000000    -0.000000     0.000000    -0.000000     0.000000    -0.000709     0.006630     0.000617    -0.030980
   -0.000000    -0.000000     1.000000     0.000000     0.000000    -0.000000    -0.000000    -0.000000    -0.000000     0.000000    -0.000000     0.000000     0.000000     0.000000     0.000000     0.000000
    0.000000    -0.000000     0.000000    -0.000000    -0.098440    16.100000   -59.820000     9.810000    -0.000000     0.000000    -0.000000    -0.000000    -0.000000    -0.000000    -0.000933    -0.000000
    0.000105    -0.000416    -0.021280    -0.000000    -0.175100   -16.550000     7.584000    -0.000000     0.000000    -0.000000     0.000000    -0.000000    -0.000020     0.000185     0.356700    -0.000862
    0.000080    -0.000315    -0.016100    -0.000000     0.035090    -0.260300    -0.675700    -0.000000     0.000000    -0.000000     0.000000    -0.000000    -0.000015     0.000140    -0.000247    -0.000652
   -0.000000    -0.000000     0.000000     0.000000     0.000000     1.000000     0.000000     0.000000    -0.000000     0.000000    -0.000000     0.000000     0.000000     0.000000     0.000000     0.000000
    1.000000     0.000000    -0.000000    15.890000    -0.000000     0.000000     0.000000     0.000000     0.000000    -0.000000     0.000000     0.000000    -0.000000    -0.000000    -0.000000    -0.000000
    0.000000    -0.000000     0.000000    -0.000000     1.000000    -0.000000    -0.000000   -15.890000    -0.000000     0.000000    -0.000000    62.810000     0.000000     0.000000     0.000000     0.000000
   -0.000000     1.000000    -0.000000   -62.810000     0.000000     0.000000     0.000000     0.000000     0.000000    -0.000000     0.000000     0.000000    -0.000000    -0.000000    -0.000000    -0.000000
   -0.000000    -0.000000     0.000000     0.000000     0.000000    -0.000000     1.000000     0.000000    -0.000000     0.000000    -0.000000     0.000000     0.000000     0.000000     0.000000     0.000000

    0.000572     0.103900    -9.796000    -9.810000    -0.000000     0.000000     0.000000     0.000000     0.000000    -0.000000     0.000000     0.000000    -0.000657     0.023610     0.000000     0.005493
   -0.083340    -0.805500   129.300000    -0.000000     0.000000     0.000000    -0.000000    -0.000000     0.000000    -0.000000     0.000000     0.000000     0.015020    -0.543200     0.000000    -0.167000
    0.001368    -0.019400    -1.196000     0.000000     0.000731    -0.049870    -0.012340     0.000000    -0.000000     0.000000    -0.000000     0.000000    -0.002515     0.023520     0.002260    -0.106700
   -0.000000    -0.000000     1.000000     0.000000     0.000000    -0.000000    -0.000000     0.000000    -0.000000     0.000000    -0.000000     0.000000     0.000000     0.000000     0.000000     0.000000
   -0.000000    -0.000000    -0.000000    -0.000000    -0.149300     9.562000  -130.900000     9.810000    -0.000000     0.000000    -0.000000    -0.000000    -0.000000    -0.000000    -0.002646    -0.000000
    0.000041    -0.000586    -0.036100    -0.000000    -0.319000   -26.760000     7.135000    -0.000000     0.000000    -0.000000     0.000000    -0.000000    -0.000076     0.000710     1.250000    -0.003219
    0.000033    -0.000466    -0.028730    -0.000000     0.063390     0.226400    -1.234000    -0.000000     0.000000    -0.000000     0.000000    -0.000000    -0.000060     0.000565    -0.013770    -0.002561
   -0.000000    -0.000000     0.000000    -0.000000     0.000000     1.000000     0.000000     0.000000    -0.000000     0.000000    -0.000000     0.000000     0.000000     0.000000     0.000000     0.000000
    1.000000     0.000000    -0.000000     9.560000    -0.000000     0.000000     0.000000     0.000000     0.000000    -0.000000     0.000000     0.000000    -0.000000    -0.000000    -0.000000    -0.000000
    0.000000    -0.000000     0.000000    -0.000000     1.000000    -0.000000    -0.000000    -9.560000    -0.000000     0.000000    -0.000000   135.600000     0.000000     0.000000     0.000000     0.000000
   -0.000000     1.000000    -0.000000  -135.600000     0.000000     0.000000     0.000000     0.000000     0.000000    -0.000000     0.000000     0.000000    -0.000000    -0.000000    -0.000000    -0.000000
   -0.000000    -0.000000     0.000000     0.000000     0.000000    -0.000000     1.000000     0.000000    -0.000000     0.000000    -0.000000     0.000000     0.000000     0.000000     0.000000     0.000000

    0.000558     0.102800    -9.007000    -9.810000    -0.000000    -0.000000     0.000000     0.000000     0.000000    -0.000000     0.000000     0.000000    -0.000635     0.022840     0.000000     0.005283
   -0.084250    -0.859000   128.900000    -0.000000     0.000000    -0.000000    -0.000000    -0.000000     0.000000    -0.000000     0.000000     0.000000     0.016020    -0.579600     0.000000    -0.178200
    0.001246    -0.019250    -1.195000     0.000000     0.000733    -0.049520    -0.012760     0.000000    -0.000000     0.000000    -0.000000     0.000000    -0.002515     0.023520     0.002257    -0.106600
   -0.000000    -0.000000     1.000000    -0.000000     0.000000    -0.000000    -0.000000    -0.000000    -0.000000     0.000000    -0.000000    -0.000000     0.000000     0.000000     0.000000     0.000000
   -0.000000    -0.000000     0.000000    -0.000000    -0.159700     8.766000  -130.700000     9.810000    -0.000000     0.000000    -0.000000    -0.000000    -0.000000    -0.000000    -0.002813    -0.000000
    0.000038    -0.000581    -0.036060    -0.000000    -0.320200   -26.770000     6.972000    -0.000000     0.000000    -0.000000     0.000000    -0.000000    -0.000076     0.000710     1.251000    -0.003217
    0.000030    -0.000462    -0.028690    -0.000000     0.063600     0.243700    -1.238000    -0.000000     0.000000    -0.000000     0.000000    -0.000000    -0.000060     0.000565    -0.014020    -0.002560
   -0.000000    -0.000000     0.000000     0.000000     0.000000     1.000000     0.000000    -0.000000    -0.000000     0.000000    -0.000000    -0.000000     0.000000     0.000000     0.000000     0.000000
    1.000000     0.000000    -0.000000     8.775000    -0.000000     0.000000     0.000000     0.000000     0.000000    -0.000000     0.000000     0.000000    -0.000000    -0.000000    -0.000000    -0.000000
    0.000000    -0.000000     0.000000    -0.000000     1.000000    -0.000000    -0.000000    -8.775000    -0.000000     0.000000    -0.000000   135.600000     0.000000     0.000000     0.000000     0.000000
   -0.000000     1.000000    -0.000000  -135.600000     0.000000     0.000000     0.000000     0.000000     0.000000    -0.000000     0.000000     0.000000    -0.000000    -0.000000    -0.000000    -0.000000
   -0.000000    -0.000000     0.000000     0.000000     0.000000    -0.000000     1.000000    -0.000000    -0.000000     0.000000    -0.000000    -0.000000     0.000000     0.000000     0.000000     0.000000

    0.001062     0.243800   -15.360000    -9.810000    -0.000000     0.000000     0.000000     0.000000     0.000000    -0.000000     0.000000     0.000000    -0.000885     0.030930    -0.000000     0.007783
   -0.150800    -0.596900    58.310000    -0.000000     0.000000    -0.000000    -0.000000    -0.000000     0.000000    -0.000000     0.000000     0.000000     0.005287    -0.185600     0.000000    -0.057750
    0.003440    -0.014700    -0.763900     0.000000     0.000351    -0.033210    -0.000069     0.000000    -0.000000     0.000000    -0.000000     0.000000    -0.000713     0.006670     0.000619    -0.031120
   -0.000000    -0.000000     1.000000     0.000000     0.000000    -0.000000    -0.000000     0.000000    -0.000000     0.000000    -0.000000     0.000000     0.000000     0.000000     0.000000     0.000000
    0.000000    -0.000000     0.000000    -0.000000    -0.106200    14.970000   -59.840000     9.810000    -0.000000     0.000000    -0.000000    -0.000000    -0.000000    -0.000000    -0.000990    -0.000000
    0.000096    -0.000409    -0.021250    -0.000000    -0.177900   -16.630000     7.280000    -0.000000     0.000000    -0.000000     0.000000    -0.000000    -0.000020     0.000186     0.360100    -0.000866
    0.000072    -0.000309    -0.016080    -0.000000     0.035590    -0.226500    -0.686600    -0.000000     0.000000    -0.000000     0.000000    -0.000000    -0.000015     0.000140    -0.000479    -0.000655
   -0.000000    -0.000000     0.000000     0.000000     0.000000     1.000000     0.000000     0.000000    -0.000000     0.000000    -0.000000     0.000000     0.000000     0.000000     0.000000     0.000000
    1.000000     0.000000    -0.000000    14.760000    -0.000000     0.000000     0.000000     0.000000     0.000000    -0.000000     0.000000     0.000000    -0.000000    -0.000000    -0.000000    -0.000000
    0.000000    -0.000000     0.000000    -0.000000     1.000000    -0.000000    -0.000000   -14.760000    -0.000000     0.000000    -0.000000    63.090000     0.000000     0.000000     0.000000     0.000000
   -0.000000     1.000000    -0.000000   -63.090000     0.000000     0.000000     0.000000     0.000000     0.000000    -0.000000     0.000000     0.000000    -0.000000    -0.000000    -0.000000    -0.000000
   -0.000000    -0.000000     0.000000     0.000000     0.000000    -0.000000     1.000000    -0.000000    -0.000000     0.000000    -0.000000     0.000000     0.000000     0.000000     0.000000     0.000000

   -0.001311     0.409000   -22.970000    -9.810000     0.000000    -0.000000    -0.000000     0.000000     0.000000    -0.000000     0.000000     0.000000    -0.000920     0.030560     0.000000     0.008259
   -0.227300    -0.384000    32.450000    -0.000000    -0.000000    -0.000000     0.000000    -0.000000     0.000000    -0.000000     0.000000     0.000000     0.002006    -0.066290     0.000000    -0.020990
    0.007869    -0.012770    -0.525100     0.000000     0.000167    -0.026550     0.008452     0.000000    -0.000000     0.000000    -0.000000     0.000000    -0.000253     0.002368     0.000228    -0.011590
   -0.000000    -0.000000     1.000000     0.000000     0.000000    -0.000000    -0.000000     0.000000    -0.000000     0.000000    -0.000000     0.000000     0.000000     0.000000     0.000000     0.000000
   -0.000000     0.000000    -0.000000    -0.000000    -0.058860    22.380000   -33.910000     9.810000    -0.000000     0.000000    -0.000000    -0.000000    -0.000000    -0.000000    -0.000449     0.000000
    0.000210    -0.000341    -0.014030    -0.000000    -0.084350   -10.120000     8.573000    -0.000000     0.000000    -0.000000     0.000000    -0.000000    -0.000007     0.000063     0.122800    -0.000310
    0.000156    -0.000253    -0.010410    -0.000000     0.017540    -0.586800    -0.315300    -0.000000     0.000000    -0.000000     0.000000    -0.000000    -0.000005     0.000047     0.001683    -0.000230
   -0.000000    -0.000000     0.000000    -0.000000     0.000000     1.000000     0.000000     0.000000    -0.000000     0.000000    -0.000000     0.000000     0.000000     0.000000     0.000000     0.000000
    1.000000     0.000000    -0.000000    21.930000    -0.000000     0.000000     0.000000     0.000000     0.000000    -0.000000     0.000000     0.000000    -0.000000    -0.000000    -0.000000    -0.000000
    0.000000    -0.000000     0.000000    -0.000000     1.000000    -0.000000    -0.000000   -21.930000    -0.000000     0.000000    -0.000000    35.590000     0.000000     0.000000     0.000000     0.000000
   -0.000000     1.000000    -0.000000   -35.590000     0.000000     0.000000     0.000000     0.000000     0.000000    -0.000000     0.000000     0.000000    -0.000000    -0.000000    -0.000000    -0.000000
   -0.000000    -0.000000     0.000000     0.000000     0.000000    -0.000000     1.000000    -0.000000    -0.000000     0.000000    -0.000000     0.000000     0.000000     0.000000     0.000000     0.000000
