u  w  q  the  v  p  r  phi  x  y  z  psi  |  slat  flap  aileron  elevator
   -0.039170     0.465400   -27.940000    -9.810000     0.000000    -0.000000    -0.000000     0.000000     0.000000    -0.000000     0.000000     0.000000    -0.000996     0.032110    -0.000000     0.014060
   -0.198000    -0.317900    27.720000    -0.000000    -0.000000     0.000000     0.000000    -0.000000     0.000000    -0.000000     0.000000     0.000000     0.001507    -0.047860     0.000000    -0.015290
    0.028500    -0.032260    -0.713700     0.000000     0.000102    -0.029870     0.018900     0.000000    -0.000000     0.000000    -0.000000     0.000000    -0.000059    -0.001978     0.000240    -0.010010
   -0.000000    -0.000000     1.000000     0.000000     0.000000    -0.000000    -0.000000     0.000000    -0.000000     0.000000    -0.000000     0.000000     0.000000     0.000000     0.000000     0.000000
   -0.000000     0.000000    -0.000000    -0.000000    -0.049210    28.220000   -30.010000     9.810000    -0.000000     0.000000    -0.000000    -0.000000    -0.000000    -0.000000    -0.000417     0.000000
    0.001309    -0.001482    -0.032790    -0.000000    -0.076860    -8.556000     9.828000    -0.000000     0.000000    -0.000000     0.000000    -0.000000    -0.000003    -0.000091     0.090600    -0.000460
    0.000490    -0.000555    -0.012270    -0.000000     0.018120    -0.638600    -0.259400    -0.000000     0.000000    -0.000000     0.000000    -0.000000    -0.000001    -0.000034     0.001847    -0.000172
   -0.000000    -0.000000     0.000000    -0.000000     0.000000     1.000000     0.000000     0.000000    -0.000000     0.000000    -0.000000     0.000000     0.000000     0.000000     0.000000     0.000000
    1.000000     0.000000    -0.000000    27.680000    -0.000000     0.000000     0.000000     0.000000     0.000000    -0.000000     0.000000     0.000000    -0.000000    -0.000000    -0.000000    -0.000000
    0.000000    -0.000000     0.000000    -0.000000     1.000000    -0.000000    -0.000000   -27.680000    -0.000000     0.000000    -0.000000    31.330000     0.000000     0.000000     0.000000     0.000000
   -0.000000     1.000000    -0.000000   -31.330000     0.000000     0.000000     0.000000     0.000000     0.000000    -0.000000     0.000000     0.000000    -0.000000    -0.000000    -0.000000    -0.000000
   -0.000000    -0.000000     0.000000     0.000000     0.000000    -0.000000     1.000000     0.000000    -0.000000     0.000000    -0.000000     0.000000     0.000000     0.000000     0.000000     0.000000

   -0.007239     0.276000   -18.900000    -9.810000    -0.000000     0.000000     0.000000     0.000000     0.000000    -0.000000     0.000000     0.000000    -0.001061     0.036920    -0.000000     0.016790
   -0.126900    -0.551400    56.220000    -0.000000     0.000000    -0.000000    -0.000000    -0.000000     0.000000    -0.000000     0.000000     0.000000     0.004841    -0.168200     0.000000    -0.052460
    0.016240    -0.053940    -0.972400     0.000000     0.000198    -0.043420     0.009001     0.000000    -0.000000     0.000000    -0.000000     0.000000    -0.000201    -0.007734     0.000833    -0.030800
   -0.000000    -0.000000     1.000000     0.000000     0.000000    -0.000000    -0.000000    -0.000000    -0.000000     0.000000    -0.000000     0.000000     0.000000     0.000000     0.000000     0.000000
    0.000000    -0.000000     0.000000    -0.000000    -0.100100    18.940000   -58.890000     9.810000    -0.000000     0.000000    -0.000000    -0.000000    -0.000000    -0.000000    -0.001004    -0.000000
    0.000784    -0.002602    -0.046910    -0.000000    -0.176200   -15.680000     8.334000    -0.000000     0.000000    -0.000000     0.000000    -0.000000    -0.000010    -0.000373     0.332700    -0.001486
    0.000293    -0.000972    -0.017530    -0.000000     0.038500    -0.276200    -0.707100    -0.000000     0.000000    -0.000000     0.000000    -0.000000    -0.000004    -0.000139     0.000496    -0.000555
   -0.000000    -0.000000     0.000000     0.000000     0.000000     1.000000     0.000000     0.000000    -0.000000     0.000000    -0.000000     0.000000     0.000000     0.000000     0.000000     0.000000
    1.000000     0.000000    -0.000000    18.680000    -0.000000     0.000000     0.000000     0.000000     0.000000    -0.000000     0.000000     0.000000    -0.000000    -0.000000    -0.000000    -0.000000
    0.000000    -0.000000     0.000000    -0.000000     1.000000    -0.000000    -0.000000   -18.680000    -0.000000     0.000000    -0.000000    62.040000     0.000000     0.000000     0.000000     0.000000
   -0.000000     1.000000    -0.000000   -62.040000     0.000000     0.000000     0.000000     0.000000     0.000000    -0.000000     0.000000     0.000000    -0.000000    -0.000000    -0.000000    -0.000000
   -0.000000    -0.000000     0.000000     0.000000     0.000000    -0.000000     1.000000     0.000000    -0.000000     0.000000    -0.000000     0.000000     0.000000     0.000000     0.000000     0.000000

   -0.000440     0.118900   -11.710000    -9.810000    -0.000000     0.000000     0.000000     0.000000     0.000000    -0.000000     0.000000     0.000000    -0.000836     0.030140     0.000000     0.015460
   -0.071180    -0.804600   127.300000    -0.000000     0.000000    -0.000000    -0.000000    -0.000000     0.000000    -0.000000     0.000000     0.000000     0.015020    -0.541600     0.000000    -0.166600
    0.007307    -0.085170    -1.397000     0.000000     0.000348    -0.069340    -0.001792     0.000000    -0.000000     0.000000    -0.000000     0.000000    -0.000719    -0.028350     0.003180    -0.102500
   -0.000000    -0.000000     1.000000     0.000000     0.000000    -0.000000    -0.000000     0.000000    -0.000000     0.000000    -0.000000     0.000000     0.000000     0.000000     0.000000     0.000000
   -0.000000    -0.000000     0.000000    -0.000000    -0.150800    11.640000  -130.500000     9.810000    -0.000000     0.000000    -0.000000    -0.000000    -0.000000    -0.000000    -0.002748    -0.000000
    0.000391    -0.004561    -0.074840    -0.000000    -0.310100   -25.440000     7.843000    -0.000000     0.000000    -0.000000     0.000000    -0.000000    -0.000039    -0.001518     1.186000    -0.005487
    0.000146    -0.001698    -0.027860    -0.000000     0.065110     0.139800    -1.274000    -0.000000     0.000000    -0.000000     0.000000    -0.000000    -0.000014    -0.000565    -0.009332    -0.002043
   -0.000000    -0.000000     0.000000    -0.000000     0.000000     1.000000     0.000000     0.000000    -0.000000     0.000000    -0.000000     0.000000     0.000000     0.000000     0.000000     0.000000
    1.000000     0.000000    -0.000000    11.620000    -0.000000     0.000000     0.000000     0.000000     0.000000    -0.000000     0.000000     0.000000    -0.000000    -0.000000    -0.000000    -0.000000
    0.000000    -0.000000     0.000000    -0.000000     1.000000    -0.000000    -0.000000   -11.620000    -0.000000     0.000000    -0.000000   135.400000     0.000000     0.000000     0.000000     0.000000
   -0.000000     1.000000    -0.000000  -135.400000     0.000000     0.000000     0.000000     0.000000     0.000000    -0.000000     0.000000     0.000000    -0.000000    -0.000000    -0.000000    -0.000000
   -0.000000    -0.000000     0.000000     0.000000     0.000000    -0.000000     1.000000     0.000000    -0.000000     0.000000    -0.000000     0.000000     0.000000     0.000000     0.000000     0.000000

   -0.000359     0.117800   -10.800000    -9.810000    -0.000000    -0.000000     0.000000     0.000000     0.000000    -0.000000     0.000000     0.000000    -0.000814     0.029390    -0.000000     0.015270
   -0.072100    -0.858100   126.800000    -0.000000     0.000000    -0.000000    -0.000000    -0.000000     0.000000    -0.000000     0.000000     0.000000     0.016010    -0.578100     0.000000    -0.177800
    0.006725    -0.085130    -1.393000     0.000000     0.000348    -0.069100    -0.002381     0.000000    -0.000000     0.000000    -0.000000     0.000000    -0.000719    -0.028400     0.003180    -0.102300
   -0.000000    -0.000000     1.000000     0.000000     0.000000    -0.000000    -0.000000     0.000000    -0.000000     0.000000    -0.000000     0.000000     0.000000     0.000000     0.000000     0.000000
   -0.000000    -0.000000     0.000000    -0.000000    -0.161200    10.710000  -130.200000     9.810000    -0.000000     0.000000    -0.000000    -0.000000    -0.000000    -0.000000    -0.002915    -0.000000
    0.000360    -0.004559    -0.074580    -0.000000    -0.310800   -25.460000     7.664000    -0.000000     0.000000    -0.000000     0.000000    -0.000000    -0.000039    -0.001521     1.188000    -0.005481
    0.000134    -0.001697    -0.027760    -0.000000     0.065230     0.155600    -1.279000    -0.000000     0.000000    -0.000000     0.000000    -0.000000    -0.000014    -0.000566    -0.009566    -0.002040
   -0.000000    -0.000000     0.000000    -0.000000     0.000000     1.000000     0.000000     0.000000    -0.000000     0.000000    -0.000000     0.000000     0.000000     0.000000     0.000000     0.000000
    1.000000     0.000000    -0.000000    10.700000    -0.000000     0.000000     0.000000     0.000000     0.000000    -0.000000     0.000000     0.000000    -0.000000    -0.000000    -0.000000    -0.000000
    0.000000    -0.000000     0.000000    -0.000000     1.000000    -0.000000    -0.000000   -10.700000    -0.000000     0.000000    -0.000000   135.500000     0.000000     0.000000     0.000000     0.000000
   -0.000000     1.000000    -0.000000  -135.500000     0.000000     0.000000     0.000000     0.000000     0.000000    -0.000000     0.000000     0.000000    -0.000000    -0.000000    -0.000000    -0.000000
   -0.000000    -0.000000     0.000000    -0.000000     0.000000    -0.000000     1.000000    -0.000000    -0.000000     0.000000    -0.000000     0.000000     0.000000     0.000000     0.000000     0.000000

   -0.006547     0.274700   -17.600000    -9.810000    -0.000000    -0.000000     0.000000     0.000000     0.000000    -0.000000     0.000000     0.000000    -0.001055     0.036840    -0.000000     0.016810
   -0.127000    -0.590600    56.200000    -0.000000     0.000000    -0.000000    -0.000000    -0.000000     0.000000    -0.000000     0.000000     0.000000     0.005203    -0.181400     0.000000    -0.056540
    0.015060    -0.054090    -0.966200     0.000000     0.000199    -0.043150     0.007970     0.000000    -0.000000     0.000000    -0.000000     0.000000    -0.000202    -0.007852     0.000840    -0.030950
   -0.000000    -0.000000     1.000000     0.000000     0.000000    -0.000000    -0.000000     0.000000    -0.000000     0.000000    -0.000000     0.000000     0.000000     0.000000     0.000000     0.000000
    0.000000    -0.000000     0.000000    -0.000000    -0.108000    17.620000   -59.000000     9.810000    -0.000000     0.000000    -0.000000    -0.000000    -0.000000    -0.000000    -0.001063    -0.000000
    0.000726    -0.002609    -0.046610    -0.000000    -0.178500   -15.780000     8.006000    -0.000000     0.000000    -0.000000     0.000000    -0.000000    -0.000010    -0.000379     0.337000    -0.001493
    0.000271    -0.000975    -0.017420    -0.000000     0.038940    -0.244400    -0.720300    -0.000000     0.000000    -0.000000     0.000000    -0.000000    -0.000004    -0.000141     0.000281    -0.000558
   -0.000000    -0.000000     0.000000    -0.000000     0.000000     1.000000     0.000000     0.000000    -0.000000     0.000000    -0.000000     0.000000     0.000000     0.000000     0.000000     0.000000
    1.000000     0.000000    -0.000000    17.380000    -0.000000     0.000000     0.000000     0.000000     0.000000    -0.000000     0.000000     0.000000    -0.000000    -0.000000    -0.000000    -0.000000
    0.000000    -0.000000     0.000000    -0.000000     1.000000    -0.000000    -0.000000   -17.380000    -0.000000     0.000000    -0.000000    62.420000     0.000000     0.000000     0.000000     0.000000
   -0.000000     1.000000    -0.000000   -62.420000     0.000000     0.000000     0.000000     0.000000     0.000000    -0.000000     0.000000     0.000000    -0.000000    -0.000000    -0.000000    -0.000000
   -0.000000    -0.000000     0.000000     0.000000     0.000000    -0.000000     1.000000     0.000000    -0.000000     0.000000    -0.000000     0.000000     0.000000     0.000000     0.000000     0.000000

   -0.033890     0.459900   -25.860000    -9.810000     0.000000     0.000000    -0.000000     0.000000     0.000000    -0.000000     0.000000     0.000000    -0.001026     0.033530    -0.000000     0.014710
   -0.195500    -0.356900    29.050000    -0.000000    -0.000000     0.000000     0.000000    -0.000000     0.000000    -0.000000     0.000000     0.000000     0.001764    -0.056930     0.000000    -0.018120
    0.025920    -0.033500    -0.716000     0.000000     0.000108    -0.030100     0.017110     0.000000    -0.000000     0.000000    -0.000000     0.000000    -0.000065    -0.002237     0.000263    -0.010840
   -0.000000    -0.000000     1.000000     0.000000     0.000000    -0.000000    -0.000000     0.000000    -0.000000     0.000000    -0.000000     0.000000     0.000000     0.000000     0.000000     0.000000
   -0.000000     0.000000    -0.000000    -0.000000    -0.057330    26.110000   -31.470000     9.810000    -0.000000     0.000000    -0.000000    -0.000000    -0.000000    -0.000000    -0.000466     0.000000
    0.001191    -0.001539    -0.032890    -0.000000    -0.084940    -9.046000     9.320000    -0.000000     0.000000    -0.000000     0.000000    -0.000000    -0.000003    -0.000103     0.101300    -0.000498
    0.000446    -0.000576    -0.012310    -0.000000     0.019740    -0.579700    -0.298600    -0.000000     0.000000    -0.000000     0.000000    -0.000000    -0.000001    -0.000038     0.001733    -0.000186
   -0.000000    -0.000000     0.000000    -0.000000     0.000000     1.000000     0.000000     0.000000    -0.000000     0.000000    -0.000000     0.000000     0.000000     0.000000     0.000000     0.000000
    1.000000     0.000000    -0.000000    25.580000    -0.000000     0.000000     0.000000     0.000000     0.000000    -0.000000     0.000000     0.000000    -0.000000    -0.000000    -0.000000    -0.000000
    0.000000    -0.000000     0.000000    -0.000000     1.000000    -0.000000    -0.000000   -25.580000    -0.000000     0.000000    -0.000000    33.070000     0.000000     0.000000     0.000000     0.000000
   -0.000000     1.000000    -0.000000   -33.070000     0.000000     0.000000     0.000000     0.000000     0.000000    -0.000000     0.000000     0.000000    -0.000000    -0.000000    -0.000000    -0.000000
   -0.000000    -0.000000     0.000000     0.000000     0.000000    -0.000000     1.000000     0.000000    -0.000000     0.000000    -0.000000     0.000000     0.000000     0.000000     0.000000     0.000000
