u  w  q  the  v  p  r  phi  x  y  z  psi  |  slat  flap  aileron  elevator
   -0.001298     0.220100   -18.780000    -9.810000     0.000000    -0.000000     0.000000     0.000000     0.000000    -0.000000     0.000000     0.000000    -0.000810     0.033500    -0.000000     0.012410
   -0.115500    -0.532000    66.450000    -0.000000    -0.000000     0.000000     0.000000    -0.000000     0.000000    -0.000000     0.000000     0.000000     0.004389    -0.178700    -0.000000    -0.075150
    0.006927    -0.027900    -0.922500     0.000000    -0.000404    -0.012560     0.008592     0.000000    -0.000000     0.000000    -0.000000     0.000000    -0.000235    -0.002806     0.000188    -0.029360
   -0.000000    -0.000000     1.000000     0.000000     0.000000    -0.000000    -0.000000     0.000000    -0.000000     0.000000    -0.000000     0.000000     0.000000     0.000000     0.000000     0.000000
    0.000000     0.000000     0.000000    -0.000000    -0.091360    18.960000   -68.920000     9.810000    -0.000000     0.000000    -0.000000    -0.000000    -0.000000     0.000000    -0.000226     0.000000
    0.000119    -0.000481    -0.015890    -0.000000    -0.907700   -33.730000    17.480000    -0.000000     0.000000    -0.000000     0.000000    -0.000000    -0.000004    -0.000048     0.482000    -0.000506
   -0.000018     0.000072     0.002374    -0.000000     0.000829    -0.963700    -0.340500    -0.000000     0.000000    -0.000000     0.000000    -0.000000     0.000001     0.000007     0.010190     0.000076
   -0.000000    -0.000000     0.000000     0.000000     0.000000     1.000000     0.000000     0.000000    -0.000000     0.000000    -0.000000     0.000000     0.000000     0.000000     0.000000     0.000000
    1.000000     0.000000    -0.000000    18.270000    -0.000000     0.000000     0.000000     0.000000     0.000000    -0.000000     0.000000     0.000000    -0.000000    -0.000000    -0.000000    -0.000000
    0.000000    -0.000000     0.000000    -0.000000     1.000000    -0.000000    -0.000000   -18.270000    -0.000000     0.000000    -0.000000    73.600000     0.000000     0.000000     0.000000     0.000000
   -0.000000     1.000000    -0.000000   -73.600000     0.000000     0.000000     0.000000     0.000000     0.000000    -0.000000     0.000000     0.000000    -0.000000    -0.000000    -0.000000    -0.000000
   -0.000000    -0.000000     0.000000     0.000000     0.000000    -0.000000     1.000000    -0.000000    -0.000000     0.000000    -0.000000     0.000000     0.000000     0.000000     0.000000     0.000000

   -0.000016     0.135000   -14.340000    -9.810000    -0.000000    -0.000000     0.000000     0.000000     0.000000    -0.000000     0.000000     0.000000    -0.000654     0.029610     0.000000     0.010630
   -0.083760    -0.654800   106.000000    -0.000000     0.000000    -0.000000    -0.000000    -0.000000     0.000000    -0.000000     0.000000     0.000000     0.008300    -0.354300    -0.000000    -0.139500
    0.004307    -0.035030    -1.228000     0.000000    -0.000610    -0.023810     0.011530     0.000000    -0.000000     0.000000    -0.000000     0.000000    -0.000560    -0.006418     0.000547    -0.061570
   -0.000000    -0.000000     1.000000     0.000000     0.000000    -0.000000    -0.000000     0.000000    -0.000000     0.000000    -0.000000     0.000000     0.000000     0.000000     0.000000     0.000000
    0.000000     0.000000    -0.000000    -0.000000    -0.109100    14.230000  -109.300000     9.810000    -0.000000     0.000000    -0.000000    -0.000000     0.000000    -0.000000     0.002631    -0.000000
    0.000096    -0.000785    -0.027510    -0.000000    -1.163000   -52.460000    19.880000    -0.000000     0.000000    -0.000000     0.000000    -0.000000    -0.000013    -0.000144     1.182000    -0.001379
   -0.000012     0.000100     0.003521    -0.000000     0.006500    -1.012000    -0.498800    -0.000000     0.000000    -0.000000     0.000000    -0.000000     0.000002     0.000018     0.019210     0.000177
   -0.000000    -0.000000     0.000000    -0.000000     0.000000     1.000000     0.000000     0.000000    -0.000000     0.000000    -0.000000     0.000000     0.000000     0.000000     0.000000     0.000000
    1.000000     0.000000    -0.000000    14.060000    -0.000000     0.000000     0.000000     0.000000     0.000000    -0.000000     0.000000     0.000000    -0.000000    -0.000000    -0.000000    -0.000000
    0.000000    -0.000000     0.000000    -0.000000     1.000000    -0.000000    -0.000000   -14.060000    -0.000000     0.000000    -0.000000   114.400000     0.000000     0.000000     0.000000     0.000000
   -0.000000     1.000000    -0.000000  -114.400000     0.000000     0.000000     0.000000     0.000000     0.000000    -0.000000     0.000000     0.000000    -0.000000    -0.000000    -0.000000    -0.000000
   -0.000000    -0.000000     0.000000     0.000000     0.000000    -0.000000     1.000000    -0.000000    -0.000000     0.000000    -0.000000     0.000000     0.000000     0.000000     0.000000     0.000000

   -0.000000     0.060520   -14.630000    -9.810000     0.000000     0.000000     0.000000     0.000000     0.000000    -0.000000     0.000000     0.000000    -0.000381     0.021840    -0.000000     0.008201
   -0.048120    -0.569200   223.000000    -0.000000    -0.000000     0.000000    -0.000000    -0.000000     0.000000    -0.000000     0.000000     0.000000     0.014190    -0.647600     0.000000    -0.234900
    0.002266    -0.035810    -1.294000     0.000000    -0.001064    -0.049330     0.018070     0.000000    -0.000000     0.000000    -0.000000     0.000000    -0.001429    -0.016820     0.002275    -0.133200
   -0.000000    -0.000000     1.000000     0.000000     0.000000    -0.000000    -0.000000     0.000000    -0.000000     0.000000    -0.000000     0.000000     0.000000     0.000000     0.000000     0.000000
   -0.000000    -0.000000     0.000000    -0.000000    -0.086040    14.430000  -225.900000     9.810000    -0.000000     0.000000    -0.000000    -0.000000     0.000000    -0.000000     0.006978     0.000000
    0.000095    -0.001497    -0.054090    -0.000000    -1.563000   -79.740000    24.540000    -0.000000     0.000000    -0.000000     0.000000    -0.000000    -0.000060    -0.000703     3.653000    -0.005568
   -0.000008     0.000125     0.004508    -0.000000     0.007559    -0.953800    -0.486100    -0.000000     0.000000    -0.000000     0.000000    -0.000000     0.000005     0.000059     0.039650     0.000464
   -0.000000    -0.000000     0.000000    -0.000000     0.000000     1.000000     0.000000     0.000000    -0.000000     0.000000    -0.000000     0.000000     0.000000     0.000000     0.000000     0.000000
    1.000000     0.000000    -0.000000    14.530000    -0.000000     0.000000     0.000000     0.000000     0.000000    -0.000000     0.000000     0.000000    -0.000000    -0.000000    -0.000000    -0.000000
    0.000000    -0.000000     0.000000    -0.000000     1.000000    -0.000000    -0.000000   -14.530000    -0.000000     0.000000    -0.000000   229.700000     0.000000     0.000000     0.000000     0.000000
   -0.000000     1.000000    -0.000000  -229.700000     0.000000     0.000000     0.000000     0.000000     0.000000    -0.000000     0.000000     0.000000    -0.000000    -0.000000    -0.000000    -0.000000
   -0.000000    -0.000000     0.000000     0.000000     0.000000    -0.000000     1.000000     0.000000    -0.000000     0.000000    -0.000000     0.000000     0.000000     0.000000     0.000000     0.000000

   -0.000009     0.059900   -13.610000    -9.810000     0.000000     0.000000     0.000000     0.000000     0.000000    -0.000000     0.000000     0.000000    -0.000361     0.021080    -0.000000     0.007973
   -0.048730    -0.600800   222.700000    -0.000000    -0.000000     0.000000    -0.000000    -0.000000     0.000000    -0.000000     0.000000     0.000000     0.014970    -0.684100     0.000000    -0.247900
    0.002098    -0.035690    -1.293000     0.000000    -0.001055    -0.049390     0.017790     0.000000    -0.000000     0.000000    -0.000000     0.000000    -0.001430    -0.016800     0.002278    -0.133200
   -0.000000    -0.000000     1.000000     0.000000     0.000000    -0.000000    -0.000000    -0.000000    -0.000000     0.000000    -0.000000     0.000000     0.000000     0.000000     0.000000     0.000000
   -0.000000    -0.000000     0.000000    -0.000000    -0.090940    13.380000  -225.800000     9.810000    -0.000000     0.000000    -0.000000    -0.000000     0.000000    -0.000000     0.007532     0.000000
    0.000088    -0.001491    -0.054050    -0.000000    -1.548000   -79.770000    24.100000    -0.000000     0.000000    -0.000000     0.000000    -0.000000    -0.000060    -0.000702     3.656000    -0.005565
   -0.000007     0.000124     0.004504    -0.000000     0.007810    -0.942200    -0.489400    -0.000000     0.000000    -0.000000     0.000000    -0.000000     0.000005     0.000058     0.039520     0.000464
   -0.000000    -0.000000     0.000000     0.000000     0.000000     1.000000     0.000000     0.000000    -0.000000     0.000000    -0.000000     0.000000     0.000000     0.000000     0.000000     0.000000
    1.000000     0.000000    -0.000000    13.510000    -0.000000     0.000000     0.000000     0.000000     0.000000    -0.000000     0.000000     0.000000    -0.000000    -0.000000    -0.000000    -0.000000
    0.000000    -0.000000     0.000000    -0.000000     1.000000    -0.000000    -0.000000   -13.510000    -0.000000     0.000000    -0.000000   229.800000     0.000000     0.000000     0.000000     0.000000
   -0.000000     1.000000    -0.000000  -229.800000     0.000000     0.000000     0.000000     0.000000     0.000000    -0.000000     0.000000     0.000000    -0.000000    -0.000000    -0.000000    -0.000000
   -0.000000    -0.000000     0.000000     0.000000     0.000000    -0.000000     1.000000     0.000000    -0.000000     0.000000    -0.000000     0.000000     0.000000     0.000000     0.000000     0.000000

    0.000016     0.134200   -13.450000    -9.810000    -0.000000    -0.000000    -0.000000     0.000000     0.000000    -0.000000     0.000000     0.000000    -0.000642     0.029210     0.000000     0.010480
   -0.084340    -0.690600   105.600000    -0.000000     0.000000     0.000000    -0.000000    -0.000000     0.000000    -0.000000     0.000000     0.000000     0.008755    -0.374300     0.000000    -0.147200
    0.004014    -0.034850    -1.227000     0.000000    -0.000604    -0.023890     0.011310     0.000000    -0.000000     0.000000    -0.000000     0.000000    -0.000561    -0.006407     0.000548    -0.061570
   -0.000000    -0.000000     1.000000    -0.000000     0.000000    -0.000000    -0.000000    -0.000000    -0.000000     0.000000    -0.000000    -0.000000     0.000000     0.000000     0.000000     0.000000
    0.000000     0.000000    -0.000000    -0.000000    -0.115400    13.320000  -109.100000     9.810000    -0.000000     0.000000    -0.000000    -0.000000     0.000000    -0.000000     0.002965    -0.000000
    0.000090    -0.000781    -0.027490    -0.000000    -1.148000   -52.520000    19.420000    -0.000000     0.000000    -0.000000     0.000000    -0.000000    -0.000013    -0.000143     1.185000    -0.001379
   -0.000012     0.000100     0.003518    -0.000000     0.006910    -0.992800    -0.504000    -0.000000     0.000000    -0.000000     0.000000    -0.000000     0.000002     0.000018     0.019100     0.000177
   -0.000000    -0.000000     0.000000     0.000000     0.000000     1.000000     0.000000    -0.000000    -0.000000     0.000000    -0.000000    -0.000000     0.000000     0.000000     0.000000     0.000000
    1.000000     0.000000    -0.000000    13.180000    -0.000000     0.000000     0.000000     0.000000     0.000000    -0.000000     0.000000     0.000000    -0.000000    -0.000000    -0.000000    -0.000000
    0.000000    -0.000000     0.000000    -0.000000     1.000000    -0.000000    -0.000000   -13.180000    -0.000000     0.000000    -0.000000   114.500000     0.000000     0.000000     0.000000     0.000000
   -0.000000     1.000000    -0.000000  -114.500000     0.000000     0.000000     0.000000     0.000000     0.000000    -0.000000     0.000000     0.000000    -0.000000    -0.000000    -0.000000    -0.000000
   -0.000000    -0.000000     0.000000     0.000000     0.000000    -0.000000     1.000000    -0.000000    -0.000000     0.000000    -0.000000    -0.000000     0.000000     0.000000     0.000000     0.000000

   -0.001111     0.219200   -17.690000    -9.810000     0.000000    -0.000000     0.000000     0.000000     0.000000    -0.000000     0.000000     0.000000    -0.000804     0.033370    -0.000000     0.012320
   -0.115800    -0.561900    66.300000    -0.000000    -0.000000     0.000000     0.000000    -0.000000     0.000000    -0.000000     0.000000     0.000000     0.004646    -0.189700    -0.000000    -0.079540
    0.006447    -0.027700    -0.922400     0.000000    -0.000399    -0.012680     0.008380     0.000000    -0.000000     0.000000    -0.000000     0.000000    -0.000237    -0.002805     0.000190    -0.029470
   -0.000000    -0.000000     1.000000     0.000000     0.000000    -0.000000    -0.000000     0.000000    -0.000000     0.000000    -0.000000     0.000000     0.000000     0.000000     0.000000     0.000000
    0.000000     0.000000     0.000000    -0.000000    -0.097030    17.840000   -68.940000     9.810000    -0.000000     0.000000    -0.000000    -0.000000    -0.000000     0.000000    -0.000037     0.000000
    0.000111    -0.000477    -0.015890    -0.000000    -0.891700   -33.860000    16.960000    -0.000000     0.000000    -0.000000     0.000000    -0.000000    -0.000004    -0.000048     0.486100    -0.000508
   -0.000017     0.000071     0.002374    -0.000000     0.001413    -0.937900    -0.348300    -0.000000     0.000000    -0.000000     0.000000    -0.000000     0.000001     0.000007     0.010120     0.000076
   -0.000000    -0.000000     0.000000    -0.000000     0.000000     1.000000     0.000000     0.000000    -0.000000     0.000000    -0.000000     0.000000     0.000000     0.000000     0.000000     0.000000
    1.000000     0.000000    -0.000000    17.190000    -0.000000     0.000000     0.000000     0.000000     0.000000    -0.000000     0.000000     0.000000    -0.000000    -0.000000    -0.000000    -0.000000
    0.000000    -0.000000     0.000000    -0.000000     1.000000    -0.000000    -0.000000   -17.190000    -0.000000     0.000000    -0.000000    73.860000     0.000000     0.000000     0.000000     0.000000
   -0.000000     1.000000    -0.000000   -73.860000     0.000000     0.000000     0.000000     0.000000     0.000000    -0.000000     0.000000     0.000000    -0.000000    -0.000000    -0.000000    -0.000000
   -0.000000    -0.000000     0.000000     0.000000     0.000000    -0.000000     1.000000     0.000000    -0.000000     0.000000    -0.000000     0.000000     0.000000     0.000000     0.000000     0.000000
