u  w  q  the  v  p  r  phi  x  y  z  psi  |  slat  flap  aileron  elevator
   -0.023970     0.448600   -26.970000    -9.810000     0.000000    -0.000000    -0.000000     0.000000     0.000000    -0.000000     0.000000     0.000000    -0.000973     0.031620    -0.000000     0.012450
   -0.206700    -0.328700    29.000000    -0.000000    -0.000000     0.000000     0.000000    -0.000000     0.000000    -0.000000     0.000000     0.000000     0.001599    -0.051290     0.000000    -0.016350
    0.022770    -0.027920    -0.657000     0.000000     0.000237    -0.065350     0.037160     0.000000    -0.000000     0.000000    -0.000000     0.000000    -0.000107    -0.000999     0.000540    -0.010590
   -0.000000    -0.000000     1.000000     0.000000     0.000000    -0.000000    -0.000000     0.000000    -0.000000     0.000000    -0.000000     0.000000     0.000000     0.000000     0.000000     0.000000
   -0.000000     0.000000    -0.000000    -0.000000    -0.050270    26.940000   -31.030000     9.810000    -0.000000     0.000000    -0.000000    -0.000000    -0.000000    -0.000000    -0.000419     0.000000
    0.002039    -0.002501    -0.058840    -0.000000    -0.011530    -1.350000     1.439000    -0.000000     0.000000    -0.000000     0.000000    -0.000000    -0.000010    -0.000090     0.014780    -0.000949
    0.000862    -0.001057    -0.024880    -0.000000     0.013200    -0.532100    -0.158400    -0.000000     0.000000    -0.000000     0.000000    -0.000000    -0.000004    -0.000038     0.001900    -0.000401
   -0.000000    -0.000000     0.000000     0.000000     0.000000     1.000000     0.000000     0.000000    -0.000000     0.000000    -0.000000     0.000000     0.000000     0.000000     0.000000     0.000000
    1.000000     0.000000    -0.000000    26.420000    -0.000000     0.000000     0.000000     0.000000     0.000000    -0.000000     0.000000     0.000000    -0.000000    -0.000000    -0.000000    -0.000000
    0.000000    -0.000000     0.000000    -0.000000     1.000000    -0.000000    -0.000000   -26.420000    -0.000000     0.000000    -0.000000    32.400000     0.000000     0.000000     0.000000     0.000000
   -0.000000     1.000000    -0.000000   -32.400000     0.000000     0.000000     0.000000     0.000000     0.000000    -0.000000     0.000000     0.000000    -0.000000    -0.000000    -0.000000    -0.000000
   -0.000000    -0.000000     0.000000     0.000000     0.000000    -0.000000     1.000000    -0.000000    -0.000000     0.000000    -0.000000     0.000000     0.000000     0.000000     0.000000     0.000000

   -0.003795     0.266300   -18.170000    -9.810000    -0.000000     0.000000     0.000000     0.000000     0.000000    -0.000000     0.000000     0.000000    -0.001009     0.035140    -0.000000     0.014060
   -0.134100    -0.553600    56.900000    -0.000000     0.000000     0.000000    -0.000000    -0.000000     0.000000    -0.000000     0.000000     0.000000     0.004872    -0.169700     0.000000    -0.052890
    0.012610    -0.044080    -0.907400     0.000000     0.000491    -0.089040     0.015000     0.000000    -0.000000     0.000000    -0.000000     0.000000    -0.000345    -0.003923     0.001699    -0.031450
   -0.000000    -0.000000     1.000000     0.000000     0.000000    -0.000000    -0.000000    -0.000000    -0.000000     0.000000    -0.000000     0.000000     0.000000     0.000000     0.000000     0.000000
    0.000000    -0.000000     0.000000    -0.000000    -0.099650    18.060000   -59.190000     9.810000    -0.000000     0.000000    -0.000000    -0.000000    -0.000000    -0.000000    -0.000983    -0.000000
    0.001137    -0.003977    -0.081850    -0.000000    -0.024830    -2.281000     1.152000    -0.000000     0.000000    -0.000000     0.000000    -0.000000    -0.000031    -0.000354     0.048600    -0.002837
    0.000496    -0.001736    -0.035730    -0.000000     0.027320    -0.296800    -0.477100    -0.000000     0.000000    -0.000000     0.000000    -0.000000    -0.000014    -0.000154     0.002182    -0.001238
   -0.000000    -0.000000     0.000000     0.000000     0.000000     1.000000     0.000000     0.000000    -0.000000     0.000000    -0.000000     0.000000     0.000000     0.000000     0.000000     0.000000
    1.000000     0.000000    -0.000000    17.810000    -0.000000     0.000000     0.000000     0.000000     0.000000    -0.000000     0.000000     0.000000    -0.000000    -0.000000    -0.000000    -0.000000
    0.000000    -0.000000     0.000000    -0.000000     1.000000    -0.000000    -0.000000   -17.810000    -0.000000     0.000000    -0.000000    62.300000     0.000000     0.000000     0.000000     0.000000
   -0.000000     1.000000    -0.000000   -62.300000     0.000000     0.000000     0.000000     0.000000     0.000000    -0.000000     0.000000     0.000000    -0.000000    -0.000000    -0.000000    -0.000000
   -0.000000    -0.000000     0.000000     0.000000     0.000000    -0.000000     1.000000     0.000000    -0.000000     0.000000    -0.000000     0.000000     0.000000     0.000000     0.000000     0.000000

    0.000031     0.114200   -11.120000    -9.810000    -0.000000     0.000000     0.000000     0.000000     0.000000    -0.000000     0.000000     0.000000    -0.000780     0.028110     0.000000     0.012360
   -0.074960    -0.804900   127.900000    -0.000000     0.000000     0.000000    -0.000000    -0.000000     0.000000    -0.000000     0.000000     0.000000     0.015020    -0.542100    -0.000000    -0.166800
    0.005577    -0.068840    -1.334000     0.000000     0.000984    -0.129600    -0.010990     0.000000    -0.000000     0.000000    -0.000000     0.000000    -0.001229    -0.014670     0.005930    -0.105800
   -0.000000    -0.000000     1.000000     0.000000     0.000000    -0.000000    -0.000000     0.000000    -0.000000     0.000000    -0.000000     0.000000     0.000000     0.000000     0.000000     0.000000
   -0.000000    -0.000000     0.000000    -0.000000    -0.150300    10.990000  -130.600000     9.810000    -0.000000     0.000000    -0.000000    -0.000000    -0.000000    -0.000000    -0.002717    -0.000000
    0.000510    -0.006297    -0.122000    -0.000000    -0.039330    -3.305000     0.962100    -0.000000     0.000000    -0.000000     0.000000    -0.000000    -0.000112    -0.001342     0.154200    -0.009675
    0.000238    -0.002944    -0.057040    -0.000000     0.044850    -0.083790    -0.859800    -0.000000     0.000000    -0.000000     0.000000    -0.000000    -0.000053    -0.000627     0.001774    -0.004523
   -0.000000    -0.000000     0.000000    -0.000000     0.000000     1.000000     0.000000     0.000000    -0.000000     0.000000    -0.000000     0.000000     0.000000     0.000000     0.000000     0.000000
    1.000000     0.000000    -0.000000    10.980000    -0.000000     0.000000     0.000000     0.000000     0.000000    -0.000000     0.000000     0.000000    -0.000000    -0.000000    -0.000000    -0.000000
    0.000000    -0.000000     0.000000    -0.000000     1.000000    -0.000000    -0.000000   -10.980000    -0.000000     0.000000    -0.000000   135.500000     0.000000     0.000000     0.000000     0.000000
   -0.000000     1.000000    -0.000000  -135.500000     0.000000     0.000000     0.000000     0.000000     0.000000    -0.000000     0.000000     0.000000    -0.000000    -0.000000    -0.000000    -0.000000
   -0.000000    -0.000000     0.000000     0.000000     0.000000    -0.000000     1.000000    -0.000000    -0.000000     0.000000    -0.000000     0.000000     0.000000     0.000000     0.000000     0.000000

    0.000074     0.113100   -10.250000    -9.810000    -0.000000     0.000000     0.000000     0.000000     0.000000    -0.000000     0.000000     0.000000    -0.000758     0.027350    -0.000000     0.012160
   -0.075880    -0.858400   127.500000    -0.000000     0.000000     0.000000    -0.000000    -0.000000     0.000000    -0.000000     0.000000     0.000000     0.016020    -0.578600     0.000000    -0.177900
    0.005125    -0.068770    -1.330000     0.000000     0.000985    -0.129100    -0.012080     0.000000    -0.000000     0.000000    -0.000000     0.000000    -0.001229    -0.014710     0.005928    -0.105700
   -0.000000    -0.000000     1.000000     0.000000     0.000000    -0.000000    -0.000000    -0.000000    -0.000000     0.000000    -0.000000     0.000000     0.000000     0.000000     0.000000     0.000000
   -0.000000    -0.000000     0.000000    -0.000000    -0.160700    10.110000  -130.400000     9.810000    -0.000000     0.000000    -0.000000    -0.000000    -0.000000    -0.000000    -0.002884    -0.000000
    0.000469    -0.006290    -0.121700    -0.000000    -0.039440    -3.307000     0.939700    -0.000000     0.000000    -0.000000     0.000000    -0.000000    -0.000112    -0.001346     0.154300    -0.009666
    0.000219    -0.002941    -0.056870    -0.000000     0.044950    -0.072070    -0.864300    -0.000000     0.000000    -0.000000     0.000000    -0.000000    -0.000053    -0.000629     0.001611    -0.004518
   -0.000000    -0.000000     0.000000     0.000000     0.000000     1.000000     0.000000     0.000000    -0.000000     0.000000    -0.000000     0.000000     0.000000     0.000000     0.000000     0.000000
    1.000000     0.000000    -0.000000    10.100000    -0.000000     0.000000     0.000000     0.000000     0.000000    -0.000000     0.000000     0.000000    -0.000000    -0.000000    -0.000000    -0.000000
    0.000000    -0.000000     0.000000    -0.000000     1.000000    -0.000000    -0.000000   -10.100000    -0.000000     0.000000    -0.000000   135.500000     0.000000     0.000000     0.000000     0.000000
   -0.000000     1.000000    -0.000000  -135.500000     0.000000     0.000000     0.000000     0.000000     0.000000    -0.000000     0.000000     0.000000    -0.000000    -0.000000    -0.000000    -0.000000
   -0.000000    -0.000000     0.000000     0.000000     0.000000    -0.000000     1.000000     0.000000    -0.000000     0.000000    -0.000000     0.000000     0.000000     0.000000     0.000000     0.000000

   -0.003354     0.265100   -16.920000    -9.810000    -0.000000     0.000000     0.000000     0.000000     0.000000    -0.000000     0.000000     0.000000    -0.001003     0.035030    -0.000000     0.014050
   -0.134300    -0.592700    56.870000    -0.000000     0.000000    -0.000000    -0.000000    -0.000000     0.000000    -0.000000     0.000000     0.000000     0.005231    -0.182800     0.000000    -0.056940
    0.011660    -0.044110    -0.902500     0.000000     0.000495    -0.088340     0.012950     0.000000    -0.000000     0.000000    -0.000000     0.000000    -0.000348    -0.003989     0.001711    -0.031600
   -0.000000    -0.000000     1.000000     0.000000     0.000000    -0.000000    -0.000000    -0.000000    -0.000000     0.000000    -0.000000     0.000000     0.000000     0.000000     0.000000     0.000000
    0.000000    -0.000000     0.000000    -0.000000    -0.107500    16.800000   -59.280000     9.810000    -0.000000     0.000000    -0.000000    -0.000000    -0.000000    -0.000000    -0.001041    -0.000000
    0.001052    -0.003979    -0.081410    -0.000000    -0.025180    -2.294000     1.106000    -0.000000     0.000000    -0.000000     0.000000    -0.000000    -0.000031    -0.000360     0.049170    -0.002850
    0.000459    -0.001737    -0.035540    -0.000000     0.027640    -0.273000    -0.488300    -0.000000     0.000000    -0.000000     0.000000    -0.000000    -0.000014    -0.000157     0.002039    -0.001244
   -0.000000    -0.000000     0.000000     0.000000     0.000000     1.000000     0.000000     0.000000    -0.000000     0.000000    -0.000000     0.000000     0.000000     0.000000     0.000000     0.000000
    1.000000     0.000000    -0.000000    16.560000    -0.000000     0.000000     0.000000     0.000000     0.000000    -0.000000     0.000000     0.000000    -0.000000    -0.000000    -0.000000    -0.000000
    0.000000    -0.000000     0.000000    -0.000000     1.000000    -0.000000    -0.000000   -16.560000    -0.000000     0.000000    -0.000000    62.640000     0.000000     0.000000     0.000000     0.000000
   -0.000000     1.000000    -0.000000   -62.640000     0.000000     0.000000     0.000000     0.000000     0.000000    -0.000000     0.000000     0.000000    -0.000000    -0.000000    -0.000000    -0.000000
   -0.000000    -0.000000     0.000000     0.000000     0.000000    -0.000000     1.000000     0.000000    -0.000000     0.000000    -0.000000     0.000000     0.000000     0.000000     0.000000     0.000000

   -0.020590     0.443500   -24.980000    -9.810000     0.000000    -0.000000    -0.000000     0.000000     0.000000    -0.000000     0.000000     0.000000    -0.000996     0.032750    -0.000000     0.012890
   -0.204600    -0.366200    30.170000    -0.000000    -0.000000     0.000000     0.000000    -0.000000     0.000000    -0.000000     0.000000     0.000000     0.001846    -0.060050     0.000000    -0.019080
    0.020620    -0.028650    -0.659200     0.000000     0.000251    -0.065450     0.033520     0.000000    -0.000000     0.000000    -0.000000     0.000000    -0.000115    -0.001126     0.000583    -0.011340
   -0.000000    -0.000000     1.000000     0.000000     0.000000    -0.000000    -0.000000     0.000000    -0.000000     0.000000    -0.000000     0.000000     0.000000     0.000000     0.000000     0.000000
   -0.000000     0.000000    -0.000000    -0.000000    -0.058060    24.920000   -32.300000     9.810000    -0.000000     0.000000    -0.000000    -0.000000    -0.000000    -0.000000    -0.000463     0.000000
    0.001847    -0.002566    -0.059040    -0.000000    -0.012670    -1.415000     1.363000    -0.000000     0.000000    -0.000000     0.000000    -0.000000    -0.000010    -0.000101     0.016260    -0.001016
    0.000781    -0.001085    -0.024970    -0.000000     0.014300    -0.489100    -0.187800    -0.000000     0.000000    -0.000000     0.000000    -0.000000    -0.000004    -0.000043     0.001844    -0.000429
   -0.000000    -0.000000     0.000000     0.000000     0.000000     1.000000     0.000000     0.000000    -0.000000     0.000000    -0.000000     0.000000     0.000000     0.000000     0.000000     0.000000
    1.000000     0.000000    -0.000000    24.420000    -0.000000     0.000000     0.000000     0.000000     0.000000    -0.000000     0.000000     0.000000    -0.000000    -0.000000    -0.000000    -0.000000
    0.000000    -0.000000     0.000000    -0.000000     1.000000    -0.000000    -0.000000   -24.420000    -0.000000     0.000000    -0.000000    33.930000     0.000000     0.000000     0.000000     0.000000
   -0.000000     1.000000    -0.000000   -33.930000     0.000000     0.000000     0.000000     0.000000     0.000000    -0.000000     0.000000     0.000000    -0.000000    -0.000000    -0.000000    -0.000000
   -0.000000    -0.000000     0.000000     0.000000     0.000000    -0.000000     1.000000    -0.000000    -0.000000     0.000000    -0.000000     0.000000     0.000000     0.000000     0.000000     0.000000
