u  w  q  the  v  p  r  phi  x  y  z  psi  |  slat  flap  aileron  elevator
    0.000221     0.210100   -17.880000    -9.810000    -0.000000     0.000000     0.000000     0.000000     0.000000    -0.000000     0.000000     0.000000    -0.000761     0.031580    -0.000000     0.009012
   -0.122700    -0.534300    67.190000    -0.000000    -0.000000     0.000000     0.000000    -0.000000     0.000000    -0.000000     0.000000     0.000000     0.004411    -0.179900    -0.000000    -0.075450
    0.004167    -0.017840    -0.852000     0.000000    -0.000267    -0.007452     0.005724     0.000000    -0.000000     0.000000    -0.000000     0.000000    -0.000331     0.000874     0.000116    -0.028390
   -0.000000    -0.000000     1.000000     0.000000     0.000000    -0.000000    -0.000000    -0.000000    -0.000000     0.000000    -0.000000     0.000000     0.000000     0.000000     0.000000     0.000000
    0.000000     0.000000     0.000000    -0.000000    -0.092330    17.880000   -69.260000     9.810000    -0.000000     0.000000    -0.000000    -0.000000    -0.000000     0.000000    -0.000072     0.000000
    0.000044    -0.000188    -0.008968    -0.000000    -0.901900   -33.590000    16.480000    -0.000000     0.000000    -0.000000     0.000000    -0.000000    -0.000003     0.000009     0.481800    -0.000299
   -0.000012     0.000052     0.002490    -0.000000    -0.000758    -0.951700    -0.303900    -0.000000     0.000000    -0.000000     0.000000    -0.000000     0.000001    -0.000003     0.010300     0.000083
   -0.000000    -0.000000     0.000000     0.000000     0.000000     1.000000     0.000000     0.000000    -0.000000     0.000000    -0.000000     0.000000     0.000000     0.000000     0.000000     0.000000
    1.000000     0.000000    -0.000000    17.250000    -0.000000     0.000000     0.000000     0.000000     0.000000    -0.000000     0.000000     0.000000    -0.000000    -0.000000    -0.000000    -0.000000
    0.000000    -0.000000     0.000000    -0.000000     1.000000    -0.000000    -0.000000   -17.250000    -0.000000     0.000000    -0.000000    73.850000     0.000000     0.000000     0.000000     0.000000
   -0.000000     1.000000    -0.000000   -73.850000     0.000000     0.000000     0.000000     0.000000     0.000000    -0.000000     0.000000     0.000000    -0.000000    -0.000000    -0.000000    -0.000000
   -0.000000    -0.000000     0.000000     0.000000     0.000000    -0.000000     1.000000     0.000000    -0.000000     0.000000    -0.000000     0.000000     0.000000     0.000000     0.000000     0.000000

    0.000395     0.128500   -13.580000    -9.810000    -0.000000    -0.000000    -0.000000     0.000000     0.000000    -0.000000     0.000000     0.000000    -0.000607     0.027600     0.000000     0.006928
   -0.088510    -0.655700   106.700000    -0.000000    -0.000000     0.000000    -0.000000    -0.000000     0.000000    -0.000000     0.000000     0.000000     0.008307    -0.354800     0.000000    -0.139600
    0.002412    -0.020880    -1.139000     0.000000    -0.000408    -0.014690     0.007774     0.000000    -0.000000     0.000000    -0.000000     0.000000    -0.000765     0.001718     0.000342    -0.059600
   -0.000000    -0.000000     1.000000     0.000000     0.000000    -0.000000    -0.000000     0.000000    -0.000000     0.000000    -0.000000     0.000000     0.000000     0.000000     0.000000     0.000000
    0.000000     0.000000    -0.000000    -0.000000    -0.109700    13.350000  -109.500000     9.810000    -0.000000     0.000000    -0.000000    -0.000000     0.000000    -0.000000     0.002774    -0.000000
    0.000033    -0.000287    -0.015680    -0.000000    -1.151000   -51.980000    18.570000    -0.000000     0.000000    -0.000000     0.000000    -0.000000    -0.000011     0.000024     1.172000    -0.000820
   -0.000008     0.000068     0.003723    -0.000000     0.004363    -1.014000    -0.455900    -0.000000     0.000000    -0.000000     0.000000    -0.000000     0.000002    -0.000006     0.019500     0.000195
   -0.000000    -0.000000     0.000000    -0.000000     0.000000     1.000000     0.000000     0.000000    -0.000000     0.000000    -0.000000     0.000000     0.000000     0.000000     0.000000     0.000000
    1.000000     0.000000    -0.000000    13.220000    -0.000000     0.000000     0.000000     0.000000     0.000000    -0.000000     0.000000     0.000000    -0.000000    -0.000000    -0.000000    -0.000000
    0.000000    -0.000000     0.000000    -0.000000     1.000000    -0.000000    -0.000000   -13.220000    -0.000000     0.000000    -0.000000   114.500000     0.000000     0.000000     0.000000     0.000000
   -0.000000     1.000000    -0.000000  -114.500000     0.000000     0.000000     0.000000     0.000000     0.000000    -0.000000     0.000000     0.000000    -0.000000    -0.000000    -0.000000    -0.000000
   -0.000000    -0.000000     0.000000    -0.000000     0.000000    -0.000000     1.000000    -0.000000    -0.000000     0.000000    -0.000000     0.000000     0.000000     0.000000     0.000000     0.000000

    0.000074     0.057300   -13.700000    -9.810000     0.000000     0.000000     0.000000     0.000000     0.000000    -0.000000     0.000000     0.000000    -0.000340     0.019910    -0.000000     0.004096
   -0.050510    -0.569500   223.600000    -0.000000    -0.000000     0.000000    -0.000000    -0.000000     0.000000    -0.000000     0.000000     0.000000     0.014190    -0.647800     0.000000    -0.234800
    0.001191    -0.020180    -1.210000     0.000000    -0.000712    -0.031320     0.011990     0.000000    -0.000000     0.000000    -0.000000     0.000000    -0.001890     0.001946     0.001451    -0.130000
   -0.000000    -0.000000     1.000000     0.000000     0.000000    -0.000000    -0.000000     0.000000    -0.000000     0.000000    -0.000000     0.000000     0.000000     0.000000     0.000000     0.000000
   -0.000000    -0.000000     0.000000    -0.000000    -0.086290    13.440000  -226.100000     9.810000    -0.000000     0.000000    -0.000000    -0.000000     0.000000    -0.000000     0.007095     0.000000
    0.000031    -0.000523    -0.031350    -0.000000    -1.532000   -78.250000    22.580000    -0.000000     0.000000    -0.000000     0.000000    -0.000000    -0.000049     0.000050     3.586000    -0.003366
   -0.000005     0.000081     0.004853    -0.000000     0.005643    -0.962700    -0.451600    -0.000000     0.000000    -0.000000     0.000000    -0.000000     0.000008    -0.000008     0.040260     0.000521
   -0.000000    -0.000000     0.000000     0.000000     0.000000     1.000000     0.000000     0.000000    -0.000000     0.000000    -0.000000     0.000000     0.000000     0.000000     0.000000     0.000000
    1.000000     0.000000    -0.000000    13.560000    -0.000000     0.000000     0.000000     0.000000     0.000000    -0.000000     0.000000     0.000000    -0.000000    -0.000000    -0.000000    -0.000000
    0.000000    -0.000000     0.000000    -0.000000     1.000000    -0.000000    -0.000000   -13.560000    -0.000000     0.000000    -0.000000   229.800000     0.000000     0.000000     0.000000     0.000000
   -0.000000     1.000000    -0.000000  -229.800000     0.000000     0.000000     0.000000     0.000000     0.000000    -0.000000     0.000000     0.000000    -0.000000    -0.000000    -0.000000    -0.000000
   -0.000000    -0.000000     0.000000     0.000000     0.000000    -0.000000     1.000000     0.000000    -0.000000     0.000000    -0.000000     0.000000     0.000000     0.000000     0.000000     0.000000

    0.000056     0.056670   -12.730000    -9.810000     0.000000     0.000000     0.000000     0.000000     0.000000    -0.000000     0.000000     0.000000    -0.000320     0.019140    -0.000000     0.003865
   -0.051110    -0.601100   223.400000    -0.000000    -0.000000     0.000000    -0.000000    -0.000000     0.000000    -0.000000     0.000000     0.000000     0.014970    -0.684300     0.000000    -0.247800
    0.001098    -0.020050    -1.209000     0.000000    -0.000707    -0.031370     0.011820     0.000000    -0.000000     0.000000    -0.000000     0.000000    -0.001891     0.001976     0.001453    -0.129900
   -0.000000    -0.000000     1.000000     0.000000     0.000000    -0.000000    -0.000000     0.000000    -0.000000     0.000000    -0.000000     0.000000     0.000000     0.000000     0.000000     0.000000
   -0.000000    -0.000000     0.000000    -0.000000    -0.091180    12.440000  -225.900000     9.810000    -0.000000     0.000000    -0.000000    -0.000000     0.000000    -0.000000     0.007649     0.000000
    0.000028    -0.000519    -0.031330    -0.000000    -1.518000   -78.280000    22.170000    -0.000000     0.000000    -0.000000     0.000000    -0.000000    -0.000049     0.000051     3.589000    -0.003365
   -0.000004     0.000080     0.004850    -0.000000     0.005886    -0.951600    -0.454900    -0.000000     0.000000    -0.000000     0.000000    -0.000000     0.000008    -0.000008     0.040130     0.000521
   -0.000000    -0.000000     0.000000     0.000000     0.000000     1.000000     0.000000     0.000000    -0.000000     0.000000    -0.000000     0.000000     0.000000     0.000000     0.000000     0.000000
    1.000000     0.000000    -0.000000    12.590000    -0.000000     0.000000     0.000000     0.000000     0.000000    -0.000000     0.000000     0.000000    -0.000000    -0.000000    -0.000000    -0.000000
    0.000000    -0.000000     0.000000    -0.000000     1.000000    -0.000000    -0.000000   -12.590000    -0.000000     0.000000    -0.000000   229.800000     0.000000     0.000000     0.000000     0.000000
   -0.000000     1.000000    -0.000000  -229.800000     0.000000     0.000000     0.000000     0.000000     0.000000    -0.000000     0.000000     0.000000    -0.000000    -0.000000    -0.000000    -0.000000
   -0.000000    -0.000000     0.000000     0.000000     0.000000    -0.000000     1.000000     0.000000    -0.000000     0.000000    -0.000000     0.000000     0.000000     0.000000     0.000000     0.000000

    0.000393     0.127700   -12.740000    -9.810000    -0.000000    -0.000000    -0.000000     0.000000     0.000000    -0.000000     0.000000     0.000000    -0.000594     0.027190     0.000000     0.006773
   -0.089070    -0.691500   106.400000    -0.000000    -0.000000     0.000000     0.000000    -0.000000     0.000000    -0.000000     0.000000     0.000000     0.008761    -0.374800     0.000000    -0.147200
    0.002237    -0.020680    -1.138000     0.000000    -0.000404    -0.014760     0.007640     0.000000    -0.000000     0.000000    -0.000000     0.000000    -0.000766     0.001742     0.000343    -0.059600
   -0.000000    -0.000000     1.000000     0.000000     0.000000    -0.000000    -0.000000     0.000000    -0.000000     0.000000    -0.000000     0.000000     0.000000     0.000000     0.000000     0.000000
    0.000000     0.000000    -0.000000    -0.000000    -0.116000    12.490000  -109.300000     9.810000    -0.000000     0.000000    -0.000000    -0.000000     0.000000    -0.000000     0.003108    -0.000000
    0.000031    -0.000285    -0.015670    -0.000000    -1.137000   -52.020000    18.130000    -0.000000     0.000000    -0.000000     0.000000    -0.000000    -0.000011     0.000024     1.175000    -0.000820
   -0.000007     0.000068     0.003720    -0.000000     0.004759    -0.995900    -0.461300    -0.000000     0.000000    -0.000000     0.000000    -0.000000     0.000003    -0.000006     0.019390     0.000195
   -0.000000    -0.000000     0.000000    -0.000000     0.000000     1.000000     0.000000     0.000000    -0.000000     0.000000    -0.000000     0.000000     0.000000     0.000000     0.000000     0.000000
    1.000000     0.000000    -0.000000    12.390000    -0.000000     0.000000     0.000000     0.000000     0.000000    -0.000000     0.000000     0.000000    -0.000000    -0.000000    -0.000000    -0.000000
    0.000000    -0.000000     0.000000    -0.000000     1.000000    -0.000000    -0.000000   -12.390000    -0.000000     0.000000    -0.000000   114.600000     0.000000     0.000000     0.000000     0.000000
   -0.000000     1.000000    -0.000000  -114.600000     0.000000     0.000000     0.000000     0.000000     0.000000    -0.000000     0.000000     0.000000    -0.000000    -0.000000    -0.000000    -0.000000
   -0.000000    -0.000000     0.000000     0.000000     0.000000    -0.000000     1.000000     0.000000    -0.000000     0.000000    -0.000000     0.000000     0.000000     0.000000     0.000000     0.000000

    0.000295     0.209200   -16.850000    -9.810000     0.000000    -0.000000     0.000000     0.000000     0.000000    -0.000000     0.000000     0.000000    -0.000754     0.031430    -0.000000     0.008912
   -0.123000    -0.564000    67.040000    -0.000000    -0.000000     0.000000     0.000000    -0.000000     0.000000    -0.000000     0.000000     0.000000     0.004666    -0.190800    -0.000000    -0.079800
    0.003853    -0.017590    -0.852000     0.000000    -0.000263    -0.007550     0.005596     0.000000    -0.000000     0.000000    -0.000000     0.000000    -0.000333     0.000898     0.000117    -0.028480
   -0.000000    -0.000000     1.000000     0.000000     0.000000    -0.000000    -0.000000     0.000000    -0.000000     0.000000    -0.000000     0.000000     0.000000     0.000000     0.000000     0.000000
    0.000000     0.000000     0.000000    -0.000000    -0.097990    16.820000   -69.250000     9.810000    -0.000000     0.000000    -0.000000    -0.000000    -0.000000     0.000000     0.000117     0.000000
    0.000041    -0.000185    -0.008968    -0.000000    -0.885900   -33.700000    15.980000    -0.000000     0.000000    -0.000000     0.000000    -0.000000    -0.000004     0.000009     0.485500    -0.000300
   -0.000011     0.000051     0.002490    -0.000000    -0.000193    -0.927400    -0.311800    -0.000000     0.000000    -0.000000     0.000000    -0.000000     0.000001    -0.000003     0.010230     0.000083
   -0.000000    -0.000000     0.000000    -0.000000     0.000000     1.000000     0.000000     0.000000    -0.000000     0.000000    -0.000000     0.000000     0.000000     0.000000     0.000000     0.000000
    1.000000     0.000000    -0.000000    16.220000    -0.000000     0.000000     0.000000     0.000000     0.000000    -0.000000     0.000000     0.000000    -0.000000    -0.000000    -0.000000    -0.000000
    0.000000    -0.000000     0.000000    -0.000000     1.000000    -0.000000    -0.000000   -16.220000    -0.000000     0.000000    -0.000000    74.080000     0.000000     0.000000     0.000000     0.000000
   -0.000000     1.000000    -0.000000   -74.080000     0.000000     0.000000     0.000000     0.000000     0.000000    -0.000000     0.000000     0.000000    -0.000000    -0.000000    -0.000000    -0.000000
   -0.000000    -0.000000     0.000000     0.000000     0.000000    -0.000000     1.000000     0.000000    -0.000000     0.000000    -0.000000     0.000000     0.000000     0.000000     0.000000     0.000000
