u  w  q  the  v  p  r  phi  x  y  z  psi  |  slat  flap  aileron  elevator
   -0.003769     0.231300   -19.750000    -9.810000     0.000000     0.000000     0.000000     0.000000     0.000000    -0.000000     0.000000     0.000000    -0.000864     0.035620    -0.000000     0.016120
   -0.107600    -0.529400    65.610000    -0.000000    -0.000000     0.000000     0.000000    -0.000000     0.000000    -0.000000     0.000000     0.000000     0.004363    -0.177300    -0.000000    -0.074780
    0.009732    -0.036740    -0.972800     0.000000    -0.001015    -0.036030     0.021150     0.000000    -0.000000     0.000000    -0.000000     0.000000    -0.000127    -0.006365     0.000518    -0.028970
   -0.000000    -0.000000     1.000000     0.000000     0.000000    -0.000000    -0.000000     0.000000    -0.000000     0.000000    -0.000000     0.000000     0.000000     0.000000     0.000000     0.000000
    0.000000     0.000000     0.000000    -0.000000    -0.090350    20.170000   -68.520000     9.810000    -0.000000     0.000000    -0.000000    -0.000000    -0.000000     0.000000    -0.000397     0.000000
    0.000487    -0.001840    -0.048720    -0.000000    -0.827300   -30.620000    16.850000    -0.000000     0.000000    -0.000000     0.000000    -0.000000    -0.000006    -0.000319     0.435700    -0.001451
   -0.000009     0.000035     0.000932    -0.000000     0.003711    -0.874800    -0.390900    -0.000000     0.000000    -0.000000     0.000000    -0.000000     0.000000     0.000006     0.008820     0.000028
   -0.000000    -0.000000     0.000000     0.000000     0.000000     1.000000     0.000000     0.000000    -0.000000     0.000000    -0.000000     0.000000     0.000000     0.000000     0.000000     0.000000
    1.000000     0.000000    -0.000000    19.420000    -0.000000     0.000000     0.000000     0.000000     0.000000    -0.000000     0.000000     0.000000    -0.000000    -0.000000    -0.000000    -0.000000
    0.000000    -0.000000     0.000000    -0.000000     1.000000    -0.000000    -0.000000   -19.420000    -0.000000     0.000000    -0.000000    73.310000     0.000000     0.000000     0.000000     0.000000
   -0.000000     1.000000    -0.000000   -73.310000     0.000000     0.000000     0.000000     0.000000     0.000000    -0.000000     0.000000     0.000000    -0.000000    -0.000000    -0.000000    -0.000000
   -0.000000    -0.000000     0.000000     0.000000     0.000000    -0.000000     1.000000     0.000000    -0.000000     0.000000    -0.000000     0.000000     0.000000     0.000000     0.000000     0.000000

   -0.000769     0.142200   -15.160000    -9.810000    -0.000000    -0.000000    -0.000000     0.000000     0.000000    -0.000000     0.000000     0.000000    -0.000707     0.031830     0.000000     0.014720
   -0.078510    -0.653800   105.200000    -0.000000    -0.000000     0.000000     0.000000    -0.000000     0.000000    -0.000000     0.000000     0.000000     0.008292    -0.353600     0.000000    -0.139500
    0.006216    -0.047360    -1.283000     0.000000    -0.001453    -0.063170     0.027060     0.000000    -0.000000     0.000000    -0.000000     0.000000    -0.000324    -0.014230     0.001427    -0.060300
   -0.000000    -0.000000     1.000000     0.000000     0.000000    -0.000000    -0.000000     0.000000    -0.000000     0.000000    -0.000000     0.000000     0.000000     0.000000     0.000000     0.000000
    0.000000     0.000000    -0.000000    -0.000000    -0.108600    15.200000  -109.000000     9.810000    -0.000000     0.000000    -0.000000    -0.000000     0.000000    -0.000000     0.002472    -0.000000
    0.000391    -0.002982    -0.080770    -0.000000    -1.036000   -46.630000    18.840000    -0.000000     0.000000    -0.000000     0.000000    -0.000000    -0.000020    -0.000896     1.049000    -0.003797
   -0.000007     0.000050     0.001365    -0.000000     0.010080    -0.864500    -0.550100    -0.000000     0.000000    -0.000000     0.000000    -0.000000     0.000000     0.000015     0.015850     0.000064
   -0.000000    -0.000000     0.000000     0.000000     0.000000     1.000000     0.000000     0.000000    -0.000000     0.000000    -0.000000     0.000000     0.000000     0.000000     0.000000     0.000000
    1.000000     0.000000    -0.000000    15.000000    -0.000000     0.000000     0.000000     0.000000     0.000000    -0.000000     0.000000     0.000000    -0.000000    -0.000000    -0.000000    -0.000000
    0.000000    -0.000000     0.000000    -0.000000     1.000000    -0.000000    -0.000000   -15.000000    -0.000000     0.000000    -0.000000   114.200000     0.000000     0.000000     0.000000     0.000000
   -0.000000     1.000000    -0.000000  -114.200000     0.000000     0.000000     0.000000     0.000000     0.000000    -0.000000     0.000000     0.000000    -0.000000    -0.000000    -0.000000    -0.000000
   -0.000000    -0.000000     0.000000     0.000000     0.000000    -0.000000     1.000000     0.000000    -0.000000     0.000000    -0.000000     0.000000     0.000000     0.000000     0.000000     0.000000

   -0.000180     0.064110   -15.660000    -9.810000     0.000000     0.000000     0.000000     0.000000     0.000000    -0.000000     0.000000     0.000000    -0.000427     0.023990    -0.000000     0.012750
   -0.045480    -0.568800   222.400000    -0.000000    -0.000000     0.000000     0.000000    -0.000000     0.000000    -0.000000     0.000000     0.000000     0.014190    -0.647200     0.000000    -0.235000
    0.003306    -0.048650    -1.322000     0.000000    -0.002285    -0.113500     0.039090     0.000000    -0.000000     0.000000    -0.000000     0.000000    -0.000883    -0.033990     0.005205    -0.127500
   -0.000000    -0.000000     1.000000     0.000000     0.000000    -0.000000    -0.000000    -0.000000    -0.000000     0.000000    -0.000000     0.000000     0.000000     0.000000     0.000000     0.000000
   -0.000000    -0.000000     0.000000    -0.000000    -0.085770    15.520000  -225.700000     9.810000    -0.000000     0.000000    -0.000000    -0.000000     0.000000    -0.000000     0.006847     0.000000
    0.000350    -0.005144    -0.139800    -0.000000    -1.279000   -65.130000    21.460000    -0.000000     0.000000    -0.000000     0.000000    -0.000000    -0.000093    -0.003593     2.982000    -0.013480
   -0.000004     0.000063     0.001713    -0.000000     0.011830    -0.722700    -0.538100    -0.000000     0.000000    -0.000000     0.000000    -0.000000     0.000001     0.000044     0.029140     0.000165
   -0.000000    -0.000000     0.000000     0.000000     0.000000     1.000000     0.000000     0.000000    -0.000000     0.000000    -0.000000     0.000000     0.000000     0.000000     0.000000     0.000000
    1.000000     0.000000    -0.000000    15.610000    -0.000000     0.000000     0.000000     0.000000     0.000000    -0.000000     0.000000     0.000000    -0.000000    -0.000000    -0.000000    -0.000000
    0.000000    -0.000000     0.000000    -0.000000     1.000000    -0.000000    -0.000000   -15.610000    -0.000000     0.000000    -0.000000   229.600000     0.000000     0.000000     0.000000     0.000000
   -0.000000     1.000000    -0.000000  -229.600000     0.000000     0.000000     0.000000     0.000000     0.000000    -0.000000     0.000000     0.000000    -0.000000    -0.000000    -0.000000    -0.000000
   -0.000000    -0.000000     0.000000     0.000000     0.000000    -0.000000     1.000000     0.000000    -0.000000     0.000000    -0.000000     0.000000     0.000000     0.000000     0.000000     0.000000

   -0.000174     0.063480   -14.580000    -9.810000     0.000000     0.000000     0.000000     0.000000     0.000000    -0.000000     0.000000     0.000000    -0.000407     0.023220    -0.000000     0.012530
   -0.046090    -0.600500   222.000000    -0.000000    -0.000000     0.000000     0.000000    -0.000000     0.000000    -0.000000     0.000000     0.000000     0.014980    -0.683800     0.000000    -0.248000
    0.003069    -0.048540    -1.321000     0.000000    -0.002264    -0.113500     0.038430     0.000000    -0.000000     0.000000    -0.000000     0.000000    -0.000884    -0.033980     0.005210    -0.127400
   -0.000000    -0.000000     1.000000     0.000000     0.000000    -0.000000    -0.000000     0.000000    -0.000000     0.000000    -0.000000     0.000000     0.000000     0.000000     0.000000     0.000000
   -0.000000    -0.000000     0.000000    -0.000000    -0.090670    14.410000  -225.600000     9.810000    -0.000000     0.000000    -0.000000    -0.000000     0.000000    -0.000000     0.007402     0.000000
    0.000324    -0.005132    -0.139700    -0.000000    -1.267000   -65.160000    21.090000    -0.000000     0.000000    -0.000000     0.000000    -0.000000    -0.000093    -0.003592     2.985000    -0.013470
   -0.000004     0.000063     0.001711    -0.000000     0.012040    -0.711300    -0.540200    -0.000000     0.000000    -0.000000     0.000000    -0.000000     0.000001     0.000044     0.029010     0.000165
   -0.000000    -0.000000     0.000000     0.000000     0.000000     1.000000     0.000000     0.000000    -0.000000     0.000000    -0.000000     0.000000     0.000000     0.000000     0.000000     0.000000
    1.000000     0.000000    -0.000000    14.520000    -0.000000     0.000000     0.000000     0.000000     0.000000    -0.000000     0.000000     0.000000    -0.000000    -0.000000    -0.000000    -0.000000
    0.000000    -0.000000     0.000000    -0.000000     1.000000    -0.000000    -0.000000   -14.520000    -0.000000     0.000000    -0.000000   229.700000     0.000000     0.000000     0.000000     0.000000
   -0.000000     1.000000    -0.000000  -229.700000     0.000000     0.000000     0.000000     0.000000     0.000000    -0.000000     0.000000     0.000000    -0.000000    -0.000000    -0.000000    -0.000000
   -0.000000    -0.000000     0.000000     0.000000     0.000000    -0.000000     1.000000    -0.000000    -0.000000     0.000000    -0.000000     0.000000     0.000000     0.000000     0.000000     0.000000

   -0.000683     0.141500   -14.230000    -9.810000    -0.000000    -0.000000    -0.000000     0.000000     0.000000    -0.000000     0.000000     0.000000    -0.000695     0.031440     0.000000     0.014580
   -0.079100    -0.689600   104.800000    -0.000000     0.000000     0.000000     0.000000    -0.000000     0.000000    -0.000000     0.000000     0.000000     0.008748    -0.373700     0.000000    -0.147200
    0.005807    -0.047210    -1.281000     0.000000    -0.001436    -0.063280     0.026480     0.000000    -0.000000     0.000000    -0.000000     0.000000    -0.000326    -0.014230     0.001432    -0.060310
   -0.000000    -0.000000     1.000000     0.000000     0.000000    -0.000000    -0.000000     0.000000    -0.000000     0.000000    -0.000000     0.000000     0.000000     0.000000     0.000000     0.000000
    0.000000     0.000000    -0.000000    -0.000000    -0.114900    14.240000  -108.900000     9.810000    -0.000000     0.000000    -0.000000    -0.000000     0.000000    -0.000000     0.002806    -0.000000
    0.000366    -0.002973    -0.080680    -0.000000    -1.023000   -46.690000    18.410000    -0.000000     0.000000    -0.000000     0.000000    -0.000000    -0.000021    -0.000896     1.052000    -0.003797
   -0.000006     0.000050     0.001363    -0.000000     0.010450    -0.845400    -0.554100    -0.000000     0.000000    -0.000000     0.000000    -0.000000     0.000000     0.000015     0.015740     0.000064
   -0.000000    -0.000000     0.000000    -0.000000     0.000000     1.000000     0.000000     0.000000    -0.000000     0.000000    -0.000000     0.000000     0.000000     0.000000     0.000000     0.000000
    1.000000     0.000000    -0.000000    14.070000    -0.000000     0.000000     0.000000     0.000000     0.000000    -0.000000     0.000000     0.000000    -0.000000    -0.000000    -0.000000    -0.000000
    0.000000    -0.000000     0.000000    -0.000000     1.000000    -0.000000    -0.000000   -14.070000    -0.000000     0.000000    -0.000000   114.400000     0.000000     0.000000     0.000000     0.000000
   -0.000000     1.000000    -0.000000  -114.400000     0.000000     0.000000     0.000000     0.000000     0.000000    -0.000000     0.000000     0.000000    -0.000000    -0.000000    -0.000000    -0.000000
   -0.000000    -0.000000     0.000000    -0.000000     0.000000    -0.000000     1.000000    -0.000000    -0.000000     0.000000    -0.000000     0.000000     0.000000     0.000000     0.000000     0.000000

   -0.003413     0.230300   -18.600000    -9.810000     0.000000     0.000000     0.000000     0.000000     0.000000    -0.000000     0.000000     0.000000    -0.000858     0.035520    -0.000000     0.016060
   -0.107900    -0.559500    65.460000    -0.000000    -0.000000     0.000000     0.000000    -0.000000     0.000000    -0.000000     0.000000     0.000000     0.004622    -0.188400    -0.000000    -0.079210
    0.009088    -0.036610    -0.972700     0.000000    -0.000998    -0.036230     0.020560     0.000000    -0.000000     0.000000    -0.000000     0.000000    -0.000128    -0.006395     0.000523    -0.029090
   -0.000000    -0.000000     1.000000    -0.000000     0.000000    -0.000000    -0.000000    -0.000000    -0.000000     0.000000    -0.000000    -0.000000     0.000000     0.000000     0.000000     0.000000
    0.000000     0.000000     0.000000    -0.000000    -0.096030    18.990000   -68.570000     9.810000    -0.000000     0.000000    -0.000000    -0.000000    -0.000000     0.000000    -0.000209     0.000000
    0.000455    -0.001834    -0.048720    -0.000000    -0.812800   -30.750000    16.360000    -0.000000     0.000000    -0.000000     0.000000    -0.000000    -0.000006    -0.000320     0.439800    -0.001457
   -0.000009     0.000035     0.000932    -0.000000     0.004254    -0.848600    -0.397000    -0.000000     0.000000    -0.000000     0.000000    -0.000000     0.000000     0.000006     0.008745     0.000028
   -0.000000    -0.000000     0.000000     0.000000     0.000000     1.000000     0.000000    -0.000000    -0.000000     0.000000    -0.000000    -0.000000     0.000000     0.000000     0.000000     0.000000
    1.000000     0.000000    -0.000000    18.270000    -0.000000     0.000000     0.000000     0.000000     0.000000    -0.000000     0.000000     0.000000    -0.000000    -0.000000    -0.000000    -0.000000
    0.000000    -0.000000     0.000000    -0.000000     1.000000    -0.000000    -0.000000   -18.270000    -0.000000     0.000000    -0.000000    73.600000     0.000000     0.000000     0.000000     0.000000
   -0.000000     1.000000    -0.000000   -73.600000     0.000000     0.000000     0.000000     0.000000     0.000000    -0.000000     0.000000     0.000000    -0.000000    -0.000000    -0.000000    -0.000000
   -0.000000    -0.000000     0.000000     0.000000     0.000000    -0.000000     1.000000    -0.000000    -0.000000     0.000000    -0.000000    -0.000000     0.000000     0.000000     0.000000     0.000000
