u  w  q  the  v  p  r  phi  x  y  z  psi  |  slat  flap  aileron  elevator
   -0.017370     0.440100   -26.460000    -9.810000     0.000000    -0.000000    -0.000000     0.000000     0.000000    -0.000000     0.000000     0.000000    -0.000960     0.031290     0.000000     0.011530
   -0.211600    -0.333900    29.640000    -0.000000    -0.000000     0.000000     0.000000    -0.000000     0.000000    -0.000000     0.000000     0.000000     0.001644    -0.052990     0.000000    -0.016870
    0.019240    -0.024580    -0.614200     0.000000    -0.000127    -0.118300     0.086530     0.000000    -0.000000     0.000000    -0.000000     0.000000    -0.000133    -0.000353     0.001119    -0.010630
   -0.000000    -0.000000     1.000000     0.000000     0.000000    -0.000000    -0.000000     0.000000    -0.000000     0.000000    -0.000000     0.000000     0.000000     0.000000     0.000000     0.000000
   -0.000000     0.000000    -0.000000    -0.000000    -0.050710    26.280000   -31.530000     9.810000    -0.000000     0.000000    -0.000000    -0.000000    -0.000000    -0.000000    -0.000418     0.000000
    0.003714    -0.004744    -0.118600    -0.000000    -0.027820    -3.303000     3.406000    -0.000000     0.000000    -0.000000     0.000000    -0.000000    -0.000026    -0.000068     0.036840    -0.002051
    0.000812    -0.001036    -0.025900    -0.000000     0.015420    -0.621300    -0.201100    -0.000000     0.000000    -0.000000     0.000000    -0.000000    -0.000006    -0.000015     0.002167    -0.000448
   -0.000000    -0.000000     0.000000     0.000000     0.000000     1.000000     0.000000     0.000000    -0.000000     0.000000    -0.000000     0.000000     0.000000     0.000000     0.000000     0.000000
    1.000000     0.000000    -0.000000    25.770000    -0.000000     0.000000     0.000000     0.000000     0.000000    -0.000000     0.000000     0.000000    -0.000000    -0.000000    -0.000000    -0.000000
    0.000000    -0.000000     0.000000    -0.000000     1.000000    -0.000000    -0.000000   -25.770000    -0.000000     0.000000    -0.000000    32.920000     0.000000     0.000000     0.000000     0.000000
   -0.000000     1.000000    -0.000000   -32.920000     0.000000     0.000000     0.000000     0.000000     0.000000    -0.000000     0.000000     0.000000    -0.000000    -0.000000    -0.000000    -0.000000
   -0.000000    -0.000000     0.000000     0.000000     0.000000    -0.000000     1.000000    -0.000000    -0.000000     0.000000    -0.000000     0.000000     0.000000     0.000000     0.000000     0.000000

   -0.002303     0.261300   -17.780000    -9.810000    -0.000000     0.000000     0.000000     0.000000     0.000000    -0.000000     0.000000     0.000000    -0.000981     0.034190    -0.000000     0.012610
   -0.138000    -0.554700    57.250000    -0.000000     0.000000    -0.000000    -0.000000    -0.000000     0.000000    -0.000000     0.000000     0.000000     0.004887    -0.170400     0.000000    -0.053110
    0.010380    -0.037320    -0.856500     0.000000    -0.000353    -0.181100     0.056400     0.000000    -0.000000     0.000000    -0.000000     0.000000    -0.000420    -0.001625     0.003647    -0.031010
   -0.000000    -0.000000     1.000000     0.000000     0.000000    -0.000000    -0.000000    -0.000000    -0.000000     0.000000    -0.000000     0.000000     0.000000     0.000000     0.000000     0.000000
    0.000000    -0.000000     0.000000    -0.000000    -0.099380    17.590000   -59.350000     9.810000    -0.000000     0.000000    -0.000000    -0.000000    -0.000000    -0.000000    -0.000971    -0.000000
    0.002041    -0.007340    -0.168500    -0.000000    -0.060470    -5.580000     2.758000    -0.000000     0.000000    -0.000000     0.000000    -0.000000    -0.000083    -0.000320     0.119300    -0.006100
    0.000458    -0.001646    -0.037790    -0.000000     0.032220    -0.333200    -0.572400    -0.000000     0.000000    -0.000000     0.000000    -0.000000    -0.000019    -0.000072     0.002120    -0.001368
   -0.000000    -0.000000     0.000000     0.000000     0.000000     1.000000     0.000000     0.000000    -0.000000     0.000000    -0.000000     0.000000     0.000000     0.000000     0.000000     0.000000
    1.000000     0.000000    -0.000000    17.360000    -0.000000     0.000000     0.000000     0.000000     0.000000    -0.000000     0.000000     0.000000    -0.000000    -0.000000    -0.000000    -0.000000
    0.000000    -0.000000     0.000000    -0.000000     1.000000    -0.000000    -0.000000   -17.360000    -0.000000     0.000000    -0.000000    62.430000     0.000000     0.000000     0.000000     0.000000
   -0.000000     1.000000    -0.000000   -62.430000     0.000000     0.000000     0.000000     0.000000     0.000000    -0.000000     0.000000     0.000000    -0.000000    -0.000000    -0.000000    -0.000000
   -0.000000    -0.000000     0.000000     0.000000     0.000000    -0.000000     1.000000     0.000000    -0.000000     0.000000    -0.000000     0.000000     0.000000     0.000000     0.000000     0.000000

    0.000222     0.111700   -10.810000    -9.810000    -0.000000    -0.000000     0.000000     0.000000     0.000000    -0.000000     0.000000     0.000000    -0.000751     0.027040    -0.000000     0.010730
   -0.076950    -0.805000   128.300000    -0.000000     0.000000    -0.000000    -0.000000    -0.000000     0.000000    -0.000000     0.000000     0.000000     0.015020    -0.542400     0.000000    -0.166800
    0.004509    -0.057420    -1.273000     0.000000    -0.000576    -0.287800     0.027230     0.000000    -0.000000     0.000000    -0.000000     0.000000    -0.001488    -0.006353     0.013300    -0.104600
   -0.000000    -0.000000     1.000000    -0.000000     0.000000    -0.000000    -0.000000    -0.000000    -0.000000     0.000000    -0.000000    -0.000000     0.000000     0.000000     0.000000     0.000000
   -0.000000    -0.000000     0.000000    -0.000000    -0.150100    10.650000  -130.700000     9.810000    -0.000000     0.000000    -0.000000    -0.000000    -0.000000    -0.000000    -0.002700    -0.000000
    0.000921    -0.011730    -0.260000    -0.000000    -0.098920    -8.289000     2.369000    -0.000000     0.000000    -0.000000     0.000000    -0.000000    -0.000304    -0.001298     0.386800    -0.021380
    0.000219    -0.002791    -0.061850    -0.000000     0.054440    -0.054040    -1.045000    -0.000000     0.000000    -0.000000     0.000000    -0.000000    -0.000072    -0.000309    -0.000112    -0.005085
   -0.000000    -0.000000     0.000000     0.000000     0.000000     1.000000     0.000000    -0.000000    -0.000000     0.000000    -0.000000    -0.000000     0.000000     0.000000     0.000000     0.000000
    1.000000     0.000000    -0.000000    10.640000    -0.000000     0.000000     0.000000     0.000000     0.000000    -0.000000     0.000000     0.000000    -0.000000    -0.000000    -0.000000    -0.000000
    0.000000    -0.000000     0.000000    -0.000000     1.000000    -0.000000    -0.000000   -10.640000    -0.000000     0.000000    -0.000000   135.500000     0.000000     0.000000     0.000000     0.000000
   -0.000000     1.000000    -0.000000  -135.500000     0.000000     0.000000     0.000000     0.000000     0.000000    -0.000000     0.000000     0.000000    -0.000000    -0.000000    -0.000000    -0.000000
   -0.000000    -0.000000     0.000000     0.000000     0.000000    -0.000000     1.000000    -0.000000    -0.000000     0.000000    -0.000000    -0.000000     0.000000     0.000000     0.000000     0.000000

    0.000247     0.110600    -9.955000    -9.810000    -0.000000    -0.000000     0.000000     0.000000     0.000000    -0.000000     0.000000     0.000000    -0.000729     0.026280    -0.000000     0.010530
   -0.077870    -0.858600   127.800000    -0.000000     0.000000    -0.000000    -0.000000    -0.000000     0.000000    -0.000000     0.000000     0.000000     0.016020    -0.578800     0.000000    -0.178000
    0.004139    -0.057340    -1.269000     0.000000    -0.000580    -0.287300     0.025080     0.000000    -0.000000     0.000000    -0.000000     0.000000    -0.001488    -0.006383     0.013300    -0.104500
   -0.000000    -0.000000     1.000000     0.000000     0.000000    -0.000000    -0.000000     0.000000    -0.000000     0.000000    -0.000000     0.000000     0.000000     0.000000     0.000000     0.000000
   -0.000000    -0.000000     0.000000    -0.000000    -0.160500     9.788000  -130.400000     9.810000    -0.000000     0.000000    -0.000000    -0.000000    -0.000000    -0.000000    -0.002867    -0.000000
    0.000846    -0.011710    -0.259300    -0.000000    -0.099220    -8.294000     2.314000    -0.000000     0.000000    -0.000000     0.000000    -0.000000    -0.000304    -0.001304     0.387300    -0.021360
    0.000201    -0.002787    -0.061690    -0.000000     0.054580    -0.039650    -1.050000    -0.000000     0.000000    -0.000000     0.000000    -0.000000    -0.000072    -0.000310    -0.000314    -0.005080
   -0.000000    -0.000000     0.000000    -0.000000     0.000000     1.000000     0.000000     0.000000    -0.000000     0.000000    -0.000000     0.000000     0.000000     0.000000     0.000000     0.000000
    1.000000     0.000000    -0.000000     9.786000    -0.000000     0.000000     0.000000     0.000000     0.000000    -0.000000     0.000000     0.000000    -0.000000    -0.000000    -0.000000    -0.000000
    0.000000    -0.000000     0.000000    -0.000000     1.000000    -0.000000    -0.000000    -9.786000    -0.000000     0.000000    -0.000000   135.600000     0.000000     0.000000     0.000000     0.000000
   -0.000000     1.000000    -0.000000  -135.600000     0.000000     0.000000     0.000000     0.000000     0.000000    -0.000000     0.000000     0.000000    -0.000000    -0.000000    -0.000000    -0.000000
   -0.000000    -0.000000     0.000000    -0.000000     0.000000    -0.000000     1.000000    -0.000000    -0.000000     0.000000    -0.000000     0.000000     0.000000     0.000000     0.000000     0.000000

   -0.001975     0.260000   -16.560000    -9.810000    -0.000000     0.000000     0.000000     0.000000     0.000000    -0.000000     0.000000     0.000000    -0.000975     0.034070    -0.000000     0.012580
   -0.138100    -0.593700    57.220000    -0.000000     0.000000    -0.000000    -0.000000    -0.000000     0.000000    -0.000000     0.000000     0.000000     0.005245    -0.183500     0.000000    -0.057140
    0.009585    -0.037280    -0.852500     0.000000    -0.000361    -0.180800     0.052560     0.000000    -0.000000     0.000000    -0.000000     0.000000    -0.000423    -0.001663     0.003678    -0.031150
   -0.000000    -0.000000     1.000000     0.000000     0.000000    -0.000000    -0.000000     0.000000    -0.000000     0.000000    -0.000000     0.000000     0.000000     0.000000     0.000000     0.000000
    0.000000    -0.000000     0.000000    -0.000000    -0.107200    16.360000   -59.420000     9.810000    -0.000000     0.000000    -0.000000    -0.000000    -0.000000    -0.000000    -0.001029    -0.000000
    0.001885    -0.007332    -0.167700    -0.000000    -0.061340    -5.611000     2.648000    -0.000000     0.000000    -0.000000     0.000000    -0.000000    -0.000083    -0.000327     0.120600    -0.006127
    0.000423    -0.001645    -0.037610    -0.000000     0.032610    -0.304400    -0.585000    -0.000000     0.000000    -0.000000     0.000000    -0.000000    -0.000019    -0.000073     0.001942    -0.001374
   -0.000000    -0.000000     0.000000    -0.000000     0.000000     1.000000     0.000000     0.000000    -0.000000     0.000000    -0.000000     0.000000     0.000000     0.000000     0.000000     0.000000
    1.000000     0.000000    -0.000000    16.130000    -0.000000     0.000000     0.000000     0.000000     0.000000    -0.000000     0.000000     0.000000    -0.000000    -0.000000    -0.000000    -0.000000
    0.000000    -0.000000     0.000000    -0.000000     1.000000    -0.000000    -0.000000   -16.130000    -0.000000     0.000000    -0.000000    62.750000     0.000000     0.000000     0.000000     0.000000
   -0.000000     1.000000    -0.000000   -62.750000     0.000000     0.000000     0.000000     0.000000     0.000000    -0.000000     0.000000     0.000000    -0.000000    -0.000000    -0.000000    -0.000000
   -0.000000    -0.000000     0.000000     0.000000     0.000000    -0.000000     1.000000     0.000000    -0.000000     0.000000    -0.000000     0.000000     0.000000     0.000000     0.000000     0.000000

   -0.014790     0.435100   -24.510000    -9.810000     0.000000     0.000000    -0.000000     0.000000     0.000000    -0.000000     0.000000     0.000000    -0.000979     0.032290     0.000000     0.011870
   -0.209700    -0.370700    30.730000    -0.000000    -0.000000     0.000000     0.000000    -0.000000     0.000000    -0.000000     0.000000     0.000000     0.001886    -0.061610     0.000000    -0.019560
    0.017370    -0.025050    -0.616700     0.000000    -0.000148    -0.120300     0.080140     0.000000    -0.000000     0.000000    -0.000000     0.000000    -0.000143    -0.000412     0.001210    -0.011320
   -0.000000    -0.000000     1.000000     0.000000     0.000000    -0.000000    -0.000000     0.000000    -0.000000     0.000000    -0.000000     0.000000     0.000000     0.000000     0.000000     0.000000
   -0.000000     0.000000    -0.000000    -0.000000    -0.058350    24.310000   -32.710000     9.810000    -0.000000     0.000000    -0.000000    -0.000000    -0.000000    -0.000000    -0.000461     0.000000
    0.003353    -0.004835    -0.119000    -0.000000    -0.030480    -3.452000     3.226000    -0.000000     0.000000    -0.000000     0.000000    -0.000000    -0.000028    -0.000080     0.040240    -0.002184
    0.000732    -0.001056    -0.026000    -0.000000     0.016680    -0.569800    -0.233700    -0.000000     0.000000    -0.000000     0.000000    -0.000000    -0.000006    -0.000017     0.002080    -0.000477
   -0.000000    -0.000000     0.000000    -0.000000     0.000000     1.000000     0.000000     0.000000    -0.000000     0.000000    -0.000000     0.000000     0.000000     0.000000     0.000000     0.000000
    1.000000     0.000000    -0.000000    23.820000    -0.000000     0.000000     0.000000     0.000000     0.000000    -0.000000     0.000000     0.000000    -0.000000    -0.000000    -0.000000    -0.000000
    0.000000    -0.000000     0.000000    -0.000000     1.000000    -0.000000    -0.000000   -23.820000    -0.000000     0.000000    -0.000000    34.360000     0.000000     0.000000     0.000000     0.000000
   -0.000000     1.000000    -0.000000   -34.360000     0.000000     0.000000     0.000000     0.000000     0.000000    -0.000000     0.000000     0.000000    -0.000000    -0.000000    -0.000000    -0.000000
   -0.000000    -0.000000     0.000000     0.000000     0.000000    -0.000000     1.000000     0.000000    -0.000000     0.000000    -0.000000     0.000000     0.000000     0.000000     0.000000     0.000000
