u  w  q  the  v  p  r  phi  x  y  z  psi  |  slat  flap  aileron  elevator
    0.000060     0.211400   -18.000000    -9.810000     0.000000    -0.000000     0.000000     0.000000     0.000000    -0.000000     0.000000     0.000000    -0.000767     0.031830    -0.000000     0.009459
   -0.121800    -0.534000    67.090000    -0.000000    -0.000000     0.000000     0.000000    -0.000000     0.000000    -0.000000     0.000000     0.000000     0.004408    -0.179700    -0.000000    -0.075410
    0.004239    -0.018000    -0.807200     0.000000    -0.001295    -0.057890     0.020510     0.000000    -0.000000     0.000000    -0.000000     0.000000    -0.000298     0.000358     0.000795    -0.026760
   -0.000000    -0.000000     1.000000     0.000000     0.000000    -0.000000    -0.000000     0.000000    -0.000000     0.000000    -0.000000     0.000000     0.000000     0.000000     0.000000     0.000000
    0.000000     0.000000     0.000000    -0.000000    -0.092200    18.020000   -69.210000     9.810000    -0.000000     0.000000    -0.000000    -0.000000    -0.000000     0.000000    -0.000092     0.000000
    0.000302    -0.001284    -0.057570    -0.000000    -0.083790    -3.107000     1.546000    -0.000000     0.000000    -0.000000     0.000000    -0.000000    -0.000021     0.000026     0.044600    -0.001909
    0.000059    -0.000252    -0.011280    -0.000000     0.009739    -0.329000    -0.415400    -0.000000     0.000000    -0.000000     0.000000    -0.000000    -0.000004     0.000005     0.002210    -0.000374
   -0.000000    -0.000000     0.000000     0.000000     0.000000     1.000000     0.000000     0.000000    -0.000000     0.000000    -0.000000     0.000000     0.000000     0.000000     0.000000     0.000000
    1.000000     0.000000    -0.000000    17.380000    -0.000000     0.000000     0.000000     0.000000     0.000000    -0.000000     0.000000     0.000000    -0.000000    -0.000000    -0.000000    -0.000000
    0.000000    -0.000000     0.000000    -0.000000     1.000000    -0.000000    -0.000000   -17.380000    -0.000000     0.000000    -0.000000    73.820000     0.000000     0.000000     0.000000     0.000000
   -0.000000     1.000000    -0.000000   -73.820000     0.000000     0.000000     0.000000     0.000000     0.000000    -0.000000     0.000000     0.000000    -0.000000    -0.000000    -0.000000    -0.000000
   -0.000000    -0.000000     0.000000     0.000000     0.000000    -0.000000     1.000000     0.000000    -0.000000     0.000000    -0.000000     0.000000     0.000000     0.000000     0.000000     0.000000

    0.000356     0.129400   -13.680000    -9.810000    -0.000000    -0.000000    -0.000000     0.000000     0.000000    -0.000000     0.000000     0.000000    -0.000613     0.027870     0.000000     0.007414
   -0.087890    -0.655600   106.600000    -0.000000     0.000000     0.000000    -0.000000    -0.000000     0.000000    -0.000000     0.000000     0.000000     0.008306    -0.354800     0.000000    -0.139600
    0.002466    -0.021170    -1.069000     0.000000    -0.001422    -0.078290     0.018680     0.000000    -0.000000     0.000000    -0.000000     0.000000    -0.000686     0.000587     0.001726    -0.055650
   -0.000000    -0.000000     1.000000     0.000000     0.000000    -0.000000    -0.000000     0.000000    -0.000000     0.000000    -0.000000     0.000000     0.000000     0.000000     0.000000     0.000000
    0.000000     0.000000    -0.000000    -0.000000    -0.109600    13.470000  -109.500000     9.810000    -0.000000     0.000000    -0.000000    -0.000000     0.000000    -0.000000     0.002756    -0.000000
    0.000179    -0.001539    -0.077700    -0.000000    -0.085250    -3.834000     1.390000    -0.000000     0.000000    -0.000000     0.000000    -0.000000    -0.000050     0.000043     0.086480    -0.004046
    0.000037    -0.000318    -0.016030    -0.000000     0.014730    -0.214800    -0.516800    -0.000000     0.000000    -0.000000     0.000000    -0.000000    -0.000010     0.000009     0.002403    -0.000835
   -0.000000    -0.000000     0.000000    -0.000000     0.000000     1.000000     0.000000     0.000000    -0.000000     0.000000    -0.000000     0.000000     0.000000     0.000000     0.000000     0.000000
    1.000000     0.000000    -0.000000    13.330000    -0.000000     0.000000     0.000000     0.000000     0.000000    -0.000000     0.000000     0.000000    -0.000000    -0.000000    -0.000000    -0.000000
    0.000000    -0.000000     0.000000    -0.000000     1.000000    -0.000000    -0.000000   -13.330000    -0.000000     0.000000    -0.000000   114.400000     0.000000     0.000000     0.000000     0.000000
   -0.000000     1.000000    -0.000000  -114.400000     0.000000     0.000000     0.000000     0.000000     0.000000    -0.000000     0.000000     0.000000    -0.000000    -0.000000    -0.000000    -0.000000
   -0.000000    -0.000000     0.000000     0.000000     0.000000    -0.000000     1.000000    -0.000000    -0.000000     0.000000    -0.000000     0.000000     0.000000     0.000000     0.000000     0.000000

    0.000069     0.057720   -13.830000    -9.810000     0.000000     0.000000     0.000000     0.000000     0.000000    -0.000000     0.000000     0.000000    -0.000346     0.020160    -0.000000     0.004634
   -0.050190    -0.569500   223.600000    -0.000000    -0.000000     0.000000     0.000000    -0.000000     0.000000    -0.000000     0.000000     0.000000     0.014190    -0.647800     0.000000    -0.234800
    0.001208    -0.020270    -1.110000     0.000000    -0.001320    -0.085030     0.014490     0.000000    -0.000000     0.000000    -0.000000     0.000000    -0.001663    -0.000522     0.003842    -0.118700
   -0.000000    -0.000000     1.000000     0.000000     0.000000    -0.000000    -0.000000     0.000000    -0.000000     0.000000    -0.000000     0.000000     0.000000     0.000000     0.000000     0.000000
   -0.000000    -0.000000     0.000000    -0.000000    -0.086250    13.570000  -226.000000     9.810000    -0.000000     0.000000    -0.000000    -0.000000     0.000000    -0.000000     0.007079     0.000000
    0.000091    -0.001520    -0.083210    -0.000000    -0.065030    -3.311000     0.969500    -0.000000     0.000000    -0.000000     0.000000    -0.000000    -0.000125    -0.000039     0.151700    -0.008896
    0.000021    -0.000345    -0.018890    -0.000000     0.014640    -0.104400    -0.466200    -0.000000     0.000000    -0.000000     0.000000    -0.000000    -0.000028    -0.000009     0.002166    -0.002020
   -0.000000    -0.000000     0.000000     0.000000     0.000000     1.000000     0.000000     0.000000    -0.000000     0.000000    -0.000000     0.000000     0.000000     0.000000     0.000000     0.000000
    1.000000     0.000000    -0.000000    13.690000    -0.000000     0.000000     0.000000     0.000000     0.000000    -0.000000     0.000000     0.000000    -0.000000    -0.000000    -0.000000    -0.000000
    0.000000    -0.000000     0.000000    -0.000000     1.000000    -0.000000    -0.000000   -13.690000    -0.000000     0.000000    -0.000000   229.800000     0.000000     0.000000     0.000000     0.000000
   -0.000000     1.000000    -0.000000  -229.800000     0.000000     0.000000     0.000000     0.000000     0.000000    -0.000000     0.000000     0.000000    -0.000000    -0.000000    -0.000000    -0.000000
   -0.000000    -0.000000     0.000000     0.000000     0.000000    -0.000000     1.000000    -0.000000    -0.000000     0.000000    -0.000000     0.000000     0.000000     0.000000     0.000000     0.000000

    0.000052     0.057100   -12.850000    -9.810000     0.000000    -0.000000     0.000000     0.000000     0.000000    -0.000000     0.000000     0.000000    -0.000325     0.019400    -0.000000     0.004403
   -0.050800    -0.601100   223.300000    -0.000000    -0.000000     0.000000    -0.000000    -0.000000     0.000000    -0.000000     0.000000     0.000000     0.014970    -0.684300     0.000000    -0.247800
    0.001115    -0.020150    -1.109000     0.000000    -0.001304    -0.084900     0.014060     0.000000    -0.000000     0.000000    -0.000000     0.000000    -0.001664    -0.000496     0.003843    -0.118600
   -0.000000    -0.000000     1.000000     0.000000     0.000000    -0.000000    -0.000000    -0.000000    -0.000000     0.000000    -0.000000     0.000000     0.000000     0.000000     0.000000     0.000000
   -0.000000    -0.000000     0.000000    -0.000000    -0.091150    12.570000  -225.900000     9.810000    -0.000000     0.000000    -0.000000    -0.000000     0.000000    -0.000000     0.007633     0.000000
    0.000084    -0.001511    -0.083150    -0.000000    -0.064420    -3.312000     0.951800    -0.000000     0.000000    -0.000000     0.000000    -0.000000    -0.000125    -0.000037     0.151900    -0.008892
    0.000019    -0.000343    -0.018880    -0.000000     0.014710    -0.096730    -0.465500    -0.000000     0.000000    -0.000000     0.000000    -0.000000    -0.000028    -0.000008     0.002059    -0.002019
   -0.000000    -0.000000     0.000000     0.000000     0.000000     1.000000     0.000000     0.000000    -0.000000     0.000000    -0.000000     0.000000     0.000000     0.000000     0.000000     0.000000
    1.000000     0.000000    -0.000000    12.710000    -0.000000     0.000000     0.000000     0.000000     0.000000    -0.000000     0.000000     0.000000    -0.000000    -0.000000    -0.000000    -0.000000
    0.000000    -0.000000     0.000000    -0.000000     1.000000    -0.000000    -0.000000   -12.710000    -0.000000     0.000000    -0.000000   229.800000     0.000000     0.000000     0.000000     0.000000
   -0.000000     1.000000    -0.000000  -229.800000     0.000000     0.000000     0.000000     0.000000     0.000000    -0.000000     0.000000     0.000000    -0.000000    -0.000000    -0.000000    -0.000000
   -0.000000    -0.000000     0.000000     0.000000     0.000000    -0.000000     1.000000    -0.000000    -0.000000     0.000000    -0.000000     0.000000     0.000000     0.000000     0.000000     0.000000

    0.000357     0.128600   -12.840000    -9.810000    -0.000000    -0.000000    -0.000000     0.000000     0.000000    -0.000000     0.000000     0.000000    -0.000601     0.027460     0.000000     0.007259
   -0.088450    -0.691300   106.300000    -0.000000     0.000000     0.000000    -0.000000    -0.000000     0.000000    -0.000000     0.000000     0.000000     0.008760    -0.374800     0.000000    -0.147200
    0.002289    -0.020990    -1.068000     0.000000    -0.001399    -0.078140     0.018050     0.000000    -0.000000     0.000000    -0.000000     0.000000    -0.000687     0.000607     0.001728    -0.055660
   -0.000000    -0.000000     1.000000    -0.000000     0.000000    -0.000000    -0.000000    -0.000000    -0.000000     0.000000    -0.000000    -0.000000     0.000000     0.000000     0.000000     0.000000
    0.000000     0.000000    -0.000000    -0.000000    -0.115900    12.590000  -109.300000     9.810000    -0.000000     0.000000    -0.000000    -0.000000     0.000000    -0.000000     0.003089    -0.000000
    0.000166    -0.001526    -0.077640    -0.000000    -0.084170    -3.837000     1.358000    -0.000000     0.000000    -0.000000     0.000000    -0.000000    -0.000050     0.000044     0.086680    -0.004047
    0.000034    -0.000315    -0.016020    -0.000000     0.014870    -0.201300    -0.516300    -0.000000     0.000000    -0.000000     0.000000    -0.000000    -0.000010     0.000009     0.002300    -0.000835
   -0.000000    -0.000000     0.000000     0.000000     0.000000     1.000000     0.000000    -0.000000    -0.000000     0.000000    -0.000000    -0.000000     0.000000     0.000000     0.000000     0.000000
    1.000000     0.000000    -0.000000    12.490000    -0.000000     0.000000     0.000000     0.000000     0.000000    -0.000000     0.000000     0.000000    -0.000000    -0.000000    -0.000000    -0.000000
    0.000000    -0.000000     0.000000    -0.000000     1.000000    -0.000000    -0.000000   -12.490000    -0.000000     0.000000    -0.000000   114.500000     0.000000     0.000000     0.000000     0.000000
   -0.000000     1.000000    -0.000000  -114.500000     0.000000     0.000000     0.000000     0.000000     0.000000    -0.000000     0.000000     0.000000    -0.000000    -0.000000    -0.000000    -0.000000
   -0.000000    -0.000000     0.000000     0.000000     0.000000    -0.000000     1.000000    -0.000000    -0.000000     0.000000    -0.000000    -0.000000     0.000000     0.000000     0.000000     0.000000

    0.000147     0.210500   -16.960000    -9.810000     0.000000     0.000000     0.000000     0.000000     0.000000    -0.000000     0.000000     0.000000    -0.000761     0.031680    -0.000000     0.009361
   -0.122000    -0.563700    66.940000    -0.000000    -0.000000     0.000000     0.000000    -0.000000     0.000000    -0.000000     0.000000     0.000000     0.004664    -0.190700    -0.000000    -0.079770
    0.003924    -0.017780    -0.807200     0.000000    -0.001266    -0.057800     0.019710     0.000000    -0.000000     0.000000    -0.000000     0.000000    -0.000300     0.000378     0.000799    -0.026850
   -0.000000    -0.000000     1.000000    -0.000000     0.000000    -0.000000    -0.000000    -0.000000    -0.000000     0.000000    -0.000000    -0.000000     0.000000     0.000000     0.000000     0.000000
    0.000000     0.000000     0.000000    -0.000000    -0.097860    16.950000   -69.210000     9.810000    -0.000000     0.000000    -0.000000    -0.000000    -0.000000     0.000000     0.000097     0.000000
    0.000280    -0.001268    -0.057570    -0.000000    -0.082320    -3.118000     1.500000    -0.000000     0.000000    -0.000000     0.000000    -0.000000    -0.000021     0.000027     0.044940    -0.001915
    0.000055    -0.000249    -0.011280    -0.000000     0.009979    -0.309600    -0.415600    -0.000000     0.000000    -0.000000     0.000000    -0.000000    -0.000004     0.000005     0.002116    -0.000375
   -0.000000    -0.000000     0.000000     0.000000     0.000000     1.000000     0.000000    -0.000000    -0.000000     0.000000    -0.000000    -0.000000     0.000000     0.000000     0.000000     0.000000
    1.000000     0.000000    -0.000000    16.350000    -0.000000     0.000000     0.000000     0.000000     0.000000    -0.000000     0.000000     0.000000    -0.000000    -0.000000    -0.000000    -0.000000
    0.000000    -0.000000     0.000000    -0.000000     1.000000    -0.000000    -0.000000   -16.350000    -0.000000     0.000000    -0.000000    74.050000     0.000000     0.000000     0.000000     0.000000
   -0.000000     1.000000    -0.000000   -74.050000     0.000000     0.000000     0.000000     0.000000     0.000000    -0.000000     0.000000     0.000000    -0.000000    -0.000000    -0.000000    -0.000000
   -0.000000    -0.000000     0.000000     0.000000     0.000000    -0.000000     1.000000    -0.000000    -0.000000     0.000000    -0.000000    -0.000000     0.000000     0.000000     0.000000     0.000000
