u  w  q  the  v  p  r  phi  x  y  z  psi  |  slat  flap  aileron  elevator
   -0.010310     0.429500   -25.810000    -9.810000     0.000000     0.000000    -0.000000     0.000000     0.000000    -0.000000     0.000000     0.000000    -0.000941     0.030800    -0.000000     0.010270
   -0.218100    -0.340100    30.410000    -0.000000    -0.000000     0.000000     0.000000    -0.000000     0.000000    -0.000000     0.000000     0.000000     0.001699    -0.055070     0.000000    -0.017510
    0.015920    -0.021380    -0.601200     0.000000     0.000182    -0.026870     0.010100     0.000000    -0.000000     0.000000    -0.000000     0.000000    -0.000179     0.000585     0.000208    -0.011320
   -0.000000    -0.000000     1.000000     0.000000     0.000000    -0.000000    -0.000000     0.000000    -0.000000     0.000000    -0.000000     0.000000     0.000000     0.000000     0.000000     0.000000
   -0.000000     0.000000    -0.000000    -0.000000    -0.051150    25.450000   -32.120000     9.810000    -0.000000     0.000000    -0.000000    -0.000000    -0.000000    -0.000000    -0.000416     0.000000
    0.000426    -0.000572    -0.016080    -0.000000    -0.078960    -9.517000     9.435000    -0.000000     0.000000    -0.000000     0.000000    -0.000000    -0.000005     0.000016     0.108500    -0.000303
    0.000311    -0.000418    -0.011760    -0.000000     0.018060    -0.678500    -0.294600    -0.000000     0.000000    -0.000000     0.000000    -0.000000    -0.000004     0.000011     0.001963    -0.000221
   -0.000000    -0.000000     0.000000     0.000000     0.000000     1.000000     0.000000     0.000000    -0.000000     0.000000    -0.000000     0.000000     0.000000     0.000000     0.000000     0.000000
    1.000000     0.000000    -0.000000    24.970000    -0.000000     0.000000     0.000000     0.000000     0.000000    -0.000000     0.000000     0.000000    -0.000000    -0.000000    -0.000000    -0.000000
    0.000000    -0.000000     0.000000    -0.000000     1.000000    -0.000000    -0.000000   -24.970000    -0.000000     0.000000    -0.000000    33.530000     0.000000     0.000000     0.000000     0.000000
   -0.000000     1.000000    -0.000000   -33.530000     0.000000     0.000000     0.000000     0.000000     0.000000    -0.000000     0.000000     0.000000    -0.000000    -0.000000    -0.000000    -0.000000
   -0.000000    -0.000000     0.000000     0.000000     0.000000    -0.000000     1.000000    -0.000000    -0.000000     0.000000    -0.000000     0.000000     0.000000     0.000000     0.000000     0.000000

   -0.000734     0.254900   -17.280000    -9.810000    -0.000000     0.000000     0.000000     0.000000     0.000000    -0.000000     0.000000     0.000000    -0.000946     0.032990    -0.000000     0.010760
   -0.142900    -0.556100    57.680000    -0.000000     0.000000    -0.000000    -0.000000    -0.000000     0.000000    -0.000000     0.000000     0.000000     0.004906    -0.171300     0.000000    -0.053370
    0.008180    -0.030500    -0.855400     0.000000     0.000400    -0.033570     0.000371     0.000000    -0.000000     0.000000    -0.000000     0.000000    -0.000553     0.001484     0.000610    -0.032560
   -0.000000    -0.000000     1.000000     0.000000     0.000000    -0.000000    -0.000000     0.000000    -0.000000     0.000000    -0.000000     0.000000     0.000000     0.000000     0.000000     0.000000
    0.000000    -0.000000     0.000000    -0.000000    -0.099020    17.010000   -59.540000     9.810000    -0.000000     0.000000    -0.000000    -0.000000    -0.000000    -0.000000    -0.000956    -0.000000
    0.000228    -0.000850    -0.023840    -0.000000    -0.178400   -16.490000     7.943000    -0.000000     0.000000    -0.000000     0.000000    -0.000000    -0.000015     0.000041     0.353900    -0.000907
    0.000170    -0.000634    -0.017770    -0.000000     0.038530    -0.279800    -0.724900    -0.000000     0.000000    -0.000000     0.000000    -0.000000    -0.000011     0.000031    -0.000022    -0.000676
   -0.000000    -0.000000     0.000000     0.000000     0.000000     1.000000     0.000000     0.000000    -0.000000     0.000000    -0.000000     0.000000     0.000000     0.000000     0.000000     0.000000
    1.000000     0.000000    -0.000000    16.780000    -0.000000     0.000000     0.000000     0.000000     0.000000    -0.000000     0.000000     0.000000    -0.000000    -0.000000    -0.000000    -0.000000
    0.000000    -0.000000     0.000000    -0.000000     1.000000    -0.000000    -0.000000   -16.780000    -0.000000     0.000000    -0.000000    62.580000     0.000000     0.000000     0.000000     0.000000
   -0.000000     1.000000    -0.000000   -62.580000     0.000000     0.000000     0.000000     0.000000     0.000000    -0.000000     0.000000     0.000000    -0.000000    -0.000000    -0.000000    -0.000000
   -0.000000    -0.000000     0.000000     0.000000     0.000000    -0.000000     1.000000     0.000000    -0.000000     0.000000    -0.000000     0.000000     0.000000     0.000000     0.000000     0.000000

    0.000407     0.108600   -10.410000    -9.810000    -0.000000    -0.000000     0.000000     0.000000     0.000000    -0.000000     0.000000     0.000000    -0.000714     0.025700     0.000000     0.008674
   -0.079460    -0.805200   128.700000    -0.000000     0.000000    -0.000000    -0.000000    -0.000000     0.000000    -0.000000     0.000000     0.000000     0.015020    -0.542700     0.000000    -0.166900
    0.003467    -0.045990    -1.304000     0.000000     0.000824    -0.049450    -0.013460     0.000000    -0.000000     0.000000    -0.000000     0.000000    -0.001974     0.004881     0.002238    -0.111500
   -0.000000    -0.000000     1.000000    -0.000000     0.000000    -0.000000    -0.000000    -0.000000    -0.000000     0.000000    -0.000000    -0.000000     0.000000     0.000000     0.000000     0.000000
   -0.000000    -0.000000    -0.000000    -0.000000    -0.149800    10.220000  -130.800000     9.810000    -0.000000     0.000000    -0.000000    -0.000000    -0.000000    -0.000000    -0.002679    -0.000000
    0.000105    -0.001392    -0.039470    -0.000000    -0.322100   -26.750000     7.500000    -0.000000     0.000000    -0.000000     0.000000    -0.000000    -0.000060     0.000148     1.249000    -0.003375
    0.000082    -0.001088    -0.030840    -0.000000     0.068480     0.213600    -1.328000    -0.000000     0.000000    -0.000000     0.000000    -0.000000    -0.000047     0.000115    -0.013240    -0.002637
   -0.000000    -0.000000     0.000000     0.000000     0.000000     1.000000     0.000000    -0.000000    -0.000000     0.000000    -0.000000    -0.000000     0.000000     0.000000     0.000000     0.000000
    1.000000     0.000000    -0.000000    10.220000    -0.000000     0.000000     0.000000     0.000000     0.000000    -0.000000     0.000000     0.000000    -0.000000    -0.000000    -0.000000    -0.000000
    0.000000    -0.000000     0.000000    -0.000000     1.000000    -0.000000    -0.000000   -10.220000    -0.000000     0.000000    -0.000000   135.500000     0.000000     0.000000     0.000000     0.000000
   -0.000000     1.000000    -0.000000  -135.500000     0.000000     0.000000     0.000000     0.000000     0.000000    -0.000000     0.000000     0.000000    -0.000000    -0.000000    -0.000000    -0.000000
   -0.000000    -0.000000     0.000000     0.000000     0.000000    -0.000000     1.000000    -0.000000    -0.000000     0.000000    -0.000000    -0.000000     0.000000     0.000000     0.000000     0.000000

    0.000414     0.107500    -9.585000    -9.810000    -0.000000     0.000000     0.000000     0.000000     0.000000    -0.000000     0.000000     0.000000    -0.000692     0.024930     0.000000     0.008469
   -0.080380    -0.858700   128.300000    -0.000000     0.000000    -0.000000    -0.000000    -0.000000     0.000000    -0.000000     0.000000     0.000000     0.016020    -0.579100     0.000000    -0.178100
    0.003177    -0.045880    -1.302000     0.000000     0.000826    -0.049090    -0.013900     0.000000    -0.000000     0.000000    -0.000000     0.000000    -0.001974     0.004862     0.002236    -0.111400
   -0.000000    -0.000000     1.000000     0.000000     0.000000    -0.000000    -0.000000     0.000000    -0.000000     0.000000    -0.000000     0.000000     0.000000     0.000000     0.000000     0.000000
   -0.000000    -0.000000     0.000000    -0.000000    -0.160200     9.387000  -130.500000     9.810000    -0.000000     0.000000    -0.000000    -0.000000    -0.000000    -0.000000    -0.002846    -0.000000
    0.000096    -0.001388    -0.039390    -0.000000    -0.323200   -26.760000     7.329000    -0.000000     0.000000    -0.000000     0.000000    -0.000000    -0.000060     0.000147     1.250000    -0.003372
    0.000075    -0.001085    -0.030780    -0.000000     0.068670     0.231500    -1.332000    -0.000000     0.000000    -0.000000     0.000000    -0.000000    -0.000047     0.000115    -0.013500    -0.002635
   -0.000000    -0.000000     0.000000     0.000000     0.000000     1.000000     0.000000     0.000000    -0.000000     0.000000    -0.000000     0.000000     0.000000     0.000000     0.000000     0.000000
    1.000000     0.000000    -0.000000     9.389000    -0.000000     0.000000     0.000000     0.000000     0.000000    -0.000000     0.000000     0.000000    -0.000000    -0.000000    -0.000000    -0.000000
    0.000000    -0.000000     0.000000    -0.000000     1.000000    -0.000000    -0.000000    -9.389000    -0.000000     0.000000    -0.000000   135.600000     0.000000     0.000000     0.000000     0.000000
   -0.000000     1.000000    -0.000000  -135.600000     0.000000     0.000000     0.000000     0.000000     0.000000    -0.000000     0.000000     0.000000    -0.000000    -0.000000    -0.000000    -0.000000
   -0.000000    -0.000000     0.000000     0.000000     0.000000    -0.000000     1.000000    -0.000000    -0.000000     0.000000    -0.000000     0.000000     0.000000     0.000000     0.000000     0.000000

   -0.000528     0.253600   -16.090000    -9.810000    -0.000000    -0.000000     0.000000     0.000000     0.000000    -0.000000     0.000000     0.000000    -0.000940     0.032840    -0.000000     0.010710
   -0.143000    -0.595000    57.650000    -0.000000     0.000000    -0.000000    -0.000000    -0.000000     0.000000    -0.000000     0.000000     0.000000     0.005262    -0.184300     0.000000    -0.057390
    0.007534    -0.030380    -0.852400     0.000000     0.000405    -0.033080    -0.000398     0.000000    -0.000000     0.000000    -0.000000     0.000000    -0.000557     0.001477     0.000611    -0.032710
   -0.000000    -0.000000     1.000000     0.000000     0.000000    -0.000000    -0.000000     0.000000    -0.000000     0.000000    -0.000000     0.000000     0.000000     0.000000     0.000000     0.000000
    0.000000    -0.000000     0.000000    -0.000000    -0.106800    15.810000   -59.590000     9.810000    -0.000000     0.000000    -0.000000    -0.000000    -0.000000    -0.000000    -0.001014    -0.000000
    0.000210    -0.000847    -0.023750    -0.000000    -0.181100   -16.580000     7.627000    -0.000000     0.000000    -0.000000     0.000000    -0.000000    -0.000016     0.000041     0.357600    -0.000911
    0.000157    -0.000631    -0.017700    -0.000000     0.039030    -0.244800    -0.737100    -0.000000     0.000000    -0.000000     0.000000    -0.000000    -0.000012     0.000031    -0.000262    -0.000679
   -0.000000    -0.000000     0.000000     0.000000     0.000000     1.000000     0.000000     0.000000    -0.000000     0.000000    -0.000000     0.000000     0.000000     0.000000     0.000000     0.000000
    1.000000     0.000000    -0.000000    15.600000    -0.000000     0.000000     0.000000     0.000000     0.000000    -0.000000     0.000000     0.000000    -0.000000    -0.000000    -0.000000    -0.000000
    0.000000    -0.000000     0.000000    -0.000000     1.000000    -0.000000    -0.000000   -15.600000    -0.000000     0.000000    -0.000000    62.890000     0.000000     0.000000     0.000000     0.000000
   -0.000000     1.000000    -0.000000   -62.890000     0.000000     0.000000     0.000000     0.000000     0.000000    -0.000000     0.000000     0.000000    -0.000000    -0.000000    -0.000000    -0.000000
   -0.000000    -0.000000     0.000000     0.000000     0.000000    -0.000000     1.000000     0.000000    -0.000000     0.000000    -0.000000     0.000000     0.000000     0.000000     0.000000     0.000000

   -0.008569     0.424700   -23.910000    -9.810000     0.000000    -0.000000    -0.000000     0.000000     0.000000    -0.000000     0.000000     0.000000    -0.000957     0.031650     0.000000     0.010510
   -0.216300    -0.376200    31.420000    -0.000000    -0.000000     0.000000     0.000000    -0.000000     0.000000    -0.000000     0.000000     0.000000     0.001935    -0.063500     0.000000    -0.020140
    0.014270    -0.021560    -0.604500     0.000000     0.000195    -0.026420     0.008725     0.000000    -0.000000     0.000000    -0.000000     0.000000    -0.000191     0.000605     0.000219    -0.011990
   -0.000000    -0.000000     1.000000     0.000000     0.000000    -0.000000    -0.000000     0.000000    -0.000000     0.000000    -0.000000     0.000000     0.000000     0.000000     0.000000     0.000000
   -0.000000     0.000000    -0.000000    -0.000000    -0.058620    23.550000   -33.200000     9.810000    -0.000000     0.000000    -0.000000    -0.000000    -0.000000    -0.000000    -0.000457     0.000000
    0.000382    -0.000577    -0.016170    -0.000000    -0.086320    -9.912000     8.935000    -0.000000     0.000000    -0.000000     0.000000    -0.000000    -0.000005     0.000016     0.117600    -0.000321
    0.000279    -0.000422    -0.011830    -0.000000     0.019510    -0.615400    -0.327800    -0.000000     0.000000    -0.000000     0.000000    -0.000000    -0.000004     0.000012     0.001795    -0.000235
   -0.000000    -0.000000     0.000000     0.000000     0.000000     1.000000     0.000000     0.000000    -0.000000     0.000000    -0.000000     0.000000     0.000000     0.000000     0.000000     0.000000
    1.000000     0.000000    -0.000000    23.080000    -0.000000     0.000000     0.000000     0.000000     0.000000    -0.000000     0.000000     0.000000    -0.000000    -0.000000    -0.000000    -0.000000
    0.000000    -0.000000     0.000000    -0.000000     1.000000    -0.000000    -0.000000   -23.080000    -0.000000     0.000000    -0.000000    34.860000     0.000000     0.000000     0.000000     0.000000
   -0.000000     1.000000    -0.000000   -34.860000     0.000000     0.000000     0.000000     0.000000     0.000000    -0.000000     0.000000     0.000000    -0.000000    -0.000000    -0.000000    -0.000000
   -0.000000    -0.000000     0.000000     0.000000     0.000000    -0.000000     1.000000     0.000000    -0.000000     0.000000    -0.000000     0.000000     0.000000     0.000000     0.000000     0.000000
