u  w  q  the  v  p  r  phi  x  y  z  psi  |  slat  flap  aileron  elevator
   -0.020590     0.444400   -26.720000    -9.810000     0.000000     0.000000    -0.000000     0.000000     0.000000    -0.000000     0.000000     0.000000    -0.000967     0.031460    -0.000000     0.012000
   -0.209100    -0.331300    29.320000    -0.000000    -0.000000     0.000000     0.000000    -0.000000     0.000000    -0.000000     0.000000     0.000000     0.001621    -0.052140     0.000000    -0.016610
    0.020940    -0.026210    -0.633400     0.000000    -0.000193    -0.099470     0.077760     0.000000    -0.000000     0.000000    -0.000000     0.000000    -0.000119    -0.000685     0.000952    -0.010580
   -0.000000    -0.000000     1.000000     0.000000     0.000000    -0.000000    -0.000000    -0.000000    -0.000000     0.000000    -0.000000     0.000000     0.000000     0.000000     0.000000     0.000000
   -0.000000     0.000000    -0.000000    -0.000000    -0.050500    26.610000   -31.280000     9.810000    -0.000000     0.000000    -0.000000    -0.000000    -0.000000    -0.000000    -0.000418     0.000000
    0.003580    -0.004480    -0.108300    -0.000000    -0.044500    -5.200000     5.468000    -0.000000     0.000000    -0.000000     0.000000    -0.000000    -0.000020    -0.000117     0.057560    -0.001808
    0.000651    -0.000814    -0.019680    -0.000000     0.016730    -0.645800    -0.229000    -0.000000     0.000000    -0.000000     0.000000    -0.000000    -0.000004    -0.000021     0.002123    -0.000329
   -0.000000    -0.000000     0.000000     0.000000     0.000000     1.000000     0.000000     0.000000    -0.000000     0.000000    -0.000000     0.000000     0.000000     0.000000     0.000000     0.000000
    1.000000     0.000000    -0.000000    26.100000    -0.000000     0.000000     0.000000     0.000000     0.000000    -0.000000     0.000000     0.000000    -0.000000    -0.000000    -0.000000    -0.000000
    0.000000    -0.000000     0.000000    -0.000000     1.000000    -0.000000    -0.000000   -26.100000    -0.000000     0.000000    -0.000000    32.660000     0.000000     0.000000     0.000000     0.000000
   -0.000000     1.000000    -0.000000   -32.660000     0.000000     0.000000     0.000000     0.000000     0.000000    -0.000000     0.000000     0.000000    -0.000000    -0.000000    -0.000000    -0.000000
   -0.000000    -0.000000     0.000000     0.000000     0.000000    -0.000000     1.000000     0.000000    -0.000000     0.000000    -0.000000     0.000000     0.000000     0.000000     0.000000     0.000000

   -0.003030     0.263800   -17.980000    -9.810000    -0.000000     0.000000     0.000000     0.000000     0.000000    -0.000000     0.000000     0.000000    -0.000995     0.034670    -0.000000     0.013350
   -0.136000    -0.554200    57.070000    -0.000000     0.000000    -0.000000    -0.000000    -0.000000     0.000000    -0.000000     0.000000     0.000000     0.004879    -0.170000     0.000000    -0.053000
    0.011460    -0.040620    -0.878400     0.000000    -0.000510    -0.158100     0.054210     0.000000    -0.000000     0.000000    -0.000000     0.000000    -0.000380    -0.002787     0.003208    -0.031120
   -0.000000    -0.000000     1.000000    -0.000000     0.000000    -0.000000    -0.000000    -0.000000    -0.000000     0.000000    -0.000000    -0.000000     0.000000     0.000000     0.000000     0.000000
    0.000000    -0.000000     0.000000    -0.000000    -0.099510    17.830000   -59.270000     9.810000    -0.000000     0.000000    -0.000000    -0.000000    -0.000000    -0.000000    -0.000977    -0.000000
    0.002019    -0.007161    -0.154900    -0.000000    -0.098120    -8.963000     4.495000    -0.000000     0.000000    -0.000000     0.000000    -0.000000    -0.000067    -0.000491     0.191400    -0.005486
    0.000373    -0.001322    -0.028590    -0.000000     0.035120    -0.324000    -0.631900    -0.000000     0.000000    -0.000000     0.000000    -0.000000    -0.000012    -0.000091     0.001601    -0.001013
   -0.000000    -0.000000     0.000000     0.000000     0.000000     1.000000     0.000000    -0.000000    -0.000000     0.000000    -0.000000    -0.000000     0.000000     0.000000     0.000000     0.000000
    1.000000     0.000000    -0.000000    17.590000    -0.000000     0.000000     0.000000     0.000000     0.000000    -0.000000     0.000000     0.000000    -0.000000    -0.000000    -0.000000    -0.000000
    0.000000    -0.000000     0.000000    -0.000000     1.000000    -0.000000    -0.000000   -17.590000    -0.000000     0.000000    -0.000000    62.360000     0.000000     0.000000     0.000000     0.000000
   -0.000000     1.000000    -0.000000   -62.360000     0.000000     0.000000     0.000000     0.000000     0.000000    -0.000000     0.000000     0.000000    -0.000000    -0.000000    -0.000000    -0.000000
   -0.000000    -0.000000     0.000000     0.000000     0.000000    -0.000000     1.000000    -0.000000    -0.000000     0.000000    -0.000000    -0.000000     0.000000     0.000000     0.000000     0.000000

    0.000131     0.113000   -10.970000    -9.810000    -0.000000     0.000000     0.000000     0.000000     0.000000    -0.000000     0.000000     0.000000    -0.000766     0.027580    -0.000000     0.011550
   -0.075950    -0.805000   128.100000    -0.000000     0.000000     0.000000    -0.000000    -0.000000     0.000000    -0.000000     0.000000     0.000000     0.015020    -0.542200     0.000000    -0.166800
    0.005025    -0.062970    -1.297000     0.000000    -0.000959    -0.260200     0.033800     0.000000    -0.000000     0.000000    -0.000000     0.000000    -0.001350    -0.010550     0.012040    -0.104800
   -0.000000    -0.000000     1.000000     0.000000     0.000000    -0.000000    -0.000000     0.000000    -0.000000     0.000000    -0.000000     0.000000     0.000000     0.000000     0.000000     0.000000
   -0.000000    -0.000000     0.000000    -0.000000    -0.150200    10.820000  -130.700000     9.810000    -0.000000     0.000000    -0.000000    -0.000000    -0.000000    -0.000000    -0.002709    -0.000000
    0.000944    -0.011830    -0.243700    -0.000000    -0.164700   -13.690000     3.980000    -0.000000     0.000000    -0.000000     0.000000    -0.000000    -0.000254    -0.001982     0.638800    -0.019680
    0.000180    -0.002261    -0.046580    -0.000000     0.059780     0.009467    -1.152000    -0.000000     0.000000    -0.000000     0.000000    -0.000000    -0.000048    -0.000379    -0.003255    -0.003762
   -0.000000    -0.000000     0.000000    -0.000000     0.000000     1.000000     0.000000     0.000000    -0.000000     0.000000    -0.000000     0.000000     0.000000     0.000000     0.000000     0.000000
    1.000000     0.000000    -0.000000    10.810000    -0.000000     0.000000     0.000000     0.000000     0.000000    -0.000000     0.000000     0.000000    -0.000000    -0.000000    -0.000000    -0.000000
    0.000000    -0.000000     0.000000    -0.000000     1.000000    -0.000000    -0.000000   -10.810000    -0.000000     0.000000    -0.000000   135.500000     0.000000     0.000000     0.000000     0.000000
   -0.000000     1.000000    -0.000000  -135.500000     0.000000     0.000000     0.000000     0.000000     0.000000    -0.000000     0.000000     0.000000    -0.000000    -0.000000    -0.000000    -0.000000
   -0.000000    -0.000000     0.000000     0.000000     0.000000    -0.000000     1.000000     0.000000    -0.000000     0.000000    -0.000000     0.000000     0.000000     0.000000     0.000000     0.000000

    0.000164     0.111900   -10.100000    -9.810000    -0.000000     0.000000     0.000000     0.000000     0.000000    -0.000000     0.000000     0.000000    -0.000744     0.026820    -0.000000     0.011350
   -0.076860    -0.858500   127.700000    -0.000000     0.000000     0.000000    -0.000000    -0.000000     0.000000    -0.000000     0.000000     0.000000     0.016020    -0.578700     0.000000    -0.178000
    0.004615    -0.062900    -1.294000     0.000000    -0.000963    -0.259800     0.031880     0.000000    -0.000000     0.000000    -0.000000     0.000000    -0.001350    -0.010580     0.012040    -0.104700
   -0.000000    -0.000000     1.000000     0.000000     0.000000    -0.000000    -0.000000     0.000000    -0.000000     0.000000    -0.000000     0.000000     0.000000     0.000000     0.000000     0.000000
   -0.000000    -0.000000     0.000000    -0.000000    -0.160600     9.949000  -130.400000     9.810000    -0.000000     0.000000    -0.000000    -0.000000    -0.000000    -0.000000    -0.002875    -0.000000
    0.000867    -0.011810    -0.243000    -0.000000    -0.165200   -13.700000     3.889000    -0.000000     0.000000    -0.000000     0.000000    -0.000000    -0.000254    -0.001988     0.639500    -0.019660
    0.000166    -0.002259    -0.046450    -0.000000     0.059920     0.024940    -1.157000    -0.000000     0.000000    -0.000000     0.000000    -0.000000    -0.000048    -0.000380    -0.003476    -0.003759
   -0.000000    -0.000000     0.000000     0.000000     0.000000     1.000000     0.000000     0.000000    -0.000000     0.000000    -0.000000     0.000000     0.000000     0.000000     0.000000     0.000000
    1.000000     0.000000    -0.000000     9.945000    -0.000000     0.000000     0.000000     0.000000     0.000000    -0.000000     0.000000     0.000000    -0.000000    -0.000000    -0.000000    -0.000000
    0.000000    -0.000000     0.000000    -0.000000     1.000000    -0.000000    -0.000000    -9.945000    -0.000000     0.000000    -0.000000   135.500000     0.000000     0.000000     0.000000     0.000000
   -0.000000     1.000000    -0.000000  -135.500000     0.000000     0.000000     0.000000     0.000000     0.000000    -0.000000     0.000000     0.000000    -0.000000    -0.000000    -0.000000    -0.000000
   -0.000000    -0.000000     0.000000     0.000000     0.000000    -0.000000     1.000000     0.000000    -0.000000     0.000000    -0.000000     0.000000     0.000000     0.000000     0.000000     0.000000

   -0.002647     0.262600   -16.740000    -9.810000    -0.000000     0.000000     0.000000     0.000000     0.000000    -0.000000     0.000000     0.000000    -0.000989     0.034550    -0.000000     0.013330
   -0.136200    -0.593200    57.040000    -0.000000     0.000000    -0.000000    -0.000000    -0.000000     0.000000    -0.000000     0.000000     0.000000     0.005238    -0.183100     0.000000    -0.057040
    0.010590    -0.040610    -0.874000     0.000000    -0.000520    -0.158000     0.050850     0.000000    -0.000000     0.000000    -0.000000     0.000000    -0.000383    -0.002839     0.003238    -0.031270
   -0.000000    -0.000000     1.000000     0.000000     0.000000    -0.000000    -0.000000     0.000000    -0.000000     0.000000    -0.000000     0.000000     0.000000     0.000000     0.000000     0.000000
    0.000000    -0.000000     0.000000    -0.000000    -0.107300    16.580000   -59.350000     9.810000    -0.000000     0.000000    -0.000000    -0.000000    -0.000000    -0.000000    -0.001035    -0.000000
    0.001867    -0.007159    -0.154100    -0.000000    -0.099510    -9.015000     4.316000    -0.000000     0.000000    -0.000000     0.000000    -0.000000    -0.000068    -0.000500     0.193600    -0.005512
    0.000345    -0.001321    -0.028440    -0.000000     0.035550    -0.293200    -0.644900    -0.000000     0.000000    -0.000000     0.000000    -0.000000    -0.000012    -0.000092     0.001404    -0.001017
   -0.000000    -0.000000     0.000000     0.000000     0.000000     1.000000     0.000000     0.000000    -0.000000     0.000000    -0.000000     0.000000     0.000000     0.000000     0.000000     0.000000
    1.000000     0.000000    -0.000000    16.350000    -0.000000     0.000000     0.000000     0.000000     0.000000    -0.000000     0.000000     0.000000    -0.000000    -0.000000    -0.000000    -0.000000
    0.000000    -0.000000     0.000000    -0.000000     1.000000    -0.000000    -0.000000   -16.350000    -0.000000     0.000000    -0.000000    62.700000     0.000000     0.000000     0.000000     0.000000
   -0.000000     1.000000    -0.000000   -62.700000     0.000000     0.000000     0.000000     0.000000     0.000000    -0.000000     0.000000     0.000000    -0.000000    -0.000000    -0.000000    -0.000000
   -0.000000    -0.000000     0.000000     0.000000     0.000000    -0.000000     1.000000     0.000000    -0.000000     0.000000    -0.000000     0.000000     0.000000     0.000000     0.000000     0.000000

   -0.017620     0.439300   -24.750000    -9.810000     0.000000    -0.000000    -0.000000     0.000000     0.000000    -0.000000     0.000000     0.000000    -0.000988     0.032530     0.000000     0.012390
   -0.207100    -0.368500    30.450000    -0.000000    -0.000000    -0.000000     0.000000    -0.000000     0.000000    -0.000000     0.000000     0.000000     0.001866    -0.060820     0.000000    -0.019320
    0.018940    -0.026800    -0.635700     0.000000    -0.000219    -0.101600     0.072280     0.000000    -0.000000     0.000000    -0.000000     0.000000    -0.000128    -0.000778     0.001035    -0.011290
   -0.000000    -0.000000     1.000000     0.000000     0.000000    -0.000000    -0.000000     0.000000    -0.000000     0.000000    -0.000000     0.000000     0.000000     0.000000     0.000000     0.000000
   -0.000000     0.000000    -0.000000    -0.000000    -0.058210    24.620000   -32.500000     9.810000    -0.000000     0.000000    -0.000000    -0.000000    -0.000000    -0.000000    -0.000462     0.000000
    0.003238    -0.004582    -0.108700    -0.000000    -0.048810    -5.445000     5.181000    -0.000000     0.000000    -0.000000     0.000000    -0.000000    -0.000022    -0.000133     0.063100    -0.001931
    0.000589    -0.000833    -0.019760    -0.000000     0.018110    -0.590200    -0.263800    -0.000000     0.000000    -0.000000     0.000000    -0.000000    -0.000004    -0.000024     0.002020    -0.000351
   -0.000000    -0.000000     0.000000     0.000000     0.000000     1.000000     0.000000     0.000000    -0.000000     0.000000    -0.000000     0.000000     0.000000     0.000000     0.000000     0.000000
    1.000000     0.000000    -0.000000    24.130000    -0.000000     0.000000     0.000000     0.000000     0.000000    -0.000000     0.000000     0.000000    -0.000000    -0.000000    -0.000000    -0.000000
    0.000000    -0.000000     0.000000    -0.000000     1.000000    -0.000000    -0.000000   -24.130000    -0.000000     0.000000    -0.000000    34.140000     0.000000     0.000000     0.000000     0.000000
   -0.000000     1.000000    -0.000000   -34.140000     0.000000     0.000000     0.000000     0.000000     0.000000    -0.000000     0.000000     0.000000    -0.000000    -0.000000    -0.000000    -0.000000
   -0.000000    -0.000000     0.000000     0.000000     0.000000    -0.000000     1.000000    -0.000000    -0.000000     0.000000    -0.000000     0.000000     0.000000     0.000000     0.000000     0.000000
