u  w  q  the  v  p  r  phi  x  y  z  psi  |  slat  flap  aileron  elevator
    0.000458     0.208000   -17.690000    -9.810000     0.000000     0.000000     0.000000     0.000000     0.000000    -0.000000     0.000000     0.000000    -0.000750     0.031160    -0.000000     0.008283
   -0.124300    -0.534700    67.340000    -0.000000    -0.000000     0.000000     0.000000    -0.000000     0.000000    -0.000000     0.000000     0.000000     0.004415    -0.180100    -0.000000    -0.075500
    0.003603    -0.015630    -0.839200     0.000000    -0.000431    -0.013800     0.008585     0.000000    -0.000000     0.000000    -0.000000     0.000000    -0.000352     0.001682     0.000206    -0.028170
   -0.000000    -0.000000     1.000000     0.000000     0.000000    -0.000000    -0.000000     0.000000    -0.000000     0.000000    -0.000000     0.000000     0.000000     0.000000     0.000000     0.000000
    0.000000     0.000000     0.000000    -0.000000    -0.092540    17.650000   -69.330000     9.810000    -0.000000     0.000000    -0.000000    -0.000000    -0.000000     0.000000    -0.000039     0.000000
    0.000066    -0.000284    -0.015270    -0.000000    -0.888400   -33.100000    16.050000    -0.000000     0.000000    -0.000000     0.000000    -0.000000    -0.000006     0.000031     0.475200    -0.000513
   -0.000009     0.000040     0.002172    -0.000000    -0.000895    -0.941200    -0.300200    -0.000000     0.000000    -0.000000     0.000000    -0.000000     0.000001    -0.000004     0.010210     0.000073
   -0.000000    -0.000000     0.000000    -0.000000     0.000000     1.000000     0.000000     0.000000    -0.000000     0.000000    -0.000000     0.000000     0.000000     0.000000     0.000000     0.000000
    1.000000     0.000000    -0.000000    17.030000    -0.000000     0.000000     0.000000     0.000000     0.000000    -0.000000     0.000000     0.000000    -0.000000    -0.000000    -0.000000    -0.000000
    0.000000    -0.000000     0.000000    -0.000000     1.000000    -0.000000    -0.000000   -17.030000    -0.000000     0.000000    -0.000000    73.900000     0.000000     0.000000     0.000000     0.000000
   -0.000000     1.000000    -0.000000   -73.900000     0.000000     0.000000     0.000000     0.000000     0.000000    -0.000000     0.000000     0.000000    -0.000000    -0.000000    -0.000000    -0.000000
   -0.000000    -0.000000     0.000000     0.000000     0.000000    -0.000000     1.000000     0.000000    -0.000000     0.000000    -0.000000     0.000000     0.000000     0.000000     0.000000     0.000000

    0.000450     0.127100   -13.410000    -9.810000    -0.000000    -0.000000     0.000000     0.000000     0.000000    -0.000000     0.000000     0.000000    -0.000596     0.027180     0.000000     0.006137
   -0.089520    -0.655900   106.900000    -0.000000     0.000000     0.000000     0.000000    -0.000000     0.000000    -0.000000     0.000000     0.000000     0.008308    -0.354900     0.000000    -0.139600
    0.002026    -0.017780    -1.123000     0.000000    -0.000647    -0.025770     0.011410     0.000000    -0.000000     0.000000    -0.000000     0.000000    -0.000810     0.003503     0.000591    -0.059170
   -0.000000    -0.000000     1.000000     0.000000     0.000000    -0.000000    -0.000000    -0.000000    -0.000000     0.000000    -0.000000     0.000000     0.000000     0.000000     0.000000     0.000000
    0.000000     0.000000    -0.000000    -0.000000    -0.109800    13.170000  -109.500000     9.810000    -0.000000     0.000000    -0.000000    -0.000000     0.000000    -0.000000     0.002805    -0.000000
    0.000048    -0.000417    -0.026380    -0.000000    -1.129000   -50.970000    17.970000    -0.000000     0.000000    -0.000000     0.000000    -0.000000    -0.000019     0.000082     1.150000    -0.001389
   -0.000006     0.000051     0.003252    -0.000000     0.004193    -1.000000    -0.451900    -0.000000     0.000000    -0.000000     0.000000    -0.000000     0.000002    -0.000010     0.019250     0.000171
   -0.000000    -0.000000     0.000000     0.000000     0.000000     1.000000     0.000000     0.000000    -0.000000     0.000000    -0.000000     0.000000     0.000000     0.000000     0.000000     0.000000
    1.000000     0.000000    -0.000000    13.050000    -0.000000     0.000000     0.000000     0.000000     0.000000    -0.000000     0.000000     0.000000    -0.000000    -0.000000    -0.000000    -0.000000
    0.000000    -0.000000     0.000000    -0.000000     1.000000    -0.000000    -0.000000   -13.050000    -0.000000     0.000000    -0.000000   114.500000     0.000000     0.000000     0.000000     0.000000
   -0.000000     1.000000    -0.000000  -114.500000     0.000000     0.000000     0.000000     0.000000     0.000000    -0.000000     0.000000     0.000000    -0.000000    -0.000000    -0.000000    -0.000000
   -0.000000    -0.000000     0.000000     0.000000     0.000000    -0.000000     1.000000     0.000000    -0.000000     0.000000    -0.000000     0.000000     0.000000     0.000000     0.000000     0.000000

    0.000079     0.056610   -13.510000    -9.810000     0.000000     0.000000     0.000000     0.000000     0.000000    -0.000000     0.000000     0.000000    -0.000332     0.019500    -0.000000     0.003220
   -0.051020    -0.569600   223.800000    -0.000000    -0.000000     0.000000    -0.000000    -0.000000     0.000000    -0.000000     0.000000     0.000000     0.014190    -0.647900     0.000000    -0.234700
    0.000972    -0.016730    -1.196000     0.000000    -0.001115    -0.052270     0.017600     0.000000    -0.000000     0.000000    -0.000000     0.000000    -0.001992     0.006091     0.002410    -0.129300
   -0.000000    -0.000000     1.000000     0.000000     0.000000    -0.000000    -0.000000    -0.000000    -0.000000     0.000000    -0.000000     0.000000     0.000000     0.000000     0.000000     0.000000
   -0.000000    -0.000000     0.000000    -0.000000    -0.086340    13.230000  -226.100000     9.810000    -0.000000     0.000000    -0.000000    -0.000000     0.000000     0.000000     0.007119     0.000000
    0.000041    -0.000714    -0.051020    -0.000000    -1.479000   -75.530000    21.490000    -0.000000     0.000000    -0.000000     0.000000    -0.000000    -0.000085     0.000260     3.461000    -0.005515
   -0.000003     0.000059     0.004245    -0.000000     0.005731    -0.938000    -0.451900    -0.000000     0.000000    -0.000000     0.000000    -0.000000     0.000007    -0.000022     0.039170     0.000459
   -0.000000    -0.000000     0.000000     0.000000     0.000000     1.000000     0.000000     0.000000    -0.000000     0.000000    -0.000000     0.000000     0.000000     0.000000     0.000000     0.000000
    1.000000     0.000000    -0.000000    13.360000    -0.000000     0.000000     0.000000     0.000000     0.000000    -0.000000     0.000000     0.000000    -0.000000    -0.000000    -0.000000    -0.000000
    0.000000    -0.000000     0.000000    -0.000000     1.000000    -0.000000    -0.000000   -13.360000    -0.000000     0.000000    -0.000000   229.800000     0.000000     0.000000     0.000000     0.000000
   -0.000000     1.000000    -0.000000  -229.800000     0.000000     0.000000     0.000000     0.000000     0.000000    -0.000000     0.000000     0.000000    -0.000000    -0.000000    -0.000000    -0.000000
   -0.000000    -0.000000     0.000000     0.000000     0.000000    -0.000000     1.000000     0.000000    -0.000000     0.000000    -0.000000     0.000000     0.000000     0.000000     0.000000     0.000000

    0.000059     0.055990   -12.540000    -9.810000     0.000000     0.000000     0.000000     0.000000     0.000000    -0.000000     0.000000     0.000000    -0.000311     0.018730    -0.000000     0.002988
   -0.051620    -0.601200   223.500000    -0.000000    -0.000000     0.000000    -0.000000    -0.000000     0.000000    -0.000000     0.000000     0.000000     0.014970    -0.684400     0.000000    -0.247700
    0.000895    -0.016590    -1.195000     0.000000    -0.001105    -0.052330     0.017320     0.000000    -0.000000     0.000000    -0.000000     0.000000    -0.001993     0.006122     0.002412    -0.129200
   -0.000000    -0.000000     1.000000     0.000000     0.000000    -0.000000    -0.000000    -0.000000    -0.000000     0.000000    -0.000000     0.000000     0.000000     0.000000     0.000000     0.000000
   -0.000000    -0.000000     0.000000    -0.000000    -0.091240    12.240000  -225.900000     9.810000    -0.000000     0.000000    -0.000000    -0.000000     0.000000    -0.000000     0.007673     0.000000
    0.000038    -0.000708    -0.050990    -0.000000    -1.465000   -75.550000    21.090000    -0.000000     0.000000    -0.000000     0.000000    -0.000000    -0.000085     0.000261     3.464000    -0.005513
   -0.000003     0.000059     0.004243    -0.000000     0.005967    -0.927100    -0.455100    -0.000000     0.000000    -0.000000     0.000000    -0.000000     0.000007    -0.000022     0.039040     0.000459
   -0.000000    -0.000000     0.000000     0.000000     0.000000     1.000000     0.000000     0.000000    -0.000000     0.000000    -0.000000     0.000000     0.000000     0.000000     0.000000     0.000000
    1.000000     0.000000    -0.000000    12.400000    -0.000000     0.000000     0.000000     0.000000     0.000000    -0.000000     0.000000     0.000000    -0.000000    -0.000000    -0.000000    -0.000000
    0.000000    -0.000000     0.000000    -0.000000     1.000000    -0.000000    -0.000000   -12.400000    -0.000000     0.000000    -0.000000   229.800000     0.000000     0.000000     0.000000     0.000000
   -0.000000     1.000000    -0.000000  -229.800000     0.000000     0.000000     0.000000     0.000000     0.000000    -0.000000     0.000000     0.000000    -0.000000    -0.000000    -0.000000    -0.000000
   -0.000000    -0.000000     0.000000     0.000000     0.000000    -0.000000     1.000000     0.000000    -0.000000     0.000000    -0.000000     0.000000     0.000000     0.000000     0.000000     0.000000

    0.000442     0.126400   -12.590000    -9.810000    -0.000000    -0.000000    -0.000000     0.000000     0.000000    -0.000000     0.000000     0.000000    -0.000584     0.026760     0.000000     0.005980
   -0.090080    -0.691600   106.500000    -0.000000     0.000000     0.000000     0.000000    -0.000000     0.000000    -0.000000     0.000000     0.000000     0.008762    -0.374900     0.000000    -0.147200
    0.001875    -0.017580    -1.123000     0.000000    -0.000640    -0.025850     0.011180     0.000000    -0.000000     0.000000    -0.000000     0.000000    -0.000811     0.003528     0.000593    -0.059170
   -0.000000    -0.000000     1.000000     0.000000     0.000000    -0.000000    -0.000000     0.000000    -0.000000     0.000000    -0.000000     0.000000     0.000000     0.000000     0.000000     0.000000
    0.000000     0.000000    -0.000000    -0.000000    -0.116100    12.310000  -109.400000     9.810000    -0.000000     0.000000    -0.000000    -0.000000     0.000000    -0.000000     0.003139    -0.000000
    0.000044    -0.000413    -0.026360    -0.000000    -1.115000   -51.010000    17.550000    -0.000000     0.000000    -0.000000     0.000000    -0.000000    -0.000019     0.000083     1.152000    -0.001389
   -0.000005     0.000051     0.003249    -0.000000     0.004581    -0.982700    -0.457100    -0.000000     0.000000    -0.000000     0.000000    -0.000000     0.000002    -0.000010     0.019140     0.000171
   -0.000000    -0.000000     0.000000    -0.000000     0.000000     1.000000     0.000000     0.000000    -0.000000     0.000000    -0.000000     0.000000     0.000000     0.000000     0.000000     0.000000
    1.000000     0.000000    -0.000000    12.220000    -0.000000     0.000000     0.000000     0.000000     0.000000    -0.000000     0.000000     0.000000    -0.000000    -0.000000    -0.000000    -0.000000
    0.000000    -0.000000     0.000000    -0.000000     1.000000    -0.000000    -0.000000   -12.220000    -0.000000     0.000000    -0.000000   114.600000     0.000000     0.000000     0.000000     0.000000
   -0.000000     1.000000    -0.000000  -114.600000     0.000000     0.000000     0.000000     0.000000     0.000000    -0.000000     0.000000     0.000000    -0.000000    -0.000000    -0.000000    -0.000000
   -0.000000    -0.000000     0.000000    -0.000000     0.000000    -0.000000     1.000000    -0.000000    -0.000000     0.000000    -0.000000     0.000000     0.000000     0.000000     0.000000     0.000000

    0.000513     0.207100   -16.670000    -9.810000    -0.000000     0.000000     0.000000     0.000000     0.000000    -0.000000     0.000000     0.000000    -0.000744     0.031010    -0.000000     0.008180
   -0.124500    -0.564500    67.200000    -0.000000    -0.000000     0.000000     0.000000    -0.000000     0.000000    -0.000000     0.000000     0.000000     0.004670    -0.191000    -0.000000    -0.079860
    0.003323    -0.015380    -0.839300     0.000000    -0.000425    -0.013910     0.008365     0.000000    -0.000000     0.000000    -0.000000     0.000000    -0.000354     0.001711     0.000208    -0.028260
   -0.000000    -0.000000     1.000000     0.000000     0.000000    -0.000000    -0.000000     0.000000    -0.000000     0.000000    -0.000000     0.000000     0.000000     0.000000     0.000000     0.000000
    0.000000     0.000000     0.000000    -0.000000    -0.098200    16.600000   -69.320000     9.810000    -0.000000     0.000000    -0.000000    -0.000000    -0.000000     0.000000     0.000150     0.000000
    0.000060    -0.000280    -0.015270    -0.000000    -0.872600   -33.200000    15.560000    -0.000000     0.000000    -0.000000     0.000000    -0.000000    -0.000006     0.000031     0.478700    -0.000514
   -0.000009     0.000040     0.002172    -0.000000    -0.000339    -0.917300    -0.308100    -0.000000     0.000000    -0.000000     0.000000    -0.000000     0.000001    -0.000004     0.010140     0.000073
   -0.000000    -0.000000     0.000000    -0.000000     0.000000     1.000000     0.000000     0.000000    -0.000000     0.000000    -0.000000     0.000000     0.000000     0.000000     0.000000     0.000000
    1.000000     0.000000    -0.000000    16.020000    -0.000000     0.000000     0.000000     0.000000     0.000000    -0.000000     0.000000     0.000000    -0.000000    -0.000000    -0.000000    -0.000000
    0.000000    -0.000000     0.000000    -0.000000     1.000000    -0.000000    -0.000000   -16.020000    -0.000000     0.000000    -0.000000    74.130000     0.000000     0.000000     0.000000     0.000000
   -0.000000     1.000000    -0.000000   -74.130000     0.000000     0.000000     0.000000     0.000000     0.000000    -0.000000     0.000000     0.000000    -0.000000    -0.000000    -0.000000    -0.000000
   -0.000000    -0.000000     0.000000    -0.000000     0.000000    -0.000000     1.000000    -0.000000    -0.000000     0.000000    -0.000000     0.000000     0.000000     0.000000     0.000000     0.000000
