u  w  q  the  v  p  r  phi  x  y  z  psi  |  slat  flap  aileron  elevator
   -0.000656     0.216400   -18.450000    -9.810000     0.000000     0.000000     0.000000     0.000000     0.000000    -0.000000     0.000000     0.000000    -0.000792     0.032790    -0.000000     0.011150
   -0.118200    -0.532900    66.720000    -0.000000    -0.000000     0.000000     0.000000    -0.000000     0.000000    -0.000000     0.000000     0.000000     0.004397    -0.179100    -0.000000    -0.075260
    0.005973    -0.024600    -0.908400     0.000000    -0.000684    -0.023270     0.013630     0.000000    -0.000000     0.000000    -0.000000     0.000000    -0.000274    -0.001484     0.000341    -0.029470
   -0.000000    -0.000000     1.000000     0.000000     0.000000    -0.000000    -0.000000     0.000000    -0.000000     0.000000    -0.000000     0.000000     0.000000     0.000000     0.000000     0.000000
    0.000000     0.000000     0.000000    -0.000000    -0.091710    18.560000   -69.040000     9.810000    -0.000000     0.000000    -0.000000    -0.000000    -0.000000     0.000000    -0.000169     0.000000
    0.000179    -0.000736    -0.027190    -0.000000    -0.865700   -32.210000    16.350000    -0.000000     0.000000    -0.000000     0.000000    -0.000000    -0.000008    -0.000044     0.460900    -0.000882
   -0.000012     0.000050     0.001853    -0.000000     0.000922    -0.950500    -0.344800    -0.000000     0.000000    -0.000000     0.000000    -0.000000     0.000001     0.000003     0.010050     0.000060
   -0.000000    -0.000000     0.000000     0.000000     0.000000     1.000000     0.000000     0.000000    -0.000000     0.000000    -0.000000     0.000000     0.000000     0.000000     0.000000     0.000000
    1.000000     0.000000    -0.000000    17.890000    -0.000000     0.000000     0.000000     0.000000     0.000000    -0.000000     0.000000     0.000000    -0.000000    -0.000000    -0.000000    -0.000000
    0.000000    -0.000000     0.000000    -0.000000     1.000000    -0.000000    -0.000000   -17.890000    -0.000000     0.000000    -0.000000    73.700000     0.000000     0.000000     0.000000     0.000000
   -0.000000     1.000000    -0.000000   -73.700000     0.000000     0.000000     0.000000     0.000000     0.000000    -0.000000     0.000000     0.000000    -0.000000    -0.000000    -0.000000    -0.000000
   -0.000000    -0.000000     0.000000     0.000000     0.000000    -0.000000     1.000000     0.000000    -0.000000     0.000000    -0.000000     0.000000     0.000000     0.000000     0.000000     0.000000

    0.000166     0.132600   -14.060000    -9.810000    -0.000000    -0.000000     0.000000     0.000000     0.000000    -0.000000     0.000000     0.000000    -0.000636     0.028870    -0.000000     0.009258
   -0.085520    -0.655200   106.300000    -0.000000     0.000000     0.000000    -0.000000    -0.000000     0.000000    -0.000000     0.000000     0.000000     0.008303    -0.354500     0.000000    -0.139500
    0.003653    -0.030390    -1.214000     0.000000    -0.001009    -0.042270     0.017890     0.000000    -0.000000     0.000000    -0.000000     0.000000    -0.000646    -0.003504     0.000962    -0.061950
   -0.000000    -0.000000     1.000000     0.000000     0.000000    -0.000000    -0.000000     0.000000    -0.000000     0.000000    -0.000000     0.000000     0.000000     0.000000     0.000000     0.000000
    0.000000     0.000000    -0.000000    -0.000000    -0.109400    13.900000  -109.400000     9.810000    -0.000000     0.000000    -0.000000    -0.000000     0.000000    -0.000000     0.002684    -0.000000
    0.000139    -0.001160    -0.046330    -0.000000    -1.094000   -49.370000    18.300000    -0.000000     0.000000    -0.000000     0.000000    -0.000000    -0.000025    -0.000134     1.113000    -0.002365
   -0.000008     0.000069     0.002768    -0.000000     0.006797    -0.988000    -0.507900    -0.000000     0.000000    -0.000000     0.000000    -0.000000     0.000001     0.000008     0.018700     0.000141
   -0.000000    -0.000000     0.000000    -0.000000     0.000000     1.000000     0.000000     0.000000    -0.000000     0.000000    -0.000000     0.000000     0.000000     0.000000     0.000000     0.000000
    1.000000     0.000000    -0.000000    13.750000    -0.000000     0.000000     0.000000     0.000000     0.000000    -0.000000     0.000000     0.000000    -0.000000    -0.000000    -0.000000    -0.000000
    0.000000    -0.000000     0.000000    -0.000000     1.000000    -0.000000    -0.000000   -13.750000    -0.000000     0.000000    -0.000000   114.400000     0.000000     0.000000     0.000000     0.000000
   -0.000000     1.000000    -0.000000  -114.400000     0.000000     0.000000     0.000000     0.000000     0.000000    -0.000000     0.000000     0.000000    -0.000000    -0.000000    -0.000000    -0.000000
   -0.000000    -0.000000     0.000000    -0.000000     0.000000    -0.000000     1.000000    -0.000000    -0.000000     0.000000    -0.000000     0.000000     0.000000     0.000000     0.000000     0.000000

    0.000037     0.059330   -14.290000    -9.810000     0.000000     0.000000     0.000000     0.000000     0.000000    -0.000000     0.000000     0.000000    -0.000366     0.021130    -0.000000     0.006678
   -0.049010    -0.569300   223.300000    -0.000000    -0.000000     0.000000    -0.000000    -0.000000     0.000000    -0.000000     0.000000     0.000000     0.014190    -0.647700     0.000000    -0.234800
    0.001902    -0.030840    -1.290000     0.000000    -0.001698    -0.082250     0.027310     0.000000    -0.000000     0.000000    -0.000000     0.000000    -0.001635    -0.010220     0.003782    -0.135200
   -0.000000    -0.000000     1.000000    -0.000000     0.000000    -0.000000    -0.000000    -0.000000    -0.000000     0.000000    -0.000000    -0.000000     0.000000     0.000000     0.000000     0.000000
   -0.000000    -0.000000     0.000000    -0.000000    -0.086130    14.060000  -226.000000     9.810000    -0.000000     0.000000    -0.000000    -0.000000     0.000000    -0.000000     0.007021     0.000000
    0.000128    -0.002067    -0.086490    -0.000000    -1.401000   -71.520000    21.490000    -0.000000     0.000000    -0.000000     0.000000    -0.000000    -0.000110    -0.000685     3.277000    -0.009062
   -0.000005     0.000086     0.003608    -0.000000     0.008657    -0.896100    -0.509200    -0.000000     0.000000    -0.000000     0.000000    -0.000000     0.000005     0.000029     0.036990     0.000378
   -0.000000    -0.000000     0.000000     0.000000     0.000000     1.000000     0.000000    -0.000000    -0.000000     0.000000    -0.000000    -0.000000     0.000000     0.000000     0.000000     0.000000
    1.000000     0.000000    -0.000000    14.170000    -0.000000     0.000000     0.000000     0.000000     0.000000    -0.000000     0.000000     0.000000    -0.000000    -0.000000    -0.000000    -0.000000
    0.000000    -0.000000     0.000000    -0.000000     1.000000    -0.000000    -0.000000   -14.170000    -0.000000     0.000000    -0.000000   229.700000     0.000000     0.000000     0.000000     0.000000
   -0.000000     1.000000    -0.000000  -229.700000     0.000000     0.000000     0.000000     0.000000     0.000000    -0.000000     0.000000     0.000000    -0.000000    -0.000000    -0.000000    -0.000000
   -0.000000    -0.000000     0.000000     0.000000     0.000000    -0.000000     1.000000    -0.000000    -0.000000     0.000000    -0.000000    -0.000000     0.000000     0.000000     0.000000     0.000000

    0.000024     0.058700   -13.280000    -9.810000    -0.000000     0.000000     0.000000     0.000000     0.000000    -0.000000     0.000000     0.000000    -0.000346     0.020360    -0.000000     0.006449
   -0.049620    -0.600900   223.000000    -0.000000    -0.000000     0.000000    -0.000000    -0.000000     0.000000    -0.000000     0.000000     0.000000     0.014970    -0.684200     0.000000    -0.247800
    0.001759    -0.030700    -1.289000     0.000000    -0.001684    -0.082320     0.026850     0.000000    -0.000000     0.000000    -0.000000     0.000000    -0.001636    -0.010190     0.003786    -0.135100
   -0.000000    -0.000000     1.000000     0.000000     0.000000    -0.000000    -0.000000     0.000000    -0.000000     0.000000    -0.000000     0.000000     0.000000     0.000000     0.000000     0.000000
   -0.000000    -0.000000     0.000000    -0.000000    -0.091030    13.030000  -225.800000     9.810000    -0.000000     0.000000    -0.000000    -0.000000     0.000000    -0.000000     0.007575     0.000000
    0.000118    -0.002058    -0.086420    -0.000000    -1.388000   -71.550000    21.100000    -0.000000     0.000000    -0.000000     0.000000    -0.000000    -0.000110    -0.000683     3.280000    -0.009058
   -0.000005     0.000086     0.003605    -0.000000     0.008896    -0.884400    -0.512100    -0.000000     0.000000    -0.000000     0.000000    -0.000000     0.000005     0.000029     0.036850     0.000378
   -0.000000    -0.000000     0.000000     0.000000     0.000000     1.000000     0.000000     0.000000    -0.000000     0.000000    -0.000000     0.000000     0.000000     0.000000     0.000000     0.000000
    1.000000     0.000000    -0.000000    13.170000    -0.000000     0.000000     0.000000     0.000000     0.000000    -0.000000     0.000000     0.000000    -0.000000    -0.000000    -0.000000    -0.000000
    0.000000    -0.000000     0.000000    -0.000000     1.000000    -0.000000    -0.000000   -13.170000    -0.000000     0.000000    -0.000000   229.800000     0.000000     0.000000     0.000000     0.000000
   -0.000000     1.000000    -0.000000  -229.800000     0.000000     0.000000     0.000000     0.000000     0.000000    -0.000000     0.000000     0.000000    -0.000000    -0.000000    -0.000000    -0.000000
   -0.000000    -0.000000     0.000000     0.000000     0.000000    -0.000000     1.000000     0.000000    -0.000000     0.000000    -0.000000     0.000000     0.000000     0.000000     0.000000     0.000000

    0.000184     0.131800   -13.190000    -9.810000    -0.000000    -0.000000    -0.000000     0.000000     0.000000    -0.000000     0.000000     0.000000    -0.000624     0.028460     0.000000     0.009106
   -0.086090    -0.690900   105.900000    -0.000000     0.000000    -0.000000    -0.000000    -0.000000     0.000000    -0.000000     0.000000     0.000000     0.008758    -0.374500    -0.000000    -0.147200
    0.003400    -0.030200    -1.213000     0.000000    -0.000998    -0.042360     0.017510     0.000000    -0.000000     0.000000    -0.000000     0.000000    -0.000648    -0.003488     0.000964    -0.061960
   -0.000000    -0.000000     1.000000     0.000000     0.000000    -0.000000    -0.000000     0.000000    -0.000000     0.000000    -0.000000     0.000000     0.000000     0.000000     0.000000     0.000000
    0.000000     0.000000    -0.000000    -0.000000    -0.115600    13.010000  -109.200000     9.810000    -0.000000     0.000000    -0.000000    -0.000000     0.000000    -0.000000     0.003018    -0.000000
    0.000130    -0.001153    -0.046290    -0.000000    -1.080000   -49.420000    17.880000    -0.000000     0.000000    -0.000000     0.000000    -0.000000    -0.000025    -0.000133     1.115000    -0.002365
   -0.000008     0.000069     0.002766    -0.000000     0.007197    -0.969100    -0.512900    -0.000000     0.000000    -0.000000     0.000000    -0.000000     0.000001     0.000008     0.018590     0.000141
   -0.000000    -0.000000     0.000000    -0.000000     0.000000     1.000000     0.000000     0.000000    -0.000000     0.000000    -0.000000     0.000000     0.000000     0.000000     0.000000     0.000000
    1.000000     0.000000    -0.000000    12.890000    -0.000000     0.000000     0.000000     0.000000     0.000000    -0.000000     0.000000     0.000000    -0.000000    -0.000000    -0.000000    -0.000000
    0.000000    -0.000000     0.000000    -0.000000     1.000000    -0.000000    -0.000000   -12.890000    -0.000000     0.000000    -0.000000   114.500000     0.000000     0.000000     0.000000     0.000000
   -0.000000     1.000000    -0.000000  -114.500000     0.000000     0.000000     0.000000     0.000000     0.000000    -0.000000     0.000000     0.000000    -0.000000    -0.000000    -0.000000    -0.000000
   -0.000000    -0.000000     0.000000     0.000000     0.000000    -0.000000     1.000000    -0.000000    -0.000000     0.000000    -0.000000     0.000000     0.000000     0.000000     0.000000     0.000000

   -0.000515     0.215500   -17.380000    -9.810000     0.000000     0.000000     0.000000     0.000000     0.000000    -0.000000     0.000000     0.000000    -0.000786     0.032650    -0.000000     0.011060
   -0.118500    -0.562700    66.570000    -0.000000    -0.000000     0.000000     0.000000    -0.000000     0.000000    -0.000000     0.000000     0.000000     0.004654    -0.190100    -0.000000    -0.079640
    0.005549    -0.024380    -0.908300     0.000000    -0.000673    -0.023410     0.013270     0.000000    -0.000000     0.000000    -0.000000     0.000000    -0.000276    -0.001474     0.000344    -0.029570
   -0.000000    -0.000000     1.000000     0.000000     0.000000    -0.000000    -0.000000     0.000000    -0.000000     0.000000    -0.000000     0.000000     0.000000     0.000000     0.000000     0.000000
    0.000000     0.000000     0.000000    -0.000000    -0.097370    17.460000   -69.060000     9.810000    -0.000000     0.000000    -0.000000    -0.000000    -0.000000     0.000000     0.000020     0.000000
    0.000166    -0.000730    -0.027180    -0.000000    -0.850300   -32.320000    15.860000    -0.000000     0.000000    -0.000000     0.000000    -0.000000    -0.000008    -0.000044     0.464600    -0.000885
   -0.000011     0.000050     0.001852    -0.000000     0.001497    -0.924800    -0.352300    -0.000000     0.000000    -0.000000     0.000000    -0.000000     0.000001     0.000003     0.009973     0.000060
   -0.000000    -0.000000     0.000000     0.000000     0.000000     1.000000     0.000000     0.000000    -0.000000     0.000000    -0.000000     0.000000     0.000000     0.000000     0.000000     0.000000
    1.000000     0.000000    -0.000000    16.830000    -0.000000     0.000000     0.000000     0.000000     0.000000    -0.000000     0.000000     0.000000    -0.000000    -0.000000    -0.000000    -0.000000
    0.000000    -0.000000     0.000000    -0.000000     1.000000    -0.000000    -0.000000   -16.830000    -0.000000     0.000000    -0.000000    73.950000     0.000000     0.000000     0.000000     0.000000
   -0.000000     1.000000    -0.000000   -73.950000     0.000000     0.000000     0.000000     0.000000     0.000000    -0.000000     0.000000     0.000000    -0.000000    -0.000000    -0.000000    -0.000000
   -0.000000    -0.000000     0.000000     0.000000     0.000000    -0.000000     1.000000     0.000000    -0.000000     0.000000    -0.000000     0.000000     0.000000     0.000000     0.000000     0.000000
