u  w  q  the  v  p  r  phi  x  y  z  psi  |  slat  flap  aileron  elevator
    0.002776     0.399000   -23.780000    -9.810000     0.000000    -0.000000     0.000000     0.000000     0.000000    -0.000000     0.000000     0.000000    -0.000876     0.028960    -0.000000     0.005993
   -0.240000    -0.356700    32.590000    -0.000000    -0.000000    -0.000000     0.000000    -0.000000     0.000000    -0.000000     0.000000     0.000000     0.001847    -0.060810     0.000000    -0.019270
    0.003023    -0.004709    -0.458900     0.000000     0.000065    -0.038370     0.018290     0.000000    -0.000000     0.000000    -0.000000     0.000000    -0.000299     0.003945     0.000356    -0.010640
   -0.000000    -0.000000     1.000000     0.000000     0.000000    -0.000000    -0.000000     0.000000    -0.000000     0.000000    -0.000000     0.000000     0.000000     0.000000     0.000000     0.000000
    0.000000     0.000000    -0.000000    -0.000000    -0.051830    23.020000   -33.710000     9.810000    -0.000000     0.000000    -0.000000    -0.000000    -0.000000    -0.000000    -0.000403     0.000000
    0.000137    -0.000214    -0.020860    -0.000000    -0.072190    -9.579000     8.362000    -0.000000     0.000000    -0.000000     0.000000    -0.000000    -0.000014     0.000179     0.115100    -0.000483
    0.000064    -0.000100    -0.009723    -0.000000     0.014320    -0.620100    -0.275300    -0.000000     0.000000    -0.000000     0.000000    -0.000000    -0.000006     0.000084     0.001791    -0.000225
   -0.000000    -0.000000     0.000000    -0.000000     0.000000     1.000000     0.000000     0.000000    -0.000000     0.000000    -0.000000     0.000000     0.000000     0.000000     0.000000     0.000000
    1.000000     0.000000    -0.000000    22.580000    -0.000000     0.000000     0.000000     0.000000     0.000000    -0.000000     0.000000     0.000000    -0.000000    -0.000000    -0.000000    -0.000000
    0.000000    -0.000000     0.000000    -0.000000     1.000000    -0.000000    -0.000000   -22.580000    -0.000000     0.000000    -0.000000    35.180000     0.000000     0.000000     0.000000     0.000000
   -0.000000     1.000000    -0.000000   -35.180000     0.000000     0.000000     0.000000     0.000000     0.000000    -0.000000     0.000000     0.000000    -0.000000    -0.000000    -0.000000    -0.000000
   -0.000000    -0.000000     0.000000     0.000000     0.000000    -0.000000     1.000000    -0.000000    -0.000000     0.000000    -0.000000     0.000000     0.000000     0.000000     0.000000     0.000000

    0.001848     0.235800   -15.730000    -9.810000    -0.000000    -0.000000     0.000000     0.000000     0.000000    -0.000000     0.000000     0.000000    -0.000841     0.029320    -0.000000     0.005086
   -0.158000    -0.560000    58.960000    -0.000000     0.000000    -0.000000    -0.000000    -0.000000     0.000000    -0.000000     0.000000     0.000000     0.004957    -0.173900     0.000000    -0.054120
    0.000020    -0.000082    -0.702400     0.000000     0.000138    -0.052890     0.008340     0.000000    -0.000000     0.000000    -0.000000     0.000000    -0.000858     0.011580     0.001031    -0.029430
   -0.000000    -0.000000     1.000000     0.000000     0.000000    -0.000000    -0.000000    -0.000000    -0.000000     0.000000    -0.000000     0.000000     0.000000     0.000000     0.000000     0.000000
    0.000000    -0.000000     0.000000    -0.000000    -0.097850    15.250000   -60.070000     9.810000    -0.000000     0.000000    -0.000000    -0.000000    -0.000000    -0.000000    -0.000910    -0.000000
    0.000001    -0.000004    -0.033420    -0.000000    -0.164600   -15.900000     6.944000    -0.000000     0.000000    -0.000000     0.000000    -0.000000    -0.000041     0.000551     0.344100    -0.001400
    0.000000    -0.000002    -0.015790    -0.000000     0.031650    -0.248400    -0.627900    -0.000000     0.000000    -0.000000     0.000000    -0.000000    -0.000019     0.000260    -0.000297    -0.000662
   -0.000000    -0.000000     0.000000     0.000000     0.000000     1.000000     0.000000     0.000000    -0.000000     0.000000    -0.000000     0.000000     0.000000     0.000000     0.000000     0.000000
    1.000000     0.000000    -0.000000    15.050000    -0.000000     0.000000     0.000000     0.000000     0.000000    -0.000000     0.000000     0.000000    -0.000000    -0.000000    -0.000000    -0.000000
    0.000000    -0.000000     0.000000    -0.000000     1.000000    -0.000000    -0.000000   -15.050000    -0.000000     0.000000    -0.000000    63.020000     0.000000     0.000000     0.000000     0.000000
   -0.000000     1.000000    -0.000000   -63.020000     0.000000     0.000000     0.000000     0.000000     0.000000    -0.000000     0.000000     0.000000    -0.000000    -0.000000    -0.000000    -0.000000
   -0.000000    -0.000000     0.000000     0.000000     0.000000    -0.000000     1.000000     0.000000    -0.000000     0.000000    -0.000000     0.000000     0.000000     0.000000     0.000000     0.000000

    0.000591     0.099410    -9.212000    -9.810000    -0.000000    -0.000000     0.000000     0.000000     0.000000    -0.000000     0.000000     0.000000    -0.000603     0.021670    -0.000000     0.002518
   -0.086970    -0.805700   129.900000    -0.000000     0.000000     0.000000    -0.000000    -0.000000     0.000000    -0.000000     0.000000     0.000000     0.015030    -0.543600     0.000000    -0.167100
   -0.000393     0.005949    -1.129000     0.000000     0.000304    -0.085220    -0.004003     0.000000    -0.000000     0.000000    -0.000000     0.000000    -0.003031     0.041310     0.003911    -0.102000
   -0.000000    -0.000000     1.000000     0.000000     0.000000    -0.000000    -0.000000     0.000000    -0.000000     0.000000    -0.000000     0.000000     0.000000     0.000000     0.000000     0.000000
   -0.000000    -0.000000     0.000000    -0.000000    -0.148800     8.944000  -131.100000     9.810000    -0.000000     0.000000    -0.000000    -0.000000    -0.000000    -0.000000    -0.002616    -0.000000
   -0.000021     0.000311    -0.059110    -0.000000    -0.300800   -25.480000     6.471000    -0.000000     0.000000    -0.000000     0.000000    -0.000000    -0.000159     0.002163     1.191000    -0.005342
   -0.000010     0.000152    -0.028900    -0.000000     0.058120     0.218400    -1.143000    -0.000000     0.000000    -0.000000     0.000000    -0.000000    -0.000078     0.001058    -0.013320    -0.002612
   -0.000000    -0.000000     0.000000     0.000000     0.000000     1.000000     0.000000     0.000000    -0.000000     0.000000    -0.000000     0.000000     0.000000     0.000000     0.000000     0.000000
    1.000000     0.000000    -0.000000     8.949000    -0.000000     0.000000     0.000000     0.000000     0.000000    -0.000000     0.000000     0.000000    -0.000000    -0.000000    -0.000000    -0.000000
    0.000000    -0.000000     0.000000    -0.000000     1.000000    -0.000000    -0.000000    -8.949000    -0.000000     0.000000    -0.000000   135.600000     0.000000     0.000000     0.000000     0.000000
   -0.000000     1.000000    -0.000000  -135.600000     0.000000     0.000000     0.000000     0.000000     0.000000    -0.000000     0.000000     0.000000    -0.000000    -0.000000    -0.000000    -0.000000
   -0.000000    -0.000000     0.000000     0.000000     0.000000    -0.000000     1.000000     0.000000    -0.000000     0.000000    -0.000000     0.000000     0.000000     0.000000     0.000000     0.000000

    0.000566     0.098300    -8.461000    -9.810000    -0.000000     0.000000     0.000000     0.000000     0.000000    -0.000000     0.000000     0.000000    -0.000581     0.020890    -0.000000     0.002305
   -0.087880    -0.859200   129.500000    -0.000000     0.000000    -0.000000    -0.000000    -0.000000     0.000000    -0.000000     0.000000     0.000000     0.016020    -0.580000     0.000000    -0.178300
   -0.000370     0.006126    -1.128000     0.000000     0.000305    -0.084880    -0.004613     0.000000    -0.000000     0.000000    -0.000000     0.000000    -0.003031     0.041320     0.003909    -0.102000
   -0.000000    -0.000000     1.000000     0.000000     0.000000    -0.000000    -0.000000     0.000000    -0.000000     0.000000    -0.000000     0.000000     0.000000     0.000000     0.000000     0.000000
   -0.000000    -0.000000     0.000000    -0.000000    -0.159200     8.187000  -130.800000     9.810000    -0.000000     0.000000    -0.000000    -0.000000    -0.000000    -0.000000    -0.002782    -0.000000
   -0.000019     0.000321    -0.059090    -0.000000    -0.302000   -25.490000     6.323000    -0.000000     0.000000    -0.000000     0.000000    -0.000000    -0.000159     0.002164     1.192000    -0.005341
   -0.000009     0.000157    -0.028890    -0.000000     0.058340     0.234900    -1.146000    -0.000000     0.000000    -0.000000     0.000000    -0.000000    -0.000078     0.001058    -0.013560    -0.002611
   -0.000000    -0.000000     0.000000    -0.000000     0.000000     1.000000     0.000000     0.000000    -0.000000     0.000000    -0.000000     0.000000     0.000000     0.000000     0.000000     0.000000
    1.000000     0.000000    -0.000000     8.202000    -0.000000     0.000000     0.000000     0.000000     0.000000    -0.000000     0.000000     0.000000    -0.000000    -0.000000    -0.000000    -0.000000
    0.000000    -0.000000     0.000000    -0.000000     1.000000    -0.000000    -0.000000    -8.202000    -0.000000     0.000000    -0.000000   135.700000     0.000000     0.000000     0.000000     0.000000
   -0.000000     1.000000    -0.000000  -135.700000     0.000000     0.000000     0.000000     0.000000     0.000000    -0.000000     0.000000     0.000000    -0.000000    -0.000000    -0.000000    -0.000000
   -0.000000    -0.000000     0.000000     0.000000     0.000000    -0.000000     1.000000     0.000000    -0.000000     0.000000    -0.000000     0.000000     0.000000     0.000000     0.000000     0.000000

    0.001824     0.234600   -14.650000    -9.810000    -0.000000    -0.000000     0.000000     0.000000     0.000000    -0.000000     0.000000     0.000000    -0.000833     0.029120    -0.000000     0.004995
   -0.158200    -0.598600    58.920000    -0.000000     0.000000    -0.000000    -0.000000    -0.000000     0.000000    -0.000000     0.000000     0.000000     0.005308    -0.186700     0.000000    -0.058080
   -0.000057     0.000258    -0.703100     0.000000     0.000140    -0.052450     0.007302     0.000000    -0.000000     0.000000    -0.000000     0.000000    -0.000862     0.011660     0.001035    -0.029570
   -0.000000    -0.000000     1.000000     0.000000     0.000000    -0.000000    -0.000000     0.000000    -0.000000     0.000000    -0.000000     0.000000     0.000000     0.000000     0.000000     0.000000
    0.000000    -0.000000     0.000000    -0.000000    -0.105600    14.170000   -60.070000     9.810000    -0.000000     0.000000    -0.000000    -0.000000    -0.000000    -0.000000    -0.000966    -0.000000
   -0.000003     0.000012    -0.033450    -0.000000    -0.167400   -15.970000     6.664000    -0.000000     0.000000    -0.000000     0.000000    -0.000000    -0.000041     0.000555     0.347000    -0.001407
   -0.000001     0.000006    -0.015810    -0.000000     0.032140    -0.216000    -0.637500    -0.000000     0.000000    -0.000000     0.000000    -0.000000    -0.000019     0.000262    -0.000519    -0.000665
   -0.000000    -0.000000     0.000000     0.000000     0.000000     1.000000     0.000000     0.000000    -0.000000     0.000000    -0.000000     0.000000     0.000000     0.000000     0.000000     0.000000
    1.000000     0.000000    -0.000000    13.980000    -0.000000     0.000000     0.000000     0.000000     0.000000    -0.000000     0.000000     0.000000    -0.000000    -0.000000    -0.000000    -0.000000
    0.000000    -0.000000     0.000000    -0.000000     1.000000    -0.000000    -0.000000   -13.980000    -0.000000     0.000000    -0.000000    63.270000     0.000000     0.000000     0.000000     0.000000
   -0.000000     1.000000    -0.000000   -63.270000     0.000000     0.000000     0.000000     0.000000     0.000000    -0.000000     0.000000     0.000000    -0.000000    -0.000000    -0.000000    -0.000000
   -0.000000    -0.000000     0.000000     0.000000     0.000000    -0.000000     1.000000    -0.000000    -0.000000     0.000000    -0.000000     0.000000     0.000000     0.000000     0.000000     0.000000

    0.002895     0.394500   -22.050000    -9.810000     0.000000    -0.000000    -0.000000     0.000000     0.000000    -0.000000     0.000000     0.000000    -0.000883     0.029430     0.000000     0.005987
   -0.238300    -0.390800    33.380000    -0.000000    -0.000000    -0.000000     0.000000    -0.000000     0.000000    -0.000000     0.000000     0.000000     0.002069    -0.068770     0.000000    -0.021750
    0.002370    -0.004116    -0.465500     0.000000     0.000068    -0.038140     0.016550     0.000000    -0.000000     0.000000    -0.000000     0.000000    -0.000315     0.004163     0.000373    -0.011130
   -0.000000    -0.000000     1.000000    -0.000000     0.000000    -0.000000    -0.000000    -0.000000    -0.000000     0.000000    -0.000000    -0.000000     0.000000     0.000000     0.000000     0.000000
    0.000000     0.000000    -0.000000    -0.000000    -0.058900    21.290000   -34.530000     9.810000    -0.000000     0.000000    -0.000000    -0.000000    -0.000000    -0.000000    -0.000439     0.000000
    0.000108    -0.000187    -0.021150    -0.000000    -0.078810    -9.881000     7.907000    -0.000000     0.000000    -0.000000     0.000000    -0.000000    -0.000014     0.000189     0.122300    -0.000506
    0.000050    -0.000087    -0.009863    -0.000000     0.015510    -0.562100    -0.300200    -0.000000     0.000000    -0.000000     0.000000    -0.000000    -0.000007     0.000088     0.001611    -0.000236
   -0.000000    -0.000000     0.000000     0.000000     0.000000     1.000000     0.000000    -0.000000    -0.000000     0.000000    -0.000000    -0.000000     0.000000     0.000000     0.000000     0.000000
    1.000000     0.000000    -0.000000    20.860000    -0.000000     0.000000     0.000000     0.000000     0.000000    -0.000000     0.000000     0.000000    -0.000000    -0.000000    -0.000000    -0.000000
    0.000000    -0.000000     0.000000    -0.000000     1.000000    -0.000000    -0.000000   -20.860000    -0.000000     0.000000    -0.000000    36.230000     0.000000     0.000000     0.000000     0.000000
   -0.000000     1.000000    -0.000000   -36.230000     0.000000     0.000000     0.000000     0.000000     0.000000    -0.000000     0.000000     0.000000    -0.000000    -0.000000    -0.000000    -0.000000
   -0.000000    -0.000000     0.000000     0.000000     0.000000    -0.000000     1.000000    -0.000000    -0.000000     0.000000    -0.000000    -0.000000     0.000000     0.000000     0.000000     0.000000
