u  w  q  the  v  p  r  phi  x  y  z  psi  |  slat  flap  aileron  elevator
   -0.022600     0.446900   -26.870000    -9.810000     0.000000    -0.000000    -0.000000     0.000000     0.000000    -0.000000     0.000000     0.000000    -0.000971     0.031560     0.000000     0.012280
   -0.207600    -0.329700    29.120000    -0.000000    -0.000000     0.000000     0.000000    -0.000000     0.000000    -0.000000     0.000000     0.000000     0.001608    -0.051630     0.000000    -0.016450
    0.022000    -0.027190    -0.646300     0.000000    -0.000145    -0.084820     0.066250     0.000000    -0.000000     0.000000    -0.000000     0.000000    -0.000111    -0.000874     0.000803    -0.010570
   -0.000000    -0.000000     1.000000     0.000000     0.000000    -0.000000    -0.000000     0.000000    -0.000000     0.000000    -0.000000     0.000000     0.000000     0.000000     0.000000     0.000000
   -0.000000     0.000000    -0.000000    -0.000000    -0.050360    26.810000   -31.130000     9.810000    -0.000000     0.000000    -0.000000    -0.000000     0.000000    -0.000000    -0.000418     0.000000
    0.003205    -0.003962    -0.094170    -0.000000    -0.050240    -5.828000     6.197000    -0.000000     0.000000    -0.000000     0.000000    -0.000000    -0.000016    -0.000127     0.064190    -0.001540
    0.000602    -0.000745    -0.017700    -0.000000     0.017140    -0.650900    -0.237600    -0.000000     0.000000    -0.000000     0.000000    -0.000000    -0.000003    -0.000024     0.002092    -0.000289
   -0.000000    -0.000000     0.000000     0.000000     0.000000     1.000000     0.000000     0.000000    -0.000000     0.000000    -0.000000     0.000000     0.000000     0.000000     0.000000     0.000000
    1.000000     0.000000    -0.000000    26.290000    -0.000000     0.000000     0.000000     0.000000     0.000000    -0.000000     0.000000     0.000000    -0.000000    -0.000000    -0.000000    -0.000000
    0.000000    -0.000000     0.000000    -0.000000     1.000000    -0.000000    -0.000000   -26.290000    -0.000000     0.000000    -0.000000    32.500000     0.000000     0.000000     0.000000     0.000000
   -0.000000     1.000000    -0.000000   -32.500000     0.000000     0.000000     0.000000     0.000000     0.000000    -0.000000     0.000000     0.000000    -0.000000    -0.000000    -0.000000    -0.000000
   -0.000000    -0.000000     0.000000     0.000000     0.000000    -0.000000     1.000000    -0.000000    -0.000000     0.000000    -0.000000     0.000000     0.000000     0.000000     0.000000     0.000000

   -0.003485     0.265300   -18.090000    -9.810000    -0.000000     0.000000     0.000000     0.000000     0.000000    -0.000000     0.000000     0.000000    -0.001003     0.034950    -0.000000     0.013780
   -0.134900    -0.553800    56.970000    -0.000000     0.000000    -0.000000    -0.000000    -0.000000     0.000000    -0.000000     0.000000     0.000000     0.004875    -0.169800     0.000000    -0.052930
    0.012120    -0.042620    -0.893900     0.000000    -0.000398    -0.135000     0.045920     0.000000    -0.000000     0.000000    -0.000000     0.000000    -0.000358    -0.003466     0.002733    -0.031250
   -0.000000    -0.000000     1.000000    -0.000000     0.000000    -0.000000    -0.000000    -0.000000    -0.000000     0.000000    -0.000000    -0.000000     0.000000     0.000000     0.000000     0.000000
    0.000000    -0.000000     0.000000    -0.000000    -0.099590    17.970000   -59.220000     9.810000    -0.000000     0.000000    -0.000000    -0.000000    -0.000000    -0.000000    -0.000980    -0.000000
    0.001828    -0.006429    -0.134800    -0.000000    -0.111400   -10.130000     5.120000    -0.000000     0.000000    -0.000000     0.000000    -0.000000    -0.000054    -0.000523     0.216200    -0.004714
    0.000348    -0.001223    -0.025640    -0.000000     0.036060    -0.318400    -0.651200    -0.000000     0.000000    -0.000000     0.000000    -0.000000    -0.000010    -0.000099     0.001400    -0.000897
   -0.000000    -0.000000     0.000000     0.000000     0.000000     1.000000     0.000000    -0.000000    -0.000000     0.000000    -0.000000    -0.000000     0.000000     0.000000     0.000000     0.000000
    1.000000     0.000000    -0.000000    17.720000    -0.000000     0.000000     0.000000     0.000000     0.000000    -0.000000     0.000000     0.000000    -0.000000    -0.000000    -0.000000    -0.000000
    0.000000    -0.000000     0.000000    -0.000000     1.000000    -0.000000    -0.000000   -17.720000    -0.000000     0.000000    -0.000000    62.320000     0.000000     0.000000     0.000000     0.000000
   -0.000000     1.000000    -0.000000   -62.320000     0.000000     0.000000     0.000000     0.000000     0.000000    -0.000000     0.000000     0.000000    -0.000000    -0.000000    -0.000000    -0.000000
   -0.000000    -0.000000     0.000000     0.000000     0.000000    -0.000000     1.000000    -0.000000    -0.000000     0.000000    -0.000000    -0.000000     0.000000     0.000000     0.000000     0.000000

    0.000072     0.113700   -11.060000    -9.810000    -0.000000     0.000000     0.000000     0.000000     0.000000    -0.000000     0.000000     0.000000    -0.000775     0.027900     0.000000     0.012040
   -0.075350    -0.804900   128.000000    -0.000000     0.000000    -0.000000    -0.000000    -0.000000     0.000000    -0.000000     0.000000     0.000000     0.015020    -0.542200     0.000000    -0.166800
    0.005343    -0.066350    -1.316000     0.000000    -0.000764    -0.223500     0.028260     0.000000    -0.000000     0.000000    -0.000000     0.000000    -0.001274    -0.013010     0.010340    -0.105100
   -0.000000    -0.000000     1.000000    -0.000000     0.000000    -0.000000    -0.000000    -0.000000    -0.000000     0.000000    -0.000000    -0.000000     0.000000     0.000000     0.000000     0.000000
   -0.000000    -0.000000     0.000000    -0.000000    -0.150300    10.920000  -130.600000     9.810000    -0.000000     0.000000    -0.000000    -0.000000    -0.000000    -0.000000    -0.002714    -0.000000
    0.000866    -0.010760    -0.213300    -0.000000    -0.188600   -15.630000     4.582000    -0.000000     0.000000    -0.000000     0.000000    -0.000000    -0.000207    -0.002108     0.729300    -0.017040
    0.000169    -0.002102    -0.041690    -0.000000     0.061440     0.033780    -1.186000    -0.000000     0.000000    -0.000000     0.000000    -0.000000    -0.000040    -0.000412    -0.004431    -0.003330
   -0.000000    -0.000000     0.000000     0.000000     0.000000     1.000000     0.000000    -0.000000    -0.000000     0.000000    -0.000000    -0.000000     0.000000     0.000000     0.000000     0.000000
    1.000000     0.000000    -0.000000    10.910000    -0.000000     0.000000     0.000000     0.000000     0.000000    -0.000000     0.000000     0.000000    -0.000000    -0.000000    -0.000000    -0.000000
    0.000000    -0.000000     0.000000    -0.000000     1.000000    -0.000000    -0.000000   -10.910000    -0.000000     0.000000    -0.000000   135.500000     0.000000     0.000000     0.000000     0.000000
   -0.000000     1.000000    -0.000000  -135.500000     0.000000     0.000000     0.000000     0.000000     0.000000    -0.000000     0.000000     0.000000    -0.000000    -0.000000    -0.000000    -0.000000
   -0.000000    -0.000000     0.000000     0.000000     0.000000    -0.000000     1.000000    -0.000000    -0.000000     0.000000    -0.000000    -0.000000     0.000000     0.000000     0.000000     0.000000

    0.000111     0.112600   -10.190000    -9.810000    -0.000000     0.000000     0.000000     0.000000     0.000000    -0.000000     0.000000     0.000000    -0.000752     0.027140     0.000000     0.011840
   -0.076270    -0.858400   127.600000    -0.000000     0.000000    -0.000000    -0.000000    -0.000000     0.000000    -0.000000     0.000000     0.000000     0.016020    -0.578600     0.000000    -0.177900
    0.004909    -0.066280    -1.312000     0.000000    -0.000767    -0.223200     0.026600     0.000000    -0.000000     0.000000    -0.000000     0.000000    -0.001274    -0.013040     0.010340    -0.105000
   -0.000000    -0.000000     1.000000     0.000000     0.000000    -0.000000    -0.000000     0.000000    -0.000000     0.000000    -0.000000     0.000000     0.000000     0.000000     0.000000     0.000000
   -0.000000    -0.000000     0.000000    -0.000000    -0.160700    10.040000  -130.400000     9.810000    -0.000000     0.000000    -0.000000    -0.000000    -0.000000    -0.000000    -0.002880    -0.000000
    0.000796    -0.010740    -0.212700    -0.000000    -0.189200   -15.640000     4.478000    -0.000000     0.000000    -0.000000     0.000000    -0.000000    -0.000207    -0.002114     0.730200    -0.017020
    0.000156    -0.002100    -0.041570    -0.000000     0.061580     0.049530    -1.191000    -0.000000     0.000000    -0.000000     0.000000    -0.000000    -0.000040    -0.000413    -0.004657    -0.003327
   -0.000000    -0.000000     0.000000    -0.000000     0.000000     1.000000     0.000000     0.000000    -0.000000     0.000000    -0.000000     0.000000     0.000000     0.000000     0.000000     0.000000
    1.000000     0.000000    -0.000000    10.040000    -0.000000     0.000000     0.000000     0.000000     0.000000    -0.000000     0.000000     0.000000    -0.000000    -0.000000    -0.000000    -0.000000
    0.000000    -0.000000     0.000000    -0.000000     1.000000    -0.000000    -0.000000   -10.040000    -0.000000     0.000000    -0.000000   135.500000     0.000000     0.000000     0.000000     0.000000
   -0.000000     1.000000    -0.000000  -135.500000     0.000000     0.000000     0.000000     0.000000     0.000000    -0.000000     0.000000     0.000000    -0.000000    -0.000000    -0.000000    -0.000000
   -0.000000    -0.000000     0.000000     0.000000     0.000000    -0.000000     1.000000     0.000000    -0.000000     0.000000    -0.000000     0.000000     0.000000     0.000000     0.000000     0.000000

   -0.003068     0.264100   -16.850000    -9.810000    -0.000000     0.000000     0.000000     0.000000     0.000000    -0.000000     0.000000     0.000000    -0.000997     0.034840    -0.000000     0.013760
   -0.135000    -0.592900    56.940000    -0.000000     0.000000    -0.000000    -0.000000    -0.000000     0.000000    -0.000000     0.000000     0.000000     0.005234    -0.182900     0.000000    -0.056980
    0.011210    -0.042630    -0.889200     0.000000    -0.000405    -0.134900     0.043030     0.000000    -0.000000     0.000000    -0.000000     0.000000    -0.000361    -0.003526     0.002759    -0.031400
   -0.000000    -0.000000     1.000000     0.000000     0.000000    -0.000000    -0.000000     0.000000    -0.000000     0.000000    -0.000000     0.000000     0.000000     0.000000     0.000000     0.000000
    0.000000    -0.000000     0.000000    -0.000000    -0.107400    16.710000   -59.310000     9.810000    -0.000000     0.000000    -0.000000    -0.000000    -0.000000    -0.000000    -0.001038    -0.000000
    0.001691    -0.006431    -0.134100    -0.000000    -0.113000   -10.190000     4.917000    -0.000000     0.000000    -0.000000     0.000000    -0.000000    -0.000055    -0.000532     0.218700    -0.004736
    0.000322    -0.001223    -0.025510    -0.000000     0.036490    -0.287100    -0.664400    -0.000000     0.000000    -0.000000     0.000000    -0.000000    -0.000010    -0.000101     0.001198    -0.000901
   -0.000000    -0.000000     0.000000     0.000000     0.000000     1.000000     0.000000     0.000000    -0.000000     0.000000    -0.000000     0.000000     0.000000     0.000000     0.000000     0.000000
    1.000000     0.000000    -0.000000    16.480000    -0.000000     0.000000     0.000000     0.000000     0.000000    -0.000000     0.000000     0.000000    -0.000000    -0.000000    -0.000000    -0.000000
    0.000000    -0.000000     0.000000    -0.000000     1.000000    -0.000000    -0.000000   -16.480000    -0.000000     0.000000    -0.000000    62.660000     0.000000     0.000000     0.000000     0.000000
   -0.000000     1.000000    -0.000000   -62.660000     0.000000     0.000000     0.000000     0.000000     0.000000    -0.000000     0.000000     0.000000    -0.000000    -0.000000    -0.000000    -0.000000
   -0.000000    -0.000000     0.000000     0.000000     0.000000    -0.000000     1.000000    -0.000000    -0.000000     0.000000    -0.000000     0.000000     0.000000     0.000000     0.000000     0.000000

   -0.019390     0.441800   -24.890000    -9.810000     0.000000    -0.000000    -0.000000     0.000000     0.000000    -0.000000     0.000000     0.000000    -0.000993     0.032660    -0.000000     0.012700
   -0.205600    -0.367100    30.280000    -0.000000    -0.000000     0.000000     0.000000    -0.000000     0.000000    -0.000000     0.000000     0.000000     0.001854    -0.060360     0.000000    -0.019180
    0.019910    -0.027870    -0.648500     0.000000    -0.000166    -0.086650     0.061540     0.000000    -0.000000     0.000000    -0.000000     0.000000    -0.000120    -0.000987     0.000875    -0.011300
   -0.000000    -0.000000     1.000000     0.000000     0.000000    -0.000000    -0.000000     0.000000    -0.000000     0.000000    -0.000000     0.000000     0.000000     0.000000     0.000000     0.000000
   -0.000000     0.000000    -0.000000    -0.000000    -0.058120    24.800000   -32.380000     9.810000    -0.000000     0.000000    -0.000000    -0.000000    -0.000000    -0.000000    -0.000463     0.000000
    0.002901    -0.004060    -0.094490    -0.000000    -0.055150    -6.109000     5.872000    -0.000000     0.000000    -0.000000     0.000000    -0.000000    -0.000018    -0.000144     0.070520    -0.001647
    0.000545    -0.000763    -0.017760    -0.000000     0.018570    -0.594100    -0.273200    -0.000000     0.000000    -0.000000     0.000000    -0.000000    -0.000003    -0.000027     0.001984    -0.000309
   -0.000000    -0.000000     0.000000     0.000000     0.000000     1.000000     0.000000     0.000000    -0.000000     0.000000    -0.000000     0.000000     0.000000     0.000000     0.000000     0.000000
    1.000000     0.000000    -0.000000    24.300000    -0.000000     0.000000     0.000000     0.000000     0.000000    -0.000000     0.000000     0.000000    -0.000000    -0.000000    -0.000000    -0.000000
    0.000000    -0.000000     0.000000    -0.000000     1.000000    -0.000000    -0.000000   -24.300000    -0.000000     0.000000    -0.000000    34.020000     0.000000     0.000000     0.000000     0.000000
   -0.000000     1.000000    -0.000000   -34.020000     0.000000     0.000000     0.000000     0.000000     0.000000    -0.000000     0.000000     0.000000    -0.000000    -0.000000    -0.000000    -0.000000
   -0.000000    -0.000000     0.000000     0.000000     0.000000    -0.000000     1.000000    -0.000000    -0.000000     0.000000    -0.000000     0.000000     0.000000     0.000000     0.000000     0.000000
