u  w  q  the  v  p  r  phi  x  y  z  psi  |  slat  flap  aileron  elevator
   -0.024960     0.449800   -27.040000    -9.810000     0.000000    -0.000000    -0.000000     0.000000     0.000000    -0.000000     0.000000     0.000000    -0.000975     0.031660    -0.000000     0.012580
   -0.206000    -0.327900    28.910000    -0.000000    -0.000000     0.000000     0.000000    -0.000000     0.000000    -0.000000     0.000000     0.000000     0.001592    -0.051050     0.000000    -0.016270
    0.023230    -0.028320    -0.662000     0.000000    -0.000064    -0.070220     0.053220     0.000000    -0.000000     0.000000    -0.000000     0.000000    -0.000103    -0.001083     0.000649    -0.010570
   -0.000000    -0.000000     1.000000     0.000000     0.000000    -0.000000    -0.000000     0.000000    -0.000000     0.000000    -0.000000     0.000000     0.000000     0.000000     0.000000     0.000000
   -0.000000     0.000000    -0.000000    -0.000000    -0.050200    27.030000   -30.960000     9.810000    -0.000000     0.000000    -0.000000    -0.000000    -0.000000    -0.000000    -0.000419     0.000000
    0.002737    -0.003337    -0.078010    -0.000000    -0.048930    -5.636000     6.066000    -0.000000     0.000000    -0.000000     0.000000    -0.000000    -0.000012    -0.000128     0.061720    -0.001246
    0.000588    -0.000717    -0.016750    -0.000000     0.017320    -0.654400    -0.237100    -0.000000     0.000000    -0.000000     0.000000    -0.000000    -0.000003    -0.000027     0.002102    -0.000267
   -0.000000    -0.000000     0.000000    -0.000000     0.000000     1.000000     0.000000     0.000000    -0.000000     0.000000    -0.000000     0.000000     0.000000     0.000000     0.000000     0.000000
    1.000000     0.000000    -0.000000    26.510000    -0.000000     0.000000     0.000000     0.000000     0.000000    -0.000000     0.000000     0.000000    -0.000000    -0.000000    -0.000000    -0.000000
    0.000000    -0.000000     0.000000    -0.000000     1.000000    -0.000000    -0.000000   -26.510000    -0.000000     0.000000    -0.000000    32.330000     0.000000     0.000000     0.000000     0.000000
   -0.000000     1.000000    -0.000000   -32.330000     0.000000     0.000000     0.000000     0.000000     0.000000    -0.000000     0.000000     0.000000    -0.000000    -0.000000    -0.000000    -0.000000
   -0.000000    -0.000000     0.000000    -0.000000     0.000000    -0.000000     1.000000    -0.000000    -0.000000     0.000000    -0.000000     0.000000     0.000000     0.000000     0.000000     0.000000

   -0.004019     0.267000   -18.220000    -9.810000    -0.000000     0.000000     0.000000     0.000000     0.000000    -0.000000     0.000000     0.000000    -0.001013     0.035270    -0.000000     0.014260
   -0.133600    -0.553400    56.850000    -0.000000     0.000000    -0.000000    -0.000000    -0.000000     0.000000    -0.000000     0.000000     0.000000     0.004869    -0.169600     0.000000    -0.052860
    0.012900    -0.044930    -0.913300     0.000000    -0.000200    -0.110000     0.035250     0.000000    -0.000000     0.000000    -0.000000     0.000000    -0.000335    -0.004229     0.002208    -0.031450
   -0.000000    -0.000000     1.000000     0.000000     0.000000    -0.000000    -0.000000     0.000000    -0.000000     0.000000    -0.000000     0.000000     0.000000     0.000000     0.000000     0.000000
    0.000000    -0.000000     0.000000    -0.000000    -0.099680    18.120000   -59.170000     9.810000    -0.000000     0.000000    -0.000000    -0.000000    -0.000000    -0.000000    -0.000984    -0.000000
    0.001571    -0.005473    -0.111300    -0.000000    -0.108500    -9.836000     5.012000    -0.000000     0.000000    -0.000000     0.000000    -0.000000    -0.000041    -0.000515     0.209700    -0.003831
    0.000342    -0.001192    -0.024220    -0.000000     0.036440    -0.321700    -0.656700    -0.000000     0.000000    -0.000000     0.000000    -0.000000    -0.000009    -0.000112     0.001456    -0.000834
   -0.000000    -0.000000     0.000000     0.000000     0.000000     1.000000     0.000000     0.000000    -0.000000     0.000000    -0.000000     0.000000     0.000000     0.000000     0.000000     0.000000
    1.000000     0.000000    -0.000000    17.880000    -0.000000     0.000000     0.000000     0.000000     0.000000    -0.000000     0.000000     0.000000    -0.000000    -0.000000    -0.000000    -0.000000
    0.000000    -0.000000     0.000000    -0.000000     1.000000    -0.000000    -0.000000   -17.880000    -0.000000     0.000000    -0.000000    62.280000     0.000000     0.000000     0.000000     0.000000
   -0.000000     1.000000    -0.000000   -62.280000     0.000000     0.000000     0.000000     0.000000     0.000000    -0.000000     0.000000     0.000000    -0.000000    -0.000000    -0.000000    -0.000000
   -0.000000    -0.000000     0.000000     0.000000     0.000000    -0.000000     1.000000    -0.000000    -0.000000     0.000000    -0.000000     0.000000     0.000000     0.000000     0.000000     0.000000

    0.000002     0.114500   -11.170000    -9.810000    -0.000000    -0.000000     0.000000     0.000000     0.000000    -0.000000     0.000000     0.000000    -0.000784     0.028260    -0.000000     0.012580
   -0.074690    -0.804900   127.900000    -0.000000     0.000000    -0.000000    -0.000000    -0.000000     0.000000    -0.000000     0.000000     0.000000     0.015020    -0.542100     0.000000    -0.166700
    0.005717    -0.070250    -1.340000     0.000000    -0.000377    -0.179900     0.018490     0.000000    -0.000000     0.000000    -0.000000     0.000000    -0.001191    -0.015780     0.008308    -0.105700
   -0.000000    -0.000000     1.000000     0.000000     0.000000    -0.000000    -0.000000     0.000000    -0.000000     0.000000    -0.000000     0.000000     0.000000     0.000000     0.000000     0.000000
   -0.000000    -0.000000    -0.000000    -0.000000    -0.150400    11.040000  -130.600000     9.810000    -0.000000     0.000000    -0.000000    -0.000000    -0.000000    -0.000000    -0.002719    -0.000000
    0.000746    -0.009168    -0.174900    -0.000000    -0.183100   -15.150000     4.478000    -0.000000     0.000000    -0.000000     0.000000    -0.000000    -0.000156    -0.002059     0.706600    -0.013800
    0.000168    -0.002061    -0.039330    -0.000000     0.061930     0.028480    -1.196000    -0.000000     0.000000    -0.000000     0.000000    -0.000000    -0.000035    -0.000463    -0.004184    -0.003102
   -0.000000    -0.000000     0.000000    -0.000000     0.000000     1.000000     0.000000     0.000000    -0.000000     0.000000    -0.000000     0.000000     0.000000     0.000000     0.000000     0.000000
    1.000000     0.000000    -0.000000    11.020000    -0.000000     0.000000     0.000000     0.000000     0.000000    -0.000000     0.000000     0.000000    -0.000000    -0.000000    -0.000000    -0.000000
    0.000000    -0.000000     0.000000    -0.000000     1.000000    -0.000000    -0.000000   -11.020000    -0.000000     0.000000    -0.000000   135.500000     0.000000     0.000000     0.000000     0.000000
   -0.000000     1.000000    -0.000000  -135.500000     0.000000     0.000000     0.000000     0.000000     0.000000    -0.000000     0.000000     0.000000    -0.000000    -0.000000    -0.000000    -0.000000
   -0.000000    -0.000000     0.000000    -0.000000     0.000000    -0.000000     1.000000    -0.000000    -0.000000     0.000000    -0.000000     0.000000     0.000000     0.000000     0.000000     0.000000

    0.000046     0.113400   -10.290000    -9.810000    -0.000000    -0.000000     0.000000     0.000000     0.000000    -0.000000     0.000000     0.000000    -0.000762     0.027500     0.000000     0.012390
   -0.075610    -0.858400   127.500000    -0.000000     0.000000     0.000000    -0.000000    -0.000000     0.000000    -0.000000     0.000000     0.000000     0.016010    -0.578600     0.000000    -0.177900
    0.005254    -0.070190    -1.336000     0.000000    -0.000379    -0.179500     0.017120     0.000000    -0.000000     0.000000    -0.000000     0.000000    -0.001191    -0.015820     0.008312    -0.105600
   -0.000000    -0.000000     1.000000     0.000000     0.000000    -0.000000    -0.000000    -0.000000    -0.000000     0.000000    -0.000000     0.000000     0.000000     0.000000     0.000000     0.000000
   -0.000000    -0.000000     0.000000    -0.000000    -0.160700    10.150000  -130.300000     9.810000    -0.000000     0.000000    -0.000000    -0.000000    -0.000000    -0.000000    -0.002886    -0.000000
    0.000686    -0.009160    -0.174400    -0.000000    -0.183600   -15.160000     4.375000    -0.000000     0.000000    -0.000000     0.000000    -0.000000    -0.000156    -0.002064     0.707500    -0.013780
    0.000154    -0.002059    -0.039210    -0.000000     0.062060     0.044260    -1.202000    -0.000000     0.000000    -0.000000     0.000000    -0.000000    -0.000035    -0.000464    -0.004411    -0.003098
   -0.000000    -0.000000     0.000000     0.000000     0.000000     1.000000     0.000000     0.000000    -0.000000     0.000000    -0.000000     0.000000     0.000000     0.000000     0.000000     0.000000
    1.000000     0.000000    -0.000000    10.140000    -0.000000     0.000000     0.000000     0.000000     0.000000    -0.000000     0.000000     0.000000    -0.000000    -0.000000    -0.000000    -0.000000
    0.000000    -0.000000     0.000000    -0.000000     1.000000    -0.000000    -0.000000   -10.140000    -0.000000     0.000000    -0.000000   135.500000     0.000000     0.000000     0.000000     0.000000
   -0.000000     1.000000    -0.000000  -135.500000     0.000000     0.000000     0.000000     0.000000     0.000000    -0.000000     0.000000     0.000000    -0.000000    -0.000000    -0.000000    -0.000000
   -0.000000    -0.000000     0.000000     0.000000     0.000000    -0.000000     1.000000     0.000000    -0.000000     0.000000    -0.000000     0.000000     0.000000     0.000000     0.000000     0.000000

   -0.003562     0.265800   -16.970000    -9.810000    -0.000000    -0.000000     0.000000     0.000000     0.000000    -0.000000     0.000000     0.000000    -0.001007     0.035160    -0.000000     0.014250
   -0.133700    -0.592500    56.820000    -0.000000     0.000000    -0.000000    -0.000000    -0.000000     0.000000    -0.000000     0.000000     0.000000     0.005229    -0.182700     0.000000    -0.056910
    0.011930    -0.044960    -0.908300     0.000000    -0.000205    -0.109800     0.032850     0.000000    -0.000000     0.000000    -0.000000     0.000000    -0.000337    -0.004299     0.002228    -0.031600
   -0.000000    -0.000000     1.000000     0.000000     0.000000    -0.000000    -0.000000     0.000000    -0.000000     0.000000    -0.000000     0.000000     0.000000     0.000000     0.000000     0.000000
    0.000000    -0.000000     0.000000    -0.000000    -0.107500    16.860000   -59.260000     9.810000    -0.000000     0.000000    -0.000000    -0.000000    -0.000000    -0.000000    -0.001042    -0.000000
    0.001454    -0.005477    -0.110600    -0.000000    -0.110100    -9.895000     4.813000    -0.000000     0.000000    -0.000000     0.000000    -0.000000    -0.000041    -0.000524     0.212200    -0.003850
    0.000316    -0.001193    -0.024090    -0.000000     0.036870    -0.290300    -0.670100    -0.000000     0.000000    -0.000000     0.000000    -0.000000    -0.000009    -0.000114     0.001253    -0.000838
   -0.000000    -0.000000     0.000000     0.000000     0.000000     1.000000     0.000000     0.000000    -0.000000     0.000000    -0.000000     0.000000     0.000000     0.000000     0.000000     0.000000
    1.000000     0.000000    -0.000000    16.620000    -0.000000     0.000000     0.000000     0.000000     0.000000    -0.000000     0.000000     0.000000    -0.000000    -0.000000    -0.000000    -0.000000
    0.000000    -0.000000     0.000000    -0.000000     1.000000    -0.000000    -0.000000   -16.620000    -0.000000     0.000000    -0.000000    62.630000     0.000000     0.000000     0.000000     0.000000
   -0.000000     1.000000    -0.000000   -62.630000     0.000000     0.000000     0.000000     0.000000     0.000000    -0.000000     0.000000     0.000000    -0.000000    -0.000000    -0.000000    -0.000000
   -0.000000    -0.000000     0.000000     0.000000     0.000000    -0.000000     1.000000    -0.000000    -0.000000     0.000000    -0.000000     0.000000     0.000000     0.000000     0.000000     0.000000

   -0.021460     0.444600   -25.050000    -9.810000     0.000000     0.000000    -0.000000     0.000000     0.000000    -0.000000     0.000000     0.000000    -0.000999     0.032810    -0.000000     0.013030
   -0.203900    -0.365600    30.090000    -0.000000    -0.000000     0.000000     0.000000    -0.000000     0.000000    -0.000000     0.000000     0.000000     0.001840    -0.059830     0.000000    -0.019010
    0.021040    -0.029090    -0.664200     0.000000    -0.000076    -0.071580     0.049280     0.000000    -0.000000     0.000000    -0.000000     0.000000    -0.000112    -0.001219     0.000707    -0.011320
   -0.000000    -0.000000     1.000000    -0.000000     0.000000    -0.000000    -0.000000    -0.000000    -0.000000     0.000000    -0.000000    -0.000000     0.000000     0.000000     0.000000     0.000000
   -0.000000     0.000000    -0.000000    -0.000000    -0.058020    25.010000   -32.240000     9.810000    -0.000000     0.000000    -0.000000    -0.000000    -0.000000    -0.000000    -0.000463     0.000000
    0.002480    -0.003427    -0.078270    -0.000000    -0.053760    -5.916000     5.749000    -0.000000     0.000000    -0.000000     0.000000    -0.000000    -0.000013    -0.000144     0.067980    -0.001334
    0.000532    -0.000736    -0.016810    -0.000000     0.018770    -0.597400    -0.273600    -0.000000     0.000000    -0.000000     0.000000    -0.000000    -0.000003    -0.000031     0.001998    -0.000287
   -0.000000    -0.000000     0.000000     0.000000     0.000000     1.000000     0.000000    -0.000000    -0.000000     0.000000    -0.000000    -0.000000     0.000000     0.000000     0.000000     0.000000
    1.000000     0.000000    -0.000000    24.510000    -0.000000     0.000000     0.000000     0.000000     0.000000    -0.000000     0.000000     0.000000    -0.000000    -0.000000    -0.000000    -0.000000
    0.000000    -0.000000     0.000000    -0.000000     1.000000    -0.000000    -0.000000   -24.510000    -0.000000     0.000000    -0.000000    33.870000     0.000000     0.000000     0.000000     0.000000
   -0.000000     1.000000    -0.000000   -33.870000     0.000000     0.000000     0.000000     0.000000     0.000000    -0.000000     0.000000     0.000000    -0.000000    -0.000000    -0.000000    -0.000000
   -0.000000    -0.000000     0.000000     0.000000     0.000000    -0.000000     1.000000    -0.000000    -0.000000     0.000000    -0.000000    -0.000000     0.000000     0.000000     0.000000     0.000000
