u  w  q  the  v  p  r  phi  x  y  z  psi  |  slat  flap  aileron  elevator
   -0.021800     0.445900   -26.810000    -9.810000     0.000000     0.000000    -0.000000     0.000000     0.000000    -0.000000     0.000000     0.000000    -0.000969     0.031520     0.000000     0.012170
   -0.208200    -0.330400    29.200000    -0.000000    -0.000000    -0.000000     0.000000    -0.000000     0.000000    -0.000000     0.000000     0.000000     0.001613    -0.051830     0.000000    -0.016520
    0.022470    -0.027920    -0.667700     0.000000     0.000183    -0.025060     0.010260     0.000000    -0.000000     0.000000    -0.000000     0.000000    -0.000119    -0.000833     0.000187    -0.011010
   -0.000000    -0.000000     1.000000     0.000000     0.000000    -0.000000    -0.000000     0.000000    -0.000000     0.000000    -0.000000     0.000000     0.000000     0.000000     0.000000     0.000000
   -0.000000     0.000000    -0.000000    -0.000000    -0.050420    26.730000   -31.190000     9.810000    -0.000000     0.000000    -0.000000    -0.000000    -0.000000    -0.000000    -0.000418     0.000000
    0.000605    -0.000751    -0.017970    -0.000000    -0.079920    -9.249000     9.809000    -0.000000     0.000000    -0.000000     0.000000    -0.000000    -0.000003    -0.000022     0.102200    -0.000296
    0.000414    -0.000514    -0.012300    -0.000000     0.018770    -0.676700    -0.287700    -0.000000     0.000000    -0.000000     0.000000    -0.000000    -0.000002    -0.000015     0.001956    -0.000203
   -0.000000    -0.000000     0.000000     0.000000     0.000000     1.000000     0.000000     0.000000    -0.000000     0.000000    -0.000000     0.000000     0.000000     0.000000     0.000000     0.000000
    1.000000     0.000000    -0.000000    26.220000    -0.000000     0.000000     0.000000     0.000000     0.000000    -0.000000     0.000000     0.000000    -0.000000    -0.000000    -0.000000    -0.000000
    0.000000    -0.000000     0.000000    -0.000000     1.000000    -0.000000    -0.000000   -26.220000    -0.000000     0.000000    -0.000000    32.570000     0.000000     0.000000     0.000000     0.000000
   -0.000000     1.000000    -0.000000   -32.570000     0.000000     0.000000     0.000000     0.000000     0.000000    -0.000000     0.000000     0.000000    -0.000000    -0.000000    -0.000000    -0.000000
   -0.000000    -0.000000     0.000000     0.000000     0.000000    -0.000000     1.000000     0.000000    -0.000000     0.000000    -0.000000     0.000000     0.000000     0.000000     0.000000     0.000000

   -0.003303     0.264700   -18.050000    -9.810000    -0.000000    -0.000000     0.000000     0.000000     0.000000    -0.000000     0.000000     0.000000    -0.001000     0.034840    -0.000000     0.013610
   -0.135300    -0.554000    57.010000    -0.000000     0.000000    -0.000000    -0.000000    -0.000000     0.000000    -0.000000     0.000000     0.000000     0.004877    -0.169900     0.000000    -0.052960
    0.012380    -0.043680    -0.927000     0.000000     0.000396    -0.031710     0.000688     0.000000    -0.000000     0.000000    -0.000000     0.000000    -0.000383    -0.003340     0.000575    -0.032580
   -0.000000    -0.000000     1.000000     0.000000     0.000000    -0.000000    -0.000000     0.000000    -0.000000     0.000000    -0.000000     0.000000     0.000000     0.000000     0.000000     0.000000
    0.000000    -0.000000     0.000000    -0.000000    -0.099560    17.910000   -59.240000     9.810000    -0.000000     0.000000    -0.000000    -0.000000    -0.000000    -0.000000    -0.000979    -0.000000
    0.000348    -0.001226    -0.026020    -0.000000    -0.181300   -16.440000     8.299000    -0.000000     0.000000    -0.000000     0.000000    -0.000000    -0.000011    -0.000094     0.350900    -0.000915
    0.000241    -0.000851    -0.018060    -0.000000     0.039830    -0.284100    -0.738800    -0.000000     0.000000    -0.000000     0.000000    -0.000000    -0.000007    -0.000065     0.000187    -0.000635
   -0.000000    -0.000000     0.000000     0.000000     0.000000     1.000000     0.000000     0.000000    -0.000000     0.000000    -0.000000     0.000000     0.000000     0.000000     0.000000     0.000000
    1.000000     0.000000    -0.000000    17.670000    -0.000000     0.000000     0.000000     0.000000     0.000000    -0.000000     0.000000     0.000000    -0.000000    -0.000000    -0.000000    -0.000000
    0.000000    -0.000000     0.000000    -0.000000     1.000000    -0.000000    -0.000000   -17.670000    -0.000000     0.000000    -0.000000    62.340000     0.000000     0.000000     0.000000     0.000000
   -0.000000     1.000000    -0.000000   -62.340000     0.000000     0.000000     0.000000     0.000000     0.000000    -0.000000     0.000000     0.000000    -0.000000    -0.000000    -0.000000    -0.000000
   -0.000000    -0.000000     0.000000     0.000000     0.000000    -0.000000     1.000000     0.000000    -0.000000     0.000000    -0.000000     0.000000     0.000000     0.000000     0.000000     0.000000

    0.000095     0.113400   -11.020000    -9.810000    -0.000000    -0.000000     0.000000     0.000000     0.000000    -0.000000     0.000000     0.000000    -0.000771     0.027770     0.000000     0.011850
   -0.075590    -0.804900   128.000000    -0.000000     0.000000    -0.000000    -0.000000    -0.000000     0.000000    -0.000000     0.000000     0.000000     0.015020    -0.542200     0.000000    -0.166800
    0.005484    -0.068350    -1.375000     0.000000     0.000785    -0.046760    -0.012330     0.000000    -0.000000     0.000000    -0.000000     0.000000    -0.001371    -0.012660     0.002118    -0.110400
   -0.000000    -0.000000     1.000000     0.000000     0.000000    -0.000000    -0.000000     0.000000    -0.000000     0.000000    -0.000000     0.000000     0.000000     0.000000     0.000000     0.000000
   -0.000000    -0.000000    -0.000000    -0.000000    -0.150300    10.880000  -130.600000     9.810000    -0.000000     0.000000    -0.000000    -0.000000    -0.000000    -0.000000    -0.002712    -0.000000
    0.000168    -0.002094    -0.042130    -0.000000    -0.324300   -26.740000     7.852000    -0.000000     0.000000    -0.000000     0.000000    -0.000000    -0.000042    -0.000388     1.248000    -0.003380
    0.000121    -0.001502    -0.030220    -0.000000     0.069330     0.189900    -1.347000    -0.000000     0.000000    -0.000000     0.000000    -0.000000    -0.000030    -0.000278    -0.012000    -0.002425
   -0.000000    -0.000000     0.000000    -0.000000     0.000000     1.000000     0.000000     0.000000    -0.000000     0.000000    -0.000000     0.000000     0.000000     0.000000     0.000000     0.000000
    1.000000     0.000000    -0.000000    10.870000    -0.000000     0.000000     0.000000     0.000000     0.000000    -0.000000     0.000000     0.000000    -0.000000    -0.000000    -0.000000    -0.000000
    0.000000    -0.000000     0.000000    -0.000000     1.000000    -0.000000    -0.000000   -10.870000    -0.000000     0.000000    -0.000000   135.500000     0.000000     0.000000     0.000000     0.000000
   -0.000000     1.000000    -0.000000  -135.500000     0.000000     0.000000     0.000000     0.000000     0.000000    -0.000000     0.000000     0.000000    -0.000000    -0.000000    -0.000000    -0.000000
   -0.000000    -0.000000     0.000000     0.000000     0.000000    -0.000000     1.000000     0.000000    -0.000000     0.000000    -0.000000     0.000000     0.000000     0.000000     0.000000     0.000000

    0.000132     0.112300   -10.160000    -9.810000    -0.000000    -0.000000     0.000000     0.000000     0.000000    -0.000000     0.000000     0.000000    -0.000749     0.027010     0.000000     0.011650
   -0.076510    -0.858500   127.600000    -0.000000     0.000000    -0.000000    -0.000000    -0.000000     0.000000    -0.000000     0.000000     0.000000     0.016020    -0.578700     0.000000    -0.178000
    0.005038    -0.068270    -1.372000     0.000000     0.000786    -0.046440    -0.012750     0.000000    -0.000000     0.000000    -0.000000     0.000000    -0.001371    -0.012690     0.002116    -0.110200
   -0.000000    -0.000000     1.000000     0.000000     0.000000    -0.000000    -0.000000    -0.000000    -0.000000     0.000000    -0.000000     0.000000     0.000000     0.000000     0.000000     0.000000
   -0.000000    -0.000000    -0.000000    -0.000000    -0.160600    10.010000  -130.400000     9.810000    -0.000000     0.000000    -0.000000    -0.000000    -0.000000    -0.000000    -0.002878    -0.000000
    0.000154    -0.002091    -0.042010    -0.000000    -0.325200   -26.760000     7.673000    -0.000000     0.000000    -0.000000     0.000000    -0.000000    -0.000042    -0.000389     1.249000    -0.003377
    0.000111    -0.001500    -0.030140    -0.000000     0.069490     0.207300    -1.352000    -0.000000     0.000000    -0.000000     0.000000    -0.000000    -0.000030    -0.000279    -0.012260    -0.002423
   -0.000000    -0.000000     0.000000     0.000000     0.000000     1.000000     0.000000     0.000000    -0.000000     0.000000    -0.000000     0.000000     0.000000     0.000000     0.000000     0.000000
    1.000000     0.000000    -0.000000    10.000000    -0.000000     0.000000     0.000000     0.000000     0.000000    -0.000000     0.000000     0.000000    -0.000000    -0.000000    -0.000000    -0.000000
    0.000000    -0.000000     0.000000    -0.000000     1.000000    -0.000000    -0.000000   -10.000000    -0.000000     0.000000    -0.000000   135.500000     0.000000     0.000000     0.000000     0.000000
   -0.000000     1.000000    -0.000000  -135.500000     0.000000     0.000000     0.000000     0.000000     0.000000    -0.000000     0.000000     0.000000    -0.000000    -0.000000    -0.000000    -0.000000
   -0.000000    -0.000000     0.000000     0.000000     0.000000    -0.000000     1.000000     0.000000    -0.000000     0.000000    -0.000000     0.000000     0.000000     0.000000     0.000000     0.000000

   -0.002900     0.263500   -16.810000    -9.810000    -0.000000     0.000000     0.000000     0.000000     0.000000    -0.000000     0.000000     0.000000    -0.000994     0.034730    -0.000000     0.013590
   -0.135500    -0.593000    56.980000    -0.000000     0.000000    -0.000000    -0.000000    -0.000000     0.000000    -0.000000     0.000000     0.000000     0.005236    -0.183000     0.000000    -0.057000
    0.011450    -0.043690    -0.922200     0.000000     0.000401    -0.031270    -0.000073     0.000000    -0.000000     0.000000    -0.000000     0.000000    -0.000386    -0.003400     0.000577    -0.032740
   -0.000000    -0.000000     1.000000    -0.000000     0.000000    -0.000000    -0.000000    -0.000000    -0.000000     0.000000    -0.000000    -0.000000     0.000000     0.000000     0.000000     0.000000
    0.000000    -0.000000     0.000000    -0.000000    -0.107400    16.660000   -59.320000     9.810000    -0.000000     0.000000    -0.000000    -0.000000    -0.000000    -0.000000    -0.001037    -0.000000
    0.000321    -0.001226    -0.025890    -0.000000    -0.183800   -16.530000     7.971000    -0.000000     0.000000    -0.000000     0.000000    -0.000000    -0.000011    -0.000095     0.355000    -0.000919
    0.000223    -0.000851    -0.017960    -0.000000     0.040310    -0.249600    -0.751800    -0.000000     0.000000    -0.000000     0.000000    -0.000000    -0.000008    -0.000066    -0.000049    -0.000638
   -0.000000    -0.000000     0.000000     0.000000     0.000000     1.000000     0.000000    -0.000000    -0.000000     0.000000    -0.000000    -0.000000     0.000000     0.000000     0.000000     0.000000
    1.000000     0.000000    -0.000000    16.430000    -0.000000     0.000000     0.000000     0.000000     0.000000    -0.000000     0.000000     0.000000    -0.000000    -0.000000    -0.000000    -0.000000
    0.000000    -0.000000     0.000000    -0.000000     1.000000    -0.000000    -0.000000   -16.430000    -0.000000     0.000000    -0.000000    62.680000     0.000000     0.000000     0.000000     0.000000
   -0.000000     1.000000    -0.000000   -62.680000     0.000000     0.000000     0.000000     0.000000     0.000000    -0.000000     0.000000     0.000000    -0.000000    -0.000000    -0.000000    -0.000000
   -0.000000    -0.000000     0.000000     0.000000     0.000000    -0.000000     1.000000    -0.000000    -0.000000     0.000000    -0.000000    -0.000000     0.000000     0.000000     0.000000     0.000000

   -0.018680     0.440800   -24.830000    -9.810000     0.000000    -0.000000    -0.000000     0.000000     0.000000    -0.000000     0.000000     0.000000    -0.000991     0.032610    -0.000000     0.012580
   -0.206200    -0.367700    30.350000    -0.000000    -0.000000    -0.000000     0.000000    -0.000000     0.000000    -0.000000     0.000000     0.000000     0.001859    -0.060540     0.000000    -0.019230
    0.020330    -0.028590    -0.670100     0.000000     0.000197    -0.024720     0.008882     0.000000    -0.000000     0.000000    -0.000000     0.000000    -0.000129    -0.000943     0.000200    -0.011770
   -0.000000    -0.000000     1.000000     0.000000     0.000000    -0.000000    -0.000000     0.000000    -0.000000     0.000000    -0.000000     0.000000     0.000000     0.000000     0.000000     0.000000
   -0.000000     0.000000    -0.000000    -0.000000    -0.058160    24.730000   -32.430000     9.810000    -0.000000     0.000000    -0.000000    -0.000000    -0.000000    -0.000000    -0.000463     0.000000
    0.000547    -0.000769    -0.018030    -0.000000    -0.087700    -9.694000     9.295000    -0.000000     0.000000    -0.000000     0.000000    -0.000000    -0.000003    -0.000025     0.112200    -0.000317
    0.000375    -0.000527    -0.012340    -0.000000     0.020330    -0.613900    -0.324400    -0.000000     0.000000    -0.000000     0.000000    -0.000000    -0.000002    -0.000017     0.001808    -0.000217
   -0.000000    -0.000000     0.000000     0.000000     0.000000     1.000000     0.000000     0.000000    -0.000000     0.000000    -0.000000     0.000000     0.000000     0.000000     0.000000     0.000000
    1.000000     0.000000    -0.000000    24.230000    -0.000000     0.000000     0.000000     0.000000     0.000000    -0.000000     0.000000     0.000000    -0.000000    -0.000000    -0.000000    -0.000000
    0.000000    -0.000000     0.000000    -0.000000     1.000000    -0.000000    -0.000000   -24.230000    -0.000000     0.000000    -0.000000    34.070000     0.000000     0.000000     0.000000     0.000000
   -0.000000     1.000000    -0.000000   -34.070000     0.000000     0.000000     0.000000     0.000000     0.000000    -0.000000     0.000000     0.000000    -0.000000    -0.000000    -0.000000    -0.000000
   -0.000000    -0.000000     0.000000     0.000000     0.000000    -0.000000     1.000000     0.000000    -0.000000     0.000000    -0.000000     0.000000     0.000000     0.000000     0.000000     0.000000
