u  w  q  the  v  p  r  phi  x  y  z  psi  |  slat  flap  aileron  elevator
   -0.000128     0.212800   -18.130000    -9.810000     0.000000    -0.000000     0.000000     0.000000     0.000000    -0.000000     0.000000     0.000000    -0.000774     0.032110    -0.000000     0.009946
   -0.120700    -0.533700    66.990000    -0.000000    -0.000000     0.000000     0.000000    -0.000000     0.000000    -0.000000     0.000000     0.000000     0.004405    -0.179500    -0.000000    -0.075370
    0.004903    -0.020640    -0.869400     0.000000    -0.003794    -0.146400     0.068570     0.000000    -0.000000     0.000000    -0.000000     0.000000    -0.000304    -0.000153     0.002079    -0.028660
   -0.000000    -0.000000     1.000000     0.000000     0.000000    -0.000000    -0.000000     0.000000    -0.000000     0.000000    -0.000000     0.000000     0.000000     0.000000     0.000000     0.000000
    0.000000     0.000000     0.000000    -0.000000    -0.092050    18.170000   -69.160000     9.810000    -0.000000     0.000000    -0.000000    -0.000000    -0.000000     0.000000    -0.000114     0.000000
    0.000882    -0.003714    -0.156500    -0.000000    -0.439500   -16.350000     8.151000    -0.000000     0.000000    -0.000000     0.000000    -0.000000    -0.000055    -0.000028     0.234300    -0.005157
    0.000046    -0.000194    -0.008155    -0.000000     0.007174    -0.647400    -0.442800    -0.000000     0.000000    -0.000000     0.000000    -0.000000    -0.000003    -0.000001     0.005968    -0.000269
   -0.000000    -0.000000     0.000000     0.000000     0.000000     1.000000     0.000000     0.000000    -0.000000     0.000000    -0.000000     0.000000     0.000000     0.000000     0.000000     0.000000
    1.000000     0.000000    -0.000000    17.530000    -0.000000     0.000000     0.000000     0.000000     0.000000    -0.000000     0.000000     0.000000    -0.000000    -0.000000    -0.000000    -0.000000
    0.000000    -0.000000     0.000000    -0.000000     1.000000    -0.000000    -0.000000   -17.530000    -0.000000     0.000000    -0.000000    73.780000     0.000000     0.000000     0.000000     0.000000
   -0.000000     1.000000    -0.000000   -73.780000     0.000000     0.000000     0.000000     0.000000     0.000000    -0.000000     0.000000     0.000000    -0.000000    -0.000000    -0.000000    -0.000000
   -0.000000    -0.000000     0.000000     0.000000     0.000000    -0.000000     1.000000    -0.000000    -0.000000     0.000000    -0.000000     0.000000     0.000000     0.000000     0.000000     0.000000

    0.000308     0.130300   -13.790000    -9.810000    -0.000000    -0.000000     0.000000     0.000000     0.000000    -0.000000     0.000000     0.000000    -0.000620     0.028150     0.000000     0.007944
   -0.087210    -0.655500   106.500000    -0.000000     0.000000     0.000000    -0.000000    -0.000000     0.000000    -0.000000     0.000000     0.000000     0.008305    -0.354700     0.000000    -0.139600
    0.002918    -0.024820    -1.161000     0.000000    -0.004826    -0.225700     0.076670     0.000000    -0.000000     0.000000    -0.000000     0.000000    -0.000708    -0.000549     0.005066    -0.060150
   -0.000000    -0.000000     1.000000    -0.000000     0.000000    -0.000000    -0.000000    -0.000000    -0.000000     0.000000    -0.000000    -0.000000     0.000000     0.000000     0.000000     0.000000
    0.000000     0.000000    -0.000000    -0.000000    -0.109600    13.590000  -109.400000     9.810000    -0.000000     0.000000    -0.000000    -0.000000     0.000000    -0.000000     0.002735    -0.000000
    0.000587    -0.004997    -0.233800    -0.000000    -0.490400   -22.130000     8.042000    -0.000000     0.000000    -0.000000     0.000000    -0.000000    -0.000142    -0.000111     0.498900    -0.012110
    0.000029    -0.000251    -0.011720    -0.000000     0.014260    -0.551700    -0.606700    -0.000000     0.000000    -0.000000     0.000000    -0.000000    -0.000007    -0.000006     0.009129    -0.000607
   -0.000000    -0.000000     0.000000     0.000000     0.000000     1.000000     0.000000    -0.000000    -0.000000     0.000000    -0.000000    -0.000000     0.000000     0.000000     0.000000     0.000000
    1.000000     0.000000    -0.000000    13.450000    -0.000000     0.000000     0.000000     0.000000     0.000000    -0.000000     0.000000     0.000000    -0.000000    -0.000000    -0.000000    -0.000000
    0.000000    -0.000000     0.000000    -0.000000     1.000000    -0.000000    -0.000000   -13.450000    -0.000000     0.000000    -0.000000   114.400000     0.000000     0.000000     0.000000     0.000000
   -0.000000     1.000000    -0.000000  -114.400000     0.000000     0.000000     0.000000     0.000000     0.000000    -0.000000     0.000000     0.000000    -0.000000    -0.000000    -0.000000    -0.000000
   -0.000000    -0.000000     0.000000     0.000000     0.000000    -0.000000     1.000000    -0.000000    -0.000000     0.000000    -0.000000    -0.000000     0.000000     0.000000     0.000000     0.000000

    0.000062     0.058180   -13.960000    -9.810000     0.000000    -0.000000     0.000000     0.000000     0.000000    -0.000000     0.000000     0.000000    -0.000352     0.020440    -0.000000     0.005222
   -0.049850    -0.569400   223.500000    -0.000000    -0.000000     0.000000    -0.000000    -0.000000     0.000000    -0.000000     0.000000     0.000000     0.014190    -0.647800     0.000000    -0.234800
    0.001479    -0.024570    -1.232000     0.000000    -0.005723    -0.302700     0.082820     0.000000    -0.000000     0.000000    -0.000000     0.000000    -0.001762    -0.003308     0.013840    -0.131000
   -0.000000    -0.000000     1.000000     0.000000     0.000000    -0.000000    -0.000000    -0.000000    -0.000000     0.000000    -0.000000     0.000000     0.000000     0.000000     0.000000     0.000000
   -0.000000    -0.000000     0.000000    -0.000000    -0.086220    13.710000  -226.000000     9.810000    -0.000000     0.000000    -0.000000    -0.000000     0.000000    -0.000000     0.007063     0.000000
    0.000366    -0.006088    -0.305100    -0.000000    -0.446900   -22.810000     6.707000    -0.000000     0.000000    -0.000000     0.000000    -0.000000    -0.000437    -0.000820     1.045000    -0.032450
    0.000017    -0.000280    -0.014010    -0.000000     0.017110    -0.349500    -0.609500    -0.000000     0.000000    -0.000000     0.000000    -0.000000    -0.000020    -0.000038     0.012270    -0.001490
   -0.000000    -0.000000     0.000000     0.000000     0.000000     1.000000     0.000000     0.000000    -0.000000     0.000000    -0.000000     0.000000     0.000000     0.000000     0.000000     0.000000
    1.000000     0.000000    -0.000000    13.830000    -0.000000     0.000000     0.000000     0.000000     0.000000    -0.000000     0.000000     0.000000    -0.000000    -0.000000    -0.000000    -0.000000
    0.000000    -0.000000     0.000000    -0.000000     1.000000    -0.000000    -0.000000   -13.830000    -0.000000     0.000000    -0.000000   229.700000     0.000000     0.000000     0.000000     0.000000
   -0.000000     1.000000    -0.000000  -229.700000     0.000000     0.000000     0.000000     0.000000     0.000000    -0.000000     0.000000     0.000000    -0.000000    -0.000000    -0.000000    -0.000000
   -0.000000    -0.000000     0.000000     0.000000     0.000000    -0.000000     1.000000     0.000000    -0.000000     0.000000    -0.000000     0.000000     0.000000     0.000000     0.000000     0.000000

    0.000046     0.057560   -12.970000    -9.810000     0.000000    -0.000000     0.000000     0.000000     0.000000    -0.000000     0.000000     0.000000    -0.000331     0.019670    -0.000000     0.004991
   -0.050460    -0.601000   223.200000    -0.000000    -0.000000     0.000000    -0.000000    -0.000000     0.000000    -0.000000     0.000000     0.000000     0.014970    -0.684300     0.000000    -0.247800
    0.001366    -0.024440    -1.231000     0.000000    -0.005667    -0.302700     0.081200     0.000000    -0.000000     0.000000    -0.000000     0.000000    -0.001763    -0.003280     0.013850    -0.130900
   -0.000000    -0.000000     1.000000    -0.000000     0.000000    -0.000000    -0.000000    -0.000000    -0.000000     0.000000    -0.000000    -0.000000     0.000000     0.000000     0.000000     0.000000
   -0.000000    -0.000000     0.000000    -0.000000    -0.091120    12.700000  -225.900000     9.810000    -0.000000     0.000000    -0.000000    -0.000000     0.000000    -0.000000     0.007617     0.000000
    0.000338    -0.006055    -0.304900    -0.000000    -0.442800   -22.820000     6.584000    -0.000000     0.000000    -0.000000     0.000000    -0.000000    -0.000437    -0.000813     1.046000    -0.032430
    0.000016    -0.000278    -0.014000    -0.000000     0.017240    -0.338500    -0.609700    -0.000000     0.000000    -0.000000     0.000000    -0.000000    -0.000020    -0.000037     0.012120    -0.001489
   -0.000000    -0.000000     0.000000     0.000000     0.000000     1.000000     0.000000    -0.000000    -0.000000     0.000000    -0.000000    -0.000000     0.000000     0.000000     0.000000     0.000000
    1.000000     0.000000    -0.000000    12.840000    -0.000000     0.000000     0.000000     0.000000     0.000000    -0.000000     0.000000     0.000000    -0.000000    -0.000000    -0.000000    -0.000000
    0.000000    -0.000000     0.000000    -0.000000     1.000000    -0.000000    -0.000000   -12.840000    -0.000000     0.000000    -0.000000   229.800000     0.000000     0.000000     0.000000     0.000000
   -0.000000     1.000000    -0.000000  -229.800000     0.000000     0.000000     0.000000     0.000000     0.000000    -0.000000     0.000000     0.000000    -0.000000    -0.000000    -0.000000    -0.000000
   -0.000000    -0.000000     0.000000     0.000000     0.000000    -0.000000     1.000000    -0.000000    -0.000000     0.000000    -0.000000    -0.000000     0.000000     0.000000     0.000000     0.000000

    0.000314     0.129500   -12.940000    -9.810000    -0.000000    -0.000000    -0.000000     0.000000     0.000000    -0.000000     0.000000     0.000000    -0.000607     0.027750     0.000000     0.007790
   -0.087770    -0.691200   106.200000    -0.000000    -0.000000     0.000000     0.000000    -0.000000     0.000000    -0.000000     0.000000     0.000000     0.008760    -0.374700     0.000000    -0.147200
    0.002711    -0.024630    -1.160000     0.000000    -0.004762    -0.225800     0.074770     0.000000    -0.000000     0.000000    -0.000000     0.000000    -0.000709    -0.000529     0.005077    -0.060150
   -0.000000    -0.000000     1.000000     0.000000     0.000000    -0.000000    -0.000000     0.000000    -0.000000     0.000000    -0.000000     0.000000     0.000000     0.000000     0.000000     0.000000
    0.000000     0.000000    -0.000000    -0.000000    -0.115800    12.710000  -109.300000     9.810000    -0.000000     0.000000    -0.000000    -0.000000     0.000000    -0.000000     0.003069    -0.000000
    0.000546    -0.004958    -0.233600    -0.000000    -0.484200   -22.150000     7.854000    -0.000000     0.000000    -0.000000     0.000000    -0.000000    -0.000143    -0.000107     0.500000    -0.012110
    0.000027    -0.000249    -0.011720    -0.000000     0.014520    -0.533700    -0.608200    -0.000000     0.000000    -0.000000     0.000000    -0.000000    -0.000007    -0.000005     0.009003    -0.000607
   -0.000000    -0.000000     0.000000    -0.000000     0.000000     1.000000     0.000000     0.000000    -0.000000     0.000000    -0.000000     0.000000     0.000000     0.000000     0.000000     0.000000
    1.000000     0.000000    -0.000000    12.610000    -0.000000     0.000000     0.000000     0.000000     0.000000    -0.000000     0.000000     0.000000    -0.000000    -0.000000    -0.000000    -0.000000
    0.000000    -0.000000     0.000000    -0.000000     1.000000    -0.000000    -0.000000   -12.610000    -0.000000     0.000000    -0.000000   114.500000     0.000000     0.000000     0.000000     0.000000
   -0.000000     1.000000    -0.000000  -114.500000     0.000000     0.000000     0.000000     0.000000     0.000000    -0.000000     0.000000     0.000000    -0.000000    -0.000000    -0.000000    -0.000000
   -0.000000    -0.000000     0.000000    -0.000000     0.000000    -0.000000     1.000000    -0.000000    -0.000000     0.000000    -0.000000     0.000000     0.000000     0.000000     0.000000     0.000000

   -0.000027     0.211900   -17.080000    -9.810000     0.000000     0.000000     0.000000     0.000000     0.000000    -0.000000     0.000000     0.000000    -0.000768     0.031960    -0.000000     0.009850
   -0.121000    -0.563400    66.840000    -0.000000    -0.000000     0.000000     0.000000    -0.000000     0.000000    -0.000000     0.000000     0.000000     0.004661    -0.190500    -0.000000    -0.079730
    0.004545    -0.020410    -0.869400     0.000000    -0.003723    -0.146800     0.066410     0.000000    -0.000000     0.000000    -0.000000     0.000000    -0.000306    -0.000135     0.002095    -0.028750
   -0.000000    -0.000000     1.000000     0.000000     0.000000    -0.000000    -0.000000     0.000000    -0.000000     0.000000    -0.000000     0.000000     0.000000     0.000000     0.000000     0.000000
    0.000000     0.000000     0.000000    -0.000000    -0.097720    17.100000   -69.170000     9.810000    -0.000000     0.000000    -0.000000    -0.000000    -0.000000     0.000000     0.000075     0.000000
    0.000818    -0.003672    -0.156500    -0.000000    -0.431700   -16.410000     7.905000    -0.000000     0.000000    -0.000000     0.000000    -0.000000    -0.000055    -0.000024     0.236200    -0.005174
    0.000043    -0.000191    -0.008155    -0.000000     0.007594    -0.622500    -0.446200    -0.000000     0.000000    -0.000000     0.000000    -0.000000    -0.000003    -0.000001     0.005867    -0.000270
   -0.000000    -0.000000     0.000000     0.000000     0.000000     1.000000     0.000000     0.000000    -0.000000     0.000000    -0.000000     0.000000     0.000000     0.000000     0.000000     0.000000
    1.000000     0.000000    -0.000000    16.490000    -0.000000     0.000000     0.000000     0.000000     0.000000    -0.000000     0.000000     0.000000    -0.000000    -0.000000    -0.000000    -0.000000
    0.000000    -0.000000     0.000000    -0.000000     1.000000    -0.000000    -0.000000   -16.490000    -0.000000     0.000000    -0.000000    74.020000     0.000000     0.000000     0.000000     0.000000
   -0.000000     1.000000    -0.000000   -74.020000     0.000000     0.000000     0.000000     0.000000     0.000000    -0.000000     0.000000     0.000000    -0.000000    -0.000000    -0.000000    -0.000000
   -0.000000    -0.000000     0.000000     0.000000     0.000000    -0.000000     1.000000     0.000000    -0.000000     0.000000    -0.000000     0.000000     0.000000     0.000000     0.000000     0.000000
