u  w  q  the  v  p  r  phi  x  y  z  psi  |  slat  flap  aileron  elevator
   -0.023970     0.448600   -26.970000    -9.810000     0.000000    -0.000000    -0.000000     0.000000     0.000000    -0.000000     0.000000     0.000000    -0.000973     0.031620    -0.000000     0.012450
   -0.206700    -0.328700    29.000000    -0.000000    -0.000000     0.000000     0.000000    -0.000000     0.000000    -0.000000     0.000000     0.000000     0.001599    -0.051290     0.000000    -0.016350
    0.022720    -0.027860    -0.655500     0.000000    -0.000089    -0.077800     0.059390     0.000000    -0.000000     0.000000    -0.000000     0.000000    -0.000106    -0.000997     0.000725    -0.010570
   -0.000000    -0.000000     1.000000     0.000000     0.000000    -0.000000    -0.000000     0.000000    -0.000000     0.000000    -0.000000     0.000000     0.000000     0.000000     0.000000     0.000000
   -0.000000     0.000000    -0.000000    -0.000000    -0.050270    26.940000   -31.030000     9.810000    -0.000000     0.000000    -0.000000    -0.000000    -0.000000    -0.000000    -0.000419     0.000000
    0.002983    -0.003658    -0.086080    -0.000000    -0.045150    -5.219000     5.587000    -0.000000     0.000000    -0.000000     0.000000    -0.000000    -0.000014    -0.000131     0.057280    -0.001388
    0.000618    -0.000758    -0.017840    -0.000000     0.017070    -0.651000    -0.231500    -0.000000     0.000000    -0.000000     0.000000    -0.000000    -0.000003    -0.000027     0.002120    -0.000288
   -0.000000    -0.000000     0.000000     0.000000     0.000000     1.000000     0.000000     0.000000    -0.000000     0.000000    -0.000000     0.000000     0.000000     0.000000     0.000000     0.000000
    1.000000     0.000000    -0.000000    26.420000    -0.000000     0.000000     0.000000     0.000000     0.000000    -0.000000     0.000000     0.000000    -0.000000    -0.000000    -0.000000    -0.000000
    0.000000    -0.000000     0.000000    -0.000000     1.000000    -0.000000    -0.000000   -26.420000    -0.000000     0.000000    -0.000000    32.400000     0.000000     0.000000     0.000000     0.000000
   -0.000000     1.000000    -0.000000   -32.400000     0.000000     0.000000     0.000000     0.000000     0.000000    -0.000000     0.000000     0.000000    -0.000000    -0.000000    -0.000000    -0.000000
   -0.000000    -0.000000     0.000000     0.000000     0.000000    -0.000000     1.000000    -0.000000    -0.000000     0.000000    -0.000000     0.000000     0.000000     0.000000     0.000000     0.000000

   -0.003795     0.266300   -18.170000    -9.810000     0.000000    -0.000000     0.000000     0.000000     0.000000    -0.000000     0.000000     0.000000    -0.001009     0.035140    -0.000000     0.014060
   -0.134100    -0.553600    56.900000    -0.000000     0.000000    -0.000000    -0.000000    -0.000000     0.000000    -0.000000     0.000000     0.000000     0.004872    -0.169700     0.000000    -0.052890
    0.012580    -0.043980    -0.905300     0.000000    -0.000260    -0.122000     0.039710     0.000000    -0.000000     0.000000    -0.000000     0.000000    -0.000345    -0.003914     0.002456    -0.031370
   -0.000000    -0.000000     1.000000    -0.000000     0.000000    -0.000000    -0.000000    -0.000000    -0.000000     0.000000    -0.000000    -0.000000     0.000000     0.000000     0.000000     0.000000
    0.000000    -0.000000     0.000000    -0.000000    -0.099650    18.060000   -59.190000     9.810000    -0.000000     0.000000    -0.000000    -0.000000    -0.000000    -0.000000    -0.000983    -0.000000
    0.001703    -0.005955    -0.122600    -0.000000    -0.099800    -9.062000     4.601000    -0.000000     0.000000    -0.000000     0.000000    -0.000000    -0.000047    -0.000530     0.193300    -0.004248
    0.000359    -0.001254    -0.025820    -0.000000     0.035880    -0.325200    -0.644700    -0.000000     0.000000    -0.000000     0.000000    -0.000000    -0.000010    -0.000112     0.001585    -0.000895
   -0.000000    -0.000000     0.000000     0.000000     0.000000     1.000000     0.000000    -0.000000    -0.000000     0.000000    -0.000000    -0.000000     0.000000     0.000000     0.000000     0.000000
    1.000000     0.000000    -0.000000    17.810000    -0.000000     0.000000     0.000000     0.000000     0.000000    -0.000000     0.000000     0.000000    -0.000000    -0.000000    -0.000000    -0.000000
    0.000000    -0.000000     0.000000    -0.000000     1.000000    -0.000000    -0.000000   -17.810000    -0.000000     0.000000    -0.000000    62.300000     0.000000     0.000000     0.000000     0.000000
   -0.000000     1.000000    -0.000000   -62.300000     0.000000     0.000000     0.000000     0.000000     0.000000    -0.000000     0.000000     0.000000    -0.000000    -0.000000    -0.000000    -0.000000
   -0.000000    -0.000000     0.000000     0.000000     0.000000    -0.000000     1.000000    -0.000000    -0.000000     0.000000    -0.000000    -0.000000     0.000000     0.000000     0.000000     0.000000

    0.000031     0.114200   -11.120000    -9.810000    -0.000000     0.000000     0.000000     0.000000     0.000000    -0.000000     0.000000     0.000000    -0.000780     0.028110    -0.000000     0.012360
   -0.074960    -0.804900   127.900000    -0.000000     0.000000    -0.000000    -0.000000    -0.000000     0.000000    -0.000000     0.000000     0.000000     0.015020    -0.542100     0.000000    -0.166800
    0.005562    -0.068650    -1.330000     0.000000    -0.000480    -0.199100     0.021510     0.000000    -0.000000     0.000000    -0.000000     0.000000    -0.001226    -0.014630     0.009197    -0.105500
   -0.000000    -0.000000     1.000000     0.000000     0.000000    -0.000000    -0.000000    -0.000000    -0.000000     0.000000    -0.000000     0.000000     0.000000     0.000000     0.000000     0.000000
   -0.000000    -0.000000    -0.000000    -0.000000    -0.150300    10.990000  -130.600000     9.810000    -0.000000     0.000000    -0.000000    -0.000000    -0.000000    -0.000000    -0.002717    -0.000000
    0.000803    -0.009905    -0.191900    -0.000000    -0.167400   -13.860000     4.082000    -0.000000     0.000000    -0.000000     0.000000    -0.000000    -0.000177    -0.002111     0.646800    -0.015220
    0.000175    -0.002163    -0.041920    -0.000000     0.060900     0.012770    -1.175000    -0.000000     0.000000    -0.000000     0.000000    -0.000000    -0.000039    -0.000461    -0.003423    -0.003324
   -0.000000    -0.000000     0.000000     0.000000     0.000000     1.000000     0.000000     0.000000    -0.000000     0.000000    -0.000000     0.000000     0.000000     0.000000     0.000000     0.000000
    1.000000     0.000000    -0.000000    10.980000    -0.000000     0.000000     0.000000     0.000000     0.000000    -0.000000     0.000000     0.000000    -0.000000    -0.000000    -0.000000    -0.000000
    0.000000    -0.000000     0.000000    -0.000000     1.000000    -0.000000    -0.000000   -10.980000    -0.000000     0.000000    -0.000000   135.500000     0.000000     0.000000     0.000000     0.000000
   -0.000000     1.000000    -0.000000  -135.500000     0.000000     0.000000     0.000000     0.000000     0.000000    -0.000000     0.000000     0.000000    -0.000000    -0.000000    -0.000000    -0.000000
   -0.000000    -0.000000     0.000000     0.000000     0.000000    -0.000000     1.000000    -0.000000    -0.000000     0.000000    -0.000000     0.000000     0.000000     0.000000     0.000000     0.000000

    0.000074     0.113100   -10.250000    -9.810000    -0.000000    -0.000000     0.000000     0.000000     0.000000    -0.000000     0.000000     0.000000    -0.000758     0.027350     0.000000     0.012160
   -0.075880    -0.858400   127.500000    -0.000000     0.000000    -0.000000    -0.000000    -0.000000     0.000000    -0.000000     0.000000     0.000000     0.016020    -0.578600     0.000000    -0.177900
    0.005111    -0.068580    -1.326000     0.000000    -0.000482    -0.198700     0.020010     0.000000    -0.000000     0.000000    -0.000000     0.000000    -0.001226    -0.014670     0.009201    -0.105400
   -0.000000    -0.000000     1.000000     0.000000     0.000000    -0.000000    -0.000000    -0.000000    -0.000000     0.000000    -0.000000     0.000000     0.000000     0.000000     0.000000     0.000000
   -0.000000    -0.000000    -0.000000    -0.000000    -0.160700    10.110000  -130.400000     9.810000    -0.000000     0.000000    -0.000000    -0.000000    -0.000000    -0.000000    -0.002884    -0.000000
    0.000737    -0.009894    -0.191400    -0.000000    -0.167800   -13.870000     3.989000    -0.000000     0.000000    -0.000000     0.000000    -0.000000    -0.000177    -0.002117     0.647600    -0.015200
    0.000161    -0.002161    -0.041800    -0.000000     0.061030     0.028370    -1.180000    -0.000000     0.000000    -0.000000     0.000000    -0.000000    -0.000039    -0.000462    -0.003646    -0.003321
   -0.000000    -0.000000     0.000000     0.000000     0.000000     1.000000     0.000000     0.000000    -0.000000     0.000000    -0.000000     0.000000     0.000000     0.000000     0.000000     0.000000
    1.000000     0.000000    -0.000000    10.100000    -0.000000     0.000000     0.000000     0.000000     0.000000    -0.000000     0.000000     0.000000    -0.000000    -0.000000    -0.000000    -0.000000
    0.000000    -0.000000     0.000000    -0.000000     1.000000    -0.000000    -0.000000   -10.100000    -0.000000     0.000000    -0.000000   135.500000     0.000000     0.000000     0.000000     0.000000
   -0.000000     1.000000    -0.000000  -135.500000     0.000000     0.000000     0.000000     0.000000     0.000000    -0.000000     0.000000     0.000000    -0.000000    -0.000000    -0.000000    -0.000000
   -0.000000    -0.000000     0.000000     0.000000     0.000000    -0.000000     1.000000     0.000000    -0.000000     0.000000    -0.000000     0.000000     0.000000     0.000000     0.000000     0.000000

   -0.003354     0.265100   -16.920000    -9.810000    -0.000000    -0.000000     0.000000     0.000000     0.000000    -0.000000     0.000000     0.000000    -0.001003     0.035030    -0.000000     0.014050
   -0.134300    -0.592700    56.870000    -0.000000     0.000000     0.000000    -0.000000    -0.000000     0.000000    -0.000000     0.000000     0.000000     0.005231    -0.182800     0.000000    -0.056940
    0.011630    -0.044000    -0.900400     0.000000    -0.000266    -0.121900     0.037070     0.000000    -0.000000     0.000000    -0.000000     0.000000    -0.000347    -0.003979     0.002479    -0.031520
   -0.000000    -0.000000     1.000000    -0.000000     0.000000    -0.000000    -0.000000    -0.000000    -0.000000     0.000000    -0.000000    -0.000000     0.000000     0.000000     0.000000     0.000000
    0.000000    -0.000000     0.000000    -0.000000    -0.107500    16.800000   -59.280000     9.810000    -0.000000     0.000000    -0.000000    -0.000000    -0.000000    -0.000000    -0.001041    -0.000000
    0.001575    -0.005958    -0.121900    -0.000000    -0.101200    -9.116000     4.419000    -0.000000     0.000000    -0.000000     0.000000    -0.000000    -0.000047    -0.000539     0.195500    -0.004268
    0.000332    -0.001255    -0.025680    -0.000000     0.036300    -0.294200    -0.658000    -0.000000     0.000000    -0.000000     0.000000    -0.000000    -0.000010    -0.000113     0.001386    -0.000899
   -0.000000    -0.000000     0.000000     0.000000     0.000000     1.000000     0.000000    -0.000000    -0.000000     0.000000    -0.000000    -0.000000     0.000000     0.000000     0.000000     0.000000
    1.000000     0.000000    -0.000000    16.560000    -0.000000     0.000000     0.000000     0.000000     0.000000    -0.000000     0.000000     0.000000    -0.000000    -0.000000    -0.000000    -0.000000
    0.000000    -0.000000     0.000000    -0.000000     1.000000    -0.000000    -0.000000   -16.560000    -0.000000     0.000000    -0.000000    62.640000     0.000000     0.000000     0.000000     0.000000
   -0.000000     1.000000    -0.000000   -62.640000     0.000000     0.000000     0.000000     0.000000     0.000000    -0.000000     0.000000     0.000000    -0.000000    -0.000000    -0.000000    -0.000000
   -0.000000    -0.000000     0.000000     0.000000     0.000000    -0.000000     1.000000    -0.000000    -0.000000     0.000000    -0.000000    -0.000000     0.000000     0.000000     0.000000     0.000000

   -0.020590     0.443500   -24.980000    -9.810000     0.000000     0.000000    -0.000000     0.000000     0.000000    -0.000000     0.000000     0.000000    -0.000996     0.032750     0.000000     0.012890
   -0.204600    -0.366200    30.170000    -0.000000    -0.000000     0.000000     0.000000    -0.000000     0.000000    -0.000000     0.000000     0.000000     0.001846    -0.060050     0.000000    -0.019080
    0.020570    -0.028590    -0.657700     0.000000    -0.000104    -0.079350     0.055040     0.000000    -0.000000     0.000000    -0.000000     0.000000    -0.000115    -0.001124     0.000789    -0.011320
   -0.000000    -0.000000     1.000000     0.000000     0.000000    -0.000000    -0.000000    -0.000000    -0.000000     0.000000    -0.000000     0.000000     0.000000     0.000000     0.000000     0.000000
   -0.000000     0.000000    -0.000000    -0.000000    -0.058060    24.920000   -32.300000     9.810000    -0.000000     0.000000    -0.000000    -0.000000    -0.000000    -0.000000    -0.000463     0.000000
    0.002701    -0.003753    -0.086360    -0.000000    -0.049590    -5.475000     5.295000    -0.000000     0.000000    -0.000000     0.000000    -0.000000    -0.000015    -0.000148     0.063020    -0.001486
    0.000560    -0.000778    -0.017900    -0.000000     0.018500    -0.594800    -0.267500    -0.000000     0.000000    -0.000000     0.000000    -0.000000    -0.000003    -0.000031     0.002019    -0.000308
   -0.000000    -0.000000     0.000000     0.000000     0.000000     1.000000     0.000000     0.000000    -0.000000     0.000000    -0.000000     0.000000     0.000000     0.000000     0.000000     0.000000
    1.000000     0.000000    -0.000000    24.420000    -0.000000     0.000000     0.000000     0.000000     0.000000    -0.000000     0.000000     0.000000    -0.000000    -0.000000    -0.000000    -0.000000
    0.000000    -0.000000     0.000000    -0.000000     1.000000    -0.000000    -0.000000   -24.420000    -0.000000     0.000000    -0.000000    33.930000     0.000000     0.000000     0.000000     0.000000
   -0.000000     1.000000    -0.000000   -33.930000     0.000000     0.000000     0.000000     0.000000     0.000000    -0.000000     0.000000     0.000000    -0.000000    -0.000000    -0.000000    -0.000000
   -0.000000    -0.000000     0.000000     0.000000     0.000000    -0.000000     1.000000    -0.000000    -0.000000     0.000000    -0.000000     0.000000     0.000000     0.000000     0.000000     0.000000
