u  w  q  the  v  p  r  phi  x  y  z  psi  |  slat  flap  aileron  elevator
   -0.020590     0.444400   -26.720000    -9.810000     0.000000     0.000000    -0.000000     0.000000     0.000000    -0.000000     0.000000     0.000000    -0.000967     0.031460    -0.000000     0.012000
   -0.209100    -0.331300    29.320000    -0.000000    -0.000000     0.000000     0.000000    -0.000000     0.000000    -0.000000     0.000000     0.000000     0.001621    -0.052140     0.000000    -0.016610
    0.021000    -0.026280    -0.635100     0.000000     0.000134    -0.088840     0.056930     0.000000    -0.000000     0.000000    -0.000000     0.000000    -0.000119    -0.000687     0.000781    -0.010610
   -0.000000    -0.000000     1.000000     0.000000     0.000000    -0.000000    -0.000000    -0.000000    -0.000000     0.000000    -0.000000     0.000000     0.000000     0.000000     0.000000     0.000000
   -0.000000     0.000000    -0.000000    -0.000000    -0.050500    26.610000   -31.280000     9.810000    -0.000000     0.000000    -0.000000    -0.000000    -0.000000    -0.000000    -0.000418     0.000000
    0.002775    -0.003472    -0.083930    -0.000000    -0.016160    -1.907000     1.999000    -0.000000     0.000000    -0.000000     0.000000    -0.000000    -0.000016    -0.000091     0.021070    -0.001402
    0.000898    -0.001124    -0.027170    -0.000000     0.014140    -0.573300    -0.174600    -0.000000     0.000000    -0.000000     0.000000    -0.000000    -0.000005    -0.000029     0.002043    -0.000454
   -0.000000    -0.000000     0.000000     0.000000     0.000000     1.000000     0.000000     0.000000    -0.000000     0.000000    -0.000000     0.000000     0.000000     0.000000     0.000000     0.000000
    1.000000     0.000000    -0.000000    26.100000    -0.000000     0.000000     0.000000     0.000000     0.000000    -0.000000     0.000000     0.000000    -0.000000    -0.000000    -0.000000    -0.000000
    0.000000    -0.000000     0.000000    -0.000000     1.000000    -0.000000    -0.000000   -26.100000    -0.000000     0.000000    -0.000000    32.660000     0.000000     0.000000     0.000000     0.000000
   -0.000000     1.000000    -0.000000   -32.660000     0.000000     0.000000     0.000000     0.000000     0.000000    -0.000000     0.000000     0.000000    -0.000000    -0.000000    -0.000000    -0.000000
   -0.000000    -0.000000     0.000000     0.000000     0.000000    -0.000000     1.000000     0.000000    -0.000000     0.000000    -0.000000     0.000000     0.000000     0.000000     0.000000     0.000000

   -0.003030     0.263800   -17.980000    -9.810000    -0.000000     0.000000     0.000000     0.000000     0.000000    -0.000000     0.000000     0.000000    -0.000995     0.034670    -0.000000     0.013350
   -0.136000    -0.554200    57.070000    -0.000000     0.000000    -0.000000    -0.000000    -0.000000     0.000000    -0.000000     0.000000     0.000000     0.004879    -0.170000     0.000000    -0.053000
    0.011490    -0.040740    -0.881000     0.000000     0.000252    -0.127400     0.030070     0.000000    -0.000000     0.000000    -0.000000     0.000000    -0.000382    -0.002795     0.002495    -0.031210
   -0.000000    -0.000000     1.000000    -0.000000     0.000000    -0.000000    -0.000000    -0.000000    -0.000000     0.000000    -0.000000    -0.000000     0.000000     0.000000     0.000000     0.000000
    0.000000    -0.000000     0.000000    -0.000000    -0.099510    17.830000   -59.270000     9.810000    -0.000000     0.000000    -0.000000    -0.000000    -0.000000    -0.000000    -0.000977    -0.000000
    0.001534    -0.005439    -0.117600    -0.000000    -0.034850    -3.213000     1.604000    -0.000000     0.000000    -0.000000     0.000000    -0.000000    -0.000051    -0.000373     0.068550    -0.004168
    0.000513    -0.001818    -0.039310    -0.000000     0.029380    -0.317400    -0.515700    -0.000000     0.000000    -0.000000     0.000000    -0.000000    -0.000017    -0.000125     0.002259    -0.001393
   -0.000000    -0.000000     0.000000     0.000000     0.000000     1.000000     0.000000    -0.000000    -0.000000     0.000000    -0.000000    -0.000000     0.000000     0.000000     0.000000     0.000000
    1.000000     0.000000    -0.000000    17.590000    -0.000000     0.000000     0.000000     0.000000     0.000000    -0.000000     0.000000     0.000000    -0.000000    -0.000000    -0.000000    -0.000000
    0.000000    -0.000000     0.000000    -0.000000     1.000000    -0.000000    -0.000000   -17.590000    -0.000000     0.000000    -0.000000    62.360000     0.000000     0.000000     0.000000     0.000000
   -0.000000     1.000000    -0.000000   -62.360000     0.000000     0.000000     0.000000     0.000000     0.000000    -0.000000     0.000000     0.000000    -0.000000    -0.000000    -0.000000    -0.000000
   -0.000000    -0.000000     0.000000     0.000000     0.000000    -0.000000     1.000000    -0.000000    -0.000000     0.000000    -0.000000    -0.000000     0.000000     0.000000     0.000000     0.000000

    0.000131     0.113000   -10.970000    -9.810000    -0.000000     0.000000     0.000000     0.000000     0.000000    -0.000000     0.000000     0.000000    -0.000766     0.027580    -0.000000     0.011550
   -0.075950    -0.805000   128.100000    -0.000000     0.000000     0.000000    -0.000000    -0.000000     0.000000    -0.000000     0.000000     0.000000     0.015020    -0.542200     0.000000    -0.166800
    0.005042    -0.063190    -1.302000     0.000000     0.000570    -0.192500     0.000363     0.000000    -0.000000     0.000000    -0.000000     0.000000    -0.001355    -0.010590     0.008846    -0.105100
   -0.000000    -0.000000     1.000000     0.000000     0.000000    -0.000000    -0.000000     0.000000    -0.000000     0.000000    -0.000000     0.000000     0.000000     0.000000     0.000000     0.000000
   -0.000000    -0.000000     0.000000    -0.000000    -0.150200    10.820000  -130.700000     9.810000    -0.000000     0.000000    -0.000000    -0.000000    -0.000000    -0.000000    -0.002709    -0.000000
    0.000687    -0.008613    -0.177400    -0.000000    -0.055760    -4.687000     1.350000    -0.000000     0.000000    -0.000000     0.000000    -0.000000    -0.000185    -0.001443     0.218700    -0.014330
    0.000246    -0.003084    -0.063520    -0.000000     0.048820    -0.081230    -0.935800    -0.000000     0.000000    -0.000000     0.000000    -0.000000    -0.000066    -0.000517     0.001442    -0.005130
   -0.000000    -0.000000     0.000000    -0.000000     0.000000     1.000000     0.000000     0.000000    -0.000000     0.000000    -0.000000     0.000000     0.000000     0.000000     0.000000     0.000000
    1.000000     0.000000    -0.000000    10.810000    -0.000000     0.000000     0.000000     0.000000     0.000000    -0.000000     0.000000     0.000000    -0.000000    -0.000000    -0.000000    -0.000000
    0.000000    -0.000000     0.000000    -0.000000     1.000000    -0.000000    -0.000000   -10.810000    -0.000000     0.000000    -0.000000   135.500000     0.000000     0.000000     0.000000     0.000000
   -0.000000     1.000000    -0.000000  -135.500000     0.000000     0.000000     0.000000     0.000000     0.000000    -0.000000     0.000000     0.000000    -0.000000    -0.000000    -0.000000    -0.000000
   -0.000000    -0.000000     0.000000     0.000000     0.000000    -0.000000     1.000000     0.000000    -0.000000     0.000000    -0.000000     0.000000     0.000000     0.000000     0.000000     0.000000

    0.000164     0.111900   -10.100000    -9.810000    -0.000000     0.000000     0.000000     0.000000     0.000000    -0.000000     0.000000     0.000000    -0.000744     0.026820    -0.000000     0.011350
   -0.076860    -0.858500   127.700000    -0.000000     0.000000     0.000000    -0.000000    -0.000000     0.000000    -0.000000     0.000000     0.000000     0.016020    -0.578700     0.000000    -0.178000
    0.004631    -0.063110    -1.298000     0.000000     0.000570    -0.191900    -0.001166     0.000000    -0.000000     0.000000    -0.000000     0.000000    -0.001355    -0.010620     0.008846    -0.105000
   -0.000000    -0.000000     1.000000     0.000000     0.000000    -0.000000    -0.000000     0.000000    -0.000000     0.000000    -0.000000     0.000000     0.000000     0.000000     0.000000     0.000000
   -0.000000    -0.000000     0.000000    -0.000000    -0.160600     9.949000  -130.400000     9.810000    -0.000000     0.000000    -0.000000    -0.000000    -0.000000    -0.000000    -0.002875    -0.000000
    0.000631    -0.008602    -0.176900    -0.000000    -0.055930    -4.690000     1.319000    -0.000000     0.000000    -0.000000     0.000000    -0.000000    -0.000185    -0.001447     0.218900    -0.014310
    0.000226    -0.003080    -0.063340    -0.000000     0.048940    -0.068370    -0.940600    -0.000000     0.000000    -0.000000     0.000000    -0.000000    -0.000066    -0.000518     0.001262    -0.005125
   -0.000000    -0.000000     0.000000     0.000000     0.000000     1.000000     0.000000     0.000000    -0.000000     0.000000    -0.000000     0.000000     0.000000     0.000000     0.000000     0.000000
    1.000000     0.000000    -0.000000     9.945000    -0.000000     0.000000     0.000000     0.000000     0.000000    -0.000000     0.000000     0.000000    -0.000000    -0.000000    -0.000000    -0.000000
    0.000000    -0.000000     0.000000    -0.000000     1.000000    -0.000000    -0.000000    -9.945000    -0.000000     0.000000    -0.000000   135.500000     0.000000     0.000000     0.000000     0.000000
   -0.000000     1.000000    -0.000000  -135.500000     0.000000     0.000000     0.000000     0.000000     0.000000    -0.000000     0.000000     0.000000    -0.000000    -0.000000    -0.000000    -0.000000
   -0.000000    -0.000000     0.000000     0.000000     0.000000    -0.000000     1.000000     0.000000    -0.000000     0.000000    -0.000000     0.000000     0.000000     0.000000     0.000000     0.000000

   -0.002647     0.262600   -16.740000    -9.810000    -0.000000     0.000000     0.000000     0.000000     0.000000    -0.000000     0.000000     0.000000    -0.000989     0.034550    -0.000000     0.013330
   -0.136200    -0.593200    57.040000    -0.000000     0.000000    -0.000000    -0.000000    -0.000000     0.000000    -0.000000     0.000000     0.000000     0.005238    -0.183100     0.000000    -0.057040
    0.010620    -0.040730    -0.876600     0.000000     0.000253    -0.126800     0.027250     0.000000    -0.000000     0.000000    -0.000000     0.000000    -0.000384    -0.002847     0.002514    -0.031360
   -0.000000    -0.000000     1.000000     0.000000     0.000000    -0.000000    -0.000000     0.000000    -0.000000     0.000000    -0.000000     0.000000     0.000000     0.000000     0.000000     0.000000
    0.000000    -0.000000     0.000000    -0.000000    -0.107300    16.580000   -59.350000     9.810000    -0.000000     0.000000    -0.000000    -0.000000    -0.000000    -0.000000    -0.001035    -0.000000
    0.001418    -0.005438    -0.117000    -0.000000    -0.035350    -3.231000     1.540000    -0.000000     0.000000    -0.000000     0.000000    -0.000000    -0.000051    -0.000380     0.069340    -0.004187
    0.000474    -0.001817    -0.039110    -0.000000     0.029730    -0.291500    -0.527600    -0.000000     0.000000    -0.000000     0.000000    -0.000000    -0.000017    -0.000127     0.002103    -0.001399
   -0.000000    -0.000000     0.000000     0.000000     0.000000     1.000000     0.000000     0.000000    -0.000000     0.000000    -0.000000     0.000000     0.000000     0.000000     0.000000     0.000000
    1.000000     0.000000    -0.000000    16.350000    -0.000000     0.000000     0.000000     0.000000     0.000000    -0.000000     0.000000     0.000000    -0.000000    -0.000000    -0.000000    -0.000000
    0.000000    -0.000000     0.000000    -0.000000     1.000000    -0.000000    -0.000000   -16.350000    -0.000000     0.000000    -0.000000    62.700000     0.000000     0.000000     0.000000     0.000000
   -0.000000     1.000000    -0.000000   -62.700000     0.000000     0.000000     0.000000     0.000000     0.000000    -0.000000     0.000000     0.000000    -0.000000    -0.000000    -0.000000    -0.000000
   -0.000000    -0.000000     0.000000     0.000000     0.000000    -0.000000     1.000000     0.000000    -0.000000     0.000000    -0.000000     0.000000     0.000000     0.000000     0.000000     0.000000

   -0.017620     0.439300   -24.750000    -9.810000     0.000000    -0.000000    -0.000000     0.000000     0.000000    -0.000000     0.000000     0.000000    -0.000988     0.032530     0.000000     0.012390
   -0.207100    -0.368500    30.450000    -0.000000    -0.000000    -0.000000     0.000000    -0.000000     0.000000    -0.000000     0.000000     0.000000     0.001866    -0.060820     0.000000    -0.019320
    0.018990    -0.026880    -0.637400     0.000000     0.000137    -0.089570     0.052060     0.000000    -0.000000     0.000000    -0.000000     0.000000    -0.000129    -0.000780     0.000844    -0.011330
   -0.000000    -0.000000     1.000000     0.000000     0.000000    -0.000000    -0.000000     0.000000    -0.000000     0.000000    -0.000000     0.000000     0.000000     0.000000     0.000000     0.000000
   -0.000000     0.000000    -0.000000    -0.000000    -0.058210    24.620000   -32.500000     9.810000    -0.000000     0.000000    -0.000000    -0.000000    -0.000000    -0.000000    -0.000462     0.000000
    0.002509    -0.003551    -0.084230    -0.000000    -0.017720    -1.996000     1.893000    -0.000000     0.000000    -0.000000     0.000000    -0.000000    -0.000017    -0.000103     0.023100    -0.001497
    0.000812    -0.001150    -0.027270    -0.000000     0.015310    -0.526700    -0.205500    -0.000000     0.000000    -0.000000     0.000000    -0.000000    -0.000006    -0.000033     0.001977    -0.000485
   -0.000000    -0.000000     0.000000     0.000000     0.000000     1.000000     0.000000     0.000000    -0.000000     0.000000    -0.000000     0.000000     0.000000     0.000000     0.000000     0.000000
    1.000000     0.000000    -0.000000    24.130000    -0.000000     0.000000     0.000000     0.000000     0.000000    -0.000000     0.000000     0.000000    -0.000000    -0.000000    -0.000000    -0.000000
    0.000000    -0.000000     0.000000    -0.000000     1.000000    -0.000000    -0.000000   -24.130000    -0.000000     0.000000    -0.000000    34.140000     0.000000     0.000000     0.000000     0.000000
   -0.000000     1.000000    -0.000000   -34.140000     0.000000     0.000000     0.000000     0.000000     0.000000    -0.000000     0.000000     0.000000    -0.000000    -0.000000    -0.000000    -0.000000
   -0.000000    -0.000000     0.000000     0.000000     0.000000    -0.000000     1.000000    -0.000000    -0.000000     0.000000    -0.000000     0.000000     0.000000     0.000000     0.000000     0.000000
