u  w  q  the  v  p  r  phi  x  y  z  psi  |  slat  flap  aileron  elevator
   -0.020590     0.444400   -26.720000    -9.810000     0.000000    -0.000000    -0.000000     0.000000     0.000000    -0.000000     0.000000     0.000000    -0.000967     0.031460     0.000000     0.012000
   -0.209100    -0.331300    29.320000    -0.000000    -0.000000     0.000000     0.000000    -0.000000     0.000000    -0.000000     0.000000     0.000000     0.001621    -0.052140     0.000000    -0.016610
    0.020960    -0.026230    -0.633900     0.000000    -0.000131    -0.100000     0.075630     0.000000    -0.000000     0.000000    -0.000000     0.000000    -0.000119    -0.000686     0.000944    -0.010590
   -0.000000    -0.000000     1.000000     0.000000     0.000000    -0.000000    -0.000000     0.000000    -0.000000     0.000000    -0.000000     0.000000     0.000000     0.000000     0.000000     0.000000
   -0.000000     0.000000    -0.000000    -0.000000    -0.050500    26.610000   -31.280000     9.810000    -0.000000     0.000000    -0.000000    -0.000000    -0.000000    -0.000000    -0.000418     0.000000
    0.003514    -0.004397    -0.106300    -0.000000    -0.034940    -4.091000     4.300000    -0.000000     0.000000    -0.000000     0.000000    -0.000000    -0.000020    -0.000115     0.045270    -0.001775
    0.000720    -0.000901    -0.021770    -0.000000     0.016230    -0.637100    -0.214800    -0.000000     0.000000    -0.000000     0.000000    -0.000000    -0.000004    -0.000024     0.002156    -0.000363
   -0.000000    -0.000000     0.000000     0.000000     0.000000     1.000000     0.000000     0.000000    -0.000000     0.000000    -0.000000     0.000000     0.000000     0.000000     0.000000     0.000000
    1.000000     0.000000    -0.000000    26.100000    -0.000000     0.000000     0.000000     0.000000     0.000000    -0.000000     0.000000     0.000000    -0.000000    -0.000000    -0.000000    -0.000000
    0.000000    -0.000000     0.000000    -0.000000     1.000000    -0.000000    -0.000000   -26.100000    -0.000000     0.000000    -0.000000    32.660000     0.000000     0.000000     0.000000     0.000000
   -0.000000     1.000000    -0.000000   -32.660000     0.000000     0.000000     0.000000     0.000000     0.000000    -0.000000     0.000000     0.000000    -0.000000    -0.000000    -0.000000    -0.000000
   -0.000000    -0.000000     0.000000     0.000000     0.000000    -0.000000     1.000000     0.000000    -0.000000     0.000000    -0.000000     0.000000     0.000000     0.000000     0.000000     0.000000

   -0.003031     0.263800   -17.980000    -9.810000    -0.000000     0.000000     0.000000     0.000000     0.000000    -0.000000     0.000000     0.000000    -0.000995     0.034670    -0.000000     0.013350
   -0.136000    -0.554200    57.070000    -0.000000     0.000000    -0.000000    -0.000000    -0.000000     0.000000    -0.000000     0.000000     0.000000     0.004879    -0.170000     0.000000    -0.053000
    0.011470    -0.040650    -0.879200     0.000000    -0.000362    -0.155700     0.050480     0.000000    -0.000000     0.000000    -0.000000     0.000000    -0.000381    -0.002789     0.003139    -0.031150
   -0.000000    -0.000000     1.000000     0.000000     0.000000    -0.000000    -0.000000     0.000000    -0.000000     0.000000    -0.000000     0.000000     0.000000     0.000000     0.000000     0.000000
    0.000000    -0.000000     0.000000    -0.000000    -0.099510    17.830000   -59.270000     9.810000    -0.000000     0.000000    -0.000000    -0.000000    -0.000000    -0.000000    -0.000977    -0.000000
    0.001969    -0.006980    -0.151000    -0.000000    -0.076490    -6.999000     3.507000    -0.000000     0.000000    -0.000000     0.000000    -0.000000    -0.000065    -0.000479     0.149400    -0.005348
    0.000412    -0.001461    -0.031610    -0.000000     0.033990    -0.331900    -0.606500    -0.000000     0.000000    -0.000000     0.000000    -0.000000    -0.000014    -0.000100     0.001913    -0.001120
   -0.000000    -0.000000     0.000000     0.000000     0.000000     1.000000     0.000000     0.000000    -0.000000     0.000000    -0.000000     0.000000     0.000000     0.000000     0.000000     0.000000
    1.000000     0.000000    -0.000000    17.590000    -0.000000     0.000000     0.000000     0.000000     0.000000    -0.000000     0.000000     0.000000    -0.000000    -0.000000    -0.000000    -0.000000
    0.000000    -0.000000     0.000000    -0.000000     1.000000    -0.000000    -0.000000   -17.590000    -0.000000     0.000000    -0.000000    62.360000     0.000000     0.000000     0.000000     0.000000
   -0.000000     1.000000    -0.000000   -62.360000     0.000000     0.000000     0.000000     0.000000     0.000000    -0.000000     0.000000     0.000000    -0.000000    -0.000000    -0.000000    -0.000000
   -0.000000    -0.000000     0.000000     0.000000     0.000000    -0.000000     1.000000    -0.000000    -0.000000     0.000000    -0.000000     0.000000     0.000000     0.000000     0.000000     0.000000

    0.000131     0.113000   -10.970000    -9.810000    -0.000000     0.000000     0.000000     0.000000     0.000000    -0.000000     0.000000     0.000000    -0.000766     0.027580    -0.000000     0.011550
   -0.075950    -0.805000   128.100000    -0.000000     0.000000    -0.000000    -0.000000    -0.000000     0.000000    -0.000000     0.000000     0.000000     0.015020    -0.542200     0.000000    -0.166800
    0.005030    -0.063040    -1.299000     0.000000    -0.000632    -0.250600     0.026930     0.000000    -0.000000     0.000000    -0.000000     0.000000    -0.001352    -0.010560     0.011580    -0.104900
   -0.000000    -0.000000     1.000000     0.000000     0.000000    -0.000000    -0.000000     0.000000    -0.000000     0.000000    -0.000000     0.000000     0.000000     0.000000     0.000000     0.000000
   -0.000000    -0.000000     0.000000    -0.000000    -0.150200    10.820000  -130.700000     9.810000    -0.000000     0.000000    -0.000000    -0.000000    -0.000000    -0.000000    -0.002709    -0.000000
    0.000906    -0.011360    -0.234000    -0.000000    -0.126400   -10.520000     3.054000    -0.000000     0.000000    -0.000000     0.000000    -0.000000    -0.000244    -0.001903     0.491000    -0.018900
    0.000199    -0.002500    -0.051490    -0.000000     0.057540    -0.027570    -1.107000    -0.000000     0.000000    -0.000000     0.000000    -0.000000    -0.000054    -0.000419    -0.001443    -0.004159
   -0.000000    -0.000000     0.000000     0.000000     0.000000     1.000000     0.000000     0.000000    -0.000000     0.000000    -0.000000     0.000000     0.000000     0.000000     0.000000     0.000000
    1.000000     0.000000    -0.000000    10.810000    -0.000000     0.000000     0.000000     0.000000     0.000000    -0.000000     0.000000     0.000000    -0.000000    -0.000000    -0.000000    -0.000000
    0.000000    -0.000000     0.000000    -0.000000     1.000000    -0.000000    -0.000000   -10.810000    -0.000000     0.000000    -0.000000   135.500000     0.000000     0.000000     0.000000     0.000000
   -0.000000     1.000000    -0.000000  -135.500000     0.000000     0.000000     0.000000     0.000000     0.000000    -0.000000     0.000000     0.000000    -0.000000    -0.000000    -0.000000    -0.000000
   -0.000000    -0.000000     0.000000     0.000000     0.000000    -0.000000     1.000000     0.000000    -0.000000     0.000000    -0.000000     0.000000     0.000000     0.000000     0.000000     0.000000

    0.000164     0.111900   -10.100000    -9.810000    -0.000000    -0.000000     0.000000     0.000000     0.000000    -0.000000     0.000000     0.000000    -0.000744     0.026820    -0.000000     0.011350
   -0.076860    -0.858500   127.700000    -0.000000     0.000000     0.000000    -0.000000    -0.000000     0.000000    -0.000000     0.000000     0.000000     0.016020    -0.578700     0.000000    -0.178000
    0.004620    -0.062960    -1.295000     0.000000    -0.000635    -0.250100     0.025060     0.000000    -0.000000     0.000000    -0.000000     0.000000    -0.001352    -0.010590     0.011580    -0.104800
   -0.000000    -0.000000     1.000000     0.000000     0.000000    -0.000000    -0.000000     0.000000    -0.000000     0.000000    -0.000000     0.000000     0.000000     0.000000     0.000000     0.000000
   -0.000000    -0.000000     0.000000    -0.000000    -0.160600     9.949000  -130.400000     9.810000    -0.000000     0.000000    -0.000000    -0.000000    -0.000000    -0.000000    -0.002875    -0.000000
    0.000833    -0.011350    -0.233400    -0.000000    -0.126700   -10.530000     2.984000    -0.000000     0.000000    -0.000000     0.000000    -0.000000    -0.000244    -0.001909     0.491600    -0.018880
    0.000183    -0.002497    -0.051350    -0.000000     0.057680    -0.012580    -1.112000    -0.000000     0.000000    -0.000000     0.000000    -0.000000    -0.000054    -0.000420    -0.001655    -0.004155
   -0.000000    -0.000000     0.000000     0.000000     0.000000     1.000000     0.000000     0.000000    -0.000000     0.000000    -0.000000     0.000000     0.000000     0.000000     0.000000     0.000000
    1.000000     0.000000    -0.000000     9.945000    -0.000000     0.000000     0.000000     0.000000     0.000000    -0.000000     0.000000     0.000000    -0.000000    -0.000000    -0.000000    -0.000000
    0.000000    -0.000000     0.000000    -0.000000     1.000000    -0.000000    -0.000000    -9.945000    -0.000000     0.000000    -0.000000   135.500000     0.000000     0.000000     0.000000     0.000000
   -0.000000     1.000000    -0.000000  -135.500000     0.000000     0.000000     0.000000     0.000000     0.000000    -0.000000     0.000000     0.000000    -0.000000    -0.000000    -0.000000    -0.000000
   -0.000000    -0.000000     0.000000     0.000000     0.000000    -0.000000     1.000000     0.000000    -0.000000     0.000000    -0.000000     0.000000     0.000000     0.000000     0.000000     0.000000

   -0.002647     0.262600   -16.740000    -9.810000    -0.000000     0.000000     0.000000     0.000000     0.000000    -0.000000     0.000000     0.000000    -0.000989     0.034550    -0.000000     0.013330
   -0.136200    -0.593200    57.040000    -0.000000     0.000000    -0.000000    -0.000000    -0.000000     0.000000    -0.000000     0.000000     0.000000     0.005238    -0.183100     0.000000    -0.057040
    0.010600    -0.040650    -0.874800     0.000000    -0.000369    -0.155400     0.047150     0.000000    -0.000000     0.000000    -0.000000     0.000000    -0.000384    -0.002841     0.003168    -0.031290
   -0.000000    -0.000000     1.000000     0.000000     0.000000    -0.000000    -0.000000     0.000000    -0.000000     0.000000    -0.000000     0.000000     0.000000     0.000000     0.000000     0.000000
    0.000000    -0.000000     0.000000    -0.000000    -0.107300    16.580000   -59.350000     9.810000    -0.000000     0.000000    -0.000000    -0.000000    -0.000000    -0.000000    -0.001035    -0.000000
    0.001820    -0.006979    -0.150200    -0.000000    -0.077570    -7.039000     3.368000    -0.000000     0.000000    -0.000000     0.000000    -0.000000    -0.000066    -0.000488     0.151100    -0.005373
    0.000381    -0.001461    -0.031450    -0.000000     0.034410    -0.302100    -0.619500    -0.000000     0.000000    -0.000000     0.000000    -0.000000    -0.000014    -0.000102     0.001725    -0.001125
   -0.000000    -0.000000     0.000000    -0.000000     0.000000     1.000000     0.000000     0.000000    -0.000000     0.000000    -0.000000     0.000000     0.000000     0.000000     0.000000     0.000000
    1.000000     0.000000    -0.000000    16.350000    -0.000000     0.000000     0.000000     0.000000     0.000000    -0.000000     0.000000     0.000000    -0.000000    -0.000000    -0.000000    -0.000000
    0.000000    -0.000000     0.000000    -0.000000     1.000000    -0.000000    -0.000000   -16.350000    -0.000000     0.000000    -0.000000    62.700000     0.000000     0.000000     0.000000     0.000000
   -0.000000     1.000000    -0.000000   -62.700000     0.000000     0.000000     0.000000     0.000000     0.000000    -0.000000     0.000000     0.000000    -0.000000    -0.000000    -0.000000    -0.000000
   -0.000000    -0.000000     0.000000     0.000000     0.000000    -0.000000     1.000000    -0.000000    -0.000000     0.000000    -0.000000     0.000000     0.000000     0.000000     0.000000     0.000000

   -0.017620     0.439300   -24.750000    -9.810000     0.000000     0.000000    -0.000000     0.000000     0.000000    -0.000000     0.000000     0.000000    -0.000988     0.032530     0.000000     0.012390
   -0.207100    -0.368500    30.450000    -0.000000    -0.000000    -0.000000     0.000000    -0.000000     0.000000    -0.000000     0.000000     0.000000     0.001866    -0.060820     0.000000    -0.019320
    0.018950    -0.026830    -0.636200     0.000000    -0.000152    -0.102000     0.070130     0.000000    -0.000000     0.000000    -0.000000     0.000000    -0.000129    -0.000778     0.001024    -0.011300
   -0.000000    -0.000000     1.000000     0.000000     0.000000    -0.000000    -0.000000     0.000000    -0.000000     0.000000    -0.000000     0.000000     0.000000     0.000000     0.000000     0.000000
   -0.000000     0.000000    -0.000000    -0.000000    -0.058210    24.620000   -32.500000     9.810000    -0.000000     0.000000    -0.000000    -0.000000    -0.000000    -0.000000    -0.000462     0.000000
    0.003178    -0.004497    -0.106700    -0.000000    -0.038330    -4.284000     4.074000    -0.000000     0.000000    -0.000000     0.000000    -0.000000    -0.000022    -0.000131     0.049630    -0.001895
    0.000651    -0.000921    -0.021850    -0.000000     0.017570    -0.583400    -0.249100    -0.000000     0.000000    -0.000000     0.000000    -0.000000    -0.000004    -0.000027     0.002064    -0.000388
   -0.000000    -0.000000     0.000000     0.000000     0.000000     1.000000     0.000000     0.000000    -0.000000     0.000000    -0.000000     0.000000     0.000000     0.000000     0.000000     0.000000
    1.000000     0.000000    -0.000000    24.130000    -0.000000     0.000000     0.000000     0.000000     0.000000    -0.000000     0.000000     0.000000    -0.000000    -0.000000    -0.000000    -0.000000
    0.000000    -0.000000     0.000000    -0.000000     1.000000    -0.000000    -0.000000   -24.130000    -0.000000     0.000000    -0.000000    34.140000     0.000000     0.000000     0.000000     0.000000
   -0.000000     1.000000    -0.000000   -34.140000     0.000000     0.000000     0.000000     0.000000     0.000000    -0.000000     0.000000     0.000000    -0.000000    -0.000000    -0.000000    -0.000000
   -0.000000    -0.000000     0.000000     0.000000     0.000000    -0.000000     1.000000     0.000000    -0.000000     0.000000    -0.000000     0.000000     0.000000     0.000000     0.000000     0.000000
