u  w  q  the  v  p  r  phi  x  y  z  psi  |  slat  flap  aileron  elevator
    0.001126     0.198900   -16.860000    -9.810000     0.000000    -0.000000     0.000000     0.000000     0.000000    -0.000000     0.000000     0.000000    -0.000705     0.029390    -0.000000     0.005151
   -0.130900    -0.536600    68.000000    -0.000000    -0.000000     0.000000     0.000000    -0.000000     0.000000    -0.000000     0.000000     0.000000     0.004433    -0.181100    -0.000000    -0.075740
    0.001162    -0.005348    -0.711000     0.000000    -0.001239    -0.064920     0.014350     0.000000    -0.000000     0.000000    -0.000000     0.000000    -0.000397     0.004685     0.000866    -0.024370
   -0.000000    -0.000000     1.000000    -0.000000     0.000000    -0.000000    -0.000000    -0.000000    -0.000000     0.000000    -0.000000    -0.000000     0.000000     0.000000     0.000000     0.000000
    0.000000     0.000000     0.000000    -0.000000    -0.093500    16.660000   -69.620000     9.810000    -0.000000     0.000000    -0.000000    -0.000000    -0.000000     0.000000     0.000101     0.000000
    0.000089    -0.000410    -0.054480    -0.000000    -0.033400    -1.239000     0.576200    -0.000000     0.000000    -0.000000     0.000000    -0.000000    -0.000030     0.000359     0.017880    -0.001867
    0.000035    -0.000161    -0.021360    -0.000000     0.006447    -0.205900    -0.276100    -0.000000     0.000000    -0.000000     0.000000    -0.000000    -0.000012     0.000141     0.001321    -0.000732
   -0.000000    -0.000000     0.000000     0.000000     0.000000     1.000000     0.000000    -0.000000    -0.000000     0.000000    -0.000000    -0.000000     0.000000     0.000000     0.000000     0.000000
    1.000000     0.000000    -0.000000    16.100000    -0.000000     0.000000     0.000000     0.000000     0.000000    -0.000000     0.000000     0.000000    -0.000000    -0.000000    -0.000000    -0.000000
    0.000000    -0.000000     0.000000    -0.000000     1.000000    -0.000000    -0.000000   -16.100000    -0.000000     0.000000    -0.000000    74.110000     0.000000     0.000000     0.000000     0.000000
   -0.000000     1.000000    -0.000000   -74.110000     0.000000     0.000000     0.000000     0.000000     0.000000    -0.000000     0.000000     0.000000    -0.000000    -0.000000    -0.000000    -0.000000
   -0.000000    -0.000000     0.000000     0.000000     0.000000    -0.000000     1.000000    -0.000000    -0.000000     0.000000    -0.000000    -0.000000     0.000000     0.000000     0.000000     0.000000

    0.000553     0.121200   -12.710000    -9.810000    -0.000000    -0.000000     0.000000     0.000000     0.000000    -0.000000     0.000000     0.000000    -0.000553     0.025340     0.000000     0.002750
   -0.093860    -0.656700   107.500000    -0.000000     0.000000     0.000000    -0.000000    -0.000000     0.000000    -0.000000     0.000000     0.000000     0.008313    -0.355400     0.000000    -0.139600
    0.000395    -0.003687    -0.942200     0.000000    -0.001272    -0.083750     0.009957     0.000000    -0.000000     0.000000    -0.000000     0.000000    -0.000887     0.009979     0.001816    -0.050460
   -0.000000    -0.000000     1.000000     0.000000     0.000000    -0.000000    -0.000000     0.000000    -0.000000     0.000000    -0.000000     0.000000     0.000000     0.000000     0.000000     0.000000
    0.000000     0.000000    -0.000000    -0.000000    -0.110400    12.370000  -109.700000     9.810000    -0.000000     0.000000    -0.000000    -0.000000     0.000000    -0.000000     0.002935    -0.000000
    0.000030    -0.000284    -0.072680    -0.000000    -0.033520    -1.506000     0.506900    -0.000000     0.000000    -0.000000     0.000000    -0.000000    -0.000068     0.000770     0.034030    -0.003893
    0.000013    -0.000117    -0.029920    -0.000000     0.009358    -0.128400    -0.333400    -0.000000     0.000000    -0.000000     0.000000    -0.000000    -0.000028     0.000317     0.001329    -0.001603
   -0.000000    -0.000000     0.000000     0.000000     0.000000     1.000000     0.000000     0.000000    -0.000000     0.000000    -0.000000     0.000000     0.000000     0.000000     0.000000     0.000000
    1.000000     0.000000    -0.000000    12.280000    -0.000000     0.000000     0.000000     0.000000     0.000000    -0.000000     0.000000     0.000000    -0.000000    -0.000000    -0.000000    -0.000000
    0.000000    -0.000000     0.000000    -0.000000     1.000000    -0.000000    -0.000000   -12.280000    -0.000000     0.000000    -0.000000   114.600000     0.000000     0.000000     0.000000     0.000000
   -0.000000     1.000000    -0.000000  -114.600000     0.000000     0.000000     0.000000     0.000000     0.000000    -0.000000     0.000000     0.000000    -0.000000    -0.000000    -0.000000    -0.000000
   -0.000000    -0.000000     0.000000     0.000000     0.000000    -0.000000     1.000000     0.000000    -0.000000     0.000000    -0.000000     0.000000     0.000000     0.000000     0.000000     0.000000

    0.000058     0.053690   -12.650000    -9.810000     0.000000     0.000000     0.000000     0.000000     0.000000    -0.000000     0.000000     0.000000    -0.000294     0.017740    -0.000000    -0.000523
   -0.053190    -0.569800   224.300000    -0.000000    -0.000000     0.000000    -0.000000    -0.000000     0.000000    -0.000000     0.000000     0.000000     0.014190    -0.648100     0.000000    -0.234600
    0.000068    -0.001259    -0.975000     0.000000    -0.001096    -0.087270     0.004872     0.000000    -0.000000     0.000000    -0.000000     0.000000    -0.002072     0.020700     0.003900    -0.107000
   -0.000000    -0.000000     1.000000     0.000000     0.000000    -0.000000    -0.000000     0.000000    -0.000000     0.000000    -0.000000     0.000000     0.000000     0.000000     0.000000     0.000000
   -0.000000    -0.000000     0.000000    -0.000000    -0.086580    12.340000  -226.200000     9.810000    -0.000000     0.000000    -0.000000    -0.000000     0.000000    -0.000000     0.007226     0.000000
    0.000005    -0.000098    -0.076010    -0.000000    -0.025020    -1.275000     0.343100    -0.000000     0.000000    -0.000000     0.000000    -0.000000    -0.000161     0.001614     0.058440    -0.008344
    0.000002    -0.000044    -0.034070    -0.000000     0.008812    -0.061220    -0.285900    -0.000000     0.000000    -0.000000     0.000000    -0.000000    -0.000072     0.000723     0.001166    -0.003740
   -0.000000    -0.000000     0.000000    -0.000000     0.000000     1.000000     0.000000     0.000000    -0.000000     0.000000    -0.000000     0.000000     0.000000     0.000000     0.000000     0.000000
    1.000000     0.000000    -0.000000    12.480000    -0.000000     0.000000     0.000000     0.000000     0.000000    -0.000000     0.000000     0.000000    -0.000000    -0.000000    -0.000000    -0.000000
    0.000000    -0.000000     0.000000    -0.000000     1.000000    -0.000000    -0.000000   -12.480000    -0.000000     0.000000    -0.000000   229.800000     0.000000     0.000000     0.000000     0.000000
   -0.000000     1.000000    -0.000000  -229.800000     0.000000     0.000000     0.000000     0.000000     0.000000    -0.000000     0.000000     0.000000    -0.000000    -0.000000    -0.000000    -0.000000
   -0.000000    -0.000000     0.000000     0.000000     0.000000    -0.000000     1.000000    -0.000000    -0.000000     0.000000    -0.000000     0.000000     0.000000     0.000000     0.000000     0.000000

    0.000034     0.053060   -11.740000    -9.810000     0.000000     0.000000     0.000000     0.000000     0.000000    -0.000000     0.000000     0.000000    -0.000274     0.016970    -0.000000    -0.000756
   -0.053790    -0.601400   224.000000    -0.000000    -0.000000     0.000000    -0.000000    -0.000000     0.000000    -0.000000     0.000000     0.000000     0.014970    -0.684600     0.000000    -0.247600
    0.000057    -0.001139    -0.974600     0.000000    -0.001079    -0.087000     0.004472     0.000000    -0.000000     0.000000    -0.000000     0.000000    -0.002072     0.020730     0.003899    -0.107000
   -0.000000    -0.000000     1.000000     0.000000     0.000000    -0.000000    -0.000000     0.000000    -0.000000     0.000000    -0.000000     0.000000     0.000000     0.000000     0.000000     0.000000
   -0.000000    -0.000000     0.000000    -0.000000    -0.091470    11.400000  -226.100000     9.810000    -0.000000     0.000000    -0.000000    -0.000000     0.000000    -0.000000     0.007779     0.000000
    0.000004    -0.000089    -0.075970    -0.000000    -0.024790    -1.275000     0.336700    -0.000000     0.000000    -0.000000     0.000000    -0.000000    -0.000162     0.001616     0.058490    -0.008341
    0.000002    -0.000040    -0.034050    -0.000000     0.008849    -0.056470    -0.285500    -0.000000     0.000000    -0.000000     0.000000    -0.000000    -0.000072     0.000724     0.001099    -0.003739
   -0.000000    -0.000000     0.000000    -0.000000     0.000000     1.000000     0.000000     0.000000    -0.000000     0.000000    -0.000000     0.000000     0.000000     0.000000     0.000000     0.000000
    1.000000     0.000000    -0.000000    11.560000    -0.000000     0.000000     0.000000     0.000000     0.000000    -0.000000     0.000000     0.000000    -0.000000    -0.000000    -0.000000    -0.000000
    0.000000    -0.000000     0.000000    -0.000000     1.000000    -0.000000    -0.000000   -11.560000    -0.000000     0.000000    -0.000000   229.900000     0.000000     0.000000     0.000000     0.000000
   -0.000000     1.000000    -0.000000  -229.900000     0.000000     0.000000     0.000000     0.000000     0.000000    -0.000000     0.000000     0.000000    -0.000000    -0.000000    -0.000000    -0.000000
   -0.000000    -0.000000     0.000000     0.000000     0.000000    -0.000000     1.000000     0.000000    -0.000000     0.000000    -0.000000     0.000000     0.000000     0.000000     0.000000     0.000000

    0.000529     0.120500   -11.930000    -9.810000    -0.000000    -0.000000    -0.000000     0.000000     0.000000    -0.000000     0.000000     0.000000    -0.000541     0.024930     0.000000     0.002590
   -0.094410    -0.692400   107.200000    -0.000000     0.000000     0.000000    -0.000000    -0.000000     0.000000    -0.000000     0.000000     0.000000     0.008766    -0.375400     0.000000    -0.147200
    0.000351    -0.003497    -0.941800     0.000000    -0.001247    -0.083400     0.009348     0.000000    -0.000000     0.000000    -0.000000     0.000000    -0.000888     0.010010     0.001816    -0.050470
   -0.000000    -0.000000     1.000000     0.000000     0.000000    -0.000000    -0.000000     0.000000    -0.000000     0.000000    -0.000000     0.000000     0.000000     0.000000     0.000000     0.000000
    0.000000     0.000000    -0.000000    -0.000000    -0.116600    11.550000  -109.500000     9.810000    -0.000000     0.000000    -0.000000    -0.000000     0.000000    -0.000000     0.003268    -0.000000
    0.000027    -0.000270    -0.072650    -0.000000    -0.033090    -1.508000     0.494700    -0.000000     0.000000    -0.000000     0.000000    -0.000000    -0.000068     0.000772     0.034100    -0.003893
    0.000011    -0.000111    -0.029910    -0.000000     0.009440    -0.119700    -0.333000    -0.000000     0.000000    -0.000000     0.000000    -0.000000    -0.000028     0.000318     0.001260    -0.001603
   -0.000000    -0.000000     0.000000     0.000000     0.000000     1.000000     0.000000     0.000000    -0.000000     0.000000    -0.000000     0.000000     0.000000     0.000000     0.000000     0.000000
    1.000000     0.000000    -0.000000    11.500000    -0.000000     0.000000     0.000000     0.000000     0.000000    -0.000000     0.000000     0.000000    -0.000000    -0.000000    -0.000000    -0.000000
    0.000000    -0.000000     0.000000    -0.000000     1.000000    -0.000000    -0.000000   -11.500000    -0.000000     0.000000    -0.000000   114.600000     0.000000     0.000000     0.000000     0.000000
   -0.000000     1.000000    -0.000000  -114.600000     0.000000     0.000000     0.000000     0.000000     0.000000    -0.000000     0.000000     0.000000    -0.000000    -0.000000    -0.000000    -0.000000
   -0.000000    -0.000000     0.000000     0.000000     0.000000    -0.000000     1.000000     0.000000    -0.000000     0.000000    -0.000000     0.000000     0.000000     0.000000     0.000000     0.000000

    0.001120     0.198000   -15.890000    -9.810000     0.000000    -0.000000     0.000000     0.000000     0.000000    -0.000000     0.000000     0.000000    -0.000699     0.029220    -0.000000     0.005036
   -0.131100    -0.566300    67.860000    -0.000000    -0.000000     0.000000     0.000000    -0.000000     0.000000    -0.000000     0.000000     0.000000     0.004686    -0.192000    -0.000000    -0.080070
    0.001037    -0.005091    -0.711300     0.000000    -0.001206    -0.064550     0.013540     0.000000    -0.000000     0.000000    -0.000000     0.000000    -0.000400     0.004726     0.000869    -0.024440
   -0.000000    -0.000000     1.000000     0.000000     0.000000    -0.000000    -0.000000     0.000000    -0.000000     0.000000    -0.000000     0.000000     0.000000     0.000000     0.000000     0.000000
    0.000000     0.000000     0.000000    -0.000000    -0.099140    15.670000   -69.590000     9.810000    -0.000000     0.000000    -0.000000    -0.000000    -0.000000     0.000000     0.000290     0.000000
    0.000079    -0.000390    -0.054500    -0.000000    -0.032810    -1.243000     0.558400    -0.000000     0.000000    -0.000000     0.000000    -0.000000    -0.000031     0.000362     0.018000    -0.001872
    0.000031    -0.000153    -0.021370    -0.000000     0.006592    -0.193100    -0.276200    -0.000000     0.000000    -0.000000     0.000000    -0.000000    -0.000012     0.000142     0.001256    -0.000734
   -0.000000    -0.000000     0.000000    -0.000000     0.000000     1.000000     0.000000     0.000000    -0.000000     0.000000    -0.000000     0.000000     0.000000     0.000000     0.000000     0.000000
    1.000000     0.000000    -0.000000    15.140000    -0.000000     0.000000     0.000000     0.000000     0.000000    -0.000000     0.000000     0.000000    -0.000000    -0.000000    -0.000000    -0.000000
    0.000000    -0.000000     0.000000    -0.000000     1.000000    -0.000000    -0.000000   -15.140000    -0.000000     0.000000    -0.000000    74.310000     0.000000     0.000000     0.000000     0.000000
   -0.000000     1.000000    -0.000000   -74.310000     0.000000     0.000000     0.000000     0.000000     0.000000    -0.000000     0.000000     0.000000    -0.000000    -0.000000    -0.000000    -0.000000
   -0.000000    -0.000000     0.000000     0.000000     0.000000    -0.000000     1.000000    -0.000000    -0.000000     0.000000    -0.000000     0.000000     0.000000     0.000000     0.000000     0.000000
