u  w  q  the  v  p  r  phi  x  y  z  psi  |  slat  flap  aileron  elevator
   -0.023970     0.448600   -26.970000    -9.810000     0.000000    -0.000000    -0.000000     0.000000     0.000000    -0.000000     0.000000     0.000000    -0.000973     0.031620    -0.000000     0.012450
   -0.206700    -0.328700    29.000000    -0.000000    -0.000000     0.000000     0.000000    -0.000000     0.000000    -0.000000     0.000000     0.000000     0.001599    -0.051290     0.000000    -0.016350
    0.022740    -0.027890    -0.656400     0.000000     0.000063    -0.075090     0.051240     0.000000    -0.000000     0.000000    -0.000000     0.000000    -0.000107    -0.000998     0.000666    -0.010580
   -0.000000    -0.000000     1.000000     0.000000     0.000000    -0.000000    -0.000000     0.000000    -0.000000     0.000000    -0.000000     0.000000     0.000000     0.000000     0.000000     0.000000
   -0.000000     0.000000    -0.000000    -0.000000    -0.050270    26.940000   -31.030000     9.810000    -0.000000     0.000000    -0.000000    -0.000000    -0.000000    -0.000000    -0.000419     0.000000
    0.002656    -0.003257    -0.076650    -0.000000    -0.023270    -2.703000     2.889000    -0.000000     0.000000    -0.000000     0.000000    -0.000000    -0.000012    -0.000117     0.029640    -0.001236
    0.000760    -0.000933    -0.021950    -0.000000     0.015530    -0.614300    -0.194800    -0.000000     0.000000    -0.000000     0.000000    -0.000000    -0.000004    -0.000033     0.002128    -0.000354
   -0.000000    -0.000000     0.000000     0.000000     0.000000     1.000000     0.000000     0.000000    -0.000000     0.000000    -0.000000     0.000000     0.000000     0.000000     0.000000     0.000000
    1.000000     0.000000    -0.000000    26.420000    -0.000000     0.000000     0.000000     0.000000     0.000000    -0.000000     0.000000     0.000000    -0.000000    -0.000000    -0.000000    -0.000000
    0.000000    -0.000000     0.000000    -0.000000     1.000000    -0.000000    -0.000000   -26.420000    -0.000000     0.000000    -0.000000    32.400000     0.000000     0.000000     0.000000     0.000000
   -0.000000     1.000000    -0.000000   -32.400000     0.000000     0.000000     0.000000     0.000000     0.000000    -0.000000     0.000000     0.000000    -0.000000    -0.000000    -0.000000    -0.000000
   -0.000000    -0.000000     0.000000     0.000000     0.000000    -0.000000     1.000000    -0.000000    -0.000000     0.000000    -0.000000     0.000000     0.000000     0.000000     0.000000     0.000000

   -0.003795     0.266300   -18.170000    -9.810000    -0.000000     0.000000     0.000000     0.000000     0.000000    -0.000000     0.000000     0.000000    -0.001009     0.035140    -0.000000     0.014060
   -0.134100    -0.553600    56.900000    -0.000000     0.000000     0.000000    -0.000000    -0.000000     0.000000    -0.000000     0.000000     0.000000     0.004872    -0.169700     0.000000    -0.052890
    0.012590    -0.044040    -0.906500     0.000000     0.000098    -0.110700     0.029180     0.000000    -0.000000     0.000000    -0.000000     0.000000    -0.000345    -0.003919     0.002182    -0.031420
   -0.000000    -0.000000     1.000000     0.000000     0.000000    -0.000000    -0.000000    -0.000000    -0.000000     0.000000    -0.000000     0.000000     0.000000     0.000000     0.000000     0.000000
    0.000000    -0.000000     0.000000    -0.000000    -0.099650    18.060000   -59.190000     9.810000    -0.000000     0.000000    -0.000000    -0.000000    -0.000000    -0.000000    -0.000983    -0.000000
    0.001493    -0.005221    -0.107500    -0.000000    -0.050570    -4.613000     2.337000    -0.000000     0.000000    -0.000000     0.000000    -0.000000    -0.000041    -0.000465     0.098350    -0.003725
    0.000440    -0.001540    -0.031690    -0.000000     0.032410    -0.332000    -0.571700    -0.000000     0.000000    -0.000000     0.000000    -0.000000    -0.000012    -0.000137     0.002190    -0.001098
   -0.000000    -0.000000     0.000000     0.000000     0.000000     1.000000     0.000000     0.000000    -0.000000     0.000000    -0.000000     0.000000     0.000000     0.000000     0.000000     0.000000
    1.000000     0.000000    -0.000000    17.810000    -0.000000     0.000000     0.000000     0.000000     0.000000    -0.000000     0.000000     0.000000    -0.000000    -0.000000    -0.000000    -0.000000
    0.000000    -0.000000     0.000000    -0.000000     1.000000    -0.000000    -0.000000   -17.810000    -0.000000     0.000000    -0.000000    62.300000     0.000000     0.000000     0.000000     0.000000
   -0.000000     1.000000    -0.000000   -62.300000     0.000000     0.000000     0.000000     0.000000     0.000000    -0.000000     0.000000     0.000000    -0.000000    -0.000000    -0.000000    -0.000000
   -0.000000    -0.000000     0.000000     0.000000     0.000000    -0.000000     1.000000     0.000000    -0.000000     0.000000    -0.000000     0.000000     0.000000     0.000000     0.000000     0.000000

    0.000031     0.114200   -11.120000    -9.810000    -0.000000     0.000000     0.000000     0.000000     0.000000    -0.000000     0.000000     0.000000    -0.000780     0.028110     0.000000     0.012360
   -0.074960    -0.804900   127.900000    -0.000000     0.000000     0.000000    -0.000000    -0.000000     0.000000    -0.000000     0.000000     0.000000     0.015020    -0.542100    -0.000000    -0.166800
    0.005571    -0.068760    -1.332000     0.000000     0.000258    -0.170500     0.005533     0.000000    -0.000000     0.000000    -0.000000     0.000000    -0.001228    -0.014660     0.007846    -0.105600
   -0.000000    -0.000000     1.000000     0.000000     0.000000    -0.000000    -0.000000     0.000000    -0.000000     0.000000    -0.000000     0.000000     0.000000     0.000000     0.000000     0.000000
   -0.000000    -0.000000     0.000000    -0.000000    -0.150300    10.990000  -130.600000     9.810000    -0.000000     0.000000    -0.000000    -0.000000    -0.000000    -0.000000    -0.002717    -0.000000
    0.000681    -0.008404    -0.162900    -0.000000    -0.081740    -6.810000     1.996000    -0.000000     0.000000    -0.000000     0.000000    -0.000000    -0.000150    -0.001791     0.317700    -0.012910
    0.000214    -0.002644    -0.051240    -0.000000     0.054200    -0.063560    -1.041000    -0.000000     0.000000    -0.000000     0.000000    -0.000000    -0.000047    -0.000564     0.000407    -0.004063
   -0.000000    -0.000000     0.000000    -0.000000     0.000000     1.000000     0.000000     0.000000    -0.000000     0.000000    -0.000000     0.000000     0.000000     0.000000     0.000000     0.000000
    1.000000     0.000000    -0.000000    10.980000    -0.000000     0.000000     0.000000     0.000000     0.000000    -0.000000     0.000000     0.000000    -0.000000    -0.000000    -0.000000    -0.000000
    0.000000    -0.000000     0.000000    -0.000000     1.000000    -0.000000    -0.000000   -10.980000    -0.000000     0.000000    -0.000000   135.500000     0.000000     0.000000     0.000000     0.000000
   -0.000000     1.000000    -0.000000  -135.500000     0.000000     0.000000     0.000000     0.000000     0.000000    -0.000000     0.000000     0.000000    -0.000000    -0.000000    -0.000000    -0.000000
   -0.000000    -0.000000     0.000000     0.000000     0.000000    -0.000000     1.000000    -0.000000    -0.000000     0.000000    -0.000000     0.000000     0.000000     0.000000     0.000000     0.000000

    0.000074     0.113100   -10.250000    -9.810000    -0.000000     0.000000     0.000000     0.000000     0.000000    -0.000000     0.000000     0.000000    -0.000758     0.027350    -0.000000     0.012160
   -0.075880    -0.858400   127.500000    -0.000000     0.000000     0.000000    -0.000000    -0.000000     0.000000    -0.000000     0.000000     0.000000     0.016020    -0.578600     0.000000    -0.177900
    0.005119    -0.068680    -1.328000     0.000000     0.000257    -0.170000     0.004187     0.000000    -0.000000     0.000000    -0.000000     0.000000    -0.001228    -0.014690     0.007847    -0.105500
   -0.000000    -0.000000     1.000000     0.000000     0.000000    -0.000000    -0.000000    -0.000000    -0.000000     0.000000    -0.000000     0.000000     0.000000     0.000000     0.000000     0.000000
   -0.000000    -0.000000     0.000000    -0.000000    -0.160700    10.110000  -130.400000     9.810000    -0.000000     0.000000    -0.000000    -0.000000    -0.000000    -0.000000    -0.002884    -0.000000
    0.000626    -0.008395    -0.162400    -0.000000    -0.081970    -6.815000     1.950000    -0.000000     0.000000    -0.000000     0.000000    -0.000000    -0.000150    -0.001796     0.318100    -0.012900
    0.000197    -0.002641    -0.051090    -0.000000     0.054320    -0.049500    -1.046000    -0.000000     0.000000    -0.000000     0.000000    -0.000000    -0.000047    -0.000565     0.000209    -0.004059
   -0.000000    -0.000000     0.000000     0.000000     0.000000     1.000000     0.000000     0.000000    -0.000000     0.000000    -0.000000     0.000000     0.000000     0.000000     0.000000     0.000000
    1.000000     0.000000    -0.000000    10.100000    -0.000000     0.000000     0.000000     0.000000     0.000000    -0.000000     0.000000     0.000000    -0.000000    -0.000000    -0.000000    -0.000000
    0.000000    -0.000000     0.000000    -0.000000     1.000000    -0.000000    -0.000000   -10.100000    -0.000000     0.000000    -0.000000   135.500000     0.000000     0.000000     0.000000     0.000000
   -0.000000     1.000000    -0.000000  -135.500000     0.000000     0.000000     0.000000     0.000000     0.000000    -0.000000     0.000000     0.000000    -0.000000    -0.000000    -0.000000    -0.000000
   -0.000000    -0.000000     0.000000     0.000000     0.000000    -0.000000     1.000000     0.000000    -0.000000     0.000000    -0.000000     0.000000     0.000000     0.000000     0.000000     0.000000

   -0.003354     0.265100   -16.920000    -9.810000    -0.000000     0.000000     0.000000     0.000000     0.000000    -0.000000     0.000000     0.000000    -0.001003     0.035030    -0.000000     0.014050
   -0.134300    -0.592700    56.870000    -0.000000     0.000000    -0.000000    -0.000000    -0.000000     0.000000    -0.000000     0.000000     0.000000     0.005231    -0.182800     0.000000    -0.056940
    0.011650    -0.044060    -0.901600     0.000000     0.000097    -0.110300     0.026720     0.000000    -0.000000     0.000000    -0.000000     0.000000    -0.000348    -0.003985     0.002201    -0.031560
   -0.000000    -0.000000     1.000000     0.000000     0.000000    -0.000000    -0.000000    -0.000000    -0.000000     0.000000    -0.000000     0.000000     0.000000     0.000000     0.000000     0.000000
    0.000000    -0.000000     0.000000    -0.000000    -0.107500    16.800000   -59.280000     9.810000    -0.000000     0.000000    -0.000000    -0.000000    -0.000000    -0.000000    -0.001041    -0.000000
    0.001381    -0.005224    -0.106900    -0.000000    -0.051280    -4.640000     2.244000    -0.000000     0.000000    -0.000000     0.000000    -0.000000    -0.000041    -0.000472     0.099500    -0.003742
    0.000407    -0.001541    -0.031520    -0.000000     0.032800    -0.303900    -0.584600    -0.000000     0.000000    -0.000000     0.000000    -0.000000    -0.000012    -0.000139     0.002017    -0.001104
   -0.000000    -0.000000     0.000000     0.000000     0.000000     1.000000     0.000000     0.000000    -0.000000     0.000000    -0.000000     0.000000     0.000000     0.000000     0.000000     0.000000
    1.000000     0.000000    -0.000000    16.560000    -0.000000     0.000000     0.000000     0.000000     0.000000    -0.000000     0.000000     0.000000    -0.000000    -0.000000    -0.000000    -0.000000
    0.000000    -0.000000     0.000000    -0.000000     1.000000    -0.000000    -0.000000   -16.560000    -0.000000     0.000000    -0.000000    62.640000     0.000000     0.000000     0.000000     0.000000
   -0.000000     1.000000    -0.000000   -62.640000     0.000000     0.000000     0.000000     0.000000     0.000000    -0.000000     0.000000     0.000000    -0.000000    -0.000000    -0.000000    -0.000000
   -0.000000    -0.000000     0.000000     0.000000     0.000000    -0.000000     1.000000     0.000000    -0.000000     0.000000    -0.000000     0.000000     0.000000     0.000000     0.000000     0.000000

   -0.020590     0.443500   -24.980000    -9.810000     0.000000    -0.000000    -0.000000     0.000000     0.000000    -0.000000     0.000000     0.000000    -0.000996     0.032750    -0.000000     0.012890
   -0.204600    -0.366200    30.170000    -0.000000    -0.000000     0.000000     0.000000    -0.000000     0.000000    -0.000000     0.000000     0.000000     0.001846    -0.060050     0.000000    -0.019080
    0.020600    -0.028620    -0.658500     0.000000     0.000062    -0.076010     0.047050     0.000000    -0.000000     0.000000    -0.000000     0.000000    -0.000115    -0.001125     0.000723    -0.011330
   -0.000000    -0.000000     1.000000     0.000000     0.000000    -0.000000    -0.000000     0.000000    -0.000000     0.000000    -0.000000     0.000000     0.000000     0.000000     0.000000     0.000000
   -0.000000     0.000000    -0.000000    -0.000000    -0.058060    24.920000   -32.300000     9.810000    -0.000000     0.000000    -0.000000    -0.000000    -0.000000    -0.000000    -0.000463     0.000000
    0.002405    -0.003342    -0.076900    -0.000000    -0.025560    -2.835000     2.737000    -0.000000     0.000000    -0.000000     0.000000    -0.000000    -0.000013    -0.000131     0.032610    -0.001323
    0.000689    -0.000957    -0.022020    -0.000000     0.016830    -0.563500    -0.228800    -0.000000     0.000000    -0.000000     0.000000    -0.000000    -0.000004    -0.000038     0.002053    -0.000379
   -0.000000    -0.000000     0.000000     0.000000     0.000000     1.000000     0.000000     0.000000    -0.000000     0.000000    -0.000000     0.000000     0.000000     0.000000     0.000000     0.000000
    1.000000     0.000000    -0.000000    24.420000    -0.000000     0.000000     0.000000     0.000000     0.000000    -0.000000     0.000000     0.000000    -0.000000    -0.000000    -0.000000    -0.000000
    0.000000    -0.000000     0.000000    -0.000000     1.000000    -0.000000    -0.000000   -24.420000    -0.000000     0.000000    -0.000000    33.930000     0.000000     0.000000     0.000000     0.000000
   -0.000000     1.000000    -0.000000   -33.930000     0.000000     0.000000     0.000000     0.000000     0.000000    -0.000000     0.000000     0.000000    -0.000000    -0.000000    -0.000000    -0.000000
   -0.000000    -0.000000     0.000000     0.000000     0.000000    -0.000000     1.000000    -0.000000    -0.000000     0.000000    -0.000000     0.000000     0.000000     0.000000     0.000000     0.000000
