u  w  q  the  v  p  r  phi  x  y  z  psi  |  slat  flap  aileron  elevator
   -0.017360     0.440100   -26.460000    -9.810000     0.000000    -0.000000    -0.000000     0.000000     0.000000    -0.000000     0.000000     0.000000    -0.000960     0.031290     0.000000     0.011520
   -0.211600    -0.333900    29.640000    -0.000000    -0.000000     0.000000     0.000000    -0.000000     0.000000    -0.000000     0.000000     0.000000     0.001644    -0.053000     0.000000    -0.016870
    0.019330    -0.024690    -0.617100     0.000000     0.000433    -0.081640     0.038500     0.000000    -0.000000     0.000000    -0.000000     0.000000    -0.000133    -0.000354     0.000652    -0.010680
   -0.000000    -0.000000     1.000000     0.000000     0.000000    -0.000000    -0.000000     0.000000    -0.000000     0.000000    -0.000000     0.000000     0.000000     0.000000     0.000000     0.000000
   -0.000000     0.000000    -0.000000    -0.000000    -0.050710    26.280000   -31.530000     9.810000    -0.000000     0.000000    -0.000000    -0.000000    -0.000000    -0.000000    -0.000418     0.000000
    0.001908    -0.002437    -0.060900    -0.000000    -0.005440    -0.663400     0.678100    -0.000000     0.000000    -0.000000     0.000000    -0.000000    -0.000013    -0.000035     0.007365    -0.001053
    0.001062    -0.001357    -0.033900    -0.000000     0.009607    -0.402200    -0.114900    -0.000000     0.000000    -0.000000     0.000000    -0.000000    -0.000007    -0.000019     0.001489    -0.000586
   -0.000000    -0.000000     0.000000     0.000000     0.000000     1.000000     0.000000     0.000000    -0.000000     0.000000    -0.000000     0.000000     0.000000     0.000000     0.000000     0.000000
    1.000000     0.000000    -0.000000    25.770000    -0.000000     0.000000     0.000000     0.000000     0.000000    -0.000000     0.000000     0.000000    -0.000000    -0.000000    -0.000000    -0.000000
    0.000000    -0.000000     0.000000    -0.000000     1.000000    -0.000000    -0.000000   -25.770000    -0.000000     0.000000    -0.000000    32.920000     0.000000     0.000000     0.000000     0.000000
   -0.000000     1.000000    -0.000000   -32.920000     0.000000     0.000000     0.000000     0.000000     0.000000    -0.000000     0.000000     0.000000    -0.000000    -0.000000    -0.000000    -0.000000
   -0.000000    -0.000000     0.000000     0.000000     0.000000    -0.000000     1.000000    -0.000000    -0.000000     0.000000    -0.000000     0.000000     0.000000     0.000000     0.000000     0.000000

   -0.002303     0.261300   -17.780000    -9.810000    -0.000000     0.000000     0.000000     0.000000     0.000000    -0.000000     0.000000     0.000000    -0.000981     0.034190    -0.000000     0.012610
   -0.138000    -0.554700    57.250000    -0.000000     0.000000    -0.000000    -0.000000    -0.000000     0.000000    -0.000000     0.000000     0.000000     0.004887    -0.170400     0.000000    -0.053110
    0.010430    -0.037500    -0.860800     0.000000     0.000910    -0.104300     0.009580     0.000000    -0.000000     0.000000    -0.000000     0.000000    -0.000422    -0.001632     0.001945    -0.031170
   -0.000000    -0.000000     1.000000    -0.000000     0.000000    -0.000000    -0.000000    -0.000000    -0.000000     0.000000    -0.000000    -0.000000     0.000000     0.000000     0.000000     0.000000
    0.000000    -0.000000     0.000000    -0.000000    -0.099380    17.590000   -59.350000     9.810000    -0.000000     0.000000    -0.000000    -0.000000    -0.000000    -0.000000    -0.000971    -0.000000
    0.001032    -0.003713    -0.085220    -0.000000    -0.011610    -1.098000     0.536600    -0.000000     0.000000    -0.000000     0.000000    -0.000000    -0.000042    -0.000161     0.023420    -0.003085
    0.000590    -0.002123    -0.048730    -0.000000     0.019650    -0.228100    -0.342400    -0.000000     0.000000    -0.000000     0.000000    -0.000000    -0.000024    -0.000092     0.001787    -0.001764
   -0.000000    -0.000000     0.000000     0.000000     0.000000     1.000000     0.000000    -0.000000    -0.000000     0.000000    -0.000000    -0.000000     0.000000     0.000000     0.000000     0.000000
    1.000000     0.000000    -0.000000    17.360000    -0.000000     0.000000     0.000000     0.000000     0.000000    -0.000000     0.000000     0.000000    -0.000000    -0.000000    -0.000000    -0.000000
    0.000000    -0.000000     0.000000    -0.000000     1.000000    -0.000000    -0.000000   -17.360000    -0.000000     0.000000    -0.000000    62.430000     0.000000     0.000000     0.000000     0.000000
   -0.000000     1.000000    -0.000000   -62.430000     0.000000     0.000000     0.000000     0.000000     0.000000    -0.000000     0.000000     0.000000    -0.000000    -0.000000    -0.000000    -0.000000
   -0.000000    -0.000000     0.000000     0.000000     0.000000    -0.000000     1.000000    -0.000000    -0.000000     0.000000    -0.000000    -0.000000     0.000000     0.000000     0.000000     0.000000

    0.000222     0.111700   -10.810000    -9.810000    -0.000000     0.000000     0.000000     0.000000     0.000000    -0.000000     0.000000     0.000000    -0.000751     0.027040    -0.000000     0.010730
   -0.076950    -0.805000   128.300000    -0.000000     0.000000    -0.000000    -0.000000    -0.000000     0.000000    -0.000000     0.000000     0.000000     0.015020    -0.542400     0.000000    -0.166800
    0.004535    -0.057750    -1.280000     0.000000     0.001740    -0.146100    -0.025300     0.000000    -0.000000     0.000000    -0.000000     0.000000    -0.001496    -0.006386     0.006652    -0.105200
   -0.000000    -0.000000     1.000000     0.000000     0.000000    -0.000000    -0.000000     0.000000    -0.000000     0.000000    -0.000000     0.000000     0.000000     0.000000     0.000000     0.000000
   -0.000000    -0.000000    -0.000000    -0.000000    -0.150100    10.650000  -130.700000     9.810000    -0.000000     0.000000    -0.000000    -0.000000    -0.000000    -0.000000    -0.002700    -0.000000
    0.000452    -0.005753    -0.127500    -0.000000    -0.018240    -1.572000     0.439200    -0.000000     0.000000    -0.000000     0.000000    -0.000000    -0.000149    -0.000636     0.073350    -0.010480
    0.000273    -0.003480    -0.077130    -0.000000     0.031720    -0.075870    -0.606400    -0.000000     0.000000    -0.000000     0.000000    -0.000000    -0.000090    -0.000385     0.001981    -0.006341
   -0.000000    -0.000000     0.000000     0.000000     0.000000     1.000000     0.000000     0.000000    -0.000000     0.000000    -0.000000     0.000000     0.000000     0.000000     0.000000     0.000000
    1.000000     0.000000    -0.000000    10.640000    -0.000000     0.000000     0.000000     0.000000     0.000000    -0.000000     0.000000     0.000000    -0.000000    -0.000000    -0.000000    -0.000000
    0.000000    -0.000000     0.000000    -0.000000     1.000000    -0.000000    -0.000000   -10.640000    -0.000000     0.000000    -0.000000   135.500000     0.000000     0.000000     0.000000     0.000000
   -0.000000     1.000000    -0.000000  -135.500000     0.000000     0.000000     0.000000     0.000000     0.000000    -0.000000     0.000000     0.000000    -0.000000    -0.000000    -0.000000    -0.000000
   -0.000000    -0.000000     0.000000     0.000000     0.000000    -0.000000     1.000000     0.000000    -0.000000     0.000000    -0.000000     0.000000     0.000000     0.000000     0.000000     0.000000

    0.000247     0.110600    -9.955000    -9.810000    -0.000000    -0.000000     0.000000     0.000000     0.000000    -0.000000     0.000000     0.000000    -0.000729     0.026280     0.000000     0.010530
   -0.077870    -0.858600   127.800000    -0.000000     0.000000    -0.000000    -0.000000    -0.000000     0.000000    -0.000000     0.000000     0.000000     0.016020    -0.578800     0.000000    -0.178000
    0.004163    -0.057660    -1.277000     0.000000     0.001743    -0.145300    -0.026560     0.000000    -0.000000     0.000000    -0.000000     0.000000    -0.001496    -0.006416     0.006647    -0.105100
   -0.000000    -0.000000     1.000000     0.000000     0.000000    -0.000000    -0.000000     0.000000    -0.000000     0.000000    -0.000000     0.000000     0.000000     0.000000     0.000000     0.000000
   -0.000000    -0.000000    -0.000000    -0.000000    -0.160500     9.788000  -130.400000     9.810000    -0.000000     0.000000    -0.000000    -0.000000    -0.000000    -0.000000    -0.002867    -0.000000
    0.000415    -0.005745    -0.127200    -0.000000    -0.018290    -1.573000     0.428800    -0.000000     0.000000    -0.000000     0.000000    -0.000000    -0.000149    -0.000639     0.073430    -0.010470
    0.000251    -0.003475    -0.076930    -0.000000     0.031800    -0.067370    -0.609600    -0.000000     0.000000    -0.000000     0.000000    -0.000000    -0.000090    -0.000387     0.001863    -0.006335
   -0.000000    -0.000000     0.000000     0.000000     0.000000     1.000000     0.000000     0.000000    -0.000000     0.000000    -0.000000     0.000000     0.000000     0.000000     0.000000     0.000000
    1.000000     0.000000    -0.000000     9.786000    -0.000000     0.000000     0.000000     0.000000     0.000000    -0.000000     0.000000     0.000000    -0.000000    -0.000000    -0.000000    -0.000000
    0.000000    -0.000000     0.000000    -0.000000     1.000000    -0.000000    -0.000000    -9.786000    -0.000000     0.000000    -0.000000   135.600000     0.000000     0.000000     0.000000     0.000000
   -0.000000     1.000000    -0.000000  -135.600000     0.000000     0.000000     0.000000     0.000000     0.000000    -0.000000     0.000000     0.000000    -0.000000    -0.000000    -0.000000    -0.000000
   -0.000000    -0.000000     0.000000     0.000000     0.000000    -0.000000     1.000000    -0.000000    -0.000000     0.000000    -0.000000     0.000000     0.000000     0.000000     0.000000     0.000000

   -0.001975     0.260000   -16.560000    -9.810000    -0.000000    -0.000000     0.000000     0.000000     0.000000    -0.000000     0.000000     0.000000    -0.000975     0.034060    -0.000000     0.012580
   -0.138100    -0.593700    57.220000    -0.000000     0.000000    -0.000000    -0.000000    -0.000000     0.000000    -0.000000     0.000000     0.000000     0.005245    -0.183500     0.000000    -0.057140
    0.009633    -0.037460    -0.856800     0.000000     0.000919    -0.103200     0.007180     0.000000    -0.000000     0.000000    -0.000000     0.000000    -0.000425    -0.001670     0.001955    -0.031310
   -0.000000    -0.000000     1.000000     0.000000     0.000000    -0.000000    -0.000000     0.000000    -0.000000     0.000000    -0.000000     0.000000     0.000000     0.000000     0.000000     0.000000
    0.000000    -0.000000     0.000000    -0.000000    -0.107200    16.360000   -59.420000     9.810000    -0.000000     0.000000    -0.000000    -0.000000    -0.000000    -0.000000    -0.001029    -0.000000
    0.000954    -0.003709    -0.084820    -0.000000    -0.011780    -1.104000     0.514900    -0.000000     0.000000    -0.000000     0.000000    -0.000000    -0.000042    -0.000165     0.023680    -0.003100
    0.000545    -0.002121    -0.048500    -0.000000     0.019900    -0.210500    -0.350700    -0.000000     0.000000    -0.000000     0.000000    -0.000000    -0.000024    -0.000095     0.001682    -0.001773
   -0.000000    -0.000000     0.000000     0.000000     0.000000     1.000000     0.000000     0.000000    -0.000000     0.000000    -0.000000     0.000000     0.000000     0.000000     0.000000     0.000000
    1.000000     0.000000    -0.000000    16.130000    -0.000000     0.000000     0.000000     0.000000     0.000000    -0.000000     0.000000     0.000000    -0.000000    -0.000000    -0.000000    -0.000000
    0.000000    -0.000000     0.000000    -0.000000     1.000000    -0.000000    -0.000000   -16.130000    -0.000000     0.000000    -0.000000    62.750000     0.000000     0.000000     0.000000     0.000000
   -0.000000     1.000000    -0.000000   -62.750000     0.000000     0.000000     0.000000     0.000000     0.000000    -0.000000     0.000000     0.000000    -0.000000    -0.000000    -0.000000    -0.000000
   -0.000000    -0.000000     0.000000     0.000000     0.000000    -0.000000     1.000000    -0.000000    -0.000000     0.000000    -0.000000     0.000000     0.000000     0.000000     0.000000     0.000000

   -0.014780     0.435100   -24.510000    -9.810000     0.000000     0.000000    -0.000000     0.000000     0.000000    -0.000000     0.000000     0.000000    -0.000979     0.032290     0.000000     0.011870
   -0.209700    -0.370700    30.730000    -0.000000    -0.000000     0.000000     0.000000    -0.000000     0.000000    -0.000000     0.000000     0.000000     0.001886    -0.061610     0.000000    -0.019560
    0.017450    -0.025170    -0.619600     0.000000     0.000463    -0.081000     0.034120     0.000000    -0.000000     0.000000    -0.000000     0.000000    -0.000144    -0.000414     0.000697    -0.011370
   -0.000000    -0.000000     1.000000     0.000000     0.000000    -0.000000    -0.000000     0.000000    -0.000000     0.000000    -0.000000     0.000000     0.000000     0.000000     0.000000     0.000000
   -0.000000     0.000000    -0.000000    -0.000000    -0.058350    24.310000   -32.710000     9.810000    -0.000000     0.000000    -0.000000    -0.000000    -0.000000    -0.000000    -0.000461     0.000000
    0.001722    -0.002483    -0.061140    -0.000000    -0.005963    -0.692800     0.642000    -0.000000     0.000000    -0.000000     0.000000    -0.000000    -0.000014    -0.000041     0.008044    -0.001122
    0.000959    -0.001383    -0.034040    -0.000000     0.010390    -0.370300    -0.136000    -0.000000     0.000000    -0.000000     0.000000    -0.000000    -0.000008    -0.000023     0.001446    -0.000625
   -0.000000    -0.000000     0.000000    -0.000000     0.000000     1.000000     0.000000     0.000000    -0.000000     0.000000    -0.000000     0.000000     0.000000     0.000000     0.000000     0.000000
    1.000000     0.000000    -0.000000    23.820000    -0.000000     0.000000     0.000000     0.000000     0.000000    -0.000000     0.000000     0.000000    -0.000000    -0.000000    -0.000000    -0.000000
    0.000000    -0.000000     0.000000    -0.000000     1.000000    -0.000000    -0.000000   -23.820000    -0.000000     0.000000    -0.000000    34.360000     0.000000     0.000000     0.000000     0.000000
   -0.000000     1.000000    -0.000000   -34.360000     0.000000     0.000000     0.000000     0.000000     0.000000    -0.000000     0.000000     0.000000    -0.000000    -0.000000    -0.000000    -0.000000
   -0.000000    -0.000000     0.000000     0.000000     0.000000    -0.000000     1.000000     0.000000    -0.000000     0.000000    -0.000000     0.000000     0.000000     0.000000     0.000000     0.000000
