u  w  q  the  v  p  r  phi  x  y  z  psi  |  slat  flap  aileron  elevator
   -0.024960     0.449800   -27.040000    -9.810000     0.000000    -0.000000    -0.000000     0.000000     0.000000    -0.000000     0.000000     0.000000    -0.000975     0.031660    -0.000000     0.012580
   -0.206000    -0.327900    28.910000    -0.000000    -0.000000     0.000000     0.000000    -0.000000     0.000000    -0.000000     0.000000     0.000000     0.001592    -0.051050     0.000000    -0.016270
    0.023190    -0.028280    -0.661000     0.000000     0.000213    -0.015910     0.002760     0.000000    -0.000000     0.000000    -0.000000     0.000000    -0.000103    -0.001081     0.000097    -0.010550
   -0.000000    -0.000000     1.000000     0.000000     0.000000    -0.000000    -0.000000     0.000000    -0.000000     0.000000    -0.000000     0.000000     0.000000     0.000000     0.000000     0.000000
   -0.000000     0.000000    -0.000000    -0.000000    -0.050200    27.030000   -30.960000     9.810000    -0.000000     0.000000    -0.000000    -0.000000    -0.000000    -0.000000    -0.000419     0.000000
    0.000272    -0.000331    -0.007745    -0.000000    -0.083800    -9.626000    10.370000    -0.000000     0.000000    -0.000000     0.000000    -0.000000    -0.000001    -0.000013     0.105500    -0.000124
    0.000388    -0.000473    -0.011050    -0.000000     0.018240    -0.648600    -0.279200    -0.000000     0.000000    -0.000000     0.000000    -0.000000    -0.000002    -0.000018     0.001845    -0.000177
   -0.000000    -0.000000     0.000000    -0.000000     0.000000     1.000000     0.000000     0.000000    -0.000000     0.000000    -0.000000     0.000000     0.000000     0.000000     0.000000     0.000000
    1.000000     0.000000    -0.000000    26.510000    -0.000000     0.000000     0.000000     0.000000     0.000000    -0.000000     0.000000     0.000000    -0.000000    -0.000000    -0.000000    -0.000000
    0.000000    -0.000000     0.000000    -0.000000     1.000000    -0.000000    -0.000000   -26.510000    -0.000000     0.000000    -0.000000    32.330000     0.000000     0.000000     0.000000     0.000000
   -0.000000     1.000000    -0.000000   -32.330000     0.000000     0.000000     0.000000     0.000000     0.000000    -0.000000     0.000000     0.000000    -0.000000    -0.000000    -0.000000    -0.000000
   -0.000000    -0.000000     0.000000     0.000000     0.000000    -0.000000     1.000000    -0.000000    -0.000000     0.000000    -0.000000     0.000000     0.000000     0.000000     0.000000     0.000000

   -0.004020     0.267000   -18.220000    -9.810000    -0.000000     0.000000     0.000000     0.000000     0.000000    -0.000000     0.000000     0.000000    -0.001013     0.035270    -0.000000     0.014260
   -0.133600    -0.553400    56.850000    -0.000000     0.000000    -0.000000    -0.000000    -0.000000     0.000000    -0.000000     0.000000     0.000000     0.004869    -0.169600     0.000000    -0.052860
    0.012880    -0.044860    -0.911700     0.000000     0.000471    -0.016370    -0.005039     0.000000    -0.000000     0.000000    -0.000000     0.000000    -0.000334    -0.004223     0.000261    -0.031400
   -0.000000    -0.000000     1.000000     0.000000     0.000000    -0.000000    -0.000000     0.000000    -0.000000     0.000000    -0.000000     0.000000     0.000000     0.000000     0.000000     0.000000
    0.000000    -0.000000     0.000000    -0.000000    -0.099680    18.120000   -59.170000     9.810000    -0.000000     0.000000    -0.000000    -0.000000    -0.000000    -0.000000    -0.000984    -0.000000
    0.000154    -0.000538    -0.010940    -0.000000    -0.191000   -17.260000     8.807000    -0.000000     0.000000    -0.000000     0.000000    -0.000000    -0.000004    -0.000051     0.368100    -0.000377
    0.000227    -0.000792    -0.016090    -0.000000     0.038660    -0.266400    -0.717900    -0.000000     0.000000    -0.000000     0.000000    -0.000000    -0.000006    -0.000075     0.000059    -0.000554
   -0.000000    -0.000000     0.000000     0.000000     0.000000     1.000000     0.000000     0.000000    -0.000000     0.000000    -0.000000     0.000000     0.000000     0.000000     0.000000     0.000000
    1.000000     0.000000    -0.000000    17.880000    -0.000000     0.000000     0.000000     0.000000     0.000000    -0.000000     0.000000     0.000000    -0.000000    -0.000000    -0.000000    -0.000000
    0.000000    -0.000000     0.000000    -0.000000     1.000000    -0.000000    -0.000000   -17.880000    -0.000000     0.000000    -0.000000    62.280000     0.000000     0.000000     0.000000     0.000000
   -0.000000     1.000000    -0.000000   -62.280000     0.000000     0.000000     0.000000     0.000000     0.000000    -0.000000     0.000000     0.000000    -0.000000    -0.000000    -0.000000    -0.000000
   -0.000000    -0.000000     0.000000     0.000000     0.000000    -0.000000     1.000000    -0.000000    -0.000000     0.000000    -0.000000     0.000000     0.000000     0.000000     0.000000     0.000000

    0.000002     0.114500   -11.170000    -9.810000    -0.000000     0.000000     0.000000     0.000000     0.000000    -0.000000     0.000000     0.000000    -0.000784     0.028260    -0.000000     0.012580
   -0.074690    -0.804900   127.900000    -0.000000     0.000000    -0.000000    -0.000000    -0.000000     0.000000    -0.000000     0.000000     0.000000     0.015020    -0.542100     0.000000    -0.166700
    0.005705    -0.070110    -1.338000     0.000000     0.000927    -0.019490    -0.016670     0.000000    -0.000000     0.000000    -0.000000     0.000000    -0.001189    -0.015750     0.000855    -0.105500
   -0.000000    -0.000000     1.000000     0.000000     0.000000    -0.000000    -0.000000     0.000000    -0.000000     0.000000    -0.000000     0.000000     0.000000     0.000000     0.000000     0.000000
   -0.000000    -0.000000     0.000000    -0.000000    -0.150400    11.040000  -130.600000     9.810000    -0.000000     0.000000    -0.000000    -0.000000    -0.000000    -0.000000    -0.002719    -0.000000
    0.000071    -0.000875    -0.016700    -0.000000    -0.343200   -28.300000     8.387000    -0.000000     0.000000    -0.000000     0.000000    -0.000000    -0.000015    -0.000197     1.320000    -0.001317
    0.000113    -0.001391    -0.026530    -0.000000     0.066750     0.196700    -1.300000    -0.000000     0.000000    -0.000000     0.000000    -0.000000    -0.000024    -0.000312    -0.012160    -0.002093
   -0.000000    -0.000000     0.000000    -0.000000     0.000000     1.000000     0.000000     0.000000    -0.000000     0.000000    -0.000000     0.000000     0.000000     0.000000     0.000000     0.000000
    1.000000     0.000000    -0.000000    11.020000    -0.000000     0.000000     0.000000     0.000000     0.000000    -0.000000     0.000000     0.000000    -0.000000    -0.000000    -0.000000    -0.000000
    0.000000    -0.000000     0.000000    -0.000000     1.000000    -0.000000    -0.000000   -11.020000    -0.000000     0.000000    -0.000000   135.500000     0.000000     0.000000     0.000000     0.000000
   -0.000000     1.000000    -0.000000  -135.500000     0.000000     0.000000     0.000000     0.000000     0.000000    -0.000000     0.000000     0.000000    -0.000000    -0.000000    -0.000000    -0.000000
   -0.000000    -0.000000     0.000000     0.000000     0.000000    -0.000000     1.000000    -0.000000    -0.000000     0.000000    -0.000000     0.000000     0.000000     0.000000     0.000000     0.000000

    0.000046     0.113400   -10.290000    -9.810000    -0.000000     0.000000     0.000000     0.000000     0.000000    -0.000000     0.000000     0.000000    -0.000762     0.027500     0.000000     0.012390
   -0.075610    -0.858400   127.500000    -0.000000     0.000000     0.000000    -0.000000    -0.000000     0.000000    -0.000000     0.000000     0.000000     0.016010    -0.578600     0.000000    -0.177900
    0.005243    -0.070040    -1.334000     0.000000     0.000929    -0.019200    -0.016900     0.000000    -0.000000     0.000000    -0.000000     0.000000    -0.001189    -0.015790     0.000852    -0.105400
   -0.000000    -0.000000     1.000000     0.000000     0.000000    -0.000000    -0.000000     0.000000    -0.000000     0.000000    -0.000000     0.000000     0.000000     0.000000     0.000000     0.000000
   -0.000000    -0.000000     0.000000    -0.000000    -0.160700    10.150000  -130.300000     9.810000    -0.000000     0.000000    -0.000000    -0.000000    -0.000000    -0.000000    -0.002886    -0.000000
    0.000065    -0.000874    -0.016650    -0.000000    -0.344200   -28.320000     8.196000    -0.000000     0.000000    -0.000000     0.000000    -0.000000    -0.000015    -0.000197     1.322000    -0.001316
    0.000104    -0.001389    -0.026450    -0.000000     0.066900     0.213300    -1.304000    -0.000000     0.000000    -0.000000     0.000000    -0.000000    -0.000024    -0.000313    -0.012410    -0.002090
   -0.000000    -0.000000     0.000000     0.000000     0.000000     1.000000     0.000000     0.000000    -0.000000     0.000000    -0.000000     0.000000     0.000000     0.000000     0.000000     0.000000
    1.000000     0.000000    -0.000000    10.140000    -0.000000     0.000000     0.000000     0.000000     0.000000    -0.000000     0.000000     0.000000    -0.000000    -0.000000    -0.000000    -0.000000
    0.000000    -0.000000     0.000000    -0.000000     1.000000    -0.000000    -0.000000   -10.140000    -0.000000     0.000000    -0.000000   135.500000     0.000000     0.000000     0.000000     0.000000
   -0.000000     1.000000    -0.000000  -135.500000     0.000000     0.000000     0.000000     0.000000     0.000000    -0.000000     0.000000     0.000000    -0.000000    -0.000000    -0.000000    -0.000000
   -0.000000    -0.000000     0.000000     0.000000     0.000000    -0.000000     1.000000     0.000000    -0.000000     0.000000    -0.000000     0.000000     0.000000     0.000000     0.000000     0.000000

   -0.003563     0.265800   -16.970000    -9.810000    -0.000000     0.000000     0.000000     0.000000     0.000000    -0.000000     0.000000     0.000000    -0.001007     0.035160    -0.000000     0.014250
   -0.133700    -0.592500    56.820000    -0.000000     0.000000    -0.000000    -0.000000    -0.000000     0.000000    -0.000000     0.000000     0.000000     0.005229    -0.182700     0.000000    -0.056910
    0.011910    -0.044890    -0.906800     0.000000     0.000477    -0.015930    -0.005481     0.000000    -0.000000     0.000000    -0.000000     0.000000    -0.000337    -0.004292     0.000260    -0.031550
   -0.000000    -0.000000     1.000000     0.000000     0.000000    -0.000000    -0.000000     0.000000    -0.000000     0.000000    -0.000000     0.000000     0.000000     0.000000     0.000000     0.000000
    0.000000    -0.000000     0.000000    -0.000000    -0.107500    16.860000   -59.260000     9.810000    -0.000000     0.000000    -0.000000    -0.000000    -0.000000    -0.000000    -0.001042    -0.000000
    0.000143    -0.000539    -0.010880    -0.000000    -0.193600   -17.370000     8.458000    -0.000000     0.000000    -0.000000     0.000000    -0.000000    -0.000004    -0.000052     0.372500    -0.000379
    0.000210    -0.000792    -0.016000    -0.000000     0.039120    -0.233300    -0.730400    -0.000000     0.000000    -0.000000     0.000000    -0.000000    -0.000006    -0.000076    -0.000169    -0.000557
   -0.000000    -0.000000     0.000000     0.000000     0.000000     1.000000     0.000000     0.000000    -0.000000     0.000000    -0.000000     0.000000     0.000000     0.000000     0.000000     0.000000
    1.000000     0.000000    -0.000000    16.620000    -0.000000     0.000000     0.000000     0.000000     0.000000    -0.000000     0.000000     0.000000    -0.000000    -0.000000    -0.000000    -0.000000
    0.000000    -0.000000     0.000000    -0.000000     1.000000    -0.000000    -0.000000   -16.620000    -0.000000     0.000000    -0.000000    62.630000     0.000000     0.000000     0.000000     0.000000
   -0.000000     1.000000    -0.000000   -62.630000     0.000000     0.000000     0.000000     0.000000     0.000000    -0.000000     0.000000     0.000000    -0.000000    -0.000000    -0.000000    -0.000000
   -0.000000    -0.000000     0.000000     0.000000     0.000000    -0.000000     1.000000    -0.000000    -0.000000     0.000000    -0.000000     0.000000     0.000000     0.000000     0.000000     0.000000

   -0.021460     0.444600   -25.050000    -9.810000     0.000000    -0.000000    -0.000000     0.000000     0.000000    -0.000000     0.000000     0.000000    -0.000999     0.032810    -0.000000     0.013030
   -0.203900    -0.365600    30.090000    -0.000000    -0.000000    -0.000000     0.000000    -0.000000     0.000000    -0.000000     0.000000     0.000000     0.001840    -0.059830     0.000000    -0.019010
    0.021010    -0.029040    -0.663200     0.000000     0.000230    -0.015330     0.001871     0.000000    -0.000000     0.000000    -0.000000     0.000000    -0.000111    -0.001218     0.000102    -0.011310
   -0.000000    -0.000000     1.000000     0.000000     0.000000    -0.000000    -0.000000     0.000000    -0.000000     0.000000    -0.000000     0.000000     0.000000     0.000000     0.000000     0.000000
   -0.000000     0.000000    -0.000000    -0.000000    -0.058020    25.010000   -32.240000     9.810000    -0.000000     0.000000    -0.000000    -0.000000    -0.000000    -0.000000    -0.000463     0.000000
    0.000246    -0.000340    -0.007771    -0.000000    -0.092060   -10.100000     9.827000    -0.000000     0.000000    -0.000000     0.000000    -0.000000    -0.000001    -0.000014     0.116100    -0.000132
    0.000351    -0.000486    -0.011090    -0.000000     0.019780    -0.587900    -0.315400    -0.000000     0.000000    -0.000000     0.000000    -0.000000    -0.000002    -0.000020     0.001703    -0.000189
   -0.000000    -0.000000     0.000000    -0.000000     0.000000     1.000000     0.000000     0.000000    -0.000000     0.000000    -0.000000     0.000000     0.000000     0.000000     0.000000     0.000000
    1.000000     0.000000    -0.000000    24.510000    -0.000000     0.000000     0.000000     0.000000     0.000000    -0.000000     0.000000     0.000000    -0.000000    -0.000000    -0.000000    -0.000000
    0.000000    -0.000000     0.000000    -0.000000     1.000000    -0.000000    -0.000000   -24.510000    -0.000000     0.000000    -0.000000    33.870000     0.000000     0.000000     0.000000     0.000000
   -0.000000     1.000000    -0.000000   -33.870000     0.000000     0.000000     0.000000     0.000000     0.000000    -0.000000     0.000000     0.000000    -0.000000    -0.000000    -0.000000    -0.000000
   -0.000000    -0.000000     0.000000    -0.000000     0.000000    -0.000000     1.000000    -0.000000    -0.000000     0.000000    -0.000000     0.000000     0.000000     0.000000     0.000000     0.000000
