u  w  q  the  v  p  r  phi  x  y  z  psi  |  slat  flap  aileron  elevator
   -0.001254     0.219900   -18.760000    -9.810000     0.000000     0.000000     0.000000     0.000000     0.000000    -0.000000     0.000000     0.000000    -0.000809     0.033460    -0.000000     0.012330
   -0.115700    -0.532100    66.460000    -0.000000    -0.000000     0.000000     0.000000    -0.000000     0.000000    -0.000000     0.000000     0.000000     0.004389    -0.178700    -0.000000    -0.075150
    0.006920    -0.027910    -0.928800     0.000000    -0.001127    -0.040230     0.022210     0.000000    -0.000000     0.000000    -0.000000     0.000000    -0.000239    -0.002744     0.000581    -0.029600
   -0.000000    -0.000000     1.000000     0.000000     0.000000    -0.000000    -0.000000     0.000000    -0.000000     0.000000    -0.000000     0.000000     0.000000     0.000000     0.000000     0.000000
    0.000000     0.000000     0.000000    -0.000000    -0.091380    18.930000   -68.920000     9.810000    -0.000000     0.000000    -0.000000    -0.000000    -0.000000     0.000000    -0.000222     0.000000
    0.000356    -0.001435    -0.047760    -0.000000    -0.861400   -32.020000    16.570000    -0.000000     0.000000    -0.000000     0.000000    -0.000000    -0.000012    -0.000141     0.457600    -0.001522
   -0.000007     0.000029     0.000968    -0.000000     0.001565    -0.943400    -0.357300    -0.000000     0.000000    -0.000000     0.000000    -0.000000     0.000000     0.000003     0.009877     0.000031
   -0.000000    -0.000000     0.000000     0.000000     0.000000     1.000000     0.000000     0.000000    -0.000000     0.000000    -0.000000     0.000000     0.000000     0.000000     0.000000     0.000000
    1.000000     0.000000    -0.000000    18.250000    -0.000000     0.000000     0.000000     0.000000     0.000000    -0.000000     0.000000     0.000000    -0.000000    -0.000000    -0.000000    -0.000000
    0.000000    -0.000000     0.000000    -0.000000     1.000000    -0.000000    -0.000000   -18.250000    -0.000000     0.000000    -0.000000    73.610000     0.000000     0.000000     0.000000     0.000000
   -0.000000     1.000000    -0.000000   -73.610000     0.000000     0.000000     0.000000     0.000000     0.000000    -0.000000     0.000000     0.000000    -0.000000    -0.000000    -0.000000    -0.000000
   -0.000000    -0.000000     0.000000     0.000000     0.000000    -0.000000     1.000000    -0.000000    -0.000000     0.000000    -0.000000     0.000000     0.000000     0.000000     0.000000     0.000000

   -0.000003     0.134900   -14.320000    -9.810000    -0.000000    -0.000000    -0.000000     0.000000     0.000000    -0.000000     0.000000     0.000000    -0.000653     0.029560     0.000000     0.010540
   -0.083870    -0.654800   106.000000    -0.000000     0.000000     0.000000    -0.000000    -0.000000     0.000000    -0.000000     0.000000     0.000000     0.008300    -0.354300     0.000000    -0.139500
    0.004304    -0.035050    -1.238000     0.000000    -0.001646    -0.071760     0.028830     0.000000    -0.000000     0.000000    -0.000000     0.000000    -0.000570    -0.006293     0.001623    -0.062160
   -0.000000    -0.000000     1.000000     0.000000     0.000000    -0.000000    -0.000000     0.000000    -0.000000     0.000000    -0.000000     0.000000     0.000000     0.000000     0.000000     0.000000
    0.000000     0.000000    -0.000000    -0.000000    -0.109200    14.210000  -109.300000     9.810000    -0.000000     0.000000    -0.000000    -0.000000     0.000000    -0.000000     0.002635    -0.000000
    0.000281    -0.002289    -0.080860    -0.000000    -1.088000   -49.080000    18.570000    -0.000000     0.000000    -0.000000     0.000000    -0.000000    -0.000037    -0.000411     1.106000    -0.004059
   -0.000005     0.000041     0.001437    -0.000000     0.007617    -0.972100    -0.521400    -0.000000     0.000000    -0.000000     0.000000    -0.000000     0.000001     0.000007     0.018290     0.000072
   -0.000000    -0.000000     0.000000    -0.000000     0.000000     1.000000     0.000000     0.000000    -0.000000     0.000000    -0.000000     0.000000     0.000000     0.000000     0.000000     0.000000
    1.000000     0.000000    -0.000000    14.040000    -0.000000     0.000000     0.000000     0.000000     0.000000    -0.000000     0.000000     0.000000    -0.000000    -0.000000    -0.000000    -0.000000
    0.000000    -0.000000     0.000000    -0.000000     1.000000    -0.000000    -0.000000   -14.040000    -0.000000     0.000000    -0.000000   114.400000     0.000000     0.000000     0.000000     0.000000
   -0.000000     1.000000    -0.000000  -114.400000     0.000000     0.000000     0.000000     0.000000     0.000000    -0.000000     0.000000     0.000000    -0.000000    -0.000000    -0.000000    -0.000000
   -0.000000    -0.000000     0.000000     0.000000     0.000000    -0.000000     1.000000    -0.000000    -0.000000     0.000000    -0.000000     0.000000     0.000000     0.000000     0.000000     0.000000

    0.000003     0.060450   -14.610000    -9.810000     0.000000     0.000000     0.000000     0.000000     0.000000    -0.000000     0.000000     0.000000    -0.000380     0.021800    -0.000000     0.008104
   -0.048180    -0.569200   223.100000    -0.000000    -0.000000     0.000000     0.000000    -0.000000     0.000000    -0.000000     0.000000     0.000000     0.014190    -0.647600     0.000000    -0.234900
    0.002269    -0.035930    -1.310000     0.000000    -0.002746    -0.136800     0.043960     0.000000    -0.000000     0.000000    -0.000000     0.000000    -0.001459    -0.016610     0.006275    -0.134900
   -0.000000    -0.000000     1.000000     0.000000     0.000000    -0.000000    -0.000000    -0.000000    -0.000000     0.000000    -0.000000     0.000000     0.000000     0.000000     0.000000     0.000000
   -0.000000    -0.000000     0.000000    -0.000000    -0.086040    14.400000  -225.900000     9.810000    -0.000000     0.000000    -0.000000    -0.000000     0.000000    -0.000000     0.006980     0.000000
    0.000258    -0.004077    -0.148600    -0.000000    -1.388000   -70.840000    21.760000    -0.000000     0.000000    -0.000000     0.000000    -0.000000    -0.000166    -0.001885     3.245000    -0.015310
   -0.000003     0.000050     0.001840    -0.000000     0.009455    -0.871100    -0.520100    -0.000000     0.000000    -0.000000     0.000000    -0.000000     0.000002     0.000023     0.035820     0.000190
   -0.000000    -0.000000     0.000000     0.000000     0.000000     1.000000     0.000000     0.000000    -0.000000     0.000000    -0.000000     0.000000     0.000000     0.000000     0.000000     0.000000
    1.000000     0.000000    -0.000000    14.510000    -0.000000     0.000000     0.000000     0.000000     0.000000    -0.000000     0.000000     0.000000    -0.000000    -0.000000    -0.000000    -0.000000
    0.000000    -0.000000     0.000000    -0.000000     1.000000    -0.000000    -0.000000   -14.510000    -0.000000     0.000000    -0.000000   229.700000     0.000000     0.000000     0.000000     0.000000
   -0.000000     1.000000    -0.000000  -229.700000     0.000000     0.000000     0.000000     0.000000     0.000000    -0.000000     0.000000     0.000000    -0.000000    -0.000000    -0.000000    -0.000000
   -0.000000    -0.000000     0.000000     0.000000     0.000000    -0.000000     1.000000     0.000000    -0.000000     0.000000    -0.000000     0.000000     0.000000     0.000000     0.000000     0.000000

   -0.000007     0.059820   -13.590000    -9.810000     0.000000     0.000000     0.000000     0.000000     0.000000    -0.000000     0.000000     0.000000    -0.000360     0.021030    -0.000000     0.007875
   -0.048790    -0.600800   222.700000    -0.000000    -0.000000     0.000000     0.000000    -0.000000     0.000000    -0.000000     0.000000     0.000000     0.014970    -0.684100     0.000000    -0.247900
    0.002101    -0.035800    -1.308000     0.000000    -0.002721    -0.136900     0.043200     0.000000    -0.000000     0.000000    -0.000000     0.000000    -0.001460    -0.016590     0.006282    -0.134900
   -0.000000    -0.000000     1.000000     0.000000     0.000000    -0.000000    -0.000000    -0.000000    -0.000000     0.000000    -0.000000     0.000000     0.000000     0.000000     0.000000     0.000000
   -0.000000    -0.000000     0.000000    -0.000000    -0.090940    13.350000  -225.800000     9.810000    -0.000000     0.000000    -0.000000    -0.000000     0.000000    -0.000000     0.007535     0.000000
    0.000238    -0.004063    -0.148500    -0.000000    -1.375000   -70.860000    21.370000    -0.000000     0.000000    -0.000000     0.000000    -0.000000    -0.000166    -0.001882     3.248000    -0.015310
   -0.000003     0.000050     0.001839    -0.000000     0.009692    -0.859300    -0.522900    -0.000000     0.000000    -0.000000     0.000000    -0.000000     0.000002     0.000023     0.035680     0.000189
   -0.000000    -0.000000     0.000000     0.000000     0.000000     1.000000     0.000000     0.000000    -0.000000     0.000000    -0.000000     0.000000     0.000000     0.000000     0.000000     0.000000
    1.000000     0.000000    -0.000000    13.480000    -0.000000     0.000000     0.000000     0.000000     0.000000    -0.000000     0.000000     0.000000    -0.000000    -0.000000    -0.000000    -0.000000
    0.000000    -0.000000     0.000000    -0.000000     1.000000    -0.000000    -0.000000   -13.480000    -0.000000     0.000000    -0.000000   229.800000     0.000000     0.000000     0.000000     0.000000
   -0.000000     1.000000    -0.000000  -229.800000     0.000000     0.000000     0.000000     0.000000     0.000000    -0.000000     0.000000     0.000000    -0.000000    -0.000000    -0.000000    -0.000000
   -0.000000    -0.000000     0.000000     0.000000     0.000000    -0.000000     1.000000     0.000000    -0.000000     0.000000    -0.000000     0.000000     0.000000     0.000000     0.000000     0.000000

    0.000028     0.134100   -13.440000    -9.810000    -0.000000     0.000000    -0.000000     0.000000     0.000000    -0.000000     0.000000     0.000000    -0.000641     0.029160     0.000000     0.010390
   -0.084450    -0.690600   105.700000    -0.000000     0.000000     0.000000    -0.000000    -0.000000     0.000000    -0.000000     0.000000     0.000000     0.008755    -0.374300     0.000000    -0.147200
    0.004011    -0.034870    -1.237000     0.000000    -0.001626    -0.071880     0.028200     0.000000    -0.000000     0.000000    -0.000000     0.000000    -0.000571    -0.006282     0.001628    -0.062160
   -0.000000    -0.000000     1.000000     0.000000     0.000000    -0.000000    -0.000000     0.000000    -0.000000     0.000000    -0.000000     0.000000     0.000000     0.000000     0.000000     0.000000
    0.000000     0.000000    -0.000000    -0.000000    -0.115500    13.300000  -109.100000     9.810000    -0.000000     0.000000    -0.000000    -0.000000     0.000000    -0.000000     0.002969    -0.000000
    0.000262    -0.002277    -0.080790    -0.000000    -1.074000   -49.130000    18.140000    -0.000000     0.000000    -0.000000     0.000000    -0.000000    -0.000037    -0.000410     1.108000    -0.004059
   -0.000005     0.000040     0.001436    -0.000000     0.008016    -0.952900    -0.526300    -0.000000     0.000000    -0.000000     0.000000    -0.000000     0.000001     0.000007     0.018170     0.000072
   -0.000000    -0.000000     0.000000    -0.000000     0.000000     1.000000     0.000000     0.000000    -0.000000     0.000000    -0.000000     0.000000     0.000000     0.000000     0.000000     0.000000
    1.000000     0.000000    -0.000000    13.160000    -0.000000     0.000000     0.000000     0.000000     0.000000    -0.000000     0.000000     0.000000    -0.000000    -0.000000    -0.000000    -0.000000
    0.000000    -0.000000     0.000000    -0.000000     1.000000    -0.000000    -0.000000   -13.160000    -0.000000     0.000000    -0.000000   114.500000     0.000000     0.000000     0.000000     0.000000
   -0.000000     1.000000    -0.000000  -114.500000     0.000000     0.000000     0.000000     0.000000     0.000000    -0.000000     0.000000     0.000000    -0.000000    -0.000000    -0.000000    -0.000000
   -0.000000    -0.000000     0.000000    -0.000000     0.000000    -0.000000     1.000000    -0.000000    -0.000000     0.000000    -0.000000     0.000000     0.000000     0.000000     0.000000     0.000000

   -0.001071     0.218900   -17.670000    -9.810000    -0.000000    -0.000000     0.000000     0.000000     0.000000    -0.000000     0.000000     0.000000    -0.000803     0.033330    -0.000000     0.012240
   -0.116000    -0.562000    66.320000    -0.000000    -0.000000     0.000000     0.000000    -0.000000     0.000000    -0.000000     0.000000     0.000000     0.004647    -0.189700    -0.000000    -0.079540
    0.006440    -0.027710    -0.928700     0.000000    -0.001108    -0.040430     0.021570     0.000000    -0.000000     0.000000    -0.000000     0.000000    -0.000241    -0.002743     0.000586    -0.029710
   -0.000000    -0.000000     1.000000     0.000000     0.000000    -0.000000    -0.000000     0.000000    -0.000000     0.000000    -0.000000     0.000000     0.000000     0.000000     0.000000     0.000000
    0.000000     0.000000     0.000000    -0.000000    -0.097050    17.820000   -68.940000     9.810000    -0.000000     0.000000    -0.000000    -0.000000    -0.000000     0.000000    -0.000034     0.000000
    0.000331    -0.001425    -0.047760    -0.000000    -0.846200   -32.140000    16.070000    -0.000000     0.000000    -0.000000     0.000000    -0.000000    -0.000012    -0.000141     0.461400    -0.001528
   -0.000007     0.000029     0.000968    -0.000000     0.002140    -0.917400    -0.364700    -0.000000     0.000000    -0.000000     0.000000    -0.000000     0.000000     0.000003     0.009801     0.000031
   -0.000000    -0.000000     0.000000     0.000000     0.000000     1.000000     0.000000     0.000000    -0.000000     0.000000    -0.000000     0.000000     0.000000     0.000000     0.000000     0.000000
    1.000000     0.000000    -0.000000    17.170000    -0.000000     0.000000     0.000000     0.000000     0.000000    -0.000000     0.000000     0.000000    -0.000000    -0.000000    -0.000000    -0.000000
    0.000000    -0.000000     0.000000    -0.000000     1.000000    -0.000000    -0.000000   -17.170000    -0.000000     0.000000    -0.000000    73.870000     0.000000     0.000000     0.000000     0.000000
   -0.000000     1.000000    -0.000000   -73.870000     0.000000     0.000000     0.000000     0.000000     0.000000    -0.000000     0.000000     0.000000    -0.000000    -0.000000    -0.000000    -0.000000
   -0.000000    -0.000000     0.000000     0.000000     0.000000    -0.000000     1.000000     0.000000    -0.000000     0.000000    -0.000000     0.000000     0.000000     0.000000     0.000000     0.000000
