u  w  q  the  v  p  r  phi  x  y  z  psi  |  slat  flap  aileron  elevator
   -0.048990     0.474900   -28.460000    -9.810000     0.000000    -0.000000    -0.000000     0.000000     0.000000    -0.000000     0.000000     0.000000    -0.001006     0.032290     0.000000     0.014840
   -0.193600    -0.311500    26.990000    -0.000000    -0.000000     0.000000     0.000000    -0.000000     0.000000    -0.000000     0.000000     0.000000     0.001453    -0.045890     0.000000    -0.014680
    0.031070    -0.033600    -0.733600     0.000000     0.000172    -0.015350     0.005115     0.000000    -0.000000     0.000000    -0.000000     0.000000    -0.000036    -0.002351     0.000097    -0.009509
   -0.000000    -0.000000     1.000000     0.000000     0.000000    -0.000000    -0.000000     0.000000    -0.000000     0.000000    -0.000000     0.000000     0.000000     0.000000     0.000000     0.000000
   -0.000000     0.000000    -0.000000    -0.000000    -0.048500    28.930000   -29.410000     9.810000    -0.000000     0.000000    -0.000000    -0.000000    -0.000000    -0.000000    -0.000415     0.000000
    0.000509    -0.000551    -0.012030    -0.000000    -0.081660    -8.939000    10.680000    -0.000000     0.000000    -0.000000     0.000000    -0.000000    -0.000001    -0.000039     0.092580    -0.000156
    0.000462    -0.000500    -0.010910    -0.000000     0.017820    -0.619100    -0.253000    -0.000000     0.000000    -0.000000     0.000000    -0.000000    -0.000001    -0.000035     0.001745    -0.000141
   -0.000000    -0.000000     0.000000     0.000000     0.000000     1.000000     0.000000     0.000000    -0.000000     0.000000    -0.000000     0.000000     0.000000     0.000000     0.000000     0.000000
    1.000000     0.000000    -0.000000    28.380000    -0.000000     0.000000     0.000000     0.000000     0.000000    -0.000000     0.000000     0.000000    -0.000000    -0.000000    -0.000000    -0.000000
    0.000000    -0.000000     0.000000    -0.000000     1.000000    -0.000000    -0.000000   -28.380000    -0.000000     0.000000    -0.000000    30.700000     0.000000     0.000000     0.000000     0.000000
   -0.000000     1.000000    -0.000000   -30.700000     0.000000     0.000000     0.000000     0.000000     0.000000    -0.000000     0.000000     0.000000    -0.000000    -0.000000    -0.000000    -0.000000
   -0.000000    -0.000000     0.000000     0.000000     0.000000    -0.000000     1.000000     0.000000    -0.000000     0.000000    -0.000000     0.000000     0.000000     0.000000     0.000000     0.000000

   -0.009443     0.281300   -19.290000    -9.810000    -0.000000     0.000000     0.000000     0.000000     0.000000    -0.000000     0.000000     0.000000    -0.001089     0.037880    -0.000000     0.018250
   -0.123000    -0.550100    55.850000    -0.000000     0.000000    -0.000000    -0.000000    -0.000000     0.000000    -0.000000     0.000000     0.000000     0.004823    -0.167400     0.000000    -0.052210
    0.017860    -0.057710    -0.995000     0.000000     0.000378    -0.017780    -0.002237     0.000000    -0.000000     0.000000    -0.000000     0.000000    -0.000128    -0.009404     0.000303    -0.029930
   -0.000000    -0.000000     1.000000     0.000000     0.000000    -0.000000    -0.000000     0.000000    -0.000000     0.000000    -0.000000     0.000000     0.000000     0.000000     0.000000     0.000000
    0.000000    -0.000000     0.000000    -0.000000    -0.100400    19.420000   -58.720000     9.810000    -0.000000     0.000000    -0.000000    -0.000000    -0.000000    -0.000000    -0.001015    -0.000000
    0.000304    -0.000984    -0.016960    -0.000000    -0.189800   -16.740000     9.112000    -0.000000     0.000000    -0.000000     0.000000    -0.000000    -0.000002    -0.000160     0.354200    -0.000510
    0.000278    -0.000899    -0.015500    -0.000000     0.038100    -0.261600    -0.702200    -0.000000     0.000000    -0.000000     0.000000    -0.000000    -0.000002    -0.000147     0.000373    -0.000466
   -0.000000    -0.000000     0.000000     0.000000     0.000000     1.000000     0.000000     0.000000    -0.000000     0.000000    -0.000000     0.000000     0.000000     0.000000     0.000000     0.000000
    1.000000     0.000000    -0.000000    19.160000    -0.000000     0.000000     0.000000     0.000000     0.000000    -0.000000     0.000000     0.000000    -0.000000    -0.000000    -0.000000    -0.000000
    0.000000    -0.000000     0.000000    -0.000000     1.000000    -0.000000    -0.000000   -19.160000    -0.000000     0.000000    -0.000000    61.900000     0.000000     0.000000     0.000000     0.000000
   -0.000000     1.000000    -0.000000   -61.900000     0.000000     0.000000     0.000000     0.000000     0.000000    -0.000000     0.000000     0.000000    -0.000000    -0.000000    -0.000000    -0.000000
   -0.000000    -0.000000     0.000000     0.000000     0.000000    -0.000000     1.000000     0.000000    -0.000000     0.000000    -0.000000     0.000000     0.000000     0.000000     0.000000     0.000000

   -0.000756     0.121400   -12.030000    -9.810000    -0.000000    -0.000000     0.000000     0.000000     0.000000    -0.000000     0.000000     0.000000    -0.000867     0.031250    -0.000000     0.017140
   -0.069130    -0.804400   127.000000    -0.000000     0.000000     0.000000    -0.000000    -0.000000     0.000000    -0.000000     0.000000     0.000000     0.015020    -0.541300     0.000000    -0.166500
    0.008063    -0.091220    -1.413000     0.000000     0.000700    -0.023800    -0.011840     0.000000    -0.000000     0.000000    -0.000000     0.000000    -0.000464    -0.034240     0.001066    -0.098890
   -0.000000    -0.000000     1.000000     0.000000     0.000000    -0.000000    -0.000000     0.000000    -0.000000     0.000000    -0.000000     0.000000     0.000000     0.000000     0.000000     0.000000
   -0.000000    -0.000000    -0.000000    -0.000000    -0.151000    11.990000  -130.400000     9.810000    -0.000000     0.000000    -0.000000    -0.000000    -0.000000    -0.000000    -0.002766    -0.000000
    0.000149    -0.001684    -0.026070    -0.000000    -0.335700   -27.470000     8.661000    -0.000000     0.000000    -0.000000     0.000000    -0.000000    -0.000009    -0.000632     1.280000    -0.001825
    0.000139    -0.001570    -0.024310    -0.000000     0.063840     0.149700    -1.258000    -0.000000     0.000000    -0.000000     0.000000    -0.000000    -0.000008    -0.000589    -0.009662    -0.001702
   -0.000000    -0.000000     0.000000    -0.000000     0.000000     1.000000     0.000000     0.000000    -0.000000     0.000000    -0.000000     0.000000     0.000000     0.000000     0.000000     0.000000
    1.000000     0.000000    -0.000000    11.970000    -0.000000     0.000000     0.000000     0.000000     0.000000    -0.000000     0.000000     0.000000    -0.000000    -0.000000    -0.000000    -0.000000
    0.000000    -0.000000     0.000000    -0.000000     1.000000    -0.000000    -0.000000   -11.970000    -0.000000     0.000000    -0.000000   135.400000     0.000000     0.000000     0.000000     0.000000
   -0.000000     1.000000    -0.000000  -135.400000     0.000000     0.000000     0.000000     0.000000     0.000000    -0.000000     0.000000     0.000000    -0.000000    -0.000000    -0.000000    -0.000000
   -0.000000    -0.000000     0.000000     0.000000     0.000000    -0.000000     1.000000     0.000000    -0.000000     0.000000    -0.000000     0.000000     0.000000     0.000000     0.000000     0.000000

   -0.000650     0.120300   -11.090000    -9.810000    -0.000000     0.000000     0.000000     0.000000     0.000000    -0.000000     0.000000     0.000000    -0.000845     0.030500    -0.000000     0.016960
   -0.070040    -0.858000   126.500000    -0.000000     0.000000    -0.000000    -0.000000    -0.000000     0.000000    -0.000000     0.000000     0.000000     0.016010    -0.577900     0.000000    -0.177700
    0.007426    -0.091200    -1.407000     0.000000     0.000701    -0.023570    -0.012100     0.000000    -0.000000     0.000000    -0.000000     0.000000    -0.000464    -0.034310     0.001064    -0.098760
   -0.000000    -0.000000     1.000000     0.000000     0.000000    -0.000000    -0.000000     0.000000    -0.000000     0.000000    -0.000000     0.000000     0.000000     0.000000     0.000000     0.000000
   -0.000000    -0.000000    -0.000000    -0.000000    -0.161400    11.050000  -130.100000     9.810000    -0.000000     0.000000    -0.000000    -0.000000    -0.000000    -0.000000    -0.002933    -0.000000
    0.000137    -0.001683    -0.025970    -0.000000    -0.336400   -27.490000     8.463000    -0.000000     0.000000    -0.000000     0.000000    -0.000000    -0.000009    -0.000633     1.282000    -0.001823
    0.000128    -0.001570    -0.024220    -0.000000     0.063950     0.164900    -1.262000    -0.000000     0.000000    -0.000000     0.000000    -0.000000    -0.000008    -0.000591    -0.009890    -0.001700
   -0.000000    -0.000000     0.000000     0.000000     0.000000     1.000000     0.000000     0.000000    -0.000000     0.000000    -0.000000     0.000000     0.000000     0.000000     0.000000     0.000000
    1.000000     0.000000    -0.000000    11.030000    -0.000000     0.000000     0.000000     0.000000     0.000000    -0.000000     0.000000     0.000000    -0.000000    -0.000000    -0.000000    -0.000000
    0.000000    -0.000000     0.000000    -0.000000     1.000000    -0.000000    -0.000000   -11.030000    -0.000000     0.000000    -0.000000   135.500000     0.000000     0.000000     0.000000     0.000000
   -0.000000     1.000000    -0.000000  -135.500000     0.000000     0.000000     0.000000     0.000000     0.000000    -0.000000     0.000000     0.000000    -0.000000    -0.000000    -0.000000    -0.000000
   -0.000000    -0.000000     0.000000     0.000000     0.000000    -0.000000     1.000000    -0.000000    -0.000000     0.000000    -0.000000     0.000000     0.000000     0.000000     0.000000     0.000000

   -0.008593     0.280000   -17.960000    -9.810000    -0.000000    -0.000000     0.000000     0.000000     0.000000    -0.000000     0.000000     0.000000    -0.001084     0.037820    -0.000000     0.018300
   -0.123100    -0.589400    55.830000    -0.000000     0.000000    -0.000000    -0.000000    -0.000000     0.000000    -0.000000     0.000000     0.000000     0.005187    -0.180700     0.000000    -0.056310
    0.016570    -0.057920    -0.988200     0.000000     0.000382    -0.017440    -0.002723     0.000000    -0.000000     0.000000    -0.000000     0.000000    -0.000129    -0.009550     0.000304    -0.030090
   -0.000000    -0.000000     1.000000     0.000000     0.000000    -0.000000    -0.000000    -0.000000    -0.000000     0.000000    -0.000000     0.000000     0.000000     0.000000     0.000000     0.000000
    0.000000    -0.000000     0.000000    -0.000000    -0.108300    18.080000   -58.850000     9.810000    -0.000000     0.000000    -0.000000    -0.000000    -0.000000    -0.000000    -0.001074    -0.000000
    0.000282    -0.000987    -0.016850    -0.000000    -0.192300   -16.850000     8.754000    -0.000000     0.000000    -0.000000     0.000000    -0.000000    -0.000002    -0.000163     0.359100    -0.000513
    0.000258    -0.000902    -0.015400    -0.000000     0.038530    -0.230800    -0.715300    -0.000000     0.000000    -0.000000     0.000000    -0.000000    -0.000002    -0.000149     0.000162    -0.000469
   -0.000000    -0.000000     0.000000     0.000000     0.000000     1.000000     0.000000     0.000000    -0.000000     0.000000    -0.000000     0.000000     0.000000     0.000000     0.000000     0.000000
    1.000000     0.000000    -0.000000    17.820000    -0.000000     0.000000     0.000000     0.000000     0.000000    -0.000000     0.000000     0.000000    -0.000000    -0.000000    -0.000000    -0.000000
    0.000000    -0.000000     0.000000    -0.000000     1.000000    -0.000000    -0.000000   -17.820000    -0.000000     0.000000    -0.000000    62.290000     0.000000     0.000000     0.000000     0.000000
   -0.000000     1.000000    -0.000000   -62.290000     0.000000     0.000000     0.000000     0.000000     0.000000    -0.000000     0.000000     0.000000    -0.000000    -0.000000    -0.000000    -0.000000
   -0.000000    -0.000000     0.000000     0.000000     0.000000    -0.000000     1.000000     0.000000    -0.000000     0.000000    -0.000000     0.000000     0.000000     0.000000     0.000000     0.000000

   -0.042440     0.469100   -26.340000    -9.810000     0.000000    -0.000000    -0.000000     0.000000     0.000000    -0.000000     0.000000     0.000000    -0.001040     0.033890    -0.000000     0.015620
   -0.190800    -0.351500    28.420000    -0.000000    -0.000000     0.000000     0.000000    -0.000000     0.000000    -0.000000     0.000000     0.000000     0.001716    -0.055130     0.000000    -0.017570
    0.028290    -0.035120    -0.736400     0.000000     0.000188    -0.015020     0.004142     0.000000    -0.000000     0.000000    -0.000000     0.000000    -0.000040    -0.002680     0.000105    -0.010370
   -0.000000    -0.000000     1.000000    -0.000000     0.000000    -0.000000    -0.000000    -0.000000    -0.000000     0.000000    -0.000000    -0.000000     0.000000     0.000000     0.000000     0.000000
   -0.000000     0.000000    -0.000000    -0.000000    -0.056820    26.760000   -30.980000     9.810000    -0.000000     0.000000    -0.000000    -0.000000     0.000000    -0.000000    -0.000466     0.000000
    0.000464    -0.000576    -0.012080    -0.000000    -0.090660    -9.497000    10.130000    -0.000000     0.000000    -0.000000     0.000000    -0.000000    -0.000001    -0.000044     0.104500    -0.000170
    0.000421    -0.000522    -0.010950    -0.000000     0.019490    -0.561300    -0.293400    -0.000000     0.000000    -0.000000     0.000000    -0.000000    -0.000001    -0.000040     0.001641    -0.000154
   -0.000000    -0.000000     0.000000     0.000000     0.000000     1.000000     0.000000    -0.000000    -0.000000     0.000000    -0.000000    -0.000000     0.000000     0.000000     0.000000     0.000000
    1.000000     0.000000    -0.000000    26.230000    -0.000000     0.000000     0.000000     0.000000     0.000000    -0.000000     0.000000     0.000000    -0.000000    -0.000000    -0.000000    -0.000000
    0.000000    -0.000000     0.000000    -0.000000     1.000000    -0.000000    -0.000000   -26.230000    -0.000000     0.000000    -0.000000    32.560000     0.000000     0.000000     0.000000     0.000000
   -0.000000     1.000000    -0.000000   -32.560000     0.000000     0.000000     0.000000     0.000000     0.000000    -0.000000     0.000000     0.000000    -0.000000    -0.000000    -0.000000    -0.000000
   -0.000000    -0.000000     0.000000     0.000000     0.000000    -0.000000     1.000000    -0.000000    -0.000000     0.000000    -0.000000    -0.000000     0.000000     0.000000     0.000000     0.000000
