u  w  q  the  v  p  r  phi  x  y  z  psi  |  slat  flap  aileron  elevator
   -0.006182     0.422300   -25.350000    -9.810000     0.000000     0.000000    -0.000000     0.000000     0.000000    -0.000000     0.000000     0.000000    -0.000927     0.030420     0.000000     0.009345
   -0.222900    -0.344300    30.940000    -0.000000    -0.000000     0.000000     0.000000    -0.000000     0.000000    -0.000000     0.000000     0.000000     0.001735    -0.056460     0.000000    -0.017940
    0.012670    -0.017620    -0.561100     0.000000     0.000206    -0.020630     0.004511     0.000000    -0.000000     0.000000    -0.000000     0.000000    -0.000205     0.001304     0.000143    -0.011170
   -0.000000    -0.000000     1.000000     0.000000     0.000000    -0.000000    -0.000000     0.000000    -0.000000     0.000000    -0.000000     0.000000     0.000000     0.000000     0.000000     0.000000
   -0.000000     0.000000    -0.000000    -0.000000    -0.051390    24.880000   -32.510000     9.810000    -0.000000     0.000000    -0.000000    -0.000000    -0.000000    -0.000000    -0.000414     0.000000
    0.000201    -0.000279    -0.008894    -0.000000    -0.080090    -9.855000     9.480000    -0.000000     0.000000    -0.000000     0.000000    -0.000000    -0.000003     0.000021     0.113900    -0.000177
    0.000241    -0.000335    -0.010670    -0.000000     0.017240    -0.661200    -0.292400    -0.000000     0.000000    -0.000000     0.000000    -0.000000    -0.000004     0.000025     0.001892    -0.000212
   -0.000000    -0.000000     0.000000     0.000000     0.000000     1.000000     0.000000     0.000000    -0.000000     0.000000    -0.000000     0.000000     0.000000     0.000000     0.000000     0.000000
    1.000000     0.000000    -0.000000    24.410000    -0.000000     0.000000     0.000000     0.000000     0.000000    -0.000000     0.000000     0.000000    -0.000000    -0.000000    -0.000000    -0.000000
    0.000000    -0.000000     0.000000    -0.000000     1.000000    -0.000000    -0.000000   -24.410000    -0.000000     0.000000    -0.000000    33.940000     0.000000     0.000000     0.000000     0.000000
   -0.000000     1.000000    -0.000000   -33.940000     0.000000     0.000000     0.000000     0.000000     0.000000    -0.000000     0.000000     0.000000    -0.000000    -0.000000    -0.000000    -0.000000
   -0.000000    -0.000000     0.000000     0.000000     0.000000    -0.000000     1.000000     0.000000    -0.000000     0.000000    -0.000000     0.000000     0.000000     0.000000     0.000000     0.000000

    0.000154     0.250400   -16.930000    -9.810000    -0.000000     0.000000     0.000000     0.000000     0.000000    -0.000000     0.000000     0.000000    -0.000922     0.032150    -0.000000     0.009456
   -0.146400    -0.557100    57.990000    -0.000000     0.000000    -0.000000    -0.000000    -0.000000     0.000000    -0.000000     0.000000     0.000000     0.004918    -0.171900     0.000000    -0.053550
    0.006125    -0.023440    -0.809100     0.000000     0.000464    -0.022650    -0.004033     0.000000    -0.000000     0.000000    -0.000000     0.000000    -0.000621     0.003779     0.000382    -0.031760
   -0.000000    -0.000000     1.000000     0.000000     0.000000    -0.000000    -0.000000    -0.000000    -0.000000     0.000000    -0.000000     0.000000     0.000000     0.000000     0.000000     0.000000
    0.000000    -0.000000     0.000000    -0.000000    -0.098760    16.600000   -59.670000     9.810000    -0.000000     0.000000    -0.000000    -0.000000    -0.000000    -0.000000    -0.000946    -0.000000
    0.000100    -0.000382    -0.013190    -0.000000    -0.181300   -16.930000     7.973000    -0.000000     0.000000    -0.000000     0.000000    -0.000000    -0.000010     0.000062     0.363900    -0.000518
    0.000124    -0.000474    -0.016350    -0.000000     0.036950    -0.266200    -0.702900    -0.000000     0.000000    -0.000000     0.000000    -0.000000    -0.000013     0.000076    -0.000215    -0.000642
   -0.000000    -0.000000     0.000000     0.000000     0.000000     1.000000     0.000000     0.000000    -0.000000     0.000000    -0.000000     0.000000     0.000000     0.000000     0.000000     0.000000
    1.000000     0.000000    -0.000000    16.380000    -0.000000     0.000000     0.000000     0.000000     0.000000    -0.000000     0.000000     0.000000    -0.000000    -0.000000    -0.000000    -0.000000
    0.000000    -0.000000     0.000000    -0.000000     1.000000    -0.000000    -0.000000   -16.380000    -0.000000     0.000000    -0.000000    62.690000     0.000000     0.000000     0.000000     0.000000
   -0.000000     1.000000    -0.000000   -62.690000     0.000000     0.000000     0.000000     0.000000     0.000000    -0.000000     0.000000     0.000000    -0.000000    -0.000000    -0.000000    -0.000000
   -0.000000    -0.000000     0.000000     0.000000     0.000000    -0.000000     1.000000     0.000000    -0.000000     0.000000    -0.000000     0.000000     0.000000     0.000000     0.000000     0.000000

    0.000500     0.106500   -10.140000    -9.810000    -0.000000    -0.000000     0.000000     0.000000     0.000000    -0.000000     0.000000     0.000000    -0.000688     0.024760    -0.000000     0.007236
   -0.081210    -0.805400   128.900000    -0.000000     0.000000     0.000000    -0.000000    -0.000000     0.000000    -0.000000     0.000000     0.000000     0.015020    -0.542900     0.000000    -0.166900
    0.002482    -0.033920    -1.246000     0.000000     0.000968    -0.029370    -0.017390     0.000000    -0.000000     0.000000    -0.000000     0.000000    -0.002209     0.013210     0.001305    -0.108900
   -0.000000    -0.000000     1.000000     0.000000     0.000000    -0.000000    -0.000000     0.000000    -0.000000     0.000000    -0.000000     0.000000     0.000000     0.000000     0.000000     0.000000
   -0.000000    -0.000000     0.000000    -0.000000    -0.149600     9.924000  -130.900000     9.810000    -0.000000     0.000000    -0.000000    -0.000000    -0.000000    -0.000000    -0.002664    -0.000000
    0.000043    -0.000581    -0.021350    -0.000000    -0.329800   -27.510000     7.541000    -0.000000     0.000000    -0.000000     0.000000    -0.000000    -0.000038     0.000226     1.285000    -0.001866
    0.000057    -0.000782    -0.028750    -0.000000     0.066170     0.230100    -1.285000    -0.000000     0.000000    -0.000000     0.000000    -0.000000    -0.000051     0.000305    -0.013970    -0.002513
   -0.000000    -0.000000     0.000000     0.000000     0.000000     1.000000     0.000000     0.000000    -0.000000     0.000000    -0.000000     0.000000     0.000000     0.000000     0.000000     0.000000
    1.000000     0.000000    -0.000000     9.919000    -0.000000     0.000000     0.000000     0.000000     0.000000    -0.000000     0.000000     0.000000    -0.000000    -0.000000    -0.000000    -0.000000
    0.000000    -0.000000     0.000000    -0.000000     1.000000    -0.000000    -0.000000    -9.919000    -0.000000     0.000000    -0.000000   135.500000     0.000000     0.000000     0.000000     0.000000
   -0.000000     1.000000    -0.000000  -135.500000     0.000000     0.000000     0.000000     0.000000     0.000000    -0.000000     0.000000     0.000000    -0.000000    -0.000000    -0.000000    -0.000000
   -0.000000    -0.000000     0.000000     0.000000     0.000000    -0.000000     1.000000     0.000000    -0.000000     0.000000    -0.000000     0.000000     0.000000     0.000000     0.000000     0.000000

    0.000496     0.105400    -9.325000    -9.810000    -0.000000    -0.000000     0.000000     0.000000     0.000000    -0.000000     0.000000     0.000000    -0.000666     0.023990     0.000000     0.007029
   -0.082130    -0.858900   128.600000    -0.000000     0.000000    -0.000000    -0.000000    -0.000000     0.000000    -0.000000     0.000000     0.000000     0.016020    -0.579300     0.000000    -0.178100
    0.002270    -0.033790    -1.244000     0.000000     0.000971    -0.029030    -0.017680     0.000000    -0.000000     0.000000    -0.000000     0.000000    -0.002209     0.013200     0.001301    -0.108900
   -0.000000    -0.000000     1.000000    -0.000000     0.000000    -0.000000    -0.000000    -0.000000    -0.000000     0.000000    -0.000000    -0.000000     0.000000     0.000000     0.000000     0.000000
   -0.000000    -0.000000     0.000000    -0.000000    -0.159900     9.106000  -130.600000     9.810000    -0.000000     0.000000    -0.000000    -0.000000    -0.000000    -0.000000    -0.002831    -0.000000
    0.000039    -0.000579    -0.021310    -0.000000    -0.330900   -27.520000     7.369000    -0.000000     0.000000    -0.000000     0.000000    -0.000000    -0.000038     0.000226     1.286000    -0.001865
    0.000052    -0.000779    -0.028700    -0.000000     0.066370     0.247600    -1.289000    -0.000000     0.000000    -0.000000     0.000000    -0.000000    -0.000051     0.000304    -0.014230    -0.002511
   -0.000000    -0.000000     0.000000     0.000000     0.000000     1.000000     0.000000    -0.000000    -0.000000     0.000000    -0.000000    -0.000000     0.000000     0.000000     0.000000     0.000000
    1.000000     0.000000    -0.000000     9.111000    -0.000000     0.000000     0.000000     0.000000     0.000000    -0.000000     0.000000     0.000000    -0.000000    -0.000000    -0.000000    -0.000000
    0.000000    -0.000000     0.000000    -0.000000     1.000000    -0.000000    -0.000000    -9.111000    -0.000000     0.000000    -0.000000   135.600000     0.000000     0.000000     0.000000     0.000000
   -0.000000     1.000000    -0.000000  -135.600000     0.000000     0.000000     0.000000     0.000000     0.000000    -0.000000     0.000000     0.000000    -0.000000    -0.000000    -0.000000    -0.000000
   -0.000000    -0.000000     0.000000     0.000000     0.000000    -0.000000     1.000000    -0.000000    -0.000000     0.000000    -0.000000    -0.000000     0.000000     0.000000     0.000000     0.000000

    0.000289     0.249200   -15.760000    -9.810000    -0.000000     0.000000     0.000000     0.000000     0.000000    -0.000000     0.000000     0.000000    -0.000915     0.031980    -0.000000     0.009396
   -0.146500    -0.595900    57.950000    -0.000000     0.000000    -0.000000    -0.000000    -0.000000     0.000000    -0.000000     0.000000     0.000000     0.005273    -0.184900     0.000000    -0.057550
    0.005622    -0.023260    -0.806900     0.000000     0.000470    -0.022130    -0.004573     0.000000    -0.000000     0.000000    -0.000000     0.000000    -0.000625     0.003794     0.000381    -0.031900
   -0.000000    -0.000000     1.000000     0.000000     0.000000    -0.000000    -0.000000     0.000000    -0.000000     0.000000    -0.000000     0.000000     0.000000     0.000000     0.000000     0.000000
    0.000000    -0.000000     0.000000    -0.000000    -0.106500    15.430000   -59.710000     9.810000    -0.000000     0.000000    -0.000000    -0.000000    -0.000000    -0.000000    -0.001003    -0.000000
    0.000092    -0.000379    -0.013160    -0.000000    -0.184100   -17.010000     7.654000    -0.000000     0.000000    -0.000000     0.000000    -0.000000    -0.000010     0.000062     0.367600    -0.000520
    0.000114    -0.000470    -0.016300    -0.000000     0.037450    -0.231800    -0.714300    -0.000000     0.000000    -0.000000     0.000000    -0.000000    -0.000013     0.000077    -0.000452    -0.000644
   -0.000000    -0.000000     0.000000    -0.000000     0.000000     1.000000     0.000000     0.000000    -0.000000     0.000000    -0.000000     0.000000     0.000000     0.000000     0.000000     0.000000
    1.000000     0.000000    -0.000000    15.220000    -0.000000     0.000000     0.000000     0.000000     0.000000    -0.000000     0.000000     0.000000    -0.000000    -0.000000    -0.000000    -0.000000
    0.000000    -0.000000     0.000000    -0.000000     1.000000    -0.000000    -0.000000   -15.220000    -0.000000     0.000000    -0.000000    62.980000     0.000000     0.000000     0.000000     0.000000
   -0.000000     1.000000    -0.000000   -62.980000     0.000000     0.000000     0.000000     0.000000     0.000000    -0.000000     0.000000     0.000000    -0.000000    -0.000000    -0.000000    -0.000000
   -0.000000    -0.000000     0.000000     0.000000     0.000000    -0.000000     1.000000     0.000000    -0.000000     0.000000    -0.000000     0.000000     0.000000     0.000000     0.000000     0.000000

   -0.004936     0.417600   -23.490000    -9.810000     0.000000    -0.000000    -0.000000     0.000000     0.000000    -0.000000     0.000000     0.000000    -0.000941     0.031170    -0.000000     0.009516
   -0.221200    -0.379800    31.890000    -0.000000    -0.000000     0.000000     0.000000    -0.000000     0.000000    -0.000000     0.000000     0.000000     0.001968    -0.064780     0.000000    -0.020530
    0.011280    -0.017600    -0.565000     0.000000     0.000221    -0.019990     0.003503     0.000000    -0.000000     0.000000    -0.000000     0.000000    -0.000218     0.001377     0.000149    -0.011790
   -0.000000    -0.000000     1.000000     0.000000     0.000000    -0.000000    -0.000000     0.000000    -0.000000     0.000000    -0.000000     0.000000     0.000000     0.000000     0.000000     0.000000
   -0.000000     0.000000    -0.000000    -0.000000    -0.058750    23.020000   -33.530000     9.810000    -0.000000     0.000000    -0.000000    -0.000000    -0.000000    -0.000000    -0.000454     0.000000
    0.000179    -0.000279    -0.008956    -0.000000    -0.087470   -10.240000     8.975000    -0.000000     0.000000    -0.000000     0.000000    -0.000000    -0.000003     0.000022     0.122800    -0.000187
    0.000214    -0.000335    -0.010740    -0.000000     0.018620    -0.599300    -0.323300    -0.000000     0.000000    -0.000000     0.000000    -0.000000    -0.000004     0.000026     0.001718    -0.000224
   -0.000000    -0.000000     0.000000     0.000000     0.000000     1.000000     0.000000     0.000000    -0.000000     0.000000    -0.000000     0.000000     0.000000     0.000000     0.000000     0.000000
    1.000000     0.000000    -0.000000    22.560000    -0.000000     0.000000     0.000000     0.000000     0.000000    -0.000000     0.000000     0.000000    -0.000000    -0.000000    -0.000000    -0.000000
    0.000000    -0.000000     0.000000    -0.000000     1.000000    -0.000000    -0.000000   -22.560000    -0.000000     0.000000    -0.000000    35.200000     0.000000     0.000000     0.000000     0.000000
   -0.000000     1.000000    -0.000000   -35.200000     0.000000     0.000000     0.000000     0.000000     0.000000    -0.000000     0.000000     0.000000    -0.000000    -0.000000    -0.000000    -0.000000
   -0.000000    -0.000000     0.000000     0.000000     0.000000    -0.000000     1.000000     0.000000    -0.000000     0.000000    -0.000000     0.000000     0.000000     0.000000     0.000000     0.000000
