u  w  q  the  v  p  r  phi  x  y  z  psi  |  slat  flap  aileron  elevator
   -0.017340     0.440000   -26.460000    -9.810000     0.000000    -0.000000    -0.000000     0.000000     0.000000    -0.000000     0.000000     0.000000    -0.000960     0.031290     0.000000     0.011520
   -0.211600    -0.333900    29.640000    -0.000000    -0.000000     0.000000     0.000000    -0.000000     0.000000    -0.000000     0.000000     0.000000     0.001644    -0.053000     0.000000    -0.016880
    0.019120    -0.024430    -0.610800     0.000000     0.000041    -0.042800     0.027760     0.000000    -0.000000     0.000000    -0.000000     0.000000    -0.000132    -0.000347     0.000385    -0.010570
   -0.000000    -0.000000     1.000000     0.000000     0.000000    -0.000000    -0.000000    -0.000000    -0.000000     0.000000    -0.000000     0.000000     0.000000     0.000000     0.000000     0.000000
   -0.000000     0.000000    -0.000000    -0.000000    -0.050710    26.270000   -31.530000     9.810000    -0.000000     0.000000    -0.000000    -0.000000    -0.000000    -0.000000    -0.000418     0.000000
    0.001233    -0.001576    -0.039390    -0.000000    -0.076130    -8.958000     9.264000    -0.000000     0.000000    -0.000000     0.000000    -0.000000    -0.000009    -0.000022     0.100100    -0.000682
    0.000377    -0.000482    -0.012050    -0.000000     0.017400    -0.639700    -0.269200    -0.000000     0.000000    -0.000000     0.000000    -0.000000    -0.000003    -0.000007     0.001879    -0.000208
   -0.000000    -0.000000     0.000000     0.000000     0.000000     1.000000     0.000000     0.000000    -0.000000     0.000000    -0.000000     0.000000     0.000000     0.000000     0.000000     0.000000
    1.000000     0.000000    -0.000000    25.770000    -0.000000     0.000000     0.000000     0.000000     0.000000    -0.000000     0.000000     0.000000    -0.000000    -0.000000    -0.000000    -0.000000
    0.000000    -0.000000     0.000000    -0.000000     1.000000    -0.000000    -0.000000   -25.770000    -0.000000     0.000000    -0.000000    32.920000     0.000000     0.000000     0.000000     0.000000
   -0.000000     1.000000    -0.000000   -32.920000     0.000000     0.000000     0.000000     0.000000     0.000000    -0.000000     0.000000     0.000000    -0.000000    -0.000000    -0.000000    -0.000000
   -0.000000    -0.000000     0.000000     0.000000     0.000000    -0.000000     1.000000     0.000000    -0.000000     0.000000    -0.000000     0.000000     0.000000     0.000000     0.000000     0.000000

   -0.002296     0.261200   -17.780000    -9.810000    -0.000000     0.000000     0.000000     0.000000     0.000000    -0.000000     0.000000     0.000000    -0.000981     0.034190    -0.000000     0.012600
   -0.138000    -0.554700    57.250000    -0.000000     0.000000    -0.000000    -0.000000    -0.000000     0.000000    -0.000000     0.000000     0.000000     0.004887    -0.170400     0.000000    -0.053110
    0.010300    -0.037070    -0.851200     0.000000     0.000052    -0.064120     0.016320     0.000000    -0.000000     0.000000    -0.000000     0.000000    -0.000418    -0.001603     0.001266    -0.030830
   -0.000000    -0.000000     1.000000     0.000000     0.000000    -0.000000    -0.000000     0.000000    -0.000000     0.000000    -0.000000     0.000000     0.000000     0.000000     0.000000     0.000000
    0.000000    -0.000000     0.000000    -0.000000    -0.099380    17.590000   -59.350000     9.810000    -0.000000     0.000000    -0.000000    -0.000000    -0.000000    -0.000000    -0.000971    -0.000000
    0.000699    -0.002514    -0.057730    -0.000000    -0.171800   -15.720000     7.799000    -0.000000     0.000000    -0.000000     0.000000    -0.000000    -0.000028    -0.000109     0.336200    -0.002091
    0.000214    -0.000769    -0.017660    -0.000000     0.036790    -0.271900    -0.683200    -0.000000     0.000000    -0.000000     0.000000    -0.000000    -0.000009    -0.000033     0.000265    -0.000640
   -0.000000    -0.000000     0.000000     0.000000     0.000000     1.000000     0.000000     0.000000    -0.000000     0.000000    -0.000000     0.000000     0.000000     0.000000     0.000000     0.000000
    1.000000     0.000000    -0.000000    17.350000    -0.000000     0.000000     0.000000     0.000000     0.000000    -0.000000     0.000000     0.000000    -0.000000    -0.000000    -0.000000    -0.000000
    0.000000    -0.000000     0.000000    -0.000000     1.000000    -0.000000    -0.000000   -17.350000    -0.000000     0.000000    -0.000000    62.430000     0.000000     0.000000     0.000000     0.000000
   -0.000000     1.000000    -0.000000   -62.430000     0.000000     0.000000     0.000000     0.000000     0.000000    -0.000000     0.000000     0.000000    -0.000000    -0.000000    -0.000000    -0.000000
   -0.000000    -0.000000     0.000000     0.000000     0.000000    -0.000000     1.000000     0.000000    -0.000000     0.000000    -0.000000     0.000000     0.000000     0.000000     0.000000     0.000000

    0.000223     0.111700   -10.810000    -9.810000    -0.000000     0.000000     0.000000     0.000000     0.000000    -0.000000     0.000000     0.000000    -0.000751     0.027040     0.000000     0.010720
   -0.076960    -0.805000   128.300000    -0.000000     0.000000    -0.000000    -0.000000    -0.000000     0.000000    -0.000000     0.000000     0.000000     0.015020    -0.542400     0.000000    -0.166800
    0.004471    -0.056950    -1.263000     0.000000     0.000071    -0.106300     0.004596     0.000000    -0.000000     0.000000    -0.000000     0.000000    -0.001478    -0.006265     0.004897    -0.103900
   -0.000000    -0.000000     1.000000     0.000000     0.000000    -0.000000    -0.000000     0.000000    -0.000000     0.000000    -0.000000     0.000000     0.000000     0.000000     0.000000     0.000000
   -0.000000    -0.000000     0.000000    -0.000000    -0.150100    10.650000  -130.700000     9.810000    -0.000000     0.000000    -0.000000    -0.000000    -0.000000    -0.000000    -0.002700    -0.000000
    0.000338    -0.004301    -0.095380    -0.000000    -0.306000   -25.380000     7.312000    -0.000000     0.000000    -0.000000     0.000000    -0.000000    -0.000112    -0.000473     1.184000    -0.007843
    0.000103    -0.001318    -0.029220    -0.000000     0.063840     0.165200    -1.238000    -0.000000     0.000000    -0.000000     0.000000    -0.000000    -0.000034    -0.000145    -0.010670    -0.002403
   -0.000000    -0.000000     0.000000     0.000000     0.000000     1.000000     0.000000     0.000000    -0.000000     0.000000    -0.000000     0.000000     0.000000     0.000000     0.000000     0.000000
    1.000000     0.000000    -0.000000    10.640000    -0.000000     0.000000     0.000000     0.000000     0.000000    -0.000000     0.000000     0.000000    -0.000000    -0.000000    -0.000000    -0.000000
    0.000000    -0.000000     0.000000    -0.000000     1.000000    -0.000000    -0.000000   -10.640000    -0.000000     0.000000    -0.000000   135.500000     0.000000     0.000000     0.000000     0.000000
   -0.000000     1.000000    -0.000000  -135.500000     0.000000     0.000000     0.000000     0.000000     0.000000    -0.000000     0.000000     0.000000    -0.000000    -0.000000    -0.000000    -0.000000
   -0.000000    -0.000000     0.000000     0.000000     0.000000    -0.000000     1.000000     0.000000    -0.000000     0.000000    -0.000000     0.000000     0.000000     0.000000     0.000000     0.000000

    0.000248     0.110600    -9.954000    -9.810000    -0.000000     0.000000     0.000000     0.000000     0.000000    -0.000000     0.000000     0.000000    -0.000729     0.026280    -0.000000     0.010520
   -0.077880    -0.858600   127.800000    -0.000000     0.000000     0.000000    -0.000000    -0.000000     0.000000    -0.000000     0.000000     0.000000     0.016020    -0.578800     0.000000    -0.178000
    0.004105    -0.056870    -1.260000     0.000000     0.000070    -0.106000     0.003780     0.000000    -0.000000     0.000000    -0.000000     0.000000    -0.001478    -0.006294     0.004898    -0.103800
   -0.000000    -0.000000     1.000000    -0.000000     0.000000    -0.000000    -0.000000    -0.000000    -0.000000     0.000000    -0.000000    -0.000000     0.000000     0.000000     0.000000     0.000000
   -0.000000    -0.000000     0.000000    -0.000000    -0.160500     9.786000  -130.400000     9.810000    -0.000000     0.000000    -0.000000    -0.000000    -0.000000    -0.000000    -0.002867    -0.000000
    0.000310    -0.004294    -0.095130    -0.000000    -0.306900   -25.390000     7.145000    -0.000000     0.000000    -0.000000     0.000000    -0.000000    -0.000112    -0.000475     1.186000    -0.007836
    0.000095    -0.001316    -0.029150    -0.000000     0.064000     0.181600    -1.242000    -0.000000     0.000000    -0.000000     0.000000    -0.000000    -0.000034    -0.000146    -0.010910    -0.002401
   -0.000000    -0.000000     0.000000     0.000000     0.000000     1.000000     0.000000    -0.000000    -0.000000     0.000000    -0.000000    -0.000000     0.000000     0.000000     0.000000     0.000000
    1.000000     0.000000    -0.000000     9.784000    -0.000000     0.000000     0.000000     0.000000     0.000000    -0.000000     0.000000     0.000000    -0.000000    -0.000000    -0.000000    -0.000000
    0.000000    -0.000000     0.000000    -0.000000     1.000000    -0.000000    -0.000000    -9.784000    -0.000000     0.000000    -0.000000   135.600000     0.000000     0.000000     0.000000     0.000000
   -0.000000     1.000000    -0.000000  -135.600000     0.000000     0.000000     0.000000     0.000000     0.000000    -0.000000     0.000000     0.000000    -0.000000    -0.000000    -0.000000    -0.000000
   -0.000000    -0.000000     0.000000     0.000000     0.000000    -0.000000     1.000000    -0.000000    -0.000000     0.000000    -0.000000    -0.000000     0.000000     0.000000     0.000000     0.000000

   -0.001969     0.260000   -16.550000    -9.810000    -0.000000    -0.000000     0.000000     0.000000     0.000000    -0.000000     0.000000     0.000000    -0.000975     0.034060    -0.000000     0.012570
   -0.138100    -0.593700    57.220000    -0.000000     0.000000    -0.000000    -0.000000    -0.000000     0.000000    -0.000000     0.000000     0.000000     0.005245    -0.183500     0.000000    -0.057140
    0.009519    -0.037030    -0.847300     0.000000     0.000052    -0.063840     0.014930     0.000000    -0.000000     0.000000    -0.000000     0.000000    -0.000421    -0.001641     0.001276    -0.030970
   -0.000000    -0.000000     1.000000     0.000000     0.000000    -0.000000    -0.000000     0.000000    -0.000000     0.000000    -0.000000     0.000000     0.000000     0.000000     0.000000     0.000000
    0.000000    -0.000000     0.000000    -0.000000    -0.107200    16.360000   -59.420000     9.810000    -0.000000     0.000000    -0.000000    -0.000000    -0.000000    -0.000000    -0.001029    -0.000000
    0.000646    -0.002511    -0.057460    -0.000000    -0.174300   -15.810000     7.489000    -0.000000     0.000000    -0.000000     0.000000    -0.000000    -0.000029    -0.000111     0.340000    -0.002100
    0.000198    -0.000768    -0.017580    -0.000000     0.037250    -0.239500    -0.695200    -0.000000     0.000000    -0.000000     0.000000    -0.000000    -0.000009    -0.000034     0.000044    -0.000643
   -0.000000    -0.000000     0.000000     0.000000     0.000000     1.000000     0.000000     0.000000    -0.000000     0.000000    -0.000000     0.000000     0.000000     0.000000     0.000000     0.000000
    1.000000     0.000000    -0.000000    16.130000    -0.000000     0.000000     0.000000     0.000000     0.000000    -0.000000     0.000000     0.000000    -0.000000    -0.000000    -0.000000    -0.000000
    0.000000    -0.000000     0.000000    -0.000000     1.000000    -0.000000    -0.000000   -16.130000    -0.000000     0.000000    -0.000000    62.750000     0.000000     0.000000     0.000000     0.000000
   -0.000000     1.000000    -0.000000   -62.750000     0.000000     0.000000     0.000000     0.000000     0.000000    -0.000000     0.000000     0.000000    -0.000000    -0.000000    -0.000000    -0.000000
   -0.000000    -0.000000     0.000000     0.000000     0.000000    -0.000000     1.000000     0.000000    -0.000000     0.000000    -0.000000     0.000000     0.000000     0.000000     0.000000     0.000000

   -0.014760     0.435000   -24.510000    -9.810000     0.000000     0.000000    -0.000000     0.000000     0.000000    -0.000000     0.000000     0.000000    -0.000979     0.032280     0.000000     0.011860
   -0.209700    -0.370800    30.730000    -0.000000    -0.000000    -0.000000     0.000000    -0.000000     0.000000    -0.000000     0.000000     0.000000     0.001886    -0.061610     0.000000    -0.019560
    0.017260    -0.024900    -0.613200     0.000000     0.000041    -0.043190     0.025460     0.000000    -0.000000     0.000000    -0.000000     0.000000    -0.000142    -0.000406     0.000415    -0.011260
   -0.000000    -0.000000     1.000000     0.000000     0.000000    -0.000000    -0.000000    -0.000000    -0.000000     0.000000    -0.000000     0.000000     0.000000     0.000000     0.000000     0.000000
   -0.000000     0.000000    -0.000000    -0.000000    -0.058350    24.310000   -32.710000     9.810000    -0.000000     0.000000    -0.000000    -0.000000    -0.000000    -0.000000    -0.000461     0.000000
    0.001113    -0.001606    -0.039550    -0.000000    -0.083410    -9.365000     8.776000    -0.000000     0.000000    -0.000000     0.000000    -0.000000    -0.000009    -0.000026     0.109300    -0.000726
    0.000340    -0.000491    -0.012100    -0.000000     0.018820    -0.580700    -0.302700    -0.000000     0.000000    -0.000000     0.000000    -0.000000    -0.000003    -0.000008     0.001736    -0.000222
   -0.000000    -0.000000     0.000000     0.000000     0.000000     1.000000     0.000000     0.000000    -0.000000     0.000000    -0.000000     0.000000     0.000000     0.000000     0.000000     0.000000
    1.000000     0.000000    -0.000000    23.820000    -0.000000     0.000000     0.000000     0.000000     0.000000    -0.000000     0.000000     0.000000    -0.000000    -0.000000    -0.000000    -0.000000
    0.000000    -0.000000     0.000000    -0.000000     1.000000    -0.000000    -0.000000   -23.820000    -0.000000     0.000000    -0.000000    34.360000     0.000000     0.000000     0.000000     0.000000
   -0.000000     1.000000    -0.000000   -34.360000     0.000000     0.000000     0.000000     0.000000     0.000000    -0.000000     0.000000     0.000000    -0.000000    -0.000000    -0.000000    -0.000000
   -0.000000    -0.000000     0.000000     0.000000     0.000000    -0.000000     1.000000    -0.000000    -0.000000     0.000000    -0.000000     0.000000     0.000000     0.000000     0.000000     0.000000
