u  w  q  the  v  p  r  phi  x  y  z  psi  |  slat  flap  aileron  elevator
   -0.001274     0.220000   -18.770000    -9.810000     0.000000     0.000000     0.000000     0.000000     0.000000    -0.000000     0.000000     0.000000    -0.000809     0.033480    -0.000000     0.012360
   -0.115600    -0.532100    66.460000    -0.000000    -0.000000     0.000000     0.000000    -0.000000     0.000000    -0.000000     0.000000     0.000000     0.004389    -0.178700    -0.000000    -0.075150
    0.006922    -0.027900    -0.925700     0.000000    -0.000784    -0.027100     0.015760     0.000000    -0.000000     0.000000    -0.000000     0.000000    -0.000237    -0.002773     0.000395    -0.029490
   -0.000000    -0.000000     1.000000     0.000000     0.000000    -0.000000    -0.000000     0.000000    -0.000000     0.000000    -0.000000     0.000000     0.000000     0.000000     0.000000     0.000000
    0.000000     0.000000     0.000000    -0.000000    -0.091370    18.950000   -68.920000     9.810000    -0.000000     0.000000    -0.000000    -0.000000    -0.000000     0.000000    -0.000224     0.000000
    0.000244    -0.000985    -0.032670    -0.000000    -0.883300   -32.830000    17.000000    -0.000000     0.000000    -0.000000     0.000000    -0.000000    -0.000008    -0.000098     0.469100    -0.001041
   -0.000012     0.000050     0.001649    -0.000000     0.001216    -0.952900    -0.349300    -0.000000     0.000000    -0.000000     0.000000    -0.000000     0.000000     0.000005     0.010030     0.000053
   -0.000000    -0.000000     0.000000     0.000000     0.000000     1.000000     0.000000     0.000000    -0.000000     0.000000    -0.000000     0.000000     0.000000     0.000000     0.000000     0.000000
    1.000000     0.000000    -0.000000    18.260000    -0.000000     0.000000     0.000000     0.000000     0.000000    -0.000000     0.000000     0.000000    -0.000000    -0.000000    -0.000000    -0.000000
    0.000000    -0.000000     0.000000    -0.000000     1.000000    -0.000000    -0.000000   -18.260000    -0.000000     0.000000    -0.000000    73.610000     0.000000     0.000000     0.000000     0.000000
   -0.000000     1.000000    -0.000000   -73.610000     0.000000     0.000000     0.000000     0.000000     0.000000    -0.000000     0.000000     0.000000    -0.000000    -0.000000    -0.000000    -0.000000
   -0.000000    -0.000000     0.000000     0.000000     0.000000    -0.000000     1.000000    -0.000000    -0.000000     0.000000    -0.000000     0.000000     0.000000     0.000000     0.000000     0.000000

   -0.000009     0.134900   -14.330000    -9.810000    -0.000000    -0.000000    -0.000000     0.000000     0.000000    -0.000000     0.000000     0.000000    -0.000653     0.029590     0.000000     0.010580
   -0.083820    -0.654800   106.000000    -0.000000     0.000000     0.000000     0.000000    -0.000000     0.000000    -0.000000     0.000000     0.000000     0.008300    -0.354300     0.000000    -0.139500
    0.004305    -0.035030    -1.233000     0.000000    -0.001158    -0.049170     0.020700     0.000000    -0.000000     0.000000    -0.000000     0.000000    -0.000565    -0.006351     0.001116    -0.061870
   -0.000000    -0.000000     1.000000     0.000000     0.000000    -0.000000    -0.000000     0.000000    -0.000000     0.000000    -0.000000     0.000000     0.000000     0.000000     0.000000     0.000000
    0.000000     0.000000    -0.000000    -0.000000    -0.109200    14.220000  -109.300000     9.810000    -0.000000     0.000000    -0.000000    -0.000000     0.000000    -0.000000     0.002633    -0.000000
    0.000195    -0.001584    -0.055760    -0.000000    -1.123000   -50.660000    19.180000    -0.000000     0.000000    -0.000000     0.000000    -0.000000    -0.000026    -0.000287     1.141000    -0.002797
   -0.000009     0.000069     0.002444    -0.000000     0.007090    -0.990600    -0.510700    -0.000000     0.000000    -0.000000     0.000000    -0.000000     0.000001     0.000013     0.018720     0.000123
   -0.000000    -0.000000     0.000000    -0.000000     0.000000     1.000000     0.000000     0.000000    -0.000000     0.000000    -0.000000     0.000000     0.000000     0.000000     0.000000     0.000000
    1.000000     0.000000    -0.000000    14.050000    -0.000000     0.000000     0.000000     0.000000     0.000000    -0.000000     0.000000     0.000000    -0.000000    -0.000000    -0.000000    -0.000000
    0.000000    -0.000000     0.000000    -0.000000     1.000000    -0.000000    -0.000000   -14.050000    -0.000000     0.000000    -0.000000   114.400000     0.000000     0.000000     0.000000     0.000000
   -0.000000     1.000000    -0.000000  -114.400000     0.000000     0.000000     0.000000     0.000000     0.000000    -0.000000     0.000000     0.000000    -0.000000    -0.000000    -0.000000    -0.000000
   -0.000000    -0.000000     0.000000    -0.000000     0.000000    -0.000000     1.000000    -0.000000    -0.000000     0.000000    -0.000000     0.000000     0.000000     0.000000     0.000000     0.000000

    0.000001     0.060480   -14.620000    -9.810000     0.000000     0.000000     0.000000     0.000000     0.000000    -0.000000     0.000000     0.000000    -0.000381     0.021820    -0.000000     0.008149
   -0.048150    -0.569200   223.000000    -0.000000    -0.000000     0.000000    -0.000000    -0.000000     0.000000    -0.000000     0.000000     0.000000     0.014190    -0.647600     0.000000    -0.234900
    0.002267    -0.035870    -1.302000     0.000000    -0.001974    -0.096600     0.032110     0.000000    -0.000000     0.000000    -0.000000     0.000000    -0.001444    -0.016710     0.004438    -0.134100
   -0.000000    -0.000000     1.000000     0.000000     0.000000    -0.000000    -0.000000     0.000000    -0.000000     0.000000    -0.000000     0.000000     0.000000     0.000000     0.000000     0.000000
   -0.000000    -0.000000     0.000000    -0.000000    -0.086040    14.410000  -225.900000     9.810000    -0.000000     0.000000    -0.000000    -0.000000     0.000000    -0.000000     0.006979     0.000000
    0.000183    -0.002899    -0.105300    -0.000000    -1.468000   -74.890000    23.020000    -0.000000     0.000000    -0.000000     0.000000    -0.000000    -0.000117    -0.001350     3.431000    -0.010840
   -0.000005     0.000086     0.003120    -0.000000     0.008584    -0.908600    -0.504300    -0.000000     0.000000    -0.000000     0.000000    -0.000000     0.000003     0.000040     0.037560     0.000321
   -0.000000    -0.000000     0.000000     0.000000     0.000000     1.000000     0.000000     0.000000    -0.000000     0.000000    -0.000000     0.000000     0.000000     0.000000     0.000000     0.000000
    1.000000     0.000000    -0.000000    14.520000    -0.000000     0.000000     0.000000     0.000000     0.000000    -0.000000     0.000000     0.000000    -0.000000    -0.000000    -0.000000    -0.000000
    0.000000    -0.000000     0.000000    -0.000000     1.000000    -0.000000    -0.000000   -14.520000    -0.000000     0.000000    -0.000000   229.700000     0.000000     0.000000     0.000000     0.000000
   -0.000000     1.000000    -0.000000  -229.700000     0.000000     0.000000     0.000000     0.000000     0.000000    -0.000000     0.000000     0.000000    -0.000000    -0.000000    -0.000000    -0.000000
   -0.000000    -0.000000     0.000000     0.000000     0.000000    -0.000000     1.000000     0.000000    -0.000000     0.000000    -0.000000     0.000000     0.000000     0.000000     0.000000     0.000000

   -0.000008     0.059860   -13.600000    -9.810000     0.000000     0.000000     0.000000     0.000000     0.000000    -0.000000     0.000000     0.000000    -0.000361     0.021050    -0.000000     0.007921
   -0.048760    -0.600800   222.700000    -0.000000    -0.000000     0.000000    -0.000000    -0.000000     0.000000    -0.000000     0.000000     0.000000     0.014970    -0.684100     0.000000    -0.247900
    0.002099    -0.035740    -1.301000     0.000000    -0.001957    -0.096680     0.031570     0.000000    -0.000000     0.000000    -0.000000     0.000000    -0.001445    -0.016680     0.004442    -0.134000
   -0.000000    -0.000000     1.000000     0.000000     0.000000    -0.000000    -0.000000     0.000000    -0.000000     0.000000    -0.000000     0.000000     0.000000     0.000000     0.000000     0.000000
   -0.000000    -0.000000     0.000000    -0.000000    -0.090940    13.370000  -225.800000     9.810000    -0.000000     0.000000    -0.000000    -0.000000     0.000000    -0.000000     0.007533     0.000000
    0.000170    -0.002889    -0.105200    -0.000000    -1.454000   -74.920000    22.610000    -0.000000     0.000000    -0.000000     0.000000    -0.000000    -0.000117    -0.001349     3.434000    -0.010830
   -0.000005     0.000086     0.003118    -0.000000     0.008828    -0.896900    -0.507400    -0.000000     0.000000    -0.000000     0.000000    -0.000000     0.000003     0.000040     0.037420     0.000321
   -0.000000    -0.000000     0.000000     0.000000     0.000000     1.000000     0.000000     0.000000    -0.000000     0.000000    -0.000000     0.000000     0.000000     0.000000     0.000000     0.000000
    1.000000     0.000000    -0.000000    13.490000    -0.000000     0.000000     0.000000     0.000000     0.000000    -0.000000     0.000000     0.000000    -0.000000    -0.000000    -0.000000    -0.000000
    0.000000    -0.000000     0.000000    -0.000000     1.000000    -0.000000    -0.000000   -13.490000    -0.000000     0.000000    -0.000000   229.800000     0.000000     0.000000     0.000000     0.000000
   -0.000000     1.000000    -0.000000  -229.800000     0.000000     0.000000     0.000000     0.000000     0.000000    -0.000000     0.000000     0.000000    -0.000000    -0.000000    -0.000000    -0.000000
   -0.000000    -0.000000     0.000000     0.000000     0.000000    -0.000000     1.000000     0.000000    -0.000000     0.000000    -0.000000     0.000000     0.000000     0.000000     0.000000     0.000000

    0.000022     0.134200   -13.450000    -9.810000    -0.000000    -0.000000    -0.000000     0.000000     0.000000    -0.000000     0.000000     0.000000    -0.000641     0.029180     0.000000     0.010430
   -0.084390    -0.690600   105.700000    -0.000000     0.000000    -0.000000     0.000000    -0.000000     0.000000    -0.000000     0.000000     0.000000     0.008755    -0.374300     0.000000    -0.147200
    0.004011    -0.034850    -1.232000     0.000000    -0.001145    -0.049260     0.020260     0.000000    -0.000000     0.000000    -0.000000     0.000000    -0.000566    -0.006340     0.001119    -0.061870
   -0.000000    -0.000000     1.000000     0.000000     0.000000    -0.000000    -0.000000     0.000000    -0.000000     0.000000    -0.000000     0.000000     0.000000     0.000000     0.000000     0.000000
    0.000000     0.000000    -0.000000    -0.000000    -0.115400    13.310000  -109.100000     9.810000    -0.000000     0.000000    -0.000000    -0.000000     0.000000    -0.000000     0.002967    -0.000000
    0.000181    -0.001576    -0.055710    -0.000000    -1.109000   -50.710000    18.740000    -0.000000     0.000000    -0.000000     0.000000    -0.000000    -0.000026    -0.000287     1.144000    -0.002798
   -0.000008     0.000069     0.002442    -0.000000     0.007495    -0.971500    -0.515700    -0.000000     0.000000    -0.000000     0.000000    -0.000000     0.000001     0.000013     0.018610     0.000123
   -0.000000    -0.000000     0.000000    -0.000000     0.000000     1.000000     0.000000     0.000000    -0.000000     0.000000    -0.000000     0.000000     0.000000     0.000000     0.000000     0.000000
    1.000000     0.000000    -0.000000    13.170000    -0.000000     0.000000     0.000000     0.000000     0.000000    -0.000000     0.000000     0.000000    -0.000000    -0.000000    -0.000000    -0.000000
    0.000000    -0.000000     0.000000    -0.000000     1.000000    -0.000000    -0.000000   -13.170000    -0.000000     0.000000    -0.000000   114.500000     0.000000     0.000000     0.000000     0.000000
   -0.000000     1.000000    -0.000000  -114.500000     0.000000     0.000000     0.000000     0.000000     0.000000    -0.000000     0.000000     0.000000    -0.000000    -0.000000    -0.000000    -0.000000
   -0.000000    -0.000000     0.000000     0.000000     0.000000    -0.000000     1.000000     0.000000    -0.000000     0.000000    -0.000000     0.000000     0.000000     0.000000     0.000000     0.000000

   -0.001090     0.219000   -17.680000    -9.810000     0.000000    -0.000000     0.000000     0.000000     0.000000    -0.000000     0.000000     0.000000    -0.000803     0.033350    -0.000000     0.012280
   -0.115900    -0.561900    66.310000    -0.000000    -0.000000     0.000000     0.000000    -0.000000     0.000000    -0.000000     0.000000     0.000000     0.004647    -0.189700    -0.000000    -0.079540
    0.006442    -0.027700    -0.925600     0.000000    -0.000772    -0.027260     0.015330     0.000000    -0.000000     0.000000    -0.000000     0.000000    -0.000239    -0.002772     0.000398    -0.029590
   -0.000000    -0.000000     1.000000     0.000000     0.000000    -0.000000    -0.000000     0.000000    -0.000000     0.000000    -0.000000     0.000000     0.000000     0.000000     0.000000     0.000000
    0.000000     0.000000     0.000000    -0.000000    -0.097040    17.830000   -68.940000     9.810000    -0.000000     0.000000    -0.000000    -0.000000    -0.000000     0.000000    -0.000036     0.000000
    0.000227    -0.000978    -0.032660    -0.000000    -0.867700   -32.950000    16.490000    -0.000000     0.000000    -0.000000     0.000000    -0.000000    -0.000008    -0.000098     0.473100    -0.001044
   -0.000011     0.000049     0.001649    -0.000000     0.001795    -0.927000    -0.356900    -0.000000     0.000000    -0.000000     0.000000    -0.000000     0.000000     0.000005     0.009951     0.000053
   -0.000000    -0.000000     0.000000    -0.000000     0.000000     1.000000     0.000000     0.000000    -0.000000     0.000000    -0.000000     0.000000     0.000000     0.000000     0.000000     0.000000
    1.000000     0.000000    -0.000000    17.180000    -0.000000     0.000000     0.000000     0.000000     0.000000    -0.000000     0.000000     0.000000    -0.000000    -0.000000    -0.000000    -0.000000
    0.000000    -0.000000     0.000000    -0.000000     1.000000    -0.000000    -0.000000   -17.180000    -0.000000     0.000000    -0.000000    73.870000     0.000000     0.000000     0.000000     0.000000
   -0.000000     1.000000    -0.000000   -73.870000     0.000000     0.000000     0.000000     0.000000     0.000000    -0.000000     0.000000     0.000000    -0.000000    -0.000000    -0.000000    -0.000000
   -0.000000    -0.000000     0.000000     0.000000     0.000000    -0.000000     1.000000    -0.000000    -0.000000     0.000000    -0.000000     0.000000     0.000000     0.000000     0.000000     0.000000
