u  w  q  the  v  p  r  phi  x  y  z  psi  |  slat  flap  aileron  elevator
    0.000209     0.210200   -17.890000    -9.810000     0.000000     0.000000     0.000000     0.000000     0.000000    -0.000000     0.000000     0.000000    -0.000761     0.031600    -0.000000     0.009048
   -0.122600    -0.534200    67.180000    -0.000000    -0.000000     0.000000     0.000000    -0.000000     0.000000    -0.000000     0.000000     0.000000     0.004410    -0.179800    -0.000000    -0.075440
    0.004235    -0.018120    -0.860700     0.000000    -0.004494    -0.176000     0.079180     0.000000    -0.000000     0.000000    -0.000000     0.000000    -0.000333     0.000842     0.002493    -0.028670
   -0.000000    -0.000000     1.000000     0.000000     0.000000    -0.000000    -0.000000     0.000000    -0.000000     0.000000    -0.000000     0.000000     0.000000     0.000000     0.000000     0.000000
    0.000000     0.000000     0.000000    -0.000000    -0.092320    17.890000   -69.250000     9.810000    -0.000000     0.000000    -0.000000    -0.000000    -0.000000     0.000000    -0.000073     0.000000
    0.000896    -0.003835    -0.182200    -0.000000    -0.358500   -13.340000     6.556000    -0.000000     0.000000    -0.000000     0.000000    -0.000000    -0.000070     0.000178     0.191500    -0.006068
    0.000060    -0.000258    -0.012270    -0.000000     0.008051    -0.593500    -0.454400    -0.000000     0.000000    -0.000000     0.000000    -0.000000    -0.000005     0.000012     0.005272    -0.000409
   -0.000000    -0.000000     0.000000    -0.000000     0.000000     1.000000     0.000000     0.000000    -0.000000     0.000000    -0.000000     0.000000     0.000000     0.000000     0.000000     0.000000
    1.000000     0.000000    -0.000000    17.260000    -0.000000     0.000000     0.000000     0.000000     0.000000    -0.000000     0.000000     0.000000    -0.000000    -0.000000    -0.000000    -0.000000
    0.000000    -0.000000     0.000000    -0.000000     1.000000    -0.000000    -0.000000   -17.260000    -0.000000     0.000000    -0.000000    73.850000     0.000000     0.000000     0.000000     0.000000
   -0.000000     1.000000    -0.000000   -73.850000     0.000000     0.000000     0.000000     0.000000     0.000000    -0.000000     0.000000     0.000000    -0.000000    -0.000000    -0.000000    -0.000000
   -0.000000    -0.000000     0.000000     0.000000     0.000000    -0.000000     1.000000     0.000000    -0.000000     0.000000    -0.000000     0.000000     0.000000     0.000000     0.000000     0.000000

    0.000392     0.128600   -13.590000    -9.810000    -0.000000    -0.000000     0.000000     0.000000     0.000000    -0.000000     0.000000     0.000000    -0.000607     0.027630     0.000000     0.006967
   -0.088460    -0.655700   106.700000    -0.000000    -0.000000     0.000000    -0.000000    -0.000000     0.000000    -0.000000     0.000000     0.000000     0.008307    -0.354800     0.000000    -0.139600
    0.002459    -0.021270    -1.153000     0.000000    -0.005581    -0.265000     0.085930     0.000000    -0.000000     0.000000    -0.000000     0.000000    -0.000771     0.001649     0.005940    -0.060290
   -0.000000    -0.000000     1.000000     0.000000     0.000000    -0.000000    -0.000000     0.000000    -0.000000     0.000000    -0.000000     0.000000     0.000000     0.000000     0.000000     0.000000
    0.000000     0.000000    -0.000000    -0.000000    -0.109700    13.360000  -109.500000     9.810000    -0.000000     0.000000    -0.000000    -0.000000     0.000000    -0.000000     0.002773    -0.000000
    0.000569    -0.004925    -0.267000    -0.000000    -0.391300   -17.660000     6.317000    -0.000000     0.000000    -0.000000     0.000000    -0.000000    -0.000179     0.000382     0.398300    -0.013960
    0.000038    -0.000327    -0.017750    -0.000000     0.015060    -0.486700    -0.614300    -0.000000     0.000000    -0.000000     0.000000    -0.000000    -0.000012     0.000025     0.007733    -0.000928
   -0.000000    -0.000000     0.000000    -0.000000     0.000000     1.000000     0.000000     0.000000    -0.000000     0.000000    -0.000000     0.000000     0.000000     0.000000     0.000000     0.000000
    1.000000     0.000000    -0.000000    13.230000    -0.000000     0.000000     0.000000     0.000000     0.000000    -0.000000     0.000000     0.000000    -0.000000    -0.000000    -0.000000    -0.000000
    0.000000    -0.000000     0.000000    -0.000000     1.000000    -0.000000    -0.000000   -13.230000    -0.000000     0.000000    -0.000000   114.500000     0.000000     0.000000     0.000000     0.000000
   -0.000000     1.000000    -0.000000  -114.500000     0.000000     0.000000     0.000000     0.000000     0.000000    -0.000000     0.000000     0.000000    -0.000000    -0.000000    -0.000000    -0.000000
   -0.000000    -0.000000     0.000000     0.000000     0.000000    -0.000000     1.000000    -0.000000    -0.000000     0.000000    -0.000000     0.000000     0.000000     0.000000     0.000000     0.000000

    0.000074     0.057340   -13.710000    -9.810000     0.000000     0.000000     0.000000     0.000000     0.000000    -0.000000     0.000000     0.000000    -0.000341     0.019930    -0.000000     0.004139
   -0.050480    -0.569500   223.600000    -0.000000    -0.000000     0.000000    -0.000000    -0.000000     0.000000    -0.000000     0.000000     0.000000     0.014190    -0.647800     0.000000    -0.234800
    0.001221    -0.020670    -1.230000     0.000000    -0.006324    -0.340600     0.088090     0.000000    -0.000000     0.000000    -0.000000     0.000000    -0.001915     0.001770     0.015550    -0.132000
   -0.000000    -0.000000     1.000000     0.000000     0.000000    -0.000000    -0.000000     0.000000    -0.000000     0.000000    -0.000000     0.000000     0.000000     0.000000     0.000000     0.000000
   -0.000000    -0.000000     0.000000    -0.000000    -0.086280    13.450000  -226.100000     9.810000    -0.000000     0.000000    -0.000000    -0.000000     0.000000    -0.000000     0.007093     0.000000
    0.000332    -0.005621    -0.334500    -0.000000    -0.340500   -17.390000     5.024000    -0.000000     0.000000    -0.000000     0.000000    -0.000000    -0.000521     0.000481     0.796800    -0.035910
    0.000021    -0.000364    -0.021640    -0.000000     0.017600    -0.295900    -0.611200    -0.000000     0.000000    -0.000000     0.000000    -0.000000    -0.000034     0.000031     0.009877    -0.002323
   -0.000000    -0.000000     0.000000    -0.000000     0.000000     1.000000     0.000000     0.000000    -0.000000     0.000000    -0.000000     0.000000     0.000000     0.000000     0.000000     0.000000
    1.000000     0.000000    -0.000000    13.570000    -0.000000     0.000000     0.000000     0.000000     0.000000    -0.000000     0.000000     0.000000    -0.000000    -0.000000    -0.000000    -0.000000
    0.000000    -0.000000     0.000000    -0.000000     1.000000    -0.000000    -0.000000   -13.570000    -0.000000     0.000000    -0.000000   229.800000     0.000000     0.000000     0.000000     0.000000
   -0.000000     1.000000    -0.000000  -229.800000     0.000000     0.000000     0.000000     0.000000     0.000000    -0.000000     0.000000     0.000000    -0.000000    -0.000000    -0.000000    -0.000000
   -0.000000    -0.000000     0.000000     0.000000     0.000000    -0.000000     1.000000    -0.000000    -0.000000     0.000000    -0.000000     0.000000     0.000000     0.000000     0.000000     0.000000

    0.000055     0.056710   -12.740000    -9.810000    -0.000000     0.000000     0.000000     0.000000     0.000000    -0.000000     0.000000     0.000000    -0.000321     0.019160    -0.000000     0.003908
   -0.051090    -0.601100   223.300000    -0.000000    -0.000000     0.000000    -0.000000    -0.000000     0.000000    -0.000000     0.000000     0.000000     0.014970    -0.684300     0.000000    -0.247800
    0.001126    -0.020530    -1.229000     0.000000    -0.006261    -0.340500     0.086300     0.000000    -0.000000     0.000000    -0.000000     0.000000    -0.001915     0.001800     0.015560    -0.132000
   -0.000000    -0.000000     1.000000     0.000000     0.000000    -0.000000    -0.000000     0.000000    -0.000000     0.000000    -0.000000     0.000000     0.000000     0.000000     0.000000     0.000000
   -0.000000    -0.000000     0.000000    -0.000000    -0.091180    12.450000  -225.900000     9.810000    -0.000000     0.000000    -0.000000    -0.000000     0.000000    -0.000000     0.007647     0.000000
    0.000306    -0.005584    -0.334300    -0.000000    -0.337400   -17.390000     4.931000    -0.000000     0.000000    -0.000000     0.000000    -0.000000    -0.000521     0.000490     0.797500    -0.035900
    0.000020    -0.000361    -0.021620    -0.000000     0.017720    -0.285200    -0.611100    -0.000000     0.000000    -0.000000     0.000000    -0.000000    -0.000034     0.000032     0.009732    -0.002322
   -0.000000    -0.000000     0.000000     0.000000     0.000000     1.000000     0.000000     0.000000    -0.000000     0.000000    -0.000000     0.000000     0.000000     0.000000     0.000000     0.000000
    1.000000     0.000000    -0.000000    12.600000    -0.000000     0.000000     0.000000     0.000000     0.000000    -0.000000     0.000000     0.000000    -0.000000    -0.000000    -0.000000    -0.000000
    0.000000    -0.000000     0.000000    -0.000000     1.000000    -0.000000    -0.000000   -12.600000    -0.000000     0.000000    -0.000000   229.800000     0.000000     0.000000     0.000000     0.000000
   -0.000000     1.000000    -0.000000  -229.800000     0.000000     0.000000     0.000000     0.000000     0.000000    -0.000000     0.000000     0.000000    -0.000000    -0.000000    -0.000000    -0.000000
   -0.000000    -0.000000     0.000000     0.000000     0.000000    -0.000000     1.000000    -0.000000    -0.000000     0.000000    -0.000000     0.000000     0.000000     0.000000     0.000000     0.000000

    0.000390     0.127800   -12.750000    -9.810000    -0.000000    -0.000000     0.000000     0.000000     0.000000    -0.000000     0.000000     0.000000    -0.000595     0.027210     0.000000     0.006812
   -0.089020    -0.691400   106.400000    -0.000000     0.000000     0.000000    -0.000000    -0.000000     0.000000    -0.000000     0.000000     0.000000     0.008761    -0.374800    -0.000000    -0.147200
    0.002280    -0.021070    -1.152000     0.000000    -0.005506    -0.265000     0.083730     0.000000    -0.000000     0.000000    -0.000000     0.000000    -0.000772     0.001672     0.005952    -0.060290
   -0.000000    -0.000000     1.000000     0.000000     0.000000    -0.000000    -0.000000     0.000000    -0.000000     0.000000    -0.000000     0.000000     0.000000     0.000000     0.000000     0.000000
    0.000000     0.000000    -0.000000    -0.000000    -0.116000    12.490000  -109.300000     9.810000    -0.000000     0.000000    -0.000000    -0.000000     0.000000    -0.000000     0.003107    -0.000000
    0.000528    -0.004879    -0.266800    -0.000000    -0.386400   -17.680000     6.168000    -0.000000     0.000000    -0.000000     0.000000    -0.000000    -0.000179     0.000387     0.399200    -0.013960
    0.000035    -0.000324    -0.017740    -0.000000     0.015300    -0.469000    -0.615200    -0.000000     0.000000    -0.000000     0.000000    -0.000000    -0.000012     0.000026     0.007605    -0.000929
   -0.000000    -0.000000     0.000000    -0.000000     0.000000     1.000000     0.000000     0.000000    -0.000000     0.000000    -0.000000     0.000000     0.000000     0.000000     0.000000     0.000000
    1.000000     0.000000    -0.000000    12.400000    -0.000000     0.000000     0.000000     0.000000     0.000000    -0.000000     0.000000     0.000000    -0.000000    -0.000000    -0.000000    -0.000000
    0.000000    -0.000000     0.000000    -0.000000     1.000000    -0.000000    -0.000000   -12.400000    -0.000000     0.000000    -0.000000   114.600000     0.000000     0.000000     0.000000     0.000000
   -0.000000     1.000000    -0.000000  -114.600000     0.000000     0.000000     0.000000     0.000000     0.000000    -0.000000     0.000000     0.000000    -0.000000    -0.000000    -0.000000    -0.000000
   -0.000000    -0.000000     0.000000     0.000000     0.000000    -0.000000     1.000000     0.000000    -0.000000     0.000000    -0.000000     0.000000     0.000000     0.000000     0.000000     0.000000

    0.000284     0.209300   -16.860000    -9.810000     0.000000    -0.000000     0.000000     0.000000     0.000000    -0.000000     0.000000     0.000000    -0.000755     0.031450    -0.000000     0.008948
   -0.122900    -0.564000    67.030000    -0.000000    -0.000000     0.000000     0.000000    -0.000000     0.000000    -0.000000     0.000000     0.000000     0.004666    -0.190800    -0.000000    -0.079800
    0.003916    -0.017870    -0.860800     0.000000    -0.004409    -0.176300     0.076620     0.000000    -0.000000     0.000000    -0.000000     0.000000    -0.000335     0.000866     0.002511    -0.028760
   -0.000000    -0.000000     1.000000     0.000000     0.000000    -0.000000    -0.000000     0.000000    -0.000000     0.000000    -0.000000     0.000000     0.000000     0.000000     0.000000     0.000000
    0.000000     0.000000     0.000000    -0.000000    -0.097970    16.830000   -69.250000     9.810000    -0.000000     0.000000    -0.000000    -0.000000    -0.000000     0.000000     0.000115     0.000000
    0.000829    -0.003783    -0.182200    -0.000000    -0.352100   -13.390000     6.357000    -0.000000     0.000000    -0.000000     0.000000    -0.000000    -0.000071     0.000183     0.192900    -0.006088
    0.000056    -0.000255    -0.012270    -0.000000     0.008441    -0.569000    -0.457200    -0.000000     0.000000    -0.000000     0.000000    -0.000000    -0.000005     0.000012     0.005167    -0.000410
   -0.000000    -0.000000     0.000000     0.000000     0.000000     1.000000     0.000000     0.000000    -0.000000     0.000000    -0.000000     0.000000     0.000000     0.000000     0.000000     0.000000
    1.000000     0.000000    -0.000000    16.230000    -0.000000     0.000000     0.000000     0.000000     0.000000    -0.000000     0.000000     0.000000    -0.000000    -0.000000    -0.000000    -0.000000
    0.000000    -0.000000     0.000000    -0.000000     1.000000    -0.000000    -0.000000   -16.230000    -0.000000     0.000000    -0.000000    74.080000     0.000000     0.000000     0.000000     0.000000
   -0.000000     1.000000    -0.000000   -74.080000     0.000000     0.000000     0.000000     0.000000     0.000000    -0.000000     0.000000     0.000000    -0.000000    -0.000000    -0.000000    -0.000000
   -0.000000    -0.000000     0.000000     0.000000     0.000000    -0.000000     1.000000     0.000000    -0.000000     0.000000    -0.000000     0.000000     0.000000     0.000000     0.000000     0.000000
