u  w  q  the  v  p  r  phi  x  y  z  psi  |  slat  flap  aileron  elevator
   -0.000349     0.214400   -18.270000    -9.810000     0.000000     0.000000     0.000000     0.000000     0.000000    -0.000000     0.000000     0.000000    -0.000782     0.032410    -0.000000     0.010470
   -0.119600    -0.533300    66.870000    -0.000000    -0.000000     0.000000     0.000000    -0.000000     0.000000    -0.000000     0.000000     0.000000     0.004401    -0.179400    -0.000000    -0.075320
    0.005307    -0.022120    -0.876500     0.000000    -0.003276    -0.125200     0.060130     0.000000    -0.000000     0.000000    -0.000000     0.000000    -0.000288    -0.000726     0.001781    -0.028690
   -0.000000    -0.000000     1.000000     0.000000     0.000000    -0.000000    -0.000000     0.000000    -0.000000     0.000000    -0.000000     0.000000     0.000000     0.000000     0.000000     0.000000
    0.000000     0.000000     0.000000    -0.000000    -0.091900    18.340000   -69.110000     9.810000    -0.000000     0.000000    -0.000000    -0.000000    -0.000000     0.000000    -0.000138     0.000000
    0.000826    -0.003445    -0.136500    -0.000000    -0.501400   -18.650000     9.376000    -0.000000     0.000000    -0.000000     0.000000    -0.000000    -0.000045    -0.000113     0.267100    -0.004468
    0.000035    -0.000147    -0.005807    -0.000000     0.006435    -0.688500    -0.432000    -0.000000     0.000000    -0.000000     0.000000    -0.000000    -0.000002    -0.000005     0.006507    -0.000190
   -0.000000    -0.000000     0.000000    -0.000000     0.000000     1.000000     0.000000     0.000000    -0.000000     0.000000    -0.000000     0.000000     0.000000     0.000000     0.000000     0.000000
    1.000000     0.000000    -0.000000    17.690000    -0.000000     0.000000     0.000000     0.000000     0.000000    -0.000000     0.000000     0.000000    -0.000000    -0.000000    -0.000000    -0.000000
    0.000000    -0.000000     0.000000    -0.000000     1.000000    -0.000000    -0.000000   -17.690000    -0.000000     0.000000    -0.000000    73.740000     0.000000     0.000000     0.000000     0.000000
   -0.000000     1.000000    -0.000000   -73.740000     0.000000     0.000000     0.000000     0.000000     0.000000    -0.000000     0.000000     0.000000    -0.000000    -0.000000    -0.000000    -0.000000
   -0.000000    -0.000000     0.000000     0.000000     0.000000    -0.000000     1.000000    -0.000000    -0.000000     0.000000    -0.000000     0.000000     0.000000     0.000000     0.000000     0.000000

    0.000250     0.131300   -13.900000    -9.810000    -0.000000    -0.000000     0.000000     0.000000     0.000000    -0.000000     0.000000     0.000000    -0.000627     0.028470     0.000000     0.008520
   -0.086470    -0.655300   106.400000    -0.000000     0.000000     0.000000    -0.000000    -0.000000     0.000000    -0.000000     0.000000     0.000000     0.008304    -0.354600     0.000000    -0.139600
    0.003195    -0.026910    -1.169000     0.000000    -0.004247    -0.196700     0.068710     0.000000    -0.000000     0.000000    -0.000000     0.000000    -0.000672    -0.001814     0.004419    -0.060180
   -0.000000    -0.000000     1.000000     0.000000     0.000000    -0.000000    -0.000000     0.000000    -0.000000     0.000000    -0.000000     0.000000     0.000000     0.000000     0.000000     0.000000
    0.000000     0.000000    -0.000000    -0.000000    -0.109500    13.730000  -109.400000     9.810000    -0.000000     0.000000    -0.000000    -0.000000     0.000000    -0.000000     0.002713    -0.000000
    0.000566    -0.004769    -0.207200    -0.000000    -0.569300   -25.680000     9.421000    -0.000000     0.000000    -0.000000     0.000000    -0.000000    -0.000119    -0.000321     0.578900    -0.010670
    0.000023    -0.000191    -0.008320    -0.000000     0.013510    -0.603900    -0.597900    -0.000000     0.000000    -0.000000     0.000000    -0.000000    -0.000005    -0.000013     0.010260    -0.000428
   -0.000000    -0.000000     0.000000    -0.000000     0.000000     1.000000     0.000000     0.000000    -0.000000     0.000000    -0.000000     0.000000     0.000000     0.000000     0.000000     0.000000
    1.000000     0.000000    -0.000000    13.580000    -0.000000     0.000000     0.000000     0.000000     0.000000    -0.000000     0.000000     0.000000    -0.000000    -0.000000    -0.000000    -0.000000
    0.000000    -0.000000     0.000000    -0.000000     1.000000    -0.000000    -0.000000   -13.580000    -0.000000     0.000000    -0.000000   114.400000     0.000000     0.000000     0.000000     0.000000
   -0.000000     1.000000    -0.000000  -114.400000     0.000000     0.000000     0.000000     0.000000     0.000000    -0.000000     0.000000     0.000000    -0.000000    -0.000000    -0.000000    -0.000000
   -0.000000    -0.000000     0.000000     0.000000     0.000000    -0.000000     1.000000    -0.000000    -0.000000     0.000000    -0.000000     0.000000     0.000000     0.000000     0.000000     0.000000

    0.000053     0.058680   -14.100000    -9.810000     0.000000     0.000000     0.000000     0.000000     0.000000    -0.000000     0.000000     0.000000    -0.000358     0.020740    -0.000000     0.005860
   -0.049480    -0.569400   223.400000    -0.000000    -0.000000     0.000000    -0.000000    -0.000000     0.000000    -0.000000     0.000000     0.000000     0.014190    -0.647700     0.000000    -0.234800
    0.001634    -0.026860    -1.236000     0.000000    -0.005233    -0.273800     0.077380     0.000000    -0.000000     0.000000    -0.000000     0.000000    -0.001680    -0.006212     0.012530    -0.130700
   -0.000000    -0.000000     1.000000     0.000000     0.000000    -0.000000    -0.000000     0.000000    -0.000000     0.000000    -0.000000     0.000000     0.000000     0.000000     0.000000     0.000000
   -0.000000    -0.000000     0.000000    -0.000000    -0.086180    13.860000  -226.000000     9.810000    -0.000000     0.000000    -0.000000    -0.000000     0.000000    -0.000000     0.007044     0.000000
    0.000371    -0.006091    -0.280400    -0.000000    -0.539100   -27.510000     8.171000    -0.000000     0.000000    -0.000000     0.000000    -0.000000    -0.000381    -0.001409     1.261000    -0.029630
    0.000013    -0.000213    -0.009811    -0.000000     0.016540    -0.397100    -0.604800    -0.000000     0.000000    -0.000000     0.000000    -0.000000    -0.000013    -0.000049     0.014410    -0.001037
   -0.000000    -0.000000     0.000000    -0.000000     0.000000     1.000000     0.000000     0.000000    -0.000000     0.000000    -0.000000     0.000000     0.000000     0.000000     0.000000     0.000000
    1.000000     0.000000    -0.000000    13.980000    -0.000000     0.000000     0.000000     0.000000     0.000000    -0.000000     0.000000     0.000000    -0.000000    -0.000000    -0.000000    -0.000000
    0.000000    -0.000000     0.000000    -0.000000     1.000000    -0.000000    -0.000000   -13.980000    -0.000000     0.000000    -0.000000   229.700000     0.000000     0.000000     0.000000     0.000000
   -0.000000     1.000000    -0.000000  -229.700000     0.000000     0.000000     0.000000     0.000000     0.000000    -0.000000     0.000000     0.000000    -0.000000    -0.000000    -0.000000    -0.000000
   -0.000000    -0.000000     0.000000     0.000000     0.000000    -0.000000     1.000000     0.000000    -0.000000     0.000000    -0.000000     0.000000     0.000000     0.000000     0.000000     0.000000

    0.000038     0.058060   -13.110000    -9.810000     0.000000    -0.000000     0.000000     0.000000     0.000000    -0.000000     0.000000     0.000000    -0.000338     0.019970    -0.000000     0.005630
   -0.050090    -0.601000   223.100000    -0.000000    -0.000000     0.000000    -0.000000    -0.000000     0.000000    -0.000000     0.000000     0.000000     0.014970    -0.684200     0.000000    -0.247800
    0.001510    -0.026730    -1.235000     0.000000    -0.005182    -0.273900     0.075910     0.000000    -0.000000     0.000000    -0.000000     0.000000    -0.001680    -0.006185     0.012540    -0.130600
   -0.000000    -0.000000     1.000000     0.000000     0.000000    -0.000000    -0.000000    -0.000000    -0.000000     0.000000    -0.000000     0.000000     0.000000     0.000000     0.000000     0.000000
   -0.000000    -0.000000     0.000000    -0.000000    -0.091080    12.840000  -225.900000     9.810000    -0.000000     0.000000    -0.000000    -0.000000     0.000000    -0.000000     0.007599     0.000000
    0.000342    -0.006061    -0.280200    -0.000000    -0.534100   -27.520000     8.022000    -0.000000     0.000000    -0.000000     0.000000    -0.000000    -0.000381    -0.001403     1.262000    -0.029620
    0.000012    -0.000212    -0.009804    -0.000000     0.016680    -0.386000    -0.605100    -0.000000     0.000000    -0.000000     0.000000    -0.000000    -0.000013    -0.000049     0.014260    -0.001036
   -0.000000    -0.000000     0.000000     0.000000     0.000000     1.000000     0.000000     0.000000    -0.000000     0.000000    -0.000000     0.000000     0.000000     0.000000     0.000000     0.000000
    1.000000     0.000000    -0.000000    12.980000    -0.000000     0.000000     0.000000     0.000000     0.000000    -0.000000     0.000000     0.000000    -0.000000    -0.000000    -0.000000    -0.000000
    0.000000    -0.000000     0.000000    -0.000000     1.000000    -0.000000    -0.000000   -12.980000    -0.000000     0.000000    -0.000000   229.800000     0.000000     0.000000     0.000000     0.000000
   -0.000000     1.000000    -0.000000  -229.800000     0.000000     0.000000     0.000000     0.000000     0.000000    -0.000000     0.000000     0.000000    -0.000000    -0.000000    -0.000000    -0.000000
   -0.000000    -0.000000     0.000000     0.000000     0.000000    -0.000000     1.000000     0.000000    -0.000000     0.000000    -0.000000     0.000000     0.000000     0.000000     0.000000     0.000000

    0.000261     0.130500   -13.050000    -9.810000    -0.000000    -0.000000    -0.000000     0.000000     0.000000    -0.000000     0.000000     0.000000    -0.000615     0.028060     0.000000     0.008367
   -0.087040    -0.691100   106.100000    -0.000000     0.000000     0.000000    -0.000000    -0.000000     0.000000    -0.000000     0.000000     0.000000     0.008759    -0.374600     0.000000    -0.147200
    0.002970    -0.026720    -1.168000     0.000000    -0.004191    -0.196800     0.067040     0.000000    -0.000000     0.000000    -0.000000     0.000000    -0.000674    -0.001795     0.004429    -0.060180
   -0.000000    -0.000000     1.000000     0.000000     0.000000    -0.000000    -0.000000    -0.000000    -0.000000     0.000000    -0.000000     0.000000     0.000000     0.000000     0.000000     0.000000
    0.000000     0.000000    -0.000000    -0.000000    -0.115800    12.840000  -109.200000     9.810000    -0.000000     0.000000    -0.000000    -0.000000     0.000000    -0.000000     0.003047    -0.000000
    0.000526    -0.004736    -0.207000    -0.000000    -0.562100   -25.710000     9.201000    -0.000000     0.000000    -0.000000     0.000000    -0.000000    -0.000119    -0.000318     0.580300    -0.010670
    0.000021    -0.000190    -0.008313    -0.000000     0.013790    -0.585800    -0.599800    -0.000000     0.000000    -0.000000     0.000000    -0.000000    -0.000005    -0.000013     0.010140    -0.000428
   -0.000000    -0.000000     0.000000     0.000000     0.000000     1.000000     0.000000     0.000000    -0.000000     0.000000    -0.000000     0.000000     0.000000     0.000000     0.000000     0.000000
    1.000000     0.000000    -0.000000    12.730000    -0.000000     0.000000     0.000000     0.000000     0.000000    -0.000000     0.000000     0.000000    -0.000000    -0.000000    -0.000000    -0.000000
    0.000000    -0.000000     0.000000    -0.000000     1.000000    -0.000000    -0.000000   -12.730000    -0.000000     0.000000    -0.000000   114.500000     0.000000     0.000000     0.000000     0.000000
   -0.000000     1.000000    -0.000000  -114.500000     0.000000     0.000000     0.000000     0.000000     0.000000    -0.000000     0.000000     0.000000    -0.000000    -0.000000    -0.000000    -0.000000
   -0.000000    -0.000000     0.000000     0.000000     0.000000    -0.000000     1.000000     0.000000    -0.000000     0.000000    -0.000000     0.000000     0.000000     0.000000     0.000000     0.000000

   -0.000231     0.213500   -17.210000    -9.810000     0.000000    -0.000000     0.000000     0.000000     0.000000    -0.000000     0.000000     0.000000    -0.000776     0.032270    -0.000000     0.010380
   -0.119900    -0.563100    66.720000    -0.000000    -0.000000     0.000000     0.000000    -0.000000     0.000000    -0.000000     0.000000     0.000000     0.004658    -0.190300    -0.000000    -0.079690
    0.004924    -0.021900    -0.876400     0.000000    -0.003216    -0.125600     0.058260     0.000000    -0.000000     0.000000    -0.000000     0.000000    -0.000290    -0.000712     0.001795    -0.028790
   -0.000000    -0.000000     1.000000     0.000000     0.000000    -0.000000    -0.000000     0.000000    -0.000000     0.000000    -0.000000     0.000000     0.000000     0.000000     0.000000     0.000000
    0.000000     0.000000     0.000000    -0.000000    -0.097570    17.260000   -69.120000     9.810000    -0.000000     0.000000    -0.000000    -0.000000    -0.000000     0.000000     0.000051     0.000000
    0.000767    -0.003410    -0.136500    -0.000000    -0.492500   -18.710000     9.094000    -0.000000     0.000000    -0.000000     0.000000    -0.000000    -0.000045    -0.000111     0.269200    -0.004483
    0.000033    -0.000145    -0.005807    -0.000000     0.006877    -0.663500    -0.436000    -0.000000     0.000000    -0.000000     0.000000    -0.000000    -0.000002    -0.000005     0.006409    -0.000191
   -0.000000    -0.000000     0.000000     0.000000     0.000000     1.000000     0.000000     0.000000    -0.000000     0.000000    -0.000000     0.000000     0.000000     0.000000     0.000000     0.000000
    1.000000     0.000000    -0.000000    16.640000    -0.000000     0.000000     0.000000     0.000000     0.000000    -0.000000     0.000000     0.000000    -0.000000    -0.000000    -0.000000    -0.000000
    0.000000    -0.000000     0.000000    -0.000000     1.000000    -0.000000    -0.000000   -16.640000    -0.000000     0.000000    -0.000000    73.990000     0.000000     0.000000     0.000000     0.000000
   -0.000000     1.000000    -0.000000   -73.990000     0.000000     0.000000     0.000000     0.000000     0.000000    -0.000000     0.000000     0.000000    -0.000000    -0.000000    -0.000000    -0.000000
   -0.000000    -0.000000     0.000000     0.000000     0.000000    -0.000000     1.000000     0.000000    -0.000000     0.000000    -0.000000     0.000000     0.000000     0.000000     0.000000     0.000000
