u  w  q  the  v  p  r  phi  x  y  z  psi  |  slat  flap  aileron  elevator
   -0.020600     0.444400   -26.720000    -9.810000     0.000000    -0.000000    -0.000000     0.000000     0.000000    -0.000000     0.000000     0.000000    -0.000967     0.031460    -0.000000     0.012000
   -0.209100    -0.331300    29.310000    -0.000000    -0.000000     0.000000     0.000000    -0.000000     0.000000    -0.000000     0.000000     0.000000     0.001621    -0.052140     0.000000    -0.016610
    0.020880    -0.026120    -0.631300     0.000000     0.000117    -0.030420     0.016600     0.000000    -0.000000     0.000000    -0.000000     0.000000    -0.000119    -0.000683     0.000252    -0.010540
   -0.000000    -0.000000     1.000000     0.000000     0.000000    -0.000000    -0.000000     0.000000    -0.000000     0.000000    -0.000000     0.000000     0.000000     0.000000     0.000000     0.000000
   -0.000000     0.000000    -0.000000    -0.000000    -0.050500    26.610000   -31.280000     9.810000    -0.000000     0.000000    -0.000000    -0.000000    -0.000000    -0.000000    -0.000418     0.000000
    0.000853    -0.001067    -0.025790    -0.000000    -0.079570    -9.262000     9.754000    -0.000000     0.000000    -0.000000     0.000000    -0.000000    -0.000005    -0.000028     0.102600    -0.000431
    0.000381    -0.000477    -0.011520    -0.000000     0.017740    -0.641900    -0.273100    -0.000000     0.000000    -0.000000     0.000000    -0.000000    -0.000002    -0.000012     0.001858    -0.000192
   -0.000000    -0.000000     0.000000     0.000000     0.000000     1.000000     0.000000     0.000000    -0.000000     0.000000    -0.000000     0.000000     0.000000     0.000000     0.000000     0.000000
    1.000000     0.000000    -0.000000    26.100000    -0.000000     0.000000     0.000000     0.000000     0.000000    -0.000000     0.000000     0.000000    -0.000000    -0.000000    -0.000000    -0.000000
    0.000000    -0.000000     0.000000    -0.000000     1.000000    -0.000000    -0.000000   -26.100000    -0.000000     0.000000    -0.000000    32.660000     0.000000     0.000000     0.000000     0.000000
   -0.000000     1.000000    -0.000000   -32.660000     0.000000     0.000000     0.000000     0.000000     0.000000    -0.000000     0.000000     0.000000    -0.000000    -0.000000    -0.000000    -0.000000
   -0.000000    -0.000000     0.000000     0.000000     0.000000    -0.000000     1.000000     0.000000    -0.000000     0.000000    -0.000000     0.000000     0.000000     0.000000     0.000000     0.000000

   -0.003032     0.263800   -17.980000    -9.810000    -0.000000    -0.000000     0.000000     0.000000     0.000000    -0.000000     0.000000     0.000000    -0.000995     0.034670    -0.000000     0.013350
   -0.136000    -0.554200    57.070000    -0.000000     0.000000    -0.000000    -0.000000    -0.000000     0.000000    -0.000000     0.000000     0.000000     0.004879    -0.170000     0.000000    -0.053000
    0.011420    -0.040470    -0.875300     0.000000     0.000236    -0.042450     0.006891     0.000000    -0.000000     0.000000    -0.000000     0.000000    -0.000379    -0.002779     0.000810    -0.031010
   -0.000000    -0.000000     1.000000     0.000000     0.000000    -0.000000    -0.000000     0.000000    -0.000000     0.000000    -0.000000     0.000000     0.000000     0.000000     0.000000     0.000000
    0.000000    -0.000000     0.000000    -0.000000    -0.099510    17.830000   -59.270000     9.810000    -0.000000     0.000000    -0.000000    -0.000000    -0.000000    -0.000000    -0.000977    -0.000000
    0.000490    -0.001736    -0.037540    -0.000000    -0.180300   -16.410000     8.243000    -0.000000     0.000000    -0.000000     0.000000    -0.000000    -0.000016    -0.000119     0.350500    -0.001330
    0.000219    -0.000778    -0.016830    -0.000000     0.037530    -0.268600    -0.696700    -0.000000     0.000000    -0.000000     0.000000    -0.000000    -0.000007    -0.000053     0.000171    -0.000596
   -0.000000    -0.000000     0.000000    -0.000000     0.000000     1.000000     0.000000     0.000000    -0.000000     0.000000    -0.000000     0.000000     0.000000     0.000000     0.000000     0.000000
    1.000000     0.000000    -0.000000    17.590000    -0.000000     0.000000     0.000000     0.000000     0.000000    -0.000000     0.000000     0.000000    -0.000000    -0.000000    -0.000000    -0.000000
    0.000000    -0.000000     0.000000    -0.000000     1.000000    -0.000000    -0.000000   -17.590000    -0.000000     0.000000    -0.000000    62.360000     0.000000     0.000000     0.000000     0.000000
   -0.000000     1.000000    -0.000000   -62.360000     0.000000     0.000000     0.000000     0.000000     0.000000    -0.000000     0.000000     0.000000    -0.000000    -0.000000    -0.000000    -0.000000
   -0.000000    -0.000000     0.000000     0.000000     0.000000    -0.000000     1.000000     0.000000    -0.000000     0.000000    -0.000000     0.000000     0.000000     0.000000     0.000000     0.000000

    0.000130     0.113000   -10.970000    -9.810000    -0.000000     0.000000     0.000000     0.000000     0.000000    -0.000000     0.000000     0.000000    -0.000766     0.027580     0.000000     0.011550
   -0.075940    -0.805000   128.100000    -0.000000     0.000000    -0.000000    -0.000000    -0.000000     0.000000    -0.000000     0.000000     0.000000     0.015020    -0.542200     0.000000    -0.166800
    0.005003    -0.062700    -1.291000     0.000000     0.000444    -0.067270    -0.004589     0.000000    -0.000000     0.000000    -0.000000     0.000000    -0.001344    -0.010510     0.003080    -0.104300
   -0.000000    -0.000000     1.000000     0.000000     0.000000    -0.000000    -0.000000     0.000000    -0.000000     0.000000    -0.000000     0.000000     0.000000     0.000000     0.000000     0.000000
   -0.000000    -0.000000     0.000000    -0.000000    -0.150200    10.820000  -130.700000     9.810000    -0.000000     0.000000    -0.000000    -0.000000    -0.000000    -0.000000    -0.002709    -0.000000
    0.000238    -0.002983    -0.061450    -0.000000    -0.322400   -26.670000     7.782000    -0.000000     0.000000    -0.000000     0.000000    -0.000000    -0.000064    -0.000500     1.245000    -0.004962
    0.000107    -0.001348    -0.027750    -0.000000     0.064950     0.178800    -1.262000    -0.000000     0.000000    -0.000000     0.000000    -0.000000    -0.000029    -0.000226    -0.011300    -0.002241
   -0.000000    -0.000000     0.000000    -0.000000     0.000000     1.000000     0.000000     0.000000    -0.000000     0.000000    -0.000000     0.000000     0.000000     0.000000     0.000000     0.000000
    1.000000     0.000000    -0.000000    10.810000    -0.000000     0.000000     0.000000     0.000000     0.000000    -0.000000     0.000000     0.000000    -0.000000    -0.000000    -0.000000    -0.000000
    0.000000    -0.000000     0.000000    -0.000000     1.000000    -0.000000    -0.000000   -10.810000    -0.000000     0.000000    -0.000000   135.500000     0.000000     0.000000     0.000000     0.000000
   -0.000000     1.000000    -0.000000  -135.500000     0.000000     0.000000     0.000000     0.000000     0.000000    -0.000000     0.000000     0.000000    -0.000000    -0.000000    -0.000000    -0.000000
   -0.000000    -0.000000     0.000000     0.000000     0.000000    -0.000000     1.000000    -0.000000    -0.000000     0.000000    -0.000000     0.000000     0.000000     0.000000     0.000000     0.000000

    0.000164     0.111900   -10.100000    -9.810000    -0.000000    -0.000000     0.000000     0.000000     0.000000    -0.000000     0.000000     0.000000    -0.000744     0.026820     0.000000     0.011360
   -0.076860    -0.858500   127.700000    -0.000000     0.000000     0.000000    -0.000000    -0.000000     0.000000    -0.000000     0.000000     0.000000     0.016020    -0.578700     0.000000    -0.178000
    0.004595    -0.062620    -1.288000     0.000000     0.000445    -0.066990    -0.005144     0.000000    -0.000000     0.000000    -0.000000     0.000000    -0.001344    -0.010540     0.003079    -0.104200
   -0.000000    -0.000000     1.000000     0.000000     0.000000    -0.000000    -0.000000     0.000000    -0.000000     0.000000    -0.000000     0.000000     0.000000     0.000000     0.000000     0.000000
   -0.000000    -0.000000     0.000000    -0.000000    -0.160600     9.949000  -130.400000     9.810000    -0.000000     0.000000    -0.000000    -0.000000     0.000000    -0.000000    -0.002875    -0.000000
    0.000219    -0.002980    -0.061270    -0.000000    -0.323300   -26.690000     7.605000    -0.000000     0.000000    -0.000000     0.000000    -0.000000    -0.000064    -0.000502     1.246000    -0.004957
    0.000099    -0.001346    -0.027680    -0.000000     0.065100     0.195200    -1.266000    -0.000000     0.000000    -0.000000     0.000000    -0.000000    -0.000029    -0.000227    -0.011540    -0.002239
   -0.000000    -0.000000     0.000000    -0.000000     0.000000     1.000000     0.000000     0.000000    -0.000000     0.000000    -0.000000     0.000000     0.000000     0.000000     0.000000     0.000000
    1.000000     0.000000    -0.000000     9.945000    -0.000000     0.000000     0.000000     0.000000     0.000000    -0.000000     0.000000     0.000000    -0.000000    -0.000000    -0.000000    -0.000000
    0.000000    -0.000000     0.000000    -0.000000     1.000000    -0.000000    -0.000000    -9.945000    -0.000000     0.000000    -0.000000   135.500000     0.000000     0.000000     0.000000     0.000000
   -0.000000     1.000000    -0.000000  -135.500000     0.000000     0.000000     0.000000     0.000000     0.000000    -0.000000     0.000000     0.000000    -0.000000    -0.000000    -0.000000    -0.000000
   -0.000000    -0.000000     0.000000     0.000000     0.000000    -0.000000     1.000000     0.000000    -0.000000     0.000000    -0.000000     0.000000     0.000000     0.000000     0.000000     0.000000

   -0.002649     0.262600   -16.740000    -9.810000    -0.000000    -0.000000     0.000000     0.000000     0.000000    -0.000000     0.000000     0.000000    -0.000989     0.034550    -0.000000     0.013330
   -0.136200    -0.593200    57.040000    -0.000000     0.000000    -0.000000    -0.000000    -0.000000     0.000000    -0.000000     0.000000     0.000000     0.005238    -0.183100     0.000000    -0.057040
    0.010550    -0.040470    -0.870800     0.000000     0.000238    -0.042110     0.005926     0.000000    -0.000000     0.000000    -0.000000     0.000000    -0.000382    -0.002830     0.000816    -0.031150
   -0.000000    -0.000000     1.000000     0.000000     0.000000    -0.000000    -0.000000    -0.000000    -0.000000     0.000000    -0.000000     0.000000     0.000000     0.000000     0.000000     0.000000
    0.000000    -0.000000     0.000000    -0.000000    -0.107300    16.580000   -59.350000     9.810000    -0.000000     0.000000    -0.000000    -0.000000    -0.000000    -0.000000    -0.001035    -0.000000
    0.000453    -0.001736    -0.037350    -0.000000    -0.182900   -16.510000     7.916000    -0.000000     0.000000    -0.000000     0.000000    -0.000000    -0.000016    -0.000121     0.354500    -0.001336
    0.000203    -0.000778    -0.016740    -0.000000     0.037990    -0.236000    -0.708900    -0.000000     0.000000    -0.000000     0.000000    -0.000000    -0.000007    -0.000054    -0.000053    -0.000599
   -0.000000    -0.000000     0.000000     0.000000     0.000000     1.000000     0.000000     0.000000    -0.000000     0.000000    -0.000000     0.000000     0.000000     0.000000     0.000000     0.000000
    1.000000     0.000000    -0.000000    16.350000    -0.000000     0.000000     0.000000     0.000000     0.000000    -0.000000     0.000000     0.000000    -0.000000    -0.000000    -0.000000    -0.000000
    0.000000    -0.000000     0.000000    -0.000000     1.000000    -0.000000    -0.000000   -16.350000    -0.000000     0.000000    -0.000000    62.700000     0.000000     0.000000     0.000000     0.000000
   -0.000000     1.000000    -0.000000   -62.700000     0.000000     0.000000     0.000000     0.000000     0.000000    -0.000000     0.000000     0.000000    -0.000000    -0.000000    -0.000000    -0.000000
   -0.000000    -0.000000     0.000000     0.000000     0.000000    -0.000000     1.000000     0.000000    -0.000000     0.000000    -0.000000     0.000000     0.000000     0.000000     0.000000     0.000000

   -0.017630     0.439300   -24.750000    -9.810000     0.000000    -0.000000     0.000000     0.000000     0.000000    -0.000000     0.000000     0.000000    -0.000988     0.032530    -0.000000     0.012390
   -0.207100    -0.368500    30.450000    -0.000000    -0.000000    -0.000000     0.000000    -0.000000     0.000000    -0.000000     0.000000     0.000000     0.001866    -0.060820     0.000000    -0.019320
    0.018880    -0.026720    -0.633600     0.000000     0.000124    -0.030400     0.014940     0.000000    -0.000000     0.000000    -0.000000     0.000000    -0.000128    -0.000776     0.000271    -0.011260
   -0.000000    -0.000000     1.000000     0.000000     0.000000    -0.000000    -0.000000     0.000000    -0.000000     0.000000    -0.000000     0.000000     0.000000     0.000000     0.000000     0.000000
   -0.000000     0.000000    -0.000000    -0.000000    -0.058210    24.620000   -32.500000     9.810000    -0.000000     0.000000    -0.000000    -0.000000    -0.000000    -0.000000    -0.000462     0.000000
    0.000771    -0.001091    -0.025880    -0.000000    -0.087280    -9.700000     9.242000    -0.000000     0.000000    -0.000000     0.000000    -0.000000    -0.000005    -0.000032     0.112500    -0.000460
    0.000345    -0.000488    -0.011570    -0.000000     0.019210    -0.582400    -0.307600    -0.000000     0.000000    -0.000000     0.000000    -0.000000    -0.000002    -0.000014     0.001716    -0.000206
   -0.000000    -0.000000     0.000000    -0.000000     0.000000     1.000000     0.000000     0.000000    -0.000000     0.000000    -0.000000     0.000000     0.000000     0.000000     0.000000     0.000000
    1.000000     0.000000    -0.000000    24.130000    -0.000000     0.000000     0.000000     0.000000     0.000000    -0.000000     0.000000     0.000000    -0.000000    -0.000000    -0.000000    -0.000000
    0.000000    -0.000000     0.000000    -0.000000     1.000000    -0.000000    -0.000000   -24.130000    -0.000000     0.000000    -0.000000    34.140000     0.000000     0.000000     0.000000     0.000000
   -0.000000     1.000000    -0.000000   -34.140000     0.000000     0.000000     0.000000     0.000000     0.000000    -0.000000     0.000000     0.000000    -0.000000    -0.000000    -0.000000    -0.000000
   -0.000000    -0.000000     0.000000    -0.000000     0.000000    -0.000000     1.000000    -0.000000    -0.000000     0.000000    -0.000000     0.000000     0.000000     0.000000     0.000000     0.000000
