u  w  q  the  v  p  r  phi  x  y  z  psi  |  slat  flap  aileron  elevator
   -0.001204     0.219600   -18.730000    -9.810000     0.000000    -0.000000     0.000000     0.000000     0.000000    -0.000000     0.000000     0.000000    -0.000807     0.033410    -0.000000     0.012230
   -0.115900    -0.532100    66.490000    -0.000000    -0.000000     0.000000     0.000000    -0.000000     0.000000    -0.000000     0.000000     0.000000     0.004390    -0.178700    -0.000000    -0.075160
    0.006901    -0.027880    -0.934600     0.000000    -0.001721    -0.063080     0.033340     0.000000    -0.000000     0.000000    -0.000000     0.000000    -0.000244    -0.002669     0.000905    -0.029830
   -0.000000    -0.000000     1.000000     0.000000     0.000000    -0.000000    -0.000000     0.000000    -0.000000     0.000000    -0.000000     0.000000     0.000000     0.000000     0.000000     0.000000
    0.000000     0.000000     0.000000    -0.000000    -0.091400    18.910000   -68.930000     9.810000    -0.000000     0.000000    -0.000000    -0.000000    -0.000000     0.000000    -0.000218     0.000000
    0.000545    -0.002203    -0.073860    -0.000000    -0.824100   -30.640000    15.830000    -0.000000     0.000000    -0.000000     0.000000    -0.000000    -0.000019    -0.000211     0.437900    -0.002357
    0.000002    -0.000008    -0.000276    -0.000000     0.002157    -0.928100    -0.371300    -0.000000     0.000000    -0.000000     0.000000    -0.000000    -0.000000    -0.000001     0.009635    -0.000009
   -0.000000    -0.000000     0.000000    -0.000000     0.000000     1.000000     0.000000     0.000000    -0.000000     0.000000    -0.000000     0.000000     0.000000     0.000000     0.000000     0.000000
    1.000000     0.000000    -0.000000    18.220000    -0.000000     0.000000     0.000000     0.000000     0.000000    -0.000000     0.000000     0.000000    -0.000000    -0.000000    -0.000000    -0.000000
    0.000000    -0.000000     0.000000    -0.000000     1.000000    -0.000000    -0.000000   -18.220000    -0.000000     0.000000    -0.000000    73.620000     0.000000     0.000000     0.000000     0.000000
   -0.000000     1.000000    -0.000000   -73.620000     0.000000     0.000000     0.000000     0.000000     0.000000    -0.000000     0.000000     0.000000    -0.000000    -0.000000    -0.000000    -0.000000
   -0.000000    -0.000000     0.000000     0.000000     0.000000    -0.000000     1.000000    -0.000000    -0.000000     0.000000    -0.000000     0.000000     0.000000     0.000000     0.000000     0.000000

    0.000011     0.134700   -14.300000    -9.810000    -0.000000    -0.000000     0.000000     0.000000     0.000000    -0.000000     0.000000     0.000000    -0.000652     0.029510    -0.000000     0.010440
   -0.084000    -0.654900   106.000000    -0.000000     0.000000     0.000000    -0.000000    -0.000000     0.000000    -0.000000     0.000000     0.000000     0.008300    -0.354300     0.000000    -0.139500
    0.004293    -0.035020    -1.248000     0.000000    -0.002478    -0.110500     0.042640     0.000000    -0.000000     0.000000    -0.000000     0.000000    -0.000581    -0.006136     0.002492    -0.062720
   -0.000000    -0.000000     1.000000     0.000000     0.000000    -0.000000    -0.000000     0.000000    -0.000000     0.000000    -0.000000     0.000000     0.000000     0.000000     0.000000     0.000000
    0.000000     0.000000    -0.000000    -0.000000    -0.109200    14.190000  -109.300000     9.810000    -0.000000     0.000000    -0.000000    -0.000000     0.000000    -0.000000     0.002639    -0.000000
    0.000425    -0.003468    -0.123600    -0.000000    -1.029000   -46.420000    17.530000    -0.000000     0.000000    -0.000000     0.000000    -0.000000    -0.000058    -0.000608     1.046000    -0.006212
    0.000001    -0.000011    -0.000400    -0.000000     0.008504    -0.942100    -0.540000    -0.000000     0.000000    -0.000000     0.000000    -0.000000    -0.000000    -0.000002     0.017580    -0.000020
   -0.000000    -0.000000     0.000000    -0.000000     0.000000     1.000000     0.000000     0.000000    -0.000000     0.000000    -0.000000     0.000000     0.000000     0.000000     0.000000     0.000000
    1.000000     0.000000    -0.000000    14.020000    -0.000000     0.000000     0.000000     0.000000     0.000000    -0.000000     0.000000     0.000000    -0.000000    -0.000000    -0.000000    -0.000000
    0.000000    -0.000000     0.000000    -0.000000     1.000000    -0.000000    -0.000000   -14.020000    -0.000000     0.000000    -0.000000   114.400000     0.000000     0.000000     0.000000     0.000000
   -0.000000     1.000000    -0.000000  -114.400000     0.000000     0.000000     0.000000     0.000000     0.000000    -0.000000     0.000000     0.000000    -0.000000    -0.000000    -0.000000    -0.000000
   -0.000000    -0.000000     0.000000    -0.000000     0.000000    -0.000000     1.000000    -0.000000    -0.000000     0.000000    -0.000000     0.000000     0.000000     0.000000     0.000000     0.000000

    0.000006     0.060360   -14.590000    -9.810000     0.000000     0.000000     0.000000     0.000000     0.000000    -0.000000     0.000000     0.000000    -0.000379     0.021740    -0.000000     0.007993
   -0.048240    -0.569200   223.100000    -0.000000    -0.000000     0.000000     0.000000    -0.000000     0.000000    -0.000000     0.000000     0.000000     0.014190    -0.647600     0.000000    -0.234900
    0.002268    -0.035980    -1.324000     0.000000    -0.003991    -0.201900     0.062960     0.000000    -0.000000     0.000000    -0.000000     0.000000    -0.001491    -0.016320     0.009253    -0.136600
   -0.000000    -0.000000     1.000000     0.000000     0.000000    -0.000000    -0.000000     0.000000    -0.000000     0.000000    -0.000000     0.000000     0.000000     0.000000     0.000000     0.000000
   -0.000000    -0.000000     0.000000    -0.000000    -0.086050    14.380000  -225.900000     9.810000    -0.000000     0.000000    -0.000000    -0.000000     0.000000    -0.000000     0.006984     0.000000
    0.000374    -0.005936    -0.218400    -0.000000    -1.263000   -64.450000    19.760000    -0.000000     0.000000    -0.000000     0.000000    -0.000000    -0.000246    -0.002692     2.952000    -0.022540
    0.000001    -0.000013    -0.000471    -0.000000     0.010850    -0.813400    -0.546100    -0.000000     0.000000    -0.000000     0.000000    -0.000000    -0.000001    -0.000006     0.033130    -0.000049
   -0.000000    -0.000000     0.000000     0.000000     0.000000     1.000000     0.000000     0.000000    -0.000000     0.000000    -0.000000     0.000000     0.000000     0.000000     0.000000     0.000000
    1.000000     0.000000    -0.000000    14.480000    -0.000000     0.000000     0.000000     0.000000     0.000000    -0.000000     0.000000     0.000000    -0.000000    -0.000000    -0.000000    -0.000000
    0.000000    -0.000000     0.000000    -0.000000     1.000000    -0.000000    -0.000000   -14.480000    -0.000000     0.000000    -0.000000   229.700000     0.000000     0.000000     0.000000     0.000000
   -0.000000     1.000000    -0.000000  -229.700000     0.000000     0.000000     0.000000     0.000000     0.000000    -0.000000     0.000000     0.000000    -0.000000    -0.000000    -0.000000    -0.000000
   -0.000000    -0.000000     0.000000     0.000000     0.000000    -0.000000     1.000000    -0.000000    -0.000000     0.000000    -0.000000     0.000000     0.000000     0.000000     0.000000     0.000000

   -0.000004     0.059730   -13.570000    -9.810000     0.000000     0.000000     0.000000     0.000000     0.000000    -0.000000     0.000000     0.000000    -0.000359     0.020980    -0.000000     0.007764
   -0.048850    -0.600800   222.800000    -0.000000    -0.000000     0.000000    -0.000000    -0.000000     0.000000    -0.000000     0.000000     0.000000     0.014970    -0.684100     0.000000    -0.247900
    0.002100    -0.035850    -1.323000     0.000000    -0.003954    -0.202000     0.061840     0.000000    -0.000000     0.000000    -0.000000     0.000000    -0.001492    -0.016300     0.009262    -0.136600
   -0.000000    -0.000000     1.000000    -0.000000     0.000000    -0.000000    -0.000000    -0.000000    -0.000000     0.000000    -0.000000    -0.000000     0.000000     0.000000     0.000000     0.000000
   -0.000000    -0.000000     0.000000    -0.000000    -0.090950    13.330000  -225.800000     9.810000    -0.000000     0.000000    -0.000000    -0.000000     0.000000    -0.000000     0.007538     0.000000
    0.000347    -0.005914    -0.218300    -0.000000    -1.251000   -64.470000    19.400000    -0.000000     0.000000    -0.000000     0.000000    -0.000000    -0.000246    -0.002688     2.955000    -0.022530
    0.000001    -0.000013    -0.000470    -0.000000     0.011080    -0.801400    -0.548600    -0.000000     0.000000    -0.000000     0.000000    -0.000000    -0.000001    -0.000006     0.032990    -0.000049
   -0.000000    -0.000000     0.000000     0.000000     0.000000     1.000000     0.000000    -0.000000    -0.000000     0.000000    -0.000000    -0.000000     0.000000     0.000000     0.000000     0.000000
    1.000000     0.000000    -0.000000    13.460000    -0.000000     0.000000     0.000000     0.000000     0.000000    -0.000000     0.000000     0.000000    -0.000000    -0.000000    -0.000000    -0.000000
    0.000000    -0.000000     0.000000    -0.000000     1.000000    -0.000000    -0.000000   -13.460000    -0.000000     0.000000    -0.000000   229.800000     0.000000     0.000000     0.000000     0.000000
   -0.000000     1.000000    -0.000000  -229.800000     0.000000     0.000000     0.000000     0.000000     0.000000    -0.000000     0.000000     0.000000    -0.000000    -0.000000    -0.000000    -0.000000
   -0.000000    -0.000000     0.000000     0.000000     0.000000    -0.000000     1.000000    -0.000000    -0.000000     0.000000    -0.000000    -0.000000     0.000000     0.000000     0.000000     0.000000

    0.000041     0.133900   -13.420000    -9.810000    -0.000000    -0.000000     0.000000     0.000000     0.000000    -0.000000     0.000000     0.000000    -0.000640     0.029100     0.000000     0.010290
   -0.084580    -0.690600   105.700000    -0.000000     0.000000     0.000000    -0.000000    -0.000000     0.000000    -0.000000     0.000000     0.000000     0.008756    -0.374300    -0.000000    -0.147200
    0.004000    -0.034840    -1.247000     0.000000    -0.002447    -0.110600     0.041670     0.000000    -0.000000     0.000000    -0.000000     0.000000    -0.000583    -0.006124     0.002499    -0.062720
   -0.000000    -0.000000     1.000000     0.000000     0.000000    -0.000000    -0.000000     0.000000    -0.000000     0.000000    -0.000000     0.000000     0.000000     0.000000     0.000000     0.000000
    0.000000     0.000000    -0.000000    -0.000000    -0.115500    13.270000  -109.100000     9.810000    -0.000000     0.000000    -0.000000    -0.000000     0.000000    -0.000000     0.002973    -0.000000
    0.000396    -0.003450    -0.123500    -0.000000    -1.016000   -46.470000    17.130000    -0.000000     0.000000    -0.000000     0.000000    -0.000000    -0.000058    -0.000607     1.048000    -0.006212
    0.000001    -0.000011    -0.000400    -0.000000     0.008896    -0.922700    -0.544600    -0.000000     0.000000    -0.000000     0.000000    -0.000000    -0.000000    -0.000002     0.017470    -0.000020
   -0.000000    -0.000000     0.000000    -0.000000     0.000000     1.000000     0.000000     0.000000    -0.000000     0.000000    -0.000000     0.000000     0.000000     0.000000     0.000000     0.000000
    1.000000     0.000000    -0.000000    13.140000    -0.000000     0.000000     0.000000     0.000000     0.000000    -0.000000     0.000000     0.000000    -0.000000    -0.000000    -0.000000    -0.000000
    0.000000    -0.000000     0.000000    -0.000000     1.000000    -0.000000    -0.000000   -13.140000    -0.000000     0.000000    -0.000000   114.500000     0.000000     0.000000     0.000000     0.000000
   -0.000000     1.000000    -0.000000  -114.500000     0.000000     0.000000     0.000000     0.000000     0.000000    -0.000000     0.000000     0.000000    -0.000000    -0.000000    -0.000000    -0.000000
   -0.000000    -0.000000     0.000000    -0.000000     0.000000    -0.000000     1.000000    -0.000000    -0.000000     0.000000    -0.000000     0.000000     0.000000     0.000000     0.000000     0.000000

   -0.001025     0.218700   -17.650000    -9.810000     0.000000     0.000000     0.000000     0.000000     0.000000    -0.000000     0.000000     0.000000    -0.000801     0.033280    -0.000000     0.012150
   -0.116200    -0.562000    66.340000    -0.000000    -0.000000     0.000000     0.000000    -0.000000     0.000000    -0.000000     0.000000     0.000000     0.004647    -0.189800    -0.000000    -0.079550
    0.006422    -0.027680    -0.934500     0.000000    -0.001691    -0.063340     0.032360     0.000000    -0.000000     0.000000    -0.000000     0.000000    -0.000246    -0.002667     0.000913    -0.029940
   -0.000000    -0.000000     1.000000     0.000000     0.000000    -0.000000    -0.000000     0.000000    -0.000000     0.000000    -0.000000     0.000000     0.000000     0.000000     0.000000     0.000000
    0.000000     0.000000     0.000000    -0.000000    -0.097070    17.790000   -68.950000     9.810000    -0.000000     0.000000    -0.000000    -0.000000    -0.000000     0.000000    -0.000030     0.000000
    0.000508    -0.002187    -0.073850    -0.000000    -0.809500   -30.750000    15.350000    -0.000000     0.000000    -0.000000     0.000000    -0.000000    -0.000019    -0.000211     0.441500    -0.002366
    0.000002    -0.000008    -0.000276    -0.000000     0.002726    -0.901700    -0.378300    -0.000000     0.000000    -0.000000     0.000000    -0.000000    -0.000000    -0.000001     0.009555    -0.000009
   -0.000000    -0.000000     0.000000     0.000000     0.000000     1.000000     0.000000     0.000000    -0.000000     0.000000    -0.000000     0.000000     0.000000     0.000000     0.000000     0.000000
    1.000000     0.000000    -0.000000    17.140000    -0.000000     0.000000     0.000000     0.000000     0.000000    -0.000000     0.000000     0.000000    -0.000000    -0.000000    -0.000000    -0.000000
    0.000000    -0.000000     0.000000    -0.000000     1.000000    -0.000000    -0.000000   -17.140000    -0.000000     0.000000    -0.000000    73.870000     0.000000     0.000000     0.000000     0.000000
   -0.000000     1.000000    -0.000000   -73.870000     0.000000     0.000000     0.000000     0.000000     0.000000    -0.000000     0.000000     0.000000    -0.000000    -0.000000    -0.000000    -0.000000
   -0.000000    -0.000000     0.000000     0.000000     0.000000    -0.000000     1.000000     0.000000    -0.000000     0.000000    -0.000000     0.000000     0.000000     0.000000     0.000000     0.000000
