 ---------------------------------------------------------------
 Surface and Strip Forces by surface

  Sref =  151.41       Cref =  4.4752       Bref =  40.756    
  Xref =  19.091       Yref =  0.0000       Zref =-0.93235    

  Surface # 1     main_wing_1                             
     # Chordwise = 10   # Spanwise = 30     First strip =  1
     Surface area Ssurf =   76.063440     Ave. chord Cave =    3.713983

 Forces referred to Sref, Cref, Bref about Xref, Yref, Zref
 Standard axis orientation,  X fwd, Z down         
     CLsurf  =   0.36654     Clsurf  =  -0.07473
     CYsurf  =  -0.01694     Cmsurf  =   0.07392
     CDsurf  =   0.00987     Cnsurf  =  -0.00773
     CDisurf =   0.00987     CDvsurf =   0.00000

 Forces referred to Ssurf, Cave 
     CLsurf  =   0.72980     CDsurf  =   0.01964

 Strip Forces referred to Strip Area, Chord
    j     Xle      Yle      Zle      Chord    Area     c_cl     ai     cl_norm    cl       cd       cdv    cm_c/4     cm_LE   C.P.x/c
     1  13.1562   0.0132  -0.9323   6.7727   0.3582   4.1505   0.0822   0.6097   0.6097   0.0619   0.0000  -0.0305  -0.1837    0.300
     2  13.1562   0.1189  -0.9323   6.7727   1.0708   4.1494   0.0828   0.6096   0.6096   0.0615   0.0000  -0.0305  -0.1837    0.300
     3  13.1562   0.3290  -0.9323   6.7727   1.7716   4.1406   0.0834   0.6084   0.6084   0.0607   0.0000  -0.0307  -0.1835    0.300
     4  13.1562   0.6413  -0.9323   6.7727   2.4529   4.1115   0.0837   0.6042   0.6042   0.0591   0.0000  -0.0308  -0.1825    0.301
     5  13.1562   1.0524  -0.9323   6.7727   3.1075   4.0501   0.0836   0.5955   0.5955   0.0558   0.0000  -0.0306  -0.1801    0.301
     6  13.1562   1.5577  -0.9323   6.7727   3.7279   3.9596   0.0818   0.5824   0.5824   0.0526   0.0000  -0.0305  -0.1767    0.302
     7  13.3505   2.1655  -0.8985   6.5993   4.4092   3.7758   0.0758   0.7021   0.5713   0.0391   0.0000  -0.0303  -0.1486    0.303
     8  13.7775   2.8720  -0.8243   6.2184   4.6681   3.6926   0.0713   0.7305   0.5944   0.0278   0.0000  -0.0256  -0.1492    0.293
     9  14.2518   3.6566  -0.7418   5.7952   4.7814   3.5974   0.0692   0.7647   0.6222   0.0213   0.0000  -0.0247  -0.1542    0.290
    10  14.7910   4.5487  -0.6481   5.3142   5.1436   3.4834   0.0680   0.8082   0.6576   0.0177   0.0000  -0.0258  -0.1625    0.289
    11  15.3918   5.5427  -0.5436   4.7782   4.9135   3.3484   0.0639   0.8643   0.7033   0.0166   0.0000  -0.0296  -0.1755    0.292
    12  16.0255   6.5912  -0.4334   4.2129   4.5391   3.2118   0.0479   0.9394   0.7644   0.0241   0.0000  -0.0422  -0.1995    0.305
    13  16.6115   7.6326  -0.3239   3.8242   3.8740   3.0857   0.0231   0.9937   0.8092   0.0248   0.0000  -0.0390  -0.2140    0.298
    14  17.1396   8.6528  -0.2167   3.6265   3.7565   2.9629   0.0175   1.0078   0.8207   0.0127   0.0000  -0.0297  -0.2080    0.286
    15  17.6765   9.6902  -0.1077   3.4255   3.5876   2.8365   0.0191   1.0224   0.8325   0.0061   0.0000  -0.0257  -0.2069    0.281
    16  18.2163  10.7332   0.0019   3.2234   3.3760   2.7060   0.0208   1.0370   0.8444   0.0030   0.0000  -0.0243  -0.2082    0.279
    17  18.7532  11.7705   0.1110   3.0224   3.1308   2.5703   0.0219   1.0507   0.8556   0.0010   0.0000  -0.0238  -0.2102    0.278
    18  19.2813  12.7907   0.2182   2.8247   2.8615   2.4307   0.0225   1.0634   0.8659  -0.0006   0.0000  -0.0235  -0.2121    0.277
    19  19.7947  13.7827   0.3224   2.6325   2.5775   2.2885   0.0232   1.0745   0.8750  -0.0021   0.0000  -0.0232  -0.2138    0.276
    20  20.3028  14.7644   0.4256   2.4423   2.4220   2.1421   0.0241   1.0843   0.8829  -0.0034   0.0000  -0.0229  -0.2153    0.276
    21  20.7990  15.7230   0.5264   2.2565   2.1063   1.9921   0.0258   1.0915   0.8888  -0.0047   0.0000  -0.0223  -0.2161    0.275
    22  21.2625  16.6185   0.6205   2.0830   1.8017   1.8416   0.0288   1.0933   0.8903  -0.0059   0.0000  -0.0213  -0.2154    0.274
    23  21.6883  17.4411   0.7070   1.9236   1.5139   1.6895   0.0340   1.0863   0.8845  -0.0068   0.0000  -0.0194  -0.2125    0.272
    24  22.0716  18.1818   0.7848   1.7801   1.2468   1.5321   0.0422   1.0646   0.8669  -0.0074   0.0000  -0.0161  -0.2056    0.269
    25  22.4084  18.8324   0.8532   1.6540   1.0026   1.3615   0.0544   1.0182   0.8291  -0.0079   0.0000  -0.0101  -0.1920    0.262
    26  22.6948  19.3859   0.9113   1.5468   0.7816   1.1649   0.0702   0.9318   0.7588  -0.0084   0.0000  -0.0002  -0.1676    0.250
    27  22.9086  19.7989   0.9548   1.4667   0.4825   0.9405   0.0857   0.7937   0.6463  -0.0099   0.0000   0.0125  -0.1314    0.231
    28  23.0546  20.0810   0.9844   1.4121   0.3355   0.6985   0.0971   0.6127   0.4989  -0.0104   0.0000   0.0211  -0.0912    0.208
    29  23.1528  20.2708   1.0044   1.3753   0.1975   0.4309   0.1046   0.3884   0.3163  -0.0094   0.0000   0.0206  -0.0513    0.185
    30  23.2022  20.3662   1.0144   1.3568   0.0652   0.1457   0.1086   0.1336   0.1088  -0.0067   0.0000   0.0085  -0.0163    0.172

  Surface # 2     main_wing_1 (YDUP)                      
     # Chordwise = 10   # Spanwise = 30     First strip = 31
     Surface area Ssurf =   76.063440     Ave. chord Cave =    3.713983

 Forces referred to Sref, Cref, Bref about Xref, Yref, Zref
 Standard axis orientation,  X fwd, Z down         
     CLsurf  =   0.36654     Clsurf  =   0.07473
     CYsurf  =   0.01694     Cmsurf  =   0.07392
     CDsurf  =   0.00987     Cnsurf  =   0.00773
     CDisurf =   0.00987     CDvsurf =   0.00000

 Forces referred to Ssurf, Cave 
     CLsurf  =   0.72980     CDsurf  =   0.01964

 Strip Forces referred to Strip Area, Chord
    j     Xle      Yle      Zle      Chord    Area     c_cl     ai     cl_norm    cl       cd       cdv    cm_c/4     cm_LE   C.P.x/c
    31  13.1562  -0.0132  -0.9323   6.7727   0.3582   4.1505   0.0822   0.6097   0.6097   0.0619   0.0000  -0.0305   0.1837    0.300
    32  13.1562  -0.1189  -0.9323   6.7727   1.0708   4.1494   0.0828   0.6096   0.6096   0.0615   0.0000  -0.0305   0.1837    0.300
    33  13.1562  -0.3290  -0.9323   6.7727   1.7716   4.1406   0.0834   0.6084   0.6084   0.0607   0.0000  -0.0307   0.1835    0.300
    34  13.1562  -0.6413  -0.9323   6.7727   2.4529   4.1115   0.0837   0.6042   0.6042   0.0591   0.0000  -0.0308   0.1825    0.301
    35  13.1562  -1.0524  -0.9323   6.7727   3.1075   4.0501   0.0836   0.5955   0.5955   0.0558   0.0000  -0.0306   0.1801    0.301
    36  13.1562  -1.5577  -0.9323   6.7727   3.7279   3.9596   0.0818   0.5824   0.5824   0.0526   0.0000  -0.0305   0.1767    0.302
    37  13.3505  -2.1655  -0.8985   6.5993   4.4092   3.7758   0.0758   0.7021   0.5713   0.0391   0.0000  -0.0303   0.1486    0.303
    38  13.7775  -2.8720  -0.8243   6.2184   4.6681   3.6926   0.0713   0.7305   0.5944   0.0278   0.0000  -0.0256   0.1492    0.293
    39  14.2518  -3.6566  -0.7418   5.7952   4.7814   3.5974   0.0692   0.7647   0.6222   0.0213   0.0000  -0.0247   0.1542    0.290
    40  14.7910  -4.5487  -0.6481   5.3142   5.1436   3.4834   0.0680   0.8082   0.6576   0.0177   0.0000  -0.0258   0.1625    0.289
    41  15.3918  -5.5427  -0.5436   4.7782   4.9135   3.3484   0.0639   0.8643   0.7033   0.0166   0.0000  -0.0296   0.1755    0.292
    42  16.0255  -6.5912  -0.4334   4.2129   4.5391   3.2118   0.0479   0.9394   0.7644   0.0241   0.0000  -0.0422   0.1995    0.305
    43  16.6115  -7.6326  -0.3239   3.8242   3.8740   3.0857   0.0231   0.9937   0.8092   0.0248   0.0000  -0.0390   0.2140    0.298
    44  17.1396  -8.6528  -0.2167   3.6265   3.7565   2.9629   0.0175   1.0078   0.8207   0.0127   0.0000  -0.0297   0.2080    0.286
    45  17.6765  -9.6902  -0.1077   3.4255   3.5876   2.8365   0.0191   1.0224   0.8325   0.0061   0.0000  -0.0257   0.2069    0.281
    46  18.2163 -10.7332   0.0019   3.2234   3.3760   2.7060   0.0208   1.0370   0.8444   0.0030   0.0000  -0.0243   0.2082    0.279
    47  18.7532 -11.7705   0.1110   3.0224   3.1308   2.5703   0.0219   1.0507   0.8556   0.0010   0.0000  -0.0238   0.2102    0.278
    48  19.2813 -12.7907   0.2182   2.8247   2.8615   2.4307   0.0225   1.0634   0.8659  -0.0006   0.0000  -0.0235   0.2121    0.277
    49  19.7947 -13.7827   0.3224   2.6325   2.5775   2.2885   0.0232   1.0745   0.8750  -0.0021   0.0000  -0.0232   0.2138    0.276
    50  20.3028 -14.7644   0.4256   2.4423   2.4220   2.1421   0.0241   1.0843   0.8829  -0.0034   0.0000  -0.0229   0.2153    0.276
    51  20.7990 -15.7230   0.5264   2.2565   2.1063   1.9921   0.0258   1.0915   0.8888  -0.0047   0.0000  -0.0223   0.2161    0.275
    52  21.2625 -16.6185   0.6205   2.0830   1.8017   1.8416   0.0288   1.0933   0.8903  -0.0059   0.0000  -0.0213   0.2154    0.274
    53  21.6883 -17.4411   0.7070   1.9236   1.5139   1.6895   0.0340   1.0863   0.8845  -0.0068   0.0000  -0.0194   0.2125    0.272
    54  22.0716 -18.1818   0.7848   1.7801   1.2468   1.5321   0.0422   1.0646   0.8669  -0.0074   0.0000  -0.0161   0.2056    0.269
    55  22.4084 -18.8324   0.8532   1.6540   1.0026   1.3615   0.0544   1.0182   0.8291  -0.0079   0.0000  -0.0101   0.1920    0.262
    56  22.6948 -19.3859   0.9113   1.5468   0.7816   1.1649   0.0702   0.9318   0.7588  -0.0084   0.0000  -0.0002   0.1676    0.250
    57  22.9086 -19.7989   0.9548   1.4667   0.4825   0.9405   0.0857   0.7937   0.6463  -0.0099   0.0000   0.0125   0.1314    0.231
    58  23.0546 -20.0810   0.9844   1.4121   0.3355   0.6985   0.0971   0.6127   0.4989  -0.0104   0.0000   0.0211   0.0912    0.208
    59  23.1528 -20.2708   1.0044   1.3753   0.1975   0.4309   0.1046   0.3884   0.3163  -0.0094   0.0000   0.0206   0.0513    0.185
    60  23.2022 -20.3662   1.0144   1.3568   0.0652   0.1457   0.1086   0.1336   0.1088  -0.0067   0.0000   0.0085   0.0163    0.172

  Surface # 3     horizontal_stabilizer                   
     # Chordwise = 10   # Spanwise = 30     First strip = 61
     Surface area Ssurf =   24.801542     Ave. chord Cave =    3.464048

 Forces referred to Sref, Cref, Bref about Xref, Yref, Zref
 Standard axis orientation,  X fwd, Z down         
     CLsurf  =   0.02767     Clsurf  =  -0.00220
     CYsurf  =   0.00083     Cmsurf  =  -0.10114
     CDsurf  =   0.00194     Cnsurf  =  -0.00046
     CDisurf =   0.00194     CDvsurf =   0.00000

 Forces referred to Ssurf, Cave 
     CLsurf  =   0.16891     CDsurf  =   0.01187

 Strip Forces referred to Strip Area, Chord
    j     Xle      Yle      Zle      Chord    Area     c_cl     ai     cl_norm    cl       cd       cdv    cm_c/4     cm_LE   C.P.x/c
    61  32.2591   0.0046   1.0597   4.8737   0.0901   0.7133   0.0904   0.1921   0.1376   0.0867   0.0000  -0.0071  -0.0352    0.302
    62  32.2862   0.0415   1.0597   4.8591   0.2685   0.7134   0.0909   0.2032   0.1455   0.0202   0.0000  -0.0070  -0.0352    0.298
    63  32.3400   0.1150   1.0597   4.8302   0.4415   0.7131   0.0915   0.2050   0.1468   0.0156   0.0000  -0.0065  -0.0350    0.294
    64  32.4201   0.2241   1.0597   4.7871   0.6059   0.7113   0.0921   0.2065   0.1479   0.0147   0.0000  -0.0054  -0.0343    0.287
    65  32.5254   0.3678   1.0597   4.7305   0.7585   0.7062   0.0927   0.2076   0.1486   0.0143   0.0000  -0.0038  -0.0332    0.276
    66  32.6549   0.5443   1.0597   4.6609   0.8965   0.6947   0.0933   0.2073   0.1484   0.0139   0.0000  -0.0016  -0.0313    0.260
    67  32.8112   0.7575   1.0597   4.5768   1.0696   0.6662   0.0695   0.2026   0.1450   0.0130   0.0000   0.0024  -0.0274    0.234
    68  32.9935   1.0059   1.0597   4.4789   1.1761   0.6471   0.0702   0.2011   0.1440   0.0125   0.0000   0.0051  -0.0250    0.215
    69  33.1959   1.2819   1.0597   4.3701   1.2611   0.6311   0.0708   0.2011   0.1440   0.0122   0.0000   0.0072  -0.0233    0.200
    70  33.4163   1.5823   1.0597   4.2516   1.3241   0.6191   0.0713   0.2028   0.1452   0.0120   0.0000   0.0089  -0.0222    0.189
    71  33.6522   1.9039   1.0597   4.1248   1.3648   0.6120   0.0717   0.2067   0.1480   0.0119   0.0000   0.0102  -0.0217    0.181
    72  33.9010   2.2432   1.0597   3.9911   1.3836   0.6095   0.0721   0.2128   0.1523   0.0119   0.0000   0.0114  -0.0216    0.175
    73  34.1600   2.5963   1.0597   3.8519   1.3816   0.6104   0.0724   0.2209   0.1581   0.0120   0.0000   0.0124  -0.0220    0.172
    74  34.4265   2.9595   1.0597   3.7087   1.3602   0.6139   0.0727   0.2308   0.1652   0.0121   0.0000   0.0133  -0.0227    0.170
    75  34.6973   3.3289   1.0597   3.5631   1.3213   0.6192   0.0730   0.2424   0.1735   0.0123   0.0000   0.0142  -0.0236    0.168
    76  34.9697   3.7002   1.0597   3.4167   1.2670   0.6254   0.0733   0.2553   0.1828   0.0124   0.0000   0.0152  -0.0246    0.167
    77  35.2406   4.0695   1.0597   3.2711   1.1997   0.6302   0.0737   0.2688   0.1925   0.0124   0.0000   0.0165  -0.0256    0.164
    78  35.5070   4.4327   1.0597   3.1279   1.1219   0.6309   0.0743   0.2816   0.2016   0.0122   0.0000   0.0179  -0.0263    0.161
    79  35.7661   4.7859   1.0597   2.9886   1.0361   0.6251   0.0750   0.2921   0.2091   0.0118   0.0000   0.0194  -0.0265    0.157
    80  36.0149   5.1251   1.0597   2.8549   0.9446   0.6115   0.0757   0.2993   0.2143   0.0113   0.0000   0.0211  -0.0262    0.152
    81  36.2508   5.4467   1.0597   2.7281   0.8496   0.5894   0.0766   0.3020   0.2162   0.0105   0.0000   0.0228  -0.0251    0.144
    82  36.4711   5.7471   1.0597   2.6097   0.7531   0.5590   0.0773   0.2996   0.2145   0.0096   0.0000   0.0246  -0.0233    0.135
    83  36.6736   6.0231   1.0597   2.5009   0.6567   0.5210   0.0778   0.2915   0.2087   0.0086   0.0000   0.0261  -0.0209    0.125
    84  36.8558   6.2716   1.0597   2.4029   0.5615   0.4768   0.0780   0.2778   0.1988   0.0074   0.0000   0.0270  -0.0182    0.114
    85  37.0159   6.4899   1.0597   2.3169   0.4686   0.4292   0.0782   0.2594   0.1857   0.0063   0.0000   0.0266  -0.0159    0.107
    86  37.1654   6.6937   1.0597   2.2365   0.4544   0.3832   0.1028   0.2400   0.1718   0.0056   0.0000   0.0229  -0.0161    0.117
    87  37.2989   6.8757   1.0597   2.1647   0.3472   0.3110   0.1031   0.2013   0.1441   0.0039   0.0000   0.0205  -0.0124    0.108
    88  37.4004   7.0140   1.0597   2.1102   0.2444   0.2282   0.1034   0.1517   0.1086   0.0020   0.0000   0.0169  -0.0082    0.094
    89  37.4686   7.1071   1.0597   2.0735   0.1452   0.1392   0.1036   0.0943   0.0675   0.0002   0.0000   0.0113  -0.0044    0.083
    90  37.5029   7.1538   1.0597   2.0551   0.0481   0.0468   0.1038   0.0323   0.0231  -0.0016   0.0000   0.0040  -0.0014    0.078

  Surface # 4     horizontal_stabilizer (YDUP)            
     # Chordwise = 10   # Spanwise = 30     First strip = 91
     Surface area Ssurf =   24.801542     Ave. chord Cave =    3.464048

 Forces referred to Sref, Cref, Bref about Xref, Yref, Zref
 Standard axis orientation,  X fwd, Z down         
     CLsurf  =   0.02767     Clsurf  =   0.00220
     CYsurf  =  -0.00083     Cmsurf  =  -0.10114
     CDsurf  =   0.00194     Cnsurf  =   0.00046
     CDisurf =   0.00194     CDvsurf =   0.00000

 Forces referred to Ssurf, Cave 
     CLsurf  =   0.16891     CDsurf  =   0.01187

 Strip Forces referred to Strip Area, Chord
    j     Xle      Yle      Zle      Chord    Area     c_cl     ai     cl_norm    cl       cd       cdv    cm_c/4     cm_LE   C.P.x/c
    91  32.2591  -0.0046   1.0597   4.8737   0.0901   0.7133   0.0904   0.1921   0.1376   0.0867   0.0000  -0.0071   0.0352    0.302
    92  32.2862  -0.0415   1.0597   4.8591   0.2685   0.7134   0.0909   0.2032   0.1455   0.0202   0.0000  -0.0070   0.0352    0.298
    93  32.3400  -0.1150   1.0597   4.8302   0.4415   0.7131   0.0915   0.2050   0.1468   0.0156   0.0000  -0.0065   0.0350    0.294
    94  32.4201  -0.2241   1.0597   4.7871   0.6059   0.7113   0.0921   0.2065   0.1479   0.0147   0.0000  -0.0054   0.0343    0.287
    95  32.5254  -0.3678   1.0597   4.7305   0.7585   0.7062   0.0927   0.2076   0.1486   0.0143   0.0000  -0.0038   0.0332    0.276
    96  32.6549  -0.5443   1.0597   4.6609   0.8965   0.6947   0.0933   0.2073   0.1484   0.0139   0.0000  -0.0016   0.0313    0.260
    97  32.8112  -0.7575   1.0597   4.5768   1.0696   0.6662   0.0695   0.2026   0.1450   0.0130   0.0000   0.0024   0.0274    0.234
    98  32.9935  -1.0059   1.0597   4.4789   1.1761   0.6471   0.0702   0.2011   0.1440   0.0125   0.0000   0.0051   0.0250    0.215
    99  33.1959  -1.2819   1.0597   4.3701   1.2611   0.6311   0.0708   0.2011   0.1440   0.0122   0.0000   0.0072   0.0233    0.200
   100  33.4163  -1.5823   1.0597   4.2516   1.3241   0.6191   0.0713   0.2028   0.1452   0.0120   0.0000   0.0089   0.0222    0.189
   101  33.6522  -1.9039   1.0597   4.1248   1.3648   0.6120   0.0717   0.2067   0.1480   0.0119   0.0000   0.0102   0.0217    0.181
   102  33.9010  -2.2432   1.0597   3.9911   1.3836   0.6095   0.0721   0.2128   0.1523   0.0119   0.0000   0.0114   0.0216    0.175
   103  34.1600  -2.5963   1.0597   3.8519   1.3816   0.6104   0.0724   0.2209   0.1581   0.0120   0.0000   0.0124   0.0220    0.172
   104  34.4265  -2.9595   1.0597   3.7087   1.3602   0.6139   0.0727   0.2308   0.1652   0.0121   0.0000   0.0133   0.0227    0.170
   105  34.6973  -3.3289   1.0597   3.5631   1.3213   0.6192   0.0730   0.2424   0.1735   0.0123   0.0000   0.0142   0.0236    0.168
   106  34.9697  -3.7002   1.0597   3.4167   1.2670   0.6254   0.0733   0.2553   0.1828   0.0124   0.0000   0.0152   0.0246    0.167
   107  35.2406  -4.0695   1.0597   3.2711   1.1997   0.6302   0.0737   0.2688   0.1925   0.0124   0.0000   0.0165   0.0256    0.164
   108  35.5070  -4.4327   1.0597   3.1279   1.1219   0.6309   0.0743   0.2816   0.2016   0.0122   0.0000   0.0179   0.0263    0.161
   109  35.7661  -4.7859   1.0597   2.9886   1.0361   0.6251   0.0750   0.2921   0.2091   0.0118   0.0000   0.0194   0.0265    0.157
   110  36.0149  -5.1251   1.0597   2.8549   0.9446   0.6115   0.0757   0.2993   0.2143   0.0113   0.0000   0.0211   0.0262    0.152
   111  36.2508  -5.4467   1.0597   2.7281   0.8496   0.5894   0.0766   0.3020   0.2162   0.0105   0.0000   0.0228   0.0251    0.144
   112  36.4711  -5.7471   1.0597   2.6097   0.7531   0.5590   0.0773   0.2996   0.2145   0.0096   0.0000   0.0246   0.0233    0.135
   113  36.6736  -6.0231   1.0597   2.5009   0.6567   0.5210   0.0778   0.2915   0.2087   0.0086   0.0000   0.0261   0.0209    0.125
   114  36.8558  -6.2716   1.0597   2.4029   0.5615   0.4768   0.0780   0.2778   0.1988   0.0074   0.0000   0.0270   0.0182    0.114
   115  37.0159  -6.4899   1.0597   2.3169   0.4686   0.4292   0.0782   0.2594   0.1857   0.0063   0.0000   0.0266   0.0159    0.107
   116  37.1654  -6.6937   1.0597   2.2365   0.4544   0.3832   0.1028   0.2400   0.1718   0.0056   0.0000   0.0229   0.0161    0.117
   117  37.2989  -6.8757   1.0597   2.1647   0.3472   0.3110   0.1031   0.2013   0.1441   0.0039   0.0000   0.0205   0.0124    0.108
   118  37.4004  -7.0140   1.0597   2.1102   0.2444   0.2282   0.1034   0.1517   0.1086   0.0020   0.0000   0.0169   0.0082    0.094
   119  37.4686  -7.1071   1.0597   2.0735   0.1452   0.1392   0.1036   0.0943   0.0675   0.0002   0.0000   0.0113   0.0044    0.083
   120  37.5029  -7.1538   1.0597   2.0551   0.0481   0.0468   0.1038   0.0323   0.0231  -0.0016   0.0000   0.0040   0.0014    0.078

  Surface # 5     vertical_stabilizer                     
     # Chordwise = 10   # Spanwise = 30     First strip =121
     Surface area Ssurf =   49.674121     Ave. chord Cave =    6.398089

 Forces referred to Sref, Cref, Bref about Xref, Yref, Zref
 Standard axis orientation,  X fwd, Z down         
     CLsurf  =   0.00000     Clsurf  =  -0.00000
     CYsurf  =  -0.00000     Cmsurf  =  -0.00000
     CDsurf  =   0.00000     Cnsurf  =   0.00000
     CDisurf =   0.00000     CDvsurf =   0.00000

 Forces referred to Ssurf, Cave 
     CLsurf  =   0.00000     CDsurf  =   0.00000

 Strip Forces referred to Strip Area, Chord
    j     Xle      Yle      Zle      Chord    Area     c_cl     ai     cl_norm    cl       cd       cdv    cm_c/4     cm_LE   C.P.x/c
   121  27.2121   0.0000   1.1113   9.6623   0.5775   0.0000  -0.0000   0.0000   0.0000   0.0000   0.0000  -0.0000  -0.0000  999.000
   122  27.3059   0.0000   1.1901   9.5956   0.9378   0.0000  -0.0000   0.0000   0.0000   0.0000   0.0000  -0.0000  -0.0000  999.000
   123  27.4446   0.0000   1.3066   9.4971   1.2816  -0.0000  -0.0000  -0.0000  -0.0000  -0.0000   0.0000  -0.0000  -0.0000  999.000
   124  27.6269   0.0000   1.4597   9.3675   1.6020  -0.0000   0.0000  -0.0000  -0.0000  -0.0000   0.0000   0.0000   0.0000  999.000
   125  27.8513   0.0000   1.6482   9.2079   1.8927  -0.0000   0.0000  -0.0000  -0.0000   0.0000   0.0000   0.0000   0.0000  999.000
   126  28.1157   0.0000   1.8704   9.0199   2.1481   0.0000   0.0000   0.0000   0.0000  -0.0000   0.0000   0.0000   0.0000  999.000
   127  28.4177   0.0000   2.1240   8.8053   2.3638   0.0000   0.0000   0.0000   0.0000  -0.0000   0.0000   0.0000   0.0000  999.000
   128  28.7542   0.0000   2.4066   8.5661   2.5368   0.0000   0.0000   0.0000   0.0000  -0.0000   0.0000   0.0000   0.0000   -0.932
   129  29.1219   0.0000   2.7155   8.3046   2.6649   0.0000  -0.0000   0.0000   0.0000  -0.0000   0.0000   0.0000   0.0000  999.000
   130  29.5172   0.0000   3.0476   8.0236   2.7474   0.0000  -0.0000   0.0000   0.0000  -0.0000   0.0000   0.0000   0.0000  999.000
   131  29.9362   0.0000   3.3995   7.7257   2.7851   0.0000   0.0000   0.0000   0.0000  -0.0000   0.0000   0.0000   0.0000  999.000
   132  30.3745   0.0000   3.7677   7.4141   2.7796   0.0000  -0.0000   0.0000   0.0000  -0.0000   0.0000   0.0000   0.0000  999.000
   133  30.8277   0.0000   4.1483   7.0919   2.7338   0.0000   0.0000   0.0000   0.0000  -0.0000   0.0000   0.0000   0.0000   -0.556
   134  31.2912   0.0000   4.5376   6.7625   2.6516   0.0000  -0.0000   0.0000   0.0000  -0.0000   0.0000   0.0000   0.0000   -0.302
   135  31.7601   0.0000   4.9315   6.4291   2.5374   0.0000   0.0000   0.0000   0.0000  -0.0000   0.0000   0.0000  -0.0000    0.135
   136  32.2297   0.0000   5.3260   6.0953   2.3965   0.0000  -0.0000   0.0000   0.0000   0.0000   0.0000   0.0000   0.0000   -0.016
   137  32.6951   0.0000   5.7169   5.7644   2.2343   0.0000   0.0000   0.0000   0.0000  -0.0000   0.0000   0.0000   0.0000   -0.105
   138  33.1514   0.0000   6.1002   5.4400   2.0562   0.0000   0.0000   0.0000   0.0000  -0.0000   0.0000   0.0000   0.0000   -0.042
   139  33.5939   0.0000   6.4718   5.1254   1.8679   0.0000  -0.0000   0.0000   0.0000   0.0000   0.0000   0.0000  -0.0000    0.114
   140  34.0180   0.0000   6.8281   4.8240   1.6743   0.0000  -0.0000   0.0000   0.0000  -0.0000   0.0000   0.0000   0.0000   -0.331
   141  34.4192   0.0000   7.1651   4.5387   1.4801   0.0000   0.0000   0.0000   0.0000  -0.0000   0.0000  -0.0000  -0.0000    0.376
   142  34.7934   0.0000   7.4794   4.2727   1.2891   0.0000   0.0000   0.0000   0.0000  -0.0000   0.0000   0.0000  -0.0000    0.198
   143  35.1366   0.0000   7.7677   4.0287   1.1044   0.0000   0.0000   0.0000   0.0000  -0.0000   0.0000   0.0000   0.0000   -0.147
   144  35.4453   0.0000   8.0270   3.8093   0.9284   0.0000  -0.0000   0.0000   0.0000  -0.0000   0.0000   0.0000   0.0000  999.000
   145  35.7161   0.0000   8.2545   3.6167   0.7621   0.0000  -0.0000   0.0000   0.0000  -0.0000   0.0000   0.0000   0.0000  999.000
   146  35.9463   0.0000   8.4479   3.4530   0.6061  -0.0000  -0.0000  -0.0000  -0.0000  -0.0000   0.0000   0.0000   0.0000  999.000
   147  36.1335   0.0000   8.6050   3.3200   0.4597   0.0000   0.0000   0.0000   0.0000   0.0000   0.0000   0.0000   0.0000  999.000
   148  36.2756   0.0000   8.7244   3.2190   0.3218   0.0000   0.0000   0.0000   0.0000   0.0000   0.0000   0.0000   0.0000   -0.587
   149  36.3711   0.0000   8.8047   3.1510   0.1903  -0.0000  -0.0000  -0.0000  -0.0000  -0.0000   0.0000   0.0000   0.0000  999.000
   150  36.4192   0.0000   8.8450   3.1169   0.0630   0.0000   0.0000   0.0000   0.0000  -0.0000   0.0000   0.0000   0.0000  999.000

  Surface # 6     fuselage_horizontal                     
     # Chordwise = 10   # Spanwise = 30     First strip =151
     Surface area Ssurf =  125.374167     Ave. chord Cave =   33.884910

 Forces referred to Sref, Cref, Bref about Xref, Yref, Zref
 Standard axis orientation,  X fwd, Z down         
     CLsurf  =  -0.00661     Clsurf  =  -0.00000
     CYsurf  =  -0.00000     Cmsurf  =   0.04795
     CDsurf  =  -0.00254     Cnsurf  =  -0.00000
     CDisurf =  -0.00254     CDvsurf =   0.00000

 Forces referred to Ssurf, Cave 
     CLsurf  =  -0.00798     CDsurf  =  -0.00306

 Strip Forces referred to Strip Area, Chord
    j     Xle      Yle      Zle      Chord    Area     c_cl     ai     cl_norm    cl       cd       cdv    cm_c/4     cm_LE   C.P.x/c
   151   4.5084  -1.7883   0.0000  24.6775   3.0436  -0.0406   0.1250  -0.0033  -0.0020   0.0034   0.0000   0.0053   0.0010  999.000
   152   3.8079  -1.6650   0.0000  27.0934   3.3415  -0.0646   0.1419  -0.0045  -0.0028   0.0032   0.0000   0.0070   0.0013  999.000
   153   3.1073  -1.5417   0.0000  29.5093   3.6395  -0.0796   0.1666  -0.0046  -0.0028   0.0010   0.0000   0.0077   0.0014  999.000
   154   2.5735  -1.4183   0.0000  31.2560   3.8549  -0.1192   0.1492  -0.0056  -0.0034  -0.0038   0.0000   0.0075   0.0027  999.000
   155   2.2064  -1.2950   0.0000  32.3337   3.9878  -0.1539   0.1303  -0.0075  -0.0046  -0.0016   0.0000   0.0082   0.0030  999.000
   156   1.8393  -1.1717   0.0000  33.4114   4.1207  -0.1895   0.1112  -0.0090  -0.0055  -0.0019   0.0000   0.0087   0.0032    1.840
   157   1.5229  -1.0483   0.0000  34.3557   4.2372  -0.2279   0.1001  -0.0081  -0.0064  -0.0026   0.0000   0.0093   0.0046    1.706
   158   1.2572  -0.9250   0.0000  35.1666   4.3372  -0.2653   0.0970  -0.0090  -0.0071  -0.0042   0.0000   0.0097   0.0049    1.611
   159   0.9915  -0.8017   0.0000  35.9775   4.4372  -0.3009   0.0964  -0.0091  -0.0072  -0.0112   0.0000   0.0100   0.0051    1.646
   160   0.7645  -0.6783   0.0000  36.5961   4.5135  -0.3898   0.0976  -0.0131  -0.0092  -0.0140   0.0000   0.0107   0.0073    1.419
   161   0.5764  -0.5550   0.0000  37.0222   4.5661  -0.4227   0.0986  -0.0152  -0.0106  -0.0079   0.0000   0.0110   0.0076    1.284
   162   0.3883  -0.4317   0.0000  37.4484   4.6186  -0.4512   0.0994  -0.0159  -0.0111  -0.0095   0.0000   0.0112   0.0078    1.260
   163   0.2452  -0.3083   0.0000  37.7105   4.6510  -0.4933   0.0998  -0.0167  -0.0123  -0.0074   0.0000   0.0115   0.0116    1.186
   164   0.1471  -0.1850   0.0000  37.8086   4.6631  -0.5033   0.0998  -0.0180  -0.0133  -0.0008   0.0000   0.0116   0.0117    1.126
   165   0.0490  -0.0617   0.0000  37.9067   4.6752  -0.5041   0.0998  -0.0204  -0.0151   0.0154   0.0000   0.0117   0.0117    1.023
   166   0.0490   0.0617   0.0000  37.9067   4.6752  -0.5041   0.0998  -0.0204  -0.0151   0.0154   0.0000   0.0117   0.0117    1.023
   167   0.1471   0.1850   0.0000  37.8086   4.6631  -0.5033   0.0998  -0.0180  -0.0133  -0.0008   0.0000   0.0116   0.0117    1.126
   168   0.2452   0.3083   0.0000  37.7105   4.6510  -0.4933   0.0998  -0.0167  -0.0123  -0.0074   0.0000   0.0115   0.0116    1.186
   169   0.3883   0.4317   0.0000  37.4484   4.6186  -0.4512   0.0994  -0.0159  -0.0111  -0.0095   0.0000   0.0112   0.0078    1.260
   170   0.5764   0.5550   0.0000  37.0222   4.5661  -0.4227   0.0986  -0.0152  -0.0106  -0.0079   0.0000   0.0110   0.0076    1.284
   171   0.7645   0.6783   0.0000  36.5961   4.5135  -0.3898   0.0976  -0.0131  -0.0092  -0.0140   0.0000   0.0107   0.0073    1.419
   172   0.9915   0.8017   0.0000  35.9775   4.4372  -0.3009   0.0964  -0.0091  -0.0072  -0.0112   0.0000   0.0100   0.0051    1.646
   173   1.2571   0.9250   0.0000  35.1666   4.3372  -0.2653   0.0970  -0.0090  -0.0071  -0.0042   0.0000   0.0097   0.0049    1.611
   174   1.5228   1.0483   0.0000  34.3557   4.2372  -0.2279   0.1001  -0.0081  -0.0064  -0.0026   0.0000   0.0093   0.0046    1.706
   175   1.8393   1.1717   0.0000  33.4114   4.1207  -0.1895   0.1112  -0.0090  -0.0055  -0.0019   0.0000   0.0087   0.0032    1.840
   176   2.2064   1.2950   0.0000  32.3337   3.9878  -0.1539   0.1303  -0.0075  -0.0046  -0.0016   0.0000   0.0082   0.0030  999.000
   177   2.5735   1.4183   0.0000  31.2560   3.8549  -0.1192   0.1492  -0.0056  -0.0034  -0.0038   0.0000   0.0075   0.0027  999.000
   178   3.1073   1.5417   0.0000  29.5093   3.6395  -0.0796   0.1666  -0.0046  -0.0028   0.0010   0.0000   0.0077   0.0014  999.000
   179   3.8079   1.6650   0.0000  27.0934   3.3415  -0.0646   0.1419  -0.0045  -0.0028   0.0032   0.0000   0.0070   0.0013  999.000
   180   4.5083   1.7883   0.0000  24.6775   3.0436  -0.0406   0.1250  -0.0033  -0.0020   0.0034   0.0000   0.0053   0.0010  999.000

  Surface # 7     fuselage_vertical                       
     # Chordwise = 10   # Spanwise = 30     First strip =181
     Surface area Ssurf =  124.957954     Ave. chord Cave =   33.772420

 Forces referred to Sref, Cref, Bref about Xref, Yref, Zref
 Standard axis orientation,  X fwd, Z down         
     CLsurf  =  -0.00000     Clsurf  =  -0.00000
     CYsurf  =   0.00000     Cmsurf  =   0.00000
     CDsurf  =   0.00000     Cnsurf  =  -0.00000
     CDisurf =   0.00000     CDvsurf =   0.00000

 Forces referred to Ssurf, Cave 
     CLsurf  =  -0.00000     CDsurf  =   0.00000

 Strip Forces referred to Strip Area, Chord
    j     Xle      Yle      Zle      Chord    Area     c_cl     ai     cl_norm    cl       cd       cdv    cm_c/4     cm_LE   C.P.x/c
   181   4.1119   0.0000  -1.7883  24.8339   3.0628  -0.0000   0.0000  -0.0000  -0.0000  -0.0000   0.0000  -0.0000  -0.0000   -0.766
   182   2.6186   0.0000  -1.6650  27.5624   3.3994  -0.0000   0.0000  -0.0000  -0.0000  -0.0000   0.0000   0.0000   0.0000    0.632
   183   1.1253   0.0000  -1.5417  30.2910   3.7359  -0.0000   0.0000  -0.0000  -0.0000  -0.0000   0.0000   0.0000   0.0000    0.829
   184   0.3177   0.0000  -1.4183  31.9720   3.9432  -0.0000  -0.0000  -0.0000  -0.0000   0.0000   0.0000   0.0000   0.0000    0.828
   185   0.1958   0.0000  -1.2950  32.6055   4.0213  -0.0000  -0.0000  -0.0000  -0.0000   0.0000   0.0000   0.0000   0.0000    0.840
   186   0.0739   0.0000  -1.1717  33.2390   4.0995  -0.0000  -0.0000  -0.0000  -0.0000   0.0000   0.0000   0.0000   0.0000    0.824
   187   0.0201   0.0000  -1.0483  33.7449   4.1619  -0.0000  -0.0000  -0.0000  -0.0000   0.0000   0.0000   0.0000   0.0000    0.813
   188   0.0344   0.0000  -0.9250  34.1231   4.2085  -0.0000  -0.0000  -0.0000  -0.0000   0.0000   0.0000   0.0000   0.0000    0.829
   189   0.0487   0.0000  -0.8017  34.5015   4.2552  -0.0000  -0.0000  -0.0000  -0.0000   0.0000   0.0000   0.0000   0.0000    0.836
   190   0.0956   0.0000  -0.6783  34.8164   4.2940  -0.0000  -0.0000  -0.0000  -0.0000   0.0000   0.0000   0.0000   0.0000    0.851
   191   0.1750   0.0000  -0.5550  35.0679   4.3250  -0.0000  -0.0000  -0.0000  -0.0000   0.0000   0.0000   0.0000   0.0000    0.882
   192   0.2545   0.0000  -0.4317  35.3194   4.3561  -0.0000  -0.0000  -0.0000  -0.0000   0.0000   0.0000   0.0000   0.0000    0.902
   193   0.3527   0.0000  -0.3083  35.5325   4.3823  -0.0000  -0.0000  -0.0000  -0.0000  -0.0000   0.0000   0.0000   0.0000    0.868
   194   0.4698   0.0000  -0.1850  35.7070   4.4039  -0.0000  -0.0000  -0.0000  -0.0000  -0.0000   0.0000   0.0000   0.0000    0.880
   195   0.5868   0.0000  -0.0617  35.8816   4.4254  -0.0000  -0.0000  -0.0000  -0.0000  -0.0000   0.0000   0.0000   0.0000    1.205
   196   0.7206   0.0000   0.0617  36.0254   4.4431   0.0000   0.0000   0.0000   0.0000   0.0000   0.0000   0.0000   0.0000  999.000
   197   0.8712   0.0000   0.1850  36.1384   4.4571   0.0000   0.0000   0.0000   0.0000   0.0000   0.0000   0.0000   0.0000  999.000
   198   1.0218   0.0000   0.3083  36.2515   4.4710   0.0000   0.0000   0.0000   0.0000   0.0000   0.0000   0.0000   0.0000   -0.878
   199   1.1902   0.0000   0.4317  36.3067   4.4778   0.0000  -0.0000   0.0000   0.0000  -0.0000   0.0000   0.0000   0.0000  999.000
   200   1.3764   0.0000   0.5550  36.3040   4.4775   0.0000  -0.0000   0.0000   0.0000  -0.0000   0.0000   0.0000   0.0000  999.000
   201   1.5626   0.0000   0.6783  36.3013   4.4772  -0.0000  -0.0000  -0.0000  -0.0000  -0.0000   0.0000   0.0000   0.0000  999.000
   202   1.7707   0.0000   0.8017  36.1850   4.4628   0.0000  -0.0000   0.0000   0.0000  -0.0000   0.0000   0.0000   0.0000  999.000
   203   2.0006   0.0000   0.9250  35.9551   4.4345   0.0000   0.0000   0.0000   0.0000  -0.0000   0.0000   0.0000   0.0000  999.000
   204   2.2305   0.0000   1.0483  35.7252   4.4061  -0.0000   0.0000  -0.0000  -0.0000  -0.0000   0.0000   0.0000   0.0000  999.000
   205   2.4937   0.0000   1.1717  35.4619   4.3736   0.0000   0.0000   0.0000   0.0000  -0.0000   0.0000   0.0000   0.0000  999.000
   206   2.7902   0.0000   1.2950  35.1655   4.3371   0.0000   0.0000   0.0000   0.0000  -0.0000   0.0000   0.0000   0.0000   -0.006
   207   3.0867   0.0000   1.4183  34.8689   4.3005   0.0000   0.0000   0.0000   0.0000  -0.0000   0.0000   0.0000  -0.0000    0.219
   208   3.5056   0.0000   1.5417  32.8455   4.0509   0.0000   0.0000   0.0000   0.0000   0.0000   0.0000  -0.0000  -0.0000    0.698
   209   4.0468   0.0000   1.6650  29.0952   3.5884   0.0000   0.0000   0.0000   0.0000  -0.0000   0.0000  -0.0000  -0.0000    0.754
   210   4.5880   0.0000   1.7883  25.3448   3.1259   0.0000  -0.0000   0.0000   0.0000   0.0000   0.0000   0.0000   0.0000  999.000

  Surface # 8     nacelle                                 
     # Chordwise =  6   # Spanwise = 12     First strip =211
     Surface area Ssurf =   20.812644     Ave. chord Cave =    4.188700

 Forces referred to Sref, Cref, Bref about Xref, Yref, Zref
 Standard axis orientation,  X fwd, Z down         
     CLsurf  =   0.00095     Clsurf  =  -0.00011
     CYsurf  =  -0.00242     Cmsurf  =   0.00325
     CDsurf  =  -0.00013     Cnsurf  =   0.00000
     CDisurf =  -0.00013     CDvsurf =   0.00000

 Forces referred to Ssurf, Cave 
     CLsurf  =   0.01519     CDsurf  =  -0.00093

 Strip Forces referred to Strip Area, Chord
    j     Xle      Yle      Zle      Chord    Area     c_cl     ai     cl_norm    cl       cd       cdv    cm_c/4     cm_LE   C.P.x/c
   211  15.7628   6.5363  -2.4010   4.1887   1.8920   0.5679   0.1013   0.1360   0.1352   0.0106   0.0000  -0.0326  -0.0665    0.491
   212  15.7628   6.9142  -2.6192   4.1887   1.8921   0.7144   0.1215   0.1698   0.1696   0.0177   0.0000  -0.0395  -0.0822    0.483
   213  15.7628   7.3505  -2.6192   4.1887   1.8921   0.7332   0.1175   0.1741   0.1739   0.0197   0.0000  -0.0469  -0.0907    0.520
   214  15.7628   7.7284  -2.4010   4.1887   1.8920   0.6814   0.0888   0.1629   0.1619   0.0163   0.0000  -0.0585  -0.0992    0.611
   215  15.7628   7.9465  -2.0232   4.1887   1.8921   0.6105   0.0464   0.1473   0.1456   0.0084   0.0000  -0.0743  -0.1108    0.761
   216  15.7628   7.9758  -1.6959   4.1887   0.9461   0.5833   0.0078   0.1409   0.1392  -0.0028   0.0000  -0.0895  -0.1243    0.893
   217  15.7628   7.9173  -1.4778   4.1887   0.9461   0.5844   0.0103   0.1411   0.1395  -0.0038   0.0000  -0.0988  -0.1337    0.959
   218  15.7628   7.7284  -1.2090   4.1887   1.8920   0.5569  -0.0142   0.1329   0.1321  -0.0165   0.0000  -0.1111  -0.1443    1.091
   219  15.7628   7.3505  -0.9908   4.1887   1.8921   0.5628  -0.0268   0.1325   0.1324  -0.0251   0.0000  -0.1181  -0.1516    1.141
   220  15.7628   6.9142  -0.9908   4.1887   1.8921   0.5595  -0.0318   0.1319   0.1318  -0.0237   0.0000  -0.1118  -0.1452    1.098
   221  15.7628   6.5363  -1.2090   4.1887   1.8920   0.5384  -0.0178   0.1287   0.1279  -0.0132   0.0000  -0.0924  -0.1245    0.973
   222  15.7628   6.3182  -1.5868   4.1887   1.8921   0.4576   0.0185   0.1105   0.1093  -0.0011   0.0000  -0.0615  -0.0888    0.813

  Surface # 9     nacelle (YDUP)                          
     # Chordwise =  6   # Spanwise = 12     First strip =223
     Surface area Ssurf =   20.812644     Ave. chord Cave =    4.188700

 Forces referred to Sref, Cref, Bref about Xref, Yref, Zref
 Standard axis orientation,  X fwd, Z down         
     CLsurf  =   0.00095     Clsurf  =   0.00011
     CYsurf  =   0.00242     Cmsurf  =   0.00325
     CDsurf  =  -0.00013     Cnsurf  =  -0.00000
     CDisurf =  -0.00013     CDvsurf =   0.00000

 Forces referred to Ssurf, Cave 
     CLsurf  =   0.01519     CDsurf  =  -0.00093

 Strip Forces referred to Strip Area, Chord
    j     Xle      Yle      Zle      Chord    Area     c_cl     ai     cl_norm    cl       cd       cdv    cm_c/4     cm_LE   C.P.x/c
   223  15.7628  -6.5363  -2.4010   4.1887   1.8920   0.5679   0.1013   0.1360   0.1352   0.0106   0.0000  -0.0326   0.0665    0.491
   224  15.7628  -6.9142  -2.6192   4.1887   1.8921   0.7144   0.1215   0.1698   0.1696   0.0177   0.0000  -0.0395   0.0822    0.483
   225  15.7628  -7.3505  -2.6192   4.1887   1.8921   0.7332   0.1175   0.1741   0.1739   0.0197   0.0000  -0.0469   0.0907    0.520
   226  15.7628  -7.7284  -2.4010   4.1887   1.8920   0.6814   0.0888   0.1629   0.1619   0.0163   0.0000  -0.0585   0.0992    0.611
   227  15.7628  -7.9465  -2.0232   4.1887   1.8921   0.6105   0.0464   0.1473   0.1456   0.0084   0.0000  -0.0743   0.1108    0.761
   228  15.7628  -7.9758  -1.6959   4.1887   0.9461   0.5833   0.0078   0.1409   0.1392  -0.0028   0.0000  -0.0895   0.1243    0.893
   229  15.7628  -7.9173  -1.4778   4.1887   0.9461   0.5844   0.0103   0.1411   0.1395  -0.0038   0.0000  -0.0988   0.1337    0.959
   230  15.7628  -7.7284  -1.2090   4.1887   1.8920   0.5569  -0.0142   0.1329   0.1321  -0.0165   0.0000  -0.1111   0.1443    1.091
   231  15.7628  -7.3505  -0.9908   4.1887   1.8921   0.5628  -0.0268   0.1325   0.1324  -0.0251   0.0000  -0.1181   0.1516    1.141
   232  15.7628  -6.9142  -0.9908   4.1887   1.8921   0.5595  -0.0318   0.1319   0.1318  -0.0237   0.0000  -0.1118   0.1452    1.098
   233  15.7628  -6.5363  -1.2090   4.1887   1.8920   0.5384  -0.0178   0.1287   0.1279  -0.0132   0.0000  -0.0924   0.1245    0.973
   234  15.7628  -6.3182  -1.5868   4.1887   1.8921   0.4576   0.0185   0.1105   0.1093  -0.0011   0.0000  -0.0615   0.0888    0.813
 ---------------------------------------------------------------
