
      u         w         q        the        v         p         r        phi        x         y         z        psi    |  slat        flap        aileron     elevator    
   0.7629E-03  0.2042      -16.42      -9.810     -0.5517E-18  0.2369E-15  0.1295E-15   0.000       0.000      -0.000       0.000       0.000        -0.7296E-03  0.3044E-01 -0.6863E-17  0.7186E-02
  -0.1266     -0.5650       67.41      -0.000     -0.2182E-16  0.1784E-14  0.6075E-15  -0.000       0.000      -0.000       0.000       0.000         0.4675E-02 -0.1913     -0.2852E-16 -0.7993E-01
   0.2551E-02 -0.1202E-01 -0.8018       0.000     -0.1452E-03 -0.3155E-02  0.3388E-02   0.000      -0.000       0.000      -0.000       0.000        -0.3727E-03  0.2752E-02  0.5365E-04 -0.2722E-01
   -0.000      -0.000       1.000       0.000       0.000      -0.000      -0.000     -0.1002E-32  -0.000       0.000      -0.000       0.000          0.000       0.000       0.000       0.000    
   0.1053E-16  0.2375E-15  0.1627E-14  -0.000     -0.9849E-01   16.30      -69.41       9.810      -0.000       0.000      -0.000      -0.000        -0.5281E-17  0.4611E-16  0.1944E-03  0.4096E-17
   0.1311E-04 -0.6180E-04 -0.4121E-02  -0.000     -0.8964      -34.11       15.73      -0.000       0.000      -0.000       0.000      -0.000        -0.1916E-05  0.1414E-04  0.4923     -0.1399E-03
  -0.7916E-05  0.3731E-04  0.2488E-02  -0.000     -0.1213E-02 -0.9033     -0.2822      -0.000       0.000      -0.000       0.000      -0.000         0.1157E-05 -0.8539E-05  0.1010E-01  0.8449E-04
   -0.000      -0.000       0.000      0.1002E-32   0.000       1.000       0.000       0.000      -0.000       0.000      -0.000       0.000          0.000       0.000       0.000       0.000    
    1.000       0.000      -0.000       15.74      -0.000       0.000       0.000       0.000       0.000      -0.000       0.000       0.000         -0.000      -0.000      -0.000      -0.000    
    0.000      -0.000       0.000      -0.000       1.000      -0.000      -0.000      -15.74      -0.000       0.000      -0.000       74.19          0.000       0.000       0.000       0.000    
   -0.000       1.000      -0.000      -74.19       0.000       0.000       0.000       0.000       0.000      -0.000       0.000       0.000         -0.000      -0.000      -0.000      -0.000    
   -0.000      -0.000       0.000       0.000       0.000      -0.000       1.000      0.4625E-32  -0.000       0.000      -0.000       0.000          0.000       0.000       0.000       0.000    
