
      u         w         q        the        v         p         r        phi        x         y         z        psi    |  slat        flap        aileron     elevator    
   0.5058E-03  0.1253      -13.19      -9.810     -0.2120E-17 -0.3256E-15  0.1897E-16   0.000       0.000      -0.000       0.000       0.000        -0.5826E-03  0.2659E-01 -0.1289E-17  0.5064E-02
  -0.9090E-01 -0.6561       107.1      -0.000      0.1550E-16  0.3073E-15 -0.3599E-15  -0.000       0.000      -0.000       0.000       0.000         0.8310E-02 -0.3551      0.5420E-17 -0.1396    
   0.1467E-02 -0.1312E-01  -1.071       0.000     -0.2312E-03 -0.6869E-02  0.4799E-02   0.000      -0.000       0.000      -0.000       0.000        -0.8448E-03  0.5769E-02  0.1650E-03 -0.5681E-01
   -0.000      -0.000       1.000      -0.000       0.000      -0.000      -0.000     -0.2884E-32  -0.000       0.000      -0.000      -0.000          0.000       0.000       0.000       0.000    
   0.9917E-17  0.2680E-16 -0.1139E-14  -0.000     -0.1100       12.91      -109.6       9.810      -0.000       0.000      -0.000      -0.000         0.5073E-17 -0.1505E-16  0.2846E-02 -0.2609E-16
   0.1012E-04 -0.9048E-04 -0.7384E-02  -0.000      -1.168      -52.72       18.28      -0.000       0.000      -0.000       0.000      -0.000        -0.5826E-05  0.3979E-04   1.190     -0.3918E-03
  -0.5082E-05  0.4545E-04  0.3709E-02  -0.000      0.2813E-02 -0.9959     -0.4160      -0.000       0.000      -0.000       0.000      -0.000         0.2927E-05 -0.1998E-04  0.1932E-01  0.1968E-03
   -0.000      -0.000       0.000      0.2884E-32   0.000       1.000       0.000      -0.000      -0.000       0.000      -0.000      -0.000          0.000       0.000       0.000       0.000    
    1.000       0.000      -0.000       12.80      -0.000       0.000       0.000       0.000       0.000      -0.000       0.000       0.000         -0.000      -0.000      -0.000      -0.000    
    0.000      -0.000       0.000      -0.000       1.000      -0.000      -0.000      -12.80      -0.000       0.000      -0.000       114.5          0.000       0.000       0.000       0.000    
   -0.000       1.000      -0.000      -114.5       0.000       0.000       0.000       0.000       0.000      -0.000       0.000       0.000         -0.000      -0.000      -0.000      -0.000    
   -0.000      -0.000       0.000       0.000       0.000      -0.000       1.000     -0.1282E-31  -0.000       0.000      -0.000      -0.000          0.000       0.000       0.000       0.000    
