 ---------------------------------------------------------------
 Surface Forces (referred to Sref,Cref,Bref about Xmom,Ymom,Zmom)
 Standard axis orientation,  X fwd, Z down         

     Sref =   62.333       Cref =   2.3504       Bref =   27.350    
     Xmom =   11.670       Ymom =   0.0000       Zmom =   1.3850    

 n    Area         CL        CD        Cm        CY        Cn        Cl        CDi       CDv
 1   7.4148       0.03740   0.00087  -0.02334  -0.00001  -0.00004  -0.00196   0.00040   0.00000   main_wing_1
 2   7.4148       0.03736   0.00087  -0.02332   0.00001   0.00004   0.00196   0.00040   0.00000   main_wing_1 (YDUP)
 3   3.1271       0.01801   0.00071  -0.01054  -0.00001  -0.00003  -0.00217   0.00019   0.00000   main_wing_2
 4   3.1271       0.01801   0.00071  -0.01054   0.00001   0.00003   0.00217   0.00019   0.00000   main_wing_2 (YDUP)
 5   3.0545       0.01780   0.00071  -0.01043  -0.00004  -0.00003  -0.00290   0.00018   0.00000   main_wing_3
 6   3.0545       0.01780   0.00071  -0.01043   0.00004   0.00003   0.00290   0.00018   0.00000   main_wing_3 (YDUP)
 7   2.8917       0.01728   0.00069  -0.01015  -0.00005  -0.00004  -0.00355   0.00017   0.00000   main_wing_4
 8   2.8917       0.01728   0.00069  -0.01015   0.00005   0.00004   0.00355   0.00017   0.00000   main_wing_4 (YDUP)
 9   2.7266       0.01658   0.00067  -0.00977  -0.00005  -0.00004  -0.00411   0.00016   0.00000   main_wing_5
10   2.7266       0.01658   0.00067  -0.00977   0.00005   0.00004   0.00411   0.00016   0.00000   main_wing_5 (YDUP)
11   2.5612       0.01573   0.00064  -0.00930  -0.00004  -0.00005  -0.00457   0.00015   0.00000   main_wing_6
12   2.5612       0.01573   0.00064  -0.00930   0.00004   0.00005   0.00457   0.00015   0.00000   main_wing_6 (YDUP)
13   2.3958       0.01472   0.00062  -0.00871  -0.00004  -0.00005  -0.00490   0.00015   0.00000   main_wing_7
14   2.3958       0.01472   0.00062  -0.00871   0.00004   0.00005   0.00489   0.00015   0.00000   main_wing_7 (YDUP)
15   6.9949       0.03143   0.00073  -0.01942  -0.00010  -0.00038  -0.01294   0.00031   0.00000   main_wing_8
16   6.9949       0.03143   0.00073  -0.01942   0.00010   0.00038   0.01293   0.00031   0.00000   main_wing_8 (YDUP)
17   10.665       0.02971   0.00066  -0.16524  -0.00007  -0.00005  -0.00267   0.00066   0.00000   horizontal_stabilizer
18   10.665       0.02971   0.00066  -0.16523   0.00007   0.00005   0.00267   0.00066   0.00000   horizontal_stabilizer (YDUP)
19   14.685       0.00000  -0.00000  -0.00000  -0.00000   0.00000  -0.00000  -0.00000   0.00000   vertical_stabilizer
20   65.503       0.00787   0.00004   0.05144   0.00000  -0.00000   0.00000   0.00004   0.00000   fuselage_horizontal
21   65.103       0.00000   0.00000  -0.00000  -0.00000   0.00000   0.00000   0.00000   0.00000   fuselage_vertical
22  0.11003       0.00014   0.00000   0.00007  -0.00000  -0.00000  -0.00001   0.00000   0.00000   nacelle_horizontal
23  0.11003       0.00009   0.00000   0.00004   0.00000   0.00000   0.00001   0.00000   0.00000   nacelle_horizontal (YDUP)
24  0.11003      -0.00000  -0.00000  -0.00000  -0.00002  -0.00000   0.00000  -0.00000   0.00000   nacelle_vertical
25  0.11003      -0.00000  -0.00000  -0.00000   0.00001   0.00000  -0.00000  -0.00000   0.00000   nacelle_vertical (YDUP)
26  0.11003       0.00014   0.00000   0.00007  -0.00000  -0.00000  -0.00002   0.00000   0.00000   nacelle_2_horizontal
27  0.11003      -0.00000  -0.00000  -0.00000  -0.00001  -0.00000   0.00000  -0.00000   0.00000   nacelle_2_vertical
28  0.11003       0.00014   0.00000   0.00006  -0.00000  -0.00000  -0.00002   0.00000   0.00000   nacelle_3_horizontal
29  0.11003      -0.00000  -0.00000  -0.00000  -0.00000  -0.00000   0.00000  -0.00000   0.00000   nacelle_3_vertical
30  0.11003       0.00014   0.00000   0.00006   0.00000  -0.00000  -0.00003   0.00000   0.00000   nacelle_4_horizontal
31  0.11003       0.00000  -0.00000   0.00000  -0.00000   0.00000  -0.00000  -0.00000   0.00000   nacelle_4_vertical
32  0.10997       0.00014   0.00000   0.00006  -0.00000  -0.00000  -0.00003   0.00000   0.00000   nacelle_5_horizontal
33  0.11003      -0.00000  -0.00000  -0.00000  -0.00000  -0.00000   0.00000  -0.00000   0.00000   nacelle_5_vertical
34  0.10999       0.00013   0.00000   0.00005   0.00000  -0.00000  -0.00004   0.00000   0.00000   nacelle_6_horizontal
35  0.11003      -0.00000  -0.00000  -0.00000   0.00000   0.00000  -0.00000  -0.00000   0.00000   nacelle_6_vertical
36  0.11003       0.00013   0.00000   0.00005   0.00000  -0.00000  -0.00004   0.00000   0.00000   nacelle_7_horizontal
37  0.11003      -0.00000  -0.00000  -0.00000   0.00000   0.00000  -0.00000  -0.00000   0.00000   nacelle_7_vertical
38  0.11003       0.00013   0.00000   0.00004   0.00000  -0.00000  -0.00005   0.00000   0.00000   nacelle_8_horizontal
39  0.11003      -0.00000  -0.00000  -0.00000   0.00000   0.00000  -0.00000  -0.00000   0.00000   nacelle_8_vertical
40  0.11003       0.00009   0.00000   0.00004  -0.00000   0.00000   0.00001   0.00000   0.00000   nacelle_9_horizontal
41  0.11003      -0.00000  -0.00000  -0.00000   0.00001   0.00000  -0.00000  -0.00000   0.00000   nacelle_9_vertical
42  0.11003       0.00014   0.00000   0.00007   0.00000   0.00000   0.00002   0.00000   0.00000   nacelle_10_horizontal
43  0.11003      -0.00000  -0.00000  -0.00000   0.00001   0.00000  -0.00000  -0.00000   0.00000   nacelle_10_vertical
44  0.11003       0.00014   0.00000   0.00006   0.00000   0.00000   0.00002   0.00000   0.00000   nacelle_11_horizontal
45  0.11003      -0.00000  -0.00000  -0.00000   0.00000   0.00000  -0.00000  -0.00000   0.00000   nacelle_11_vertical
46  0.11003       0.00014   0.00000   0.00006  -0.00000   0.00000   0.00003   0.00000   0.00000   nacelle_12_horizontal
47  0.11003       0.00000  -0.00000   0.00000   0.00000  -0.00000   0.00000  -0.00000   0.00000   nacelle_12_vertical
48  0.10997       0.00014   0.00000   0.00006   0.00000   0.00000   0.00003   0.00000   0.00000   nacelle_13_horizontal
49  0.11003      -0.00000  -0.00000  -0.00000   0.00000   0.00000  -0.00000  -0.00000   0.00000   nacelle_13_vertical
50  0.10999       0.00013   0.00000   0.00005  -0.00000   0.00000   0.00004   0.00000   0.00000   nacelle_14_horizontal
51  0.11003      -0.00000  -0.00000  -0.00000  -0.00000  -0.00000   0.00000  -0.00000   0.00000   nacelle_14_vertical
52  0.11003       0.00013   0.00000   0.00005   0.00000   0.00000   0.00004   0.00000   0.00000   nacelle_15_horizontal
53  0.11003       0.00000  -0.00000   0.00000  -0.00000  -0.00000  -0.00000  -0.00000   0.00000   nacelle_15_vertical
54  0.11003       0.00013   0.00000   0.00004   0.00000   0.00000   0.00005   0.00000   0.00000   nacelle_16_horizontal
55  0.11003       0.00000  -0.00000   0.00000  -0.00000  -0.00000   0.00000  -0.00000   0.00000   nacelle_16_vertical

 Surface Forces (referred to Ssurf,Cave about root LE on hinge axis)

   n  Ssurf        Cave        cl_surf    cd_surf    cdv_surf  cmLE_surf
   1  7.4148      2.7261       0.314370   0.007321   0.000000  -0.072282   main_wing_1
   2  7.4148      2.7261       0.314102   0.007309   0.000000  -0.072261   main_wing_1 (YDUP)
   3  3.1271      2.6972       0.358926   0.014156   0.000000  -0.070454   main_wing_2
   4  3.1271      2.6972       0.358937   0.014153   0.000000  -0.070446   main_wing_2 (YDUP)
   5  3.0545      2.6345       0.363213   0.014434   0.000000  -0.072341   main_wing_3
   6  3.0545      2.6345       0.363225   0.014433   0.000000  -0.072340   main_wing_3 (YDUP)
   7  2.8917      2.4941       0.372393   0.014801   0.000000  -0.074571   main_wing_4
   8  2.8917      2.4941       0.372395   0.014801   0.000000  -0.074570   main_wing_4 (YDUP)
   9  2.7266      2.3515       0.379026   0.015238   0.000000  -0.075422   main_wing_5
  10  2.7266      2.3515       0.379016   0.015238   0.000000  -0.075419   main_wing_5 (YDUP)
  11  2.5612      2.2090       0.382917   0.015643   0.000000  -0.075452   main_wing_6
  12  2.5612      2.2090       0.382883   0.015642   0.000000  -0.075474   main_wing_6 (YDUP)
  13  2.3958      2.0665       0.382924   0.016008   0.000000  -0.074483   main_wing_7
  14  2.3958      2.0665       0.382882   0.016007   0.000000  -0.074462   main_wing_7 (YDUP)
  15  6.9949      1.7494       0.280095   0.006464   0.000000  -0.068596   main_wing_8
  16  6.9949      1.7494       0.280075   0.006463   0.000000  -0.068562   main_wing_8 (YDUP)
  17  10.665      1.8855       0.173622   0.003850   0.000000  -0.076571   horizontal_stabilizer
  18  10.665      1.8855       0.173619   0.003850   0.000000  -0.076675   horizontal_stabilizer (YDUP)
  19  14.685      3.0296       0.000000  -0.000000   0.000000   0.000000   vertical_stabilizer
  20  65.503      23.647       0.007494   0.000037   0.000000   0.002219   fuselage_horizontal
  21  65.103      23.503       0.000000   0.000000   0.000000  -0.000000   fuselage_vertical
  22 0.11003     0.41677       0.079484   0.000882   0.000000   0.017259   nacelle_horizontal
  23 0.11003     0.41677       0.049605   0.000524   0.000000   0.011156   nacelle_horizontal (YDUP)
  24 0.11003     0.41677      -0.000036  -0.000074   0.000000  -0.000028   nacelle_vertical
  25 0.11003     0.41677      -0.000004  -0.000042   0.000000  -0.000014   nacelle_vertical (YDUP)
  26 0.11003     0.41677       0.078776   0.000573   0.000000   0.018005   nacelle_2_horizontal
  27 0.11003     0.41677      -0.000010  -0.000012   0.000000  -0.000005   nacelle_2_vertical
  28 0.11003     0.41677       0.078112   0.000618   0.000000   0.017792   nacelle_3_horizontal
  29 0.11003     0.41677      -0.000004  -0.000004   0.000000  -0.000002   nacelle_3_vertical
  30 0.11003     0.41677       0.077552   0.000646   0.000000   0.017668   nacelle_4_horizontal
  31 0.11003     0.41677       0.000000  -0.000003   0.000000  -0.000001   nacelle_4_vertical
  32 0.10997     0.41670       0.076851   0.000686   0.000000   0.017519   nacelle_5_horizontal
  33 0.11003     0.41677      -0.000001  -0.000002   0.000000  -0.000001   nacelle_5_vertical
  34 0.10999     0.41680       0.075915   0.000737   0.000000   0.017315   nacelle_6_horizontal
  35 0.11003     0.41677      -0.000001  -0.000003   0.000000  -0.000001   nacelle_6_vertical
  36 0.11003     0.41677       0.074553   0.000810   0.000000   0.016986   nacelle_7_horizontal
  37 0.11003     0.41677      -0.000002  -0.000003   0.000000  -0.000001   nacelle_7_vertical
  38 0.11003     0.41677       0.073704   0.001092   0.000000   0.015817   nacelle_8_horizontal
  39 0.11003     0.41677      -0.000004  -0.000004   0.000000  -0.000002   nacelle_8_vertical
  40 0.11003     0.41677       0.048969   0.000507   0.000000   0.011053   nacelle_9_horizontal
  41 0.11003     0.41677      -0.000004  -0.000042   0.000000  -0.000013   nacelle_9_vertical
  42 0.11003     0.41677       0.078804   0.000571   0.000000   0.018007   nacelle_10_horizontal
  43 0.11003     0.41677      -0.000010  -0.000012   0.000000  -0.000005   nacelle_10_vertical
  44 0.11003     0.41677       0.078117   0.000617   0.000000   0.017787   nacelle_11_horizontal
  45 0.11003     0.41677      -0.000004  -0.000004   0.000000  -0.000002   nacelle_11_vertical
  46 0.11003     0.41677       0.077554   0.000646   0.000000   0.017670   nacelle_12_horizontal
  47 0.11003     0.41677       0.000000  -0.000003   0.000000  -0.000001   nacelle_12_vertical
  48 0.10997     0.41670       0.076851   0.000686   0.000000   0.017528   nacelle_13_horizontal
  49 0.11003     0.41677      -0.000001  -0.000002   0.000000  -0.000001   nacelle_13_vertical
  50 0.10999     0.41680       0.075914   0.000737   0.000000   0.017315   nacelle_14_horizontal
  51 0.11003     0.41677      -0.000001  -0.000003   0.000000  -0.000001   nacelle_14_vertical
  52 0.11003     0.41677       0.074542   0.000810   0.000000   0.016984   nacelle_15_horizontal
  53 0.11003     0.41677       0.000000  -0.000002   0.000000  -0.000001   nacelle_15_vertical
  54 0.11003     0.41677       0.073684   0.001091   0.000000   0.015829   nacelle_16_horizontal
  55 0.11003     0.41677       0.000001  -0.000002   0.000000  -0.000000   nacelle_16_vertical
 ---------------------------------------------------------------
