 ---------------------------------------------------------------
 Surface and Strip Forces by surface

  Sref =  65.653       Cref =  2.4122       Bref =  28.068    
  Xref =  11.851       Yref =  0.0000       Zref =  1.3850    

  Surface # 1     main_wing_1                             
     # Chordwise = 10   # Spanwise = 30     First strip =  1
     Surface area Ssurf =   32.823320     Ave. chord Cave =    2.338809

 Forces referred to Sref, Cref, Bref about Xref, Yref, Zref
 Standard axis orientation,  X fwd, Z down         
     CLsurf  =   0.69780     Clsurf  =  -0.14969
     CYsurf  =   0.00267     Cmsurf  =   0.02168
     CDsurf  =   0.02767     Cnsurf  =  -0.03120
     CDisurf =   0.02767     CDvsurf =   0.00000

 Forces referred to Ssurf, Cave 
     CLsurf  =   1.39574     CDsurf  =   0.05535

 Strip Forces referred to Strip Area, Chord
    j     Xle      Yle      Zle      Chord    Area     c_cl     ai     cl_norm    cl       cd       cdv    cm_c/4     cm_LE   C.P.x/c
     1  11.0483   0.0086   1.3850   2.8025   0.0964   3.7384   0.0890   1.3551   1.3551   0.0798   0.0000  -0.0144  -0.3479    0.261
     2  11.0483   0.0773   1.3850   2.8025   0.2880   3.7388   0.0893   1.3555   1.3555   0.0790   0.0000  -0.0144  -0.3479    0.261
     3  11.0483   0.2139   1.3850   2.8025   0.4766   3.7419   0.0893   1.3569   1.3569   0.0778   0.0000  -0.0144  -0.3482    0.261
     4  11.0483   0.4169   1.3850   2.8025   0.6599   3.7515   0.0887   1.3610   1.3610   0.0758   0.0000  -0.0141  -0.3488    0.260
     5  11.0483   0.6842   1.3850   2.8025   0.8359   3.7727   0.0874   1.3697   1.3697   0.0721   0.0000  -0.0134  -0.3500    0.260
     6  11.0483   1.0127   1.3850   2.8025   1.0029   3.8089   0.0855   1.3844   1.3844   0.0664   0.0000  -0.0121  -0.3519    0.259
     7  11.0483   1.3989   1.3850   2.8025   1.1588   3.8572   0.0837   1.4040   1.4040   0.0593   0.0000  -0.0105  -0.3546    0.257
     8  11.0496   1.8894   1.3850   2.7971   1.5917   3.9062   0.0806   1.4272   1.4272   0.0494   0.0000  -0.0095  -0.3586    0.257
     9  11.0525   2.4875   1.3850   2.7854   1.7421   3.9289   0.0775   1.4439   1.4439   0.0406   0.0000  -0.0107  -0.3633    0.257
    10  11.0557   3.1394   1.3850   2.7727   1.8764   3.9048   0.0778   1.4410   1.4410   0.0430   0.0000  -0.0133  -0.3653    0.259
    11  11.0591   3.8382   1.3850   2.7591   1.9837   3.7632   0.0813   1.3858   1.3858   0.0808   0.0000  -0.0223  -0.3633    0.266
    12  11.0712   4.5367   1.3850   2.7109   1.8306   3.7141   0.0804   1.3919   1.3919   0.0816   0.0000  -0.0224  -0.3648    0.266
    13  11.0923   5.2247   1.3850   2.6263   1.8349   3.7491   0.0752   1.4593   1.4593   0.0491   0.0000  -0.0158  -0.3725    0.261
    14  11.1141   5.9322   1.3850   2.5393   1.8141   3.6808   0.0712   1.4830   1.4830   0.0449   0.0000  -0.0162  -0.3784    0.261
    15  11.1362   6.6515   1.3850   2.4509   1.7703   3.5772   0.0681   1.4934   1.4934   0.0446   0.0000  -0.0170  -0.3817    0.261
    16  11.1584   7.3749   1.3850   2.3619   1.7061   3.4572   0.0660   1.4977   1.4977   0.0446   0.0000  -0.0175  -0.3832    0.262
    17  11.1805   8.0942   1.3850   2.2735   1.6242   3.3264   0.0651   1.4970   1.4970   0.0449   0.0000  -0.0176  -0.3832    0.262
    18  11.2023   8.8017   1.3850   2.1865   1.5276   3.1871   0.0654   1.4912   1.4912   0.0456   0.0000  -0.0174  -0.3817    0.262
    19  11.2234   9.4897   1.3850   2.1019   1.4194   3.0400   0.0670   1.4792   1.4792   0.0468   0.0000  -0.0170  -0.3784    0.261
    20  11.2443  10.1680   1.3850   2.0185   1.3710   2.8822   0.0702   1.4598   1.4598   0.0487   0.0000  -0.0161  -0.3729    0.261
    21  11.2646  10.8282   1.3850   1.9373   1.2386   2.7114   0.0754   1.4298   1.4298   0.0515   0.0000  -0.0148  -0.3645    0.260
    22  11.2835  11.4449   1.3850   1.8615   1.1028   2.5276   0.0829   1.3859   1.3859   0.0550   0.0000  -0.0128  -0.3521    0.259
    23  11.3009  12.0114   1.3850   1.7919   0.9659   2.3268   0.0932   1.3238   1.3238   0.0592   0.0000  -0.0099  -0.3344    0.257
    24  11.3166  12.5215   1.3850   1.7292   0.8296   2.1031   0.1063   1.2379   1.2379   0.0633   0.0000  -0.0058  -0.3097    0.255
    25  11.3303  12.9696   1.3850   1.6741   0.6951   1.8488   0.1221   1.1218   1.1218   0.0666   0.0000  -0.0003  -0.2762    0.250
    26  11.3421  13.3508   1.3850   1.6273   0.5632   1.5561   0.1397   0.9689   0.9689   0.0673   0.0000   0.0060  -0.2329    0.244
    27  11.3508  13.6352   1.3850   1.5923   0.3588   1.2361   0.1561   0.7844   0.7844   0.0635   0.0000   0.0113  -0.1827    0.236
    28  11.3568  13.8295   1.3850   1.5684   0.2552   0.9070   0.1694   0.5826   0.5826   0.0543   0.0000   0.0135  -0.1310    0.227
    29  11.3608  13.9602   1.3850   1.5523   0.1527   0.5554   0.1800   0.3591   0.3591   0.0387   0.0000   0.0113  -0.0781    0.219
    30  11.3628  14.0260   1.3850   1.5442   0.0508   0.1872   0.1867   0.1213   0.1213   0.0147   0.0000   0.0045  -0.0258    0.213

  Surface # 2     main_wing_1 (YDUP)                      
     # Chordwise = 10   # Spanwise = 30     First strip = 31
     Surface area Ssurf =   32.823320     Ave. chord Cave =    2.338809

 Forces referred to Sref, Cref, Bref about Xref, Yref, Zref
 Standard axis orientation,  X fwd, Z down         
     CLsurf  =   0.69780     Clsurf  =   0.14969
     CYsurf  =  -0.00267     Cmsurf  =   0.02168
     CDsurf  =   0.02767     Cnsurf  =   0.03120
     CDisurf =   0.02767     CDvsurf =   0.00000

 Forces referred to Ssurf, Cave 
     CLsurf  =   1.39574     CDsurf  =   0.05535

 Strip Forces referred to Strip Area, Chord
    j     Xle      Yle      Zle      Chord    Area     c_cl     ai     cl_norm    cl       cd       cdv    cm_c/4     cm_LE   C.P.x/c
    31  11.0483  -0.0086   1.3850   2.8025   0.0964   3.7384   0.0890   1.3551   1.3551   0.0798   0.0000  -0.0144   0.3479    0.261
    32  11.0483  -0.0773   1.3850   2.8025   0.2880   3.7388   0.0893   1.3555   1.3555   0.0790   0.0000  -0.0144   0.3479    0.261
    33  11.0483  -0.2139   1.3850   2.8025   0.4766   3.7419   0.0893   1.3569   1.3569   0.0778   0.0000  -0.0144   0.3482    0.261
    34  11.0483  -0.4169   1.3850   2.8025   0.6599   3.7515   0.0887   1.3610   1.3610   0.0758   0.0000  -0.0141   0.3488    0.260
    35  11.0483  -0.6842   1.3850   2.8025   0.8359   3.7727   0.0874   1.3697   1.3697   0.0721   0.0000  -0.0134   0.3500    0.260
    36  11.0483  -1.0127   1.3850   2.8025   1.0029   3.8089   0.0855   1.3844   1.3844   0.0664   0.0000  -0.0121   0.3519    0.259
    37  11.0483  -1.3989   1.3850   2.8025   1.1588   3.8572   0.0837   1.4040   1.4040   0.0593   0.0000  -0.0105   0.3546    0.257
    38  11.0496  -1.8894   1.3850   2.7971   1.5917   3.9062   0.0806   1.4272   1.4272   0.0494   0.0000  -0.0095   0.3586    0.257
    39  11.0525  -2.4875   1.3850   2.7854   1.7421   3.9289   0.0775   1.4439   1.4439   0.0406   0.0000  -0.0107   0.3633    0.257
    40  11.0557  -3.1394   1.3850   2.7727   1.8764   3.9048   0.0778   1.4410   1.4410   0.0430   0.0000  -0.0133   0.3653    0.259
    41  11.0591  -3.8382   1.3850   2.7591   1.9837   3.7632   0.0813   1.3858   1.3858   0.0808   0.0000  -0.0223   0.3633    0.266
    42  11.0712  -4.5367   1.3850   2.7109   1.8306   3.7141   0.0804   1.3919   1.3919   0.0816   0.0000  -0.0224   0.3648    0.266
    43  11.0923  -5.2247   1.3850   2.6263   1.8349   3.7491   0.0752   1.4593   1.4593   0.0491   0.0000  -0.0158   0.3725    0.261
    44  11.1141  -5.9322   1.3850   2.5393   1.8141   3.6808   0.0712   1.4830   1.4830   0.0449   0.0000  -0.0162   0.3784    0.261
    45  11.1362  -6.6515   1.3850   2.4509   1.7703   3.5772   0.0681   1.4934   1.4934   0.0446   0.0000  -0.0170   0.3817    0.261
    46  11.1584  -7.3749   1.3850   2.3619   1.7061   3.4572   0.0660   1.4977   1.4977   0.0446   0.0000  -0.0175   0.3832    0.262
    47  11.1805  -8.0942   1.3850   2.2735   1.6242   3.3264   0.0651   1.4970   1.4970   0.0449   0.0000  -0.0176   0.3832    0.262
    48  11.2023  -8.8017   1.3850   2.1865   1.5276   3.1871   0.0654   1.4912   1.4912   0.0456   0.0000  -0.0174   0.3817    0.262
    49  11.2234  -9.4897   1.3850   2.1019   1.4194   3.0400   0.0670   1.4792   1.4792   0.0468   0.0000  -0.0170   0.3784    0.261
    50  11.2443 -10.1680   1.3850   2.0185   1.3710   2.8822   0.0702   1.4598   1.4598   0.0487   0.0000  -0.0161   0.3729    0.261
    51  11.2646 -10.8282   1.3850   1.9373   1.2386   2.7114   0.0754   1.4298   1.4298   0.0515   0.0000  -0.0148   0.3645    0.260
    52  11.2835 -11.4449   1.3850   1.8615   1.1028   2.5276   0.0829   1.3859   1.3859   0.0550   0.0000  -0.0128   0.3521    0.259
    53  11.3009 -12.0114   1.3850   1.7919   0.9659   2.3268   0.0932   1.3238   1.3238   0.0592   0.0000  -0.0099   0.3344    0.257
    54  11.3166 -12.5215   1.3850   1.7292   0.8296   2.1031   0.1063   1.2379   1.2379   0.0633   0.0000  -0.0058   0.3097    0.255
    55  11.3303 -12.9696   1.3850   1.6741   0.6951   1.8488   0.1221   1.1218   1.1218   0.0666   0.0000  -0.0003   0.2762    0.250
    56  11.3421 -13.3508   1.3850   1.6273   0.5632   1.5561   0.1397   0.9689   0.9689   0.0673   0.0000   0.0060   0.2329    0.244
    57  11.3508 -13.6352   1.3850   1.5923   0.3588   1.2361   0.1561   0.7844   0.7844   0.0635   0.0000   0.0113   0.1827    0.236
    58  11.3568 -13.8295   1.3850   1.5684   0.2552   0.9070   0.1694   0.5826   0.5826   0.0543   0.0000   0.0135   0.1310    0.227
    59  11.3608 -13.9602   1.3850   1.5523   0.1527   0.5554   0.1800   0.3591   0.3591   0.0387   0.0000   0.0113   0.0781    0.219
    60  11.3628 -14.0260   1.3850   1.5442   0.0508   0.1872   0.1867   0.1213   0.1213   0.0147   0.0000   0.0045   0.0258    0.213

  Surface # 3     horizontal_stabilizer                   
     # Chordwise = 10   # Spanwise = 30     First strip = 61
     Surface area Ssurf =    7.357384     Ave. chord Cave =    1.566034

 Forces referred to Sref, Cref, Bref about Xref, Yref, Zref
 Standard axis orientation,  X fwd, Z down         
     CLsurf  =   0.02261     Clsurf  =  -0.00128
     CYsurf  =   0.00087     Cmsurf  =  -0.12018
     CDsurf  =   0.00189     Cnsurf  =  -0.00065
     CDisurf =   0.00189     CDvsurf =   0.00000

 Forces referred to Ssurf, Cave 
     CLsurf  =   0.20176     CDsurf  =   0.01683

 Strip Forces referred to Strip Area, Chord
    j     Xle      Yle      Zle      Chord    Area     c_cl     ai     cl_norm    cl       cd       cdv    cm_c/4     cm_LE   C.P.x/c
    61  24.4238   0.0030   6.3914   1.9570   0.0237   0.7758   0.2537   0.3725   0.3687   0.1598   0.0000   0.0542  -0.0444    0.103
    62  24.4274   0.0273   6.3914   1.9530   0.0708   0.7754   0.2538   0.3995   0.3954   0.0556   0.0000   0.0546  -0.0442    0.112
    63  24.4345   0.0754   6.3914   1.9449   0.1166   0.7726   0.2543   0.4015   0.3974   0.0483   0.0000   0.0559  -0.0429    0.109
    64  24.4450   0.1470   6.3914   1.9330   0.1605   0.7627   0.2554   0.3997   0.3956   0.0445   0.0000   0.0590  -0.0392    0.101
    65  24.4588   0.2413   6.3914   1.9173   0.2017   0.7380   0.2580   0.3909   0.3868   0.0398   0.0000   0.0655  -0.0304    0.081
    66  24.4758   0.3572   6.3914   1.8980   0.2395   0.6828   0.2625   0.3667   0.3629   0.0319   0.0000   0.0792  -0.0107    0.032
    67  24.4963   0.4970   6.3914   1.8747   0.2875   0.5280   0.0111   0.2858   0.2828   0.0300   0.0000   0.1178   0.0469   -0.166
    68  24.5202   0.6600   6.3914   1.8476   0.3183   0.4512   0.0191   0.2483   0.2457   0.0242   0.0000   0.1360   0.0741   -0.303
    69  24.5468   0.8411   6.3914   1.8174   0.3442   0.3995   0.0266   0.2239   0.2216   0.0200   0.0000   0.1472   0.0913   -0.414
    70  24.5757   1.0383   6.3914   1.7845   0.3647   0.3617   0.0330   0.2069   0.2047   0.0169   0.0000   0.1544   0.1027   -0.504
    71  24.6067   1.2493   6.3914   1.7494   0.3798   0.3328   0.0380   0.1945   0.1924   0.0147   0.0000   0.1592   0.1104   -0.577
    72  24.6394   1.4719   6.3914   1.7123   0.3895   0.3098   0.0418   0.1852   0.1833   0.0130   0.0000   0.1623   0.1159   -0.636
    73  24.6734   1.7036   6.3914   1.6736   0.3939   0.2908   0.0448   0.1780   0.1762   0.0118   0.0000   0.1644   0.1197   -0.683
    74  24.7084   1.9420   6.3914   1.6339   0.3932   0.2747   0.0470   0.1724   0.1706   0.0109   0.0000   0.1659   0.1225   -0.722
    75  24.7440   2.1843   6.3914   1.5935   0.3878   0.2605   0.0487   0.1677   0.1660   0.0102   0.0000   0.1668   0.1246   -0.755
    76  24.7797   2.4280   6.3914   1.5529   0.3779   0.2477   0.0499   0.1637   0.1620   0.0097   0.0000   0.1675   0.1263   -0.784
    77  24.8153   2.6703   6.3914   1.5125   0.3640   0.2357   0.0508   0.1600   0.1583   0.0093   0.0000   0.1679   0.1276   -0.811
    78  24.8503   2.9087   6.3914   1.4728   0.3466   0.2243   0.0512   0.1564   0.1548   0.0090   0.0000   0.1681   0.1286   -0.836
    79  24.8843   3.1404   6.3914   1.4342   0.3263   0.2134   0.0512   0.1528   0.1512   0.0087   0.0000   0.1680   0.1294   -0.861
    80  24.9170   3.3630   6.3914   1.3971   0.3033   0.2028   0.0505   0.1490   0.1475   0.0086   0.0000   0.1674   0.1297   -0.885
    81  24.9480   3.5740   6.3914   1.3619   0.2783   0.1928   0.0487   0.1453   0.1438   0.0086   0.0000   0.1660   0.1292   -0.904
    82  24.9769   3.7712   6.3914   1.3290   0.2517   0.1844   0.0454   0.1423   0.1408   0.0088   0.0000   0.1631   0.1270   -0.908
    83  25.0035   3.9522   6.3914   1.2989   0.2238   0.1792   0.0398   0.1413   0.1398   0.0096   0.0000   0.1574   0.1216   -0.876
    84  25.0274   4.1153   6.3914   1.2717   0.1950   0.1814   0.0312   0.1457   0.1442   0.0113   0.0000   0.1466   0.1098   -0.767
    85  25.0485   4.2585   6.3914   1.2478   0.1656   0.2008   0.0199   0.1639   0.1622   0.0148   0.0000   0.1255   0.0844   -0.524
    86  25.0681   4.3923   6.3914   1.2255   0.1634   0.2859   0.2656   0.2387   0.2363   0.0167   0.0000   0.0725   0.0140   -0.057
    87  25.0856   4.5117   6.3914   1.2056   0.1269   0.2634   0.2559   0.2224   0.2201   0.0204   0.0000   0.0522  -0.0024    0.013
    88  25.0989   4.6025   6.3914   1.1904   0.0905   0.2056   0.2498   0.1753   0.1735   0.0181   0.0000   0.0378  -0.0053    0.032
    89  25.1078   4.6636   6.3914   1.1803   0.0542   0.1296   0.2462   0.1112   0.1100   0.0125   0.0000   0.0237  -0.0037    0.035
    90  25.1123   4.6943   6.3914   1.1751   0.0181   0.0442   0.2445   0.0381   0.0377   0.0039   0.0000   0.0082  -0.0012    0.034

  Surface # 4     horizontal_stabilizer (YDUP)            
     # Chordwise = 10   # Spanwise = 30     First strip = 91
     Surface area Ssurf =    7.357384     Ave. chord Cave =    1.566034

 Forces referred to Sref, Cref, Bref about Xref, Yref, Zref
 Standard axis orientation,  X fwd, Z down         
     CLsurf  =   0.02261     Clsurf  =   0.00128
     CYsurf  =  -0.00087     Cmsurf  =  -0.12018
     CDsurf  =   0.00189     Cnsurf  =   0.00065
     CDisurf =   0.00189     CDvsurf =   0.00000

 Forces referred to Ssurf, Cave 
     CLsurf  =   0.20176     CDsurf  =   0.01683

 Strip Forces referred to Strip Area, Chord
    j     Xle      Yle      Zle      Chord    Area     c_cl     ai     cl_norm    cl       cd       cdv    cm_c/4     cm_LE   C.P.x/c
    91  24.4238  -0.0030   6.3914   1.9570   0.0237   0.7758   0.2537   0.3725   0.3687   0.1598   0.0000   0.0542   0.0444    0.103
    92  24.4274  -0.0273   6.3914   1.9530   0.0708   0.7754   0.2538   0.3995   0.3954   0.0556   0.0000   0.0546   0.0442    0.112
    93  24.4345  -0.0754   6.3914   1.9449   0.1166   0.7726   0.2543   0.4015   0.3974   0.0483   0.0000   0.0559   0.0429    0.109
    94  24.4450  -0.1470   6.3914   1.9330   0.1605   0.7627   0.2554   0.3997   0.3956   0.0445   0.0000   0.0590   0.0392    0.101
    95  24.4588  -0.2413   6.3914   1.9173   0.2017   0.7380   0.2580   0.3909   0.3868   0.0398   0.0000   0.0655   0.0304    0.081
    96  24.4758  -0.3572   6.3914   1.8980   0.2395   0.6828   0.2625   0.3667   0.3629   0.0319   0.0000   0.0792   0.0107    0.032
    97  24.4963  -0.4970   6.3914   1.8747   0.2875   0.5280   0.0111   0.2858   0.2828   0.0300   0.0000   0.1178  -0.0469   -0.166
    98  24.5202  -0.6600   6.3914   1.8476   0.3183   0.4512   0.0191   0.2483   0.2457   0.0242   0.0000   0.1360  -0.0741   -0.303
    99  24.5468  -0.8411   6.3914   1.8174   0.3442   0.3995   0.0266   0.2239   0.2216   0.0200   0.0000   0.1472  -0.0913   -0.414
   100  24.5757  -1.0383   6.3914   1.7845   0.3647   0.3617   0.0330   0.2069   0.2047   0.0169   0.0000   0.1544  -0.1027   -0.504
   101  24.6067  -1.2493   6.3914   1.7494   0.3798   0.3328   0.0380   0.1945   0.1924   0.0147   0.0000   0.1592  -0.1104   -0.577
   102  24.6394  -1.4719   6.3914   1.7123   0.3895   0.3098   0.0418   0.1852   0.1833   0.0130   0.0000   0.1623  -0.1159   -0.636
   103  24.6734  -1.7036   6.3914   1.6736   0.3939   0.2908   0.0448   0.1780   0.1762   0.0118   0.0000   0.1644  -0.1197   -0.683
   104  24.7084  -1.9420   6.3914   1.6339   0.3932   0.2747   0.0470   0.1724   0.1706   0.0109   0.0000   0.1659  -0.1225   -0.722
   105  24.7440  -2.1843   6.3914   1.5935   0.3878   0.2605   0.0487   0.1677   0.1660   0.0102   0.0000   0.1668  -0.1246   -0.755
   106  24.7797  -2.4280   6.3914   1.5529   0.3779   0.2477   0.0499   0.1637   0.1620   0.0097   0.0000   0.1675  -0.1263   -0.784
   107  24.8153  -2.6703   6.3914   1.5125   0.3640   0.2357   0.0508   0.1600   0.1583   0.0093   0.0000   0.1679  -0.1276   -0.811
   108  24.8503  -2.9087   6.3914   1.4728   0.3466   0.2243   0.0512   0.1564   0.1548   0.0090   0.0000   0.1681  -0.1286   -0.836
   109  24.8843  -3.1404   6.3914   1.4342   0.3263   0.2134   0.0512   0.1528   0.1512   0.0087   0.0000   0.1680  -0.1294   -0.861
   110  24.9170  -3.3630   6.3914   1.3971   0.3033   0.2028   0.0505   0.1490   0.1475   0.0086   0.0000   0.1674  -0.1297   -0.885
   111  24.9480  -3.5740   6.3914   1.3619   0.2783   0.1928   0.0487   0.1453   0.1438   0.0086   0.0000   0.1660  -0.1292   -0.904
   112  24.9769  -3.7712   6.3914   1.3290   0.2517   0.1844   0.0454   0.1423   0.1408   0.0088   0.0000   0.1631  -0.1270   -0.908
   113  25.0035  -3.9522   6.3914   1.2989   0.2238   0.1792   0.0398   0.1413   0.1398   0.0096   0.0000   0.1574  -0.1216   -0.876
   114  25.0274  -4.1153   6.3914   1.2717   0.1950   0.1814   0.0312   0.1457   0.1442   0.0113   0.0000   0.1466  -0.1098   -0.767
   115  25.0485  -4.2585   6.3914   1.2478   0.1656   0.2008   0.0199   0.1639   0.1622   0.0148   0.0000   0.1255  -0.0844   -0.524
   116  25.0681  -4.3923   6.3914   1.2255   0.1634   0.2859   0.2656   0.2387   0.2363   0.0167   0.0000   0.0725  -0.0140   -0.057
   117  25.0856  -4.5117   6.3914   1.2056   0.1269   0.2634   0.2559   0.2224   0.2201   0.0204   0.0000   0.0522   0.0024    0.013
   118  25.0989  -4.6025   6.3914   1.1904   0.0905   0.2056   0.2498   0.1753   0.1735   0.0181   0.0000   0.0378   0.0053    0.032
   119  25.1078  -4.6636   6.3914   1.1803   0.0542   0.1296   0.2462   0.1112   0.1100   0.0125   0.0000   0.0237   0.0037    0.035
   120  25.1123  -4.6943   6.3914   1.1751   0.0181   0.0442   0.2445   0.0381   0.0377   0.0039   0.0000   0.0082   0.0012    0.034

  Surface # 5     vertical_stabilizer                     
     # Chordwise = 10   # Spanwise = 30     First strip =121
     Surface area Ssurf =   17.906305     Ave. chord Cave =    3.345347

 Forces referred to Sref, Cref, Bref about Xref, Yref, Zref
 Standard axis orientation,  X fwd, Z down         
     CLsurf  =   0.00000     Clsurf  =   0.00000
     CYsurf  =   0.00000     Cmsurf  =  -0.00000
     CDsurf  =  -0.00000     Cnsurf  =  -0.00000
     CDisurf =  -0.00000     CDvsurf =   0.00000

 Forces referred to Ssurf, Cave 
     CLsurf  =  -0.00000     CDsurf  =  -0.00000

 Strip Forces referred to Strip Area, Chord
    j     Xle      Yle      Zle      Chord    Area     c_cl     ai     cl_norm    cl       cd       cdv    cm_c/4     cm_LE   C.P.x/c
   121  21.6096   0.0000   1.0561   4.1763   0.1721  -0.0000   0.0000  -0.0000  -0.0000   0.0000   0.0000  -0.0000  -0.0000   -0.205
   122  21.6434   0.0000   1.1105   4.1593   0.2802  -0.0000   0.0000  -0.0000  -0.0000   0.0000   0.0000  -0.0000   0.0000    0.019
   123  21.6934   0.0000   1.1907   4.1342   0.3846  -0.0000  -0.0000  -0.0000  -0.0000   0.0000   0.0000  -0.0000  -0.0000   -0.128
   124  21.7591   0.0000   1.2963   4.1012   0.4836  -0.0000   0.0000  -0.0000  -0.0000  -0.0000   0.0000  -0.0000   0.0000    0.138
   125  21.8400   0.0000   1.4263   4.0606   0.5754  -0.0000   0.0000  -0.0000  -0.0000  -0.0000   0.0000  -0.0000   0.0000    0.131
   126  21.9354   0.0000   1.5794   4.0128   0.6588  -0.0000   0.0000  -0.0000  -0.0000   0.0000   0.0000  -0.0000   0.0000    0.096
   127  22.0442   0.0000   1.7543   3.9581   0.7326  -0.0000  -0.0000  -0.0000  -0.0000   0.0000   0.0000  -0.0000   0.0000    0.171
   128  22.1655   0.0000   1.9491   3.8972   0.7957  -0.0000   0.0000  -0.0000  -0.0000  -0.0000   0.0000  -0.0000   0.0000    0.147
   129  22.2981   0.0000   2.1621   3.8307   0.8474  -0.0000   0.0000  -0.0000  -0.0000   0.0000   0.0000  -0.0000   0.0000    0.175
   130  22.4407   0.0000   2.3910   3.7591   0.8874  -0.0000   0.0000  -0.0000  -0.0000  -0.0000   0.0000   0.0000   0.0000    0.278
   131  22.5917   0.0000   2.6336   3.6833   0.9154  -0.0000   0.0000  -0.0000  -0.0000  -0.0000   0.0000   0.0000   0.0000    0.336
   132  22.7497   0.0000   2.8875   3.6040   0.9315  -0.0000   0.0000  -0.0000  -0.0000  -0.0000   0.0000   0.0000   0.0000    0.363
   133  22.9131   0.0000   3.1499   3.5220   0.9360  -0.0000   0.0000  -0.0000  -0.0000  -0.0000   0.0000   0.0000   0.0000    0.345
   134  23.0802   0.0000   3.4183   3.4381   0.9294  -0.0000   0.0000  -0.0000  -0.0000  -0.0000   0.0000   0.0000   0.0000    0.384
   135  23.2493   0.0000   3.6899   3.3532   0.9124  -0.0000   0.0000  -0.0000  -0.0000  -0.0000   0.0000   0.0000   0.0000    0.299
   136  23.4186   0.0000   3.9618   3.2683   0.8859  -0.0000   0.0000  -0.0000  -0.0000  -0.0000   0.0000   0.0000   0.0000    0.301
   137  23.5864   0.0000   4.2313   3.1840   0.8508  -0.0000   0.0000  -0.0000  -0.0000   0.0000   0.0000   0.0000   0.0000    0.323
   138  23.7509   0.0000   4.4955   3.1015   0.8082  -0.0000   0.0000  -0.0000  -0.0000  -0.0000   0.0000   0.0000   0.0000    0.319
   139  23.9104   0.0000   4.7518   3.0214   0.7591  -0.0000   0.0000  -0.0000  -0.0000  -0.0000   0.0000   0.0000   0.0000    0.358
   140  24.0633   0.0000   4.9974   2.9446   0.7046  -0.0000  -0.0000  -0.0000  -0.0000   0.0000   0.0000   0.0000   0.0000    0.376
   141  24.2080   0.0000   5.2297   2.8720   0.6457  -0.0000   0.0000  -0.0000  -0.0000  -0.0000   0.0000   0.0000   0.0000    0.343
   142  24.3429   0.0000   5.4464   2.8043   0.5833  -0.0000   0.0000  -0.0000  -0.0000  -0.0000   0.0000   0.0000   0.0000    0.307
   143  24.4666   0.0000   5.6452   2.7422   0.5183  -0.0000  -0.0000  -0.0000  -0.0000  -0.0000   0.0000   0.0000   0.0000    0.321
   144  24.5779   0.0000   5.8239   2.6863   0.4514  -0.0000   0.0000  -0.0000  -0.0000   0.0000   0.0000   0.0000   0.0000    0.272
   145  24.6756   0.0000   5.9808   2.6373   0.3831  -0.0000   0.0000  -0.0000  -0.0000   0.0000   0.0000  -0.0000   0.0000    0.248
   146  24.7585   0.0000   6.1141   2.5957   0.3141  -0.0000  -0.0000  -0.0000  -0.0000   0.0000   0.0000  -0.0000   0.0000    0.220
   147  24.8260   0.0000   6.2225   2.5618   0.2445  -0.0000   0.0000  -0.0000  -0.0000   0.0000   0.0000  -0.0000   0.0000    0.108
   148  24.8773   0.0000   6.3047   2.5361   0.1748  -0.0000  -0.0000  -0.0000  -0.0000   0.0000   0.0000  -0.0000   0.0000    0.107
   149  24.9117   0.0000   6.3601   2.5188   0.1049  -0.0000   0.0000  -0.0000  -0.0000  -0.0000   0.0000  -0.0000  -0.0000   -0.019
   150  24.9290   0.0000   6.3879   2.5101   0.0350  -0.0000  -0.0000  -0.0000  -0.0000  -0.0000   0.0000  -0.0000   0.0000    0.007

  Surface # 6     fuselage_horizontal                     
     # Chordwise = 10   # Spanwise = 30     First strip =151
     Surface area Ssurf =   68.215848     Ave. chord Cave =   24.626660

 Forces referred to Sref, Cref, Bref about Xref, Yref, Zref
 Standard axis orientation,  X fwd, Z down         
     CLsurf  =   0.03421     Clsurf  =   0.00000
     CYsurf  =  -0.00000     Cmsurf  =   0.18776
     CDsurf  =   0.00405     Cnsurf  =  -0.00000
     CDisurf =   0.00405     CDvsurf =   0.00000

 Forces referred to Ssurf, Cave 
     CLsurf  =   0.03292     CDsurf  =   0.00390

 Strip Forces referred to Strip Area, Chord
    j     Xle      Yle      Zle      Chord    Area     c_cl     ai     cl_norm    cl       cd       cdv    cm_c/4     cm_LE   C.P.x/c
   151   3.1318  -1.3388   0.0000  17.7836   1.6420   0.3024   0.2157   0.0215   0.0184  -0.0036   0.0000   0.0067   0.0005   -0.115
   152   2.6452  -1.2465   0.0000  19.5836   1.8082   0.4529   0.2238   0.0284   0.0243  -0.0019   0.0000   0.0086   0.0005   -0.103
   153   2.1586  -1.1542   0.0000  21.3835   1.9744   0.5659   0.2301   0.0323   0.0277  -0.0018   0.0000   0.0093   0.0005   -0.087
   154   1.7878  -1.0618   0.0000  22.6830   2.0944   0.6544   0.2337   0.0405   0.0301  -0.0016   0.0000   0.0101   0.0010   -0.087
   155   1.5328  -0.9695   0.0000  23.4821   2.1682   0.7278   0.2343   0.0424   0.0316   0.0014   0.0000   0.0107   0.0010   -0.089
   156   1.2777  -0.8772   0.0000  24.2812   2.2420   0.7902   0.2350   0.0443   0.0330   0.0021   0.0000   0.0110   0.0010   -0.084
   157   1.0579  -0.7848   0.0000  24.9817   2.3066   0.8424   0.2355   0.0386   0.0341   0.0027   0.0000   0.0113   0.0013   -0.081
   158   0.8733  -0.6925   0.0000  25.5837   2.3622   0.8883   0.2357   0.0398   0.0351   0.0027   0.0000   0.0115   0.0012   -0.077
   159   0.6887  -0.6002   0.0000  26.1857   2.4178   0.9276   0.2362   0.0415   0.0366  -0.0003   0.0000   0.0116   0.0012   -0.066
   160   0.5311  -0.5078   0.0000  26.6432   2.4601   0.9584   0.2364   0.0486   0.0373  -0.0010   0.0000   0.0117   0.0016   -0.063
   161   0.4004  -0.4155   0.0000  26.9562   2.4890   0.9825   0.2366   0.0479   0.0368   0.0031   0.0000   0.0118   0.0015   -0.070
   162   0.2697  -0.3232   0.0000  27.2691   2.5178   1.0012   0.2367   0.0481   0.0369   0.0036   0.0000   0.0118   0.0015   -0.070
   163   0.1703  -0.2308   0.0000  27.4597   2.5354   1.0131   0.2368   0.0467   0.0364   0.0066   0.0000   0.0119   0.0021   -0.077
   164   0.1022  -0.1385   0.0000  27.5278   2.5417   1.0195   0.2368   0.0455   0.0355   0.0109   0.0000   0.0120   0.0022   -0.087
   165   0.0341  -0.0462   0.0000  27.5959   2.5480   1.0211   0.2368   0.0401   0.0312   0.0277   0.0000   0.0120   0.0022   -0.134
   166   0.0341   0.0462   0.0000  27.5959   2.5480   1.0211   0.2368   0.0401   0.0312   0.0277   0.0000   0.0120   0.0022   -0.134
   167   0.1022   0.1385   0.0000  27.5278   2.5417   1.0195   0.2368   0.0455   0.0355   0.0109   0.0000   0.0120   0.0022   -0.087
   168   0.1703   0.2308   0.0000  27.4597   2.5354   1.0131   0.2368   0.0467   0.0364   0.0066   0.0000   0.0119   0.0021   -0.077
   169   0.2697   0.3232   0.0000  27.2691   2.5178   1.0012   0.2367   0.0481   0.0369   0.0036   0.0000   0.0118   0.0015   -0.070
   170   0.4004   0.4155   0.0000  26.9562   2.4890   0.9825   0.2366   0.0479   0.0368   0.0031   0.0000   0.0118   0.0015   -0.070
   171   0.5311   0.5078   0.0000  26.6432   2.4601   0.9584   0.2364   0.0486   0.0373  -0.0010   0.0000   0.0117   0.0016   -0.063
   172   0.6887   0.6002   0.0000  26.1857   2.4178   0.9276   0.2362   0.0415   0.0366  -0.0003   0.0000   0.0116   0.0012   -0.066
   173   0.8733   0.6925   0.0000  25.5837   2.3622   0.8883   0.2357   0.0398   0.0351   0.0027   0.0000   0.0115   0.0012   -0.077
   174   1.0579   0.7848   0.0000  24.9817   2.3066   0.8424   0.2355   0.0386   0.0341   0.0027   0.0000   0.0113   0.0013   -0.081
   175   1.2777   0.8772   0.0000  24.2812   2.2420   0.7902   0.2350   0.0443   0.0330   0.0021   0.0000   0.0110   0.0010   -0.084
   176   1.5327   0.9695   0.0000  23.4821   2.1682   0.7278   0.2343   0.0424   0.0316   0.0014   0.0000   0.0107   0.0010   -0.089
   177   1.7878   1.0618   0.0000  22.6830   2.0944   0.6544   0.2337   0.0405   0.0301  -0.0016   0.0000   0.0101   0.0010   -0.087
   178   2.1586   1.1542   0.0000  21.3835   1.9744   0.5659   0.2301   0.0323   0.0277  -0.0018   0.0000   0.0093   0.0005   -0.087
   179   2.6452   1.2465   0.0000  19.5836   1.8082   0.4529   0.2238   0.0284   0.0243  -0.0019   0.0000   0.0086   0.0005   -0.103
   180   3.1318   1.3388   0.0000  17.7836   1.6420   0.3024   0.2157   0.0215   0.0184  -0.0036   0.0000   0.0067   0.0005   -0.115

  Surface # 7     fuselage_vertical                       
     # Chordwise = 10   # Spanwise = 30     First strip =181
     Surface area Ssurf =   67.949596     Ave. chord Cave =   24.530540

 Forces referred to Sref, Cref, Bref about Xref, Yref, Zref
 Standard axis orientation,  X fwd, Z down         
     CLsurf  =  -0.00000     Clsurf  =   0.00000
     CYsurf  =  -0.00000     Cmsurf  =   0.00000
     CDsurf  =  -0.00000     Cnsurf  =   0.00000
     CDisurf =  -0.00000     CDvsurf =   0.00000

 Forces referred to Ssurf, Cave 
     CLsurf  =   0.00000     CDsurf  =  -0.00000

 Strip Forces referred to Strip Area, Chord
    j     Xle      Yle      Zle      Chord    Area     c_cl     ai     cl_norm    cl       cd       cdv    cm_c/4     cm_LE   C.P.x/c
   181   2.8564   0.0000  -1.3388  17.8752   1.6505  -0.0000   0.0000  -0.0000  -0.0000  -0.0000   0.0000  -0.0000  -0.0000   -0.291
   182   1.8191   0.0000  -1.2465  19.8583   1.8336  -0.0000  -0.0000  -0.0000  -0.0000  -0.0000   0.0000  -0.0000  -0.0000   -0.493
   183   0.7817   0.0000  -1.1542  21.8414   2.0167  -0.0000  -0.0000  -0.0000  -0.0000  -0.0000   0.0000  -0.0000  -0.0000   -0.531
   184   0.2207   0.0000  -1.0618  23.0712   2.1302   0.0000  -0.0000   0.0000   0.0000   0.0000   0.0000  -0.0000  -0.0000    1.956
   185   0.1361   0.0000  -0.9695  23.5476   2.1742   0.0000  -0.0000   0.0000   0.0000   0.0000   0.0000  -0.0000  -0.0000    1.744
   186   0.0514   0.0000  -0.8772  24.0239   2.2182   0.0000  -0.0000   0.0000   0.0000   0.0000   0.0000  -0.0000  -0.0000    1.663
   187   0.0141   0.0000  -0.7848  24.4074   2.2536   0.0000  -0.0000   0.0000   0.0000   0.0000   0.0000  -0.0000  -0.0000    1.163
   188   0.0240   0.0000  -0.6925  24.6981   2.2805   0.0000  -0.0000   0.0000   0.0000   0.0000   0.0000  -0.0000  -0.0000    1.098
   189   0.0339   0.0000  -0.6002  24.9887   2.3073   0.0000  -0.0000   0.0000   0.0000   0.0000   0.0000  -0.0000  -0.0000    1.050
   190   0.0665   0.0000  -0.5078  25.2331   2.3299   0.0000  -0.0000   0.0000   0.0000   0.0000   0.0000  -0.0000  -0.0000    0.874
   191   0.1216   0.0000  -0.4155  25.4314   2.3482   0.0000  -0.0000   0.0000   0.0000   0.0000   0.0000  -0.0000  -0.0000    0.812
   192   0.1768   0.0000  -0.3232  25.6296   2.3665   0.0000  -0.0000   0.0000   0.0000   0.0000   0.0000  -0.0000  -0.0000    0.719
   193   0.2450   0.0000  -0.2308  25.7997   2.3822   0.0000  -0.0000   0.0000   0.0000  -0.0000   0.0000  -0.0000  -0.0000    0.646
   194   0.3263   0.0000  -0.1385  25.9416   2.3953   0.0000  -0.0000   0.0000   0.0000  -0.0000   0.0000  -0.0000  -0.0000    0.387
   195   0.4076   0.0000  -0.0462  26.0836   2.4084   0.0000  -0.0000   0.0000   0.0000  -0.0000   0.0000  -0.0000  -0.0000    0.376
   196   0.5006   0.0000   0.0462  26.2032   2.4194   0.0000   0.0000   0.0000   0.0000   0.0000   0.0000  -0.0000  -0.0000    0.319
   197   0.6052   0.0000   0.1385  26.3004   2.4284   0.0000   0.0000   0.0000   0.0000   0.0000   0.0000   0.0000  -0.0000    0.120
   198   0.7098   0.0000   0.2308  26.3977   2.4374   0.0000   0.0000   0.0000   0.0000   0.0000   0.0000   0.0000   0.0000  999.000
   199   0.8268   0.0000   0.3232  26.4519   2.4424  -0.0000   0.0000  -0.0000  -0.0000   0.0000   0.0000   0.0000   0.0000    1.961
   200   0.9561   0.0000   0.4155  26.4631   2.4434  -0.0000   0.0000  -0.0000  -0.0000  -0.0000   0.0000   0.0000   0.0000    1.644
   201   1.0855   0.0000   0.5078  26.4742   2.4445  -0.0000   0.0000  -0.0000  -0.0000  -0.0000   0.0000   0.0000   0.0000    1.633
   202   1.2301   0.0000   0.6002  26.3999   2.4376  -0.0000   0.0000  -0.0000  -0.0000  -0.0000   0.0000   0.0000   0.0000    1.400
   203   1.3898   0.0000   0.6925  26.2402   2.4228  -0.0000   0.0000  -0.0000  -0.0000  -0.0000   0.0000   0.0000   0.0000    1.364
   204   1.5494   0.0000   0.7848  26.0805   2.4081  -0.0000  -0.0000  -0.0000  -0.0000  -0.0000   0.0000   0.0000   0.0000    1.336
   205   1.7323   0.0000   0.8772  25.8976   2.3912  -0.0000   0.0000  -0.0000  -0.0000  -0.0000   0.0000   0.0000   0.0000    1.212
   206   1.9383   0.0000   0.9695  25.6916   2.3722  -0.0000  -0.0000  -0.0000  -0.0000  -0.0000   0.0000   0.0000   0.0000    1.153
   207   2.1443   0.0000   1.0618  25.4857   2.3532  -0.0000  -0.0000  -0.0000  -0.0000  -0.0000   0.0000   0.0000   0.0000    1.041
   208   2.4353   0.0000   1.1542  23.9662   2.2129   0.0000   0.0000   0.0000   0.0000   0.0000   0.0000  -0.0000  -0.0000    0.462
   209   2.8112   0.0000   1.2465  21.1332   1.9513   0.0000   0.0000   0.0000   0.0000  -0.0000   0.0000  -0.0000  -0.0000    0.777
   210   3.1871   0.0000   1.3388  18.3001   1.6897   0.0000  -0.0000   0.0000   0.0000  -0.0000   0.0000  -0.0000  -0.0000    0.823

  Surface # 8     nacelle_horizontal                      
     # Chordwise =  6   # Spanwise = 11     First strip =211
     Surface area Ssurf =    1.882323     Ave. chord Cave =    1.723897

 Forces referred to Sref, Cref, Bref about Xref, Yref, Zref
 Standard axis orientation,  X fwd, Z down         
     CLsurf  =   0.00646     Clsurf  =  -0.00093
     CYsurf  =  -0.00008     Cmsurf  =   0.00463
     CDsurf  =  -0.00021     Cnsurf  =  -0.00027
     CDisurf =  -0.00021     CDvsurf =   0.00000

 Forces referred to Ssurf, Cave 
     CLsurf  =   0.22525     CDsurf  =  -0.00746

 Strip Forces referred to Strip Area, Chord
    j     Xle      Yle      Zle      Chord    Area     c_cl     ai     cl_norm    cl       cd       cdv    cm_c/4     cm_LE   C.P.x/c
   211  10.7240   3.7111   0.8391   0.6018   0.0657   0.2849   0.3640   1.3840   0.5086  -0.0818   0.0000   0.0366  -0.0201    0.178
   212  10.4179   3.8203   0.8391   1.4164   0.1547   0.3757   0.3045   0.3424   0.2789  -0.0220   0.0000   0.0537  -0.0065    0.057
   213  10.2618   3.9295   0.8391   1.8708   0.2043   0.4131   0.2567   0.2511   0.2302  -0.0103   0.0000   0.0598   0.0029   -0.010
   214  10.1498   4.0387   0.8391   2.2271   0.2432   0.4242   0.2197   0.1991   0.1960   0.0012   0.0000   0.0610   0.0102   -0.061
   215  10.0947   4.1206   0.8391   2.4446   0.1335   0.4203   0.1977   0.1804   0.1734   0.0152   0.0000   0.0597   0.0159   -0.094
   216  10.0770   4.1752   0.8391   2.5621   0.1399   0.4137   0.1818   0.1692   0.1627   0.0150   0.0000   0.0588   0.0175   -0.111
   217  10.0859   4.2571   0.8391   2.5033   0.2734   0.4077   0.1904   0.1722   0.1656   0.0093   0.0000   0.0602   0.0185   -0.113
   218  10.1499   4.3663   0.8391   2.2271   0.2432   0.4009   0.2234   0.1886   0.1856  -0.0003   0.0000   0.0615   0.0126   -0.081
   219  10.2618   4.4755   0.8391   1.8709   0.2041   0.3873   0.2640   0.2357   0.2161  -0.0106   0.0000   0.0602   0.0054   -0.028
   220  10.4179   4.5846   0.8391   1.4164   0.1547   0.3537   0.3176   0.3223   0.2625  -0.0204   0.0000   0.0541  -0.0043    0.044
   221  10.7240   4.6938   0.8391   0.6018   0.0657   0.2711   0.3887   1.3123   0.4822  -0.0715   0.0000   0.0364  -0.0187    0.175

  Surface # 9     nacelle_horizontal (YDUP)               
     # Chordwise =  6   # Spanwise = 11     First strip =222
     Surface area Ssurf =    1.882323     Ave. chord Cave =    1.723897

 Forces referred to Sref, Cref, Bref about Xref, Yref, Zref
 Standard axis orientation,  X fwd, Z down         
     CLsurf  =   0.00646     Clsurf  =   0.00093
     CYsurf  =   0.00008     Cmsurf  =   0.00463
     CDsurf  =  -0.00021     Cnsurf  =   0.00027
     CDisurf =  -0.00021     CDvsurf =   0.00000

 Forces referred to Ssurf, Cave 
     CLsurf  =   0.22525     CDsurf  =  -0.00746

 Strip Forces referred to Strip Area, Chord
    j     Xle      Yle      Zle      Chord    Area     c_cl     ai     cl_norm    cl       cd       cdv    cm_c/4     cm_LE   C.P.x/c
   222  10.7240  -3.7111   0.8391   0.6018   0.0657   0.2849   0.3640   1.3840   0.5086  -0.0818   0.0000   0.0366   0.0201    0.178
   223  10.4179  -3.8203   0.8391   1.4164   0.1547   0.3757   0.3045   0.3424   0.2789  -0.0220   0.0000   0.0537   0.0065    0.057
   224  10.2618  -3.9295   0.8391   1.8708   0.2043   0.4131   0.2567   0.2511   0.2302  -0.0103   0.0000   0.0598  -0.0029   -0.010
   225  10.1498  -4.0387   0.8391   2.2271   0.2432   0.4242   0.2197   0.1991   0.1960   0.0012   0.0000   0.0610  -0.0102   -0.061
   226  10.0947  -4.1206   0.8391   2.4446   0.1335   0.4203   0.1977   0.1804   0.1734   0.0152   0.0000   0.0597  -0.0159   -0.094
   227  10.0770  -4.1752   0.8391   2.5621   0.1399   0.4137   0.1818   0.1692   0.1627   0.0150   0.0000   0.0588  -0.0175   -0.111
   228  10.0859  -4.2571   0.8391   2.5033   0.2734   0.4077   0.1904   0.1722   0.1656   0.0093   0.0000   0.0602  -0.0185   -0.113
   229  10.1499  -4.3663   0.8391   2.2271   0.2432   0.4009   0.2234   0.1886   0.1856  -0.0003   0.0000   0.0615  -0.0126   -0.081
   230  10.2618  -4.4755   0.8391   1.8709   0.2041   0.3873   0.2640   0.2357   0.2161  -0.0106   0.0000   0.0602  -0.0054   -0.028
   231  10.4179  -4.5846   0.8391   1.4164   0.1547   0.3537   0.3176   0.3223   0.2625  -0.0204   0.0000   0.0541   0.0043    0.044
   232  10.7240  -4.6938   0.8391   0.6018   0.0657   0.2711   0.3887   1.3123   0.4822  -0.0715   0.0000   0.0364   0.0187    0.175

  Surface #10     nacelle_vertical                        
     # Chordwise =  6   # Spanwise = 11     First strip =233
     Surface area Ssurf =    1.882259     Ave. chord Cave =    1.723839

 Forces referred to Sref, Cref, Bref about Xref, Yref, Zref
 Standard axis orientation,  X fwd, Z down         
     CLsurf  =   0.00000     Clsurf  =  -0.00000
     CYsurf  =   0.00006     Cmsurf  =   0.00000
     CDsurf  =  -0.00000     Cnsurf  =  -0.00000
     CDisurf =  -0.00000     CDvsurf =   0.00000

 Forces referred to Ssurf, Cave 
     CLsurf  =  -0.00196     CDsurf  =  -0.00006

 Strip Forces referred to Strip Area, Chord
    j     Xle      Yle      Zle      Chord    Area     c_cl     ai     cl_norm    cl       cd       cdv    cm_c/4     cm_LE   C.P.x/c
   233  10.7240   4.2025   0.3477   0.6018   0.0657  -0.0120   0.0198  -0.0351  -0.0200  -0.0002   0.0000  -0.0016   0.0008    0.168
   234  10.4179   4.2025   0.4569   1.4164   0.1547  -0.0174   0.0148  -0.0129  -0.0123  -0.0001   0.0000  -0.0006   0.0013    0.198
   235  10.2618   4.2025   0.5661   1.8708   0.2043  -0.0240   0.0128  -0.0129  -0.0128  -0.0001   0.0000  -0.0008   0.0015    0.188
   236  10.1499   4.2025   0.6753   2.2271   0.2432  -0.0331   0.0101  -0.0151  -0.0149  -0.0001   0.0000  -0.0017   0.0015    0.133
   237  10.0947   4.2025   0.7572   2.4446   0.1335  -0.0279   0.0101  -0.0140  -0.0114   0.0000   0.0000  -0.0013   0.0015    0.134
   238  10.0770   4.2025   0.8118   2.5621   0.1399  -0.0111   0.0100  -0.0053  -0.0043  -0.0000   0.0000   0.0009   0.0019    0.469
   239  10.0859   4.2025   0.8936   2.5034   0.2731   0.0207   0.0094   0.0083   0.0083  -0.0000   0.0000   0.0038   0.0017   -0.214
   240  10.1498   4.2025   1.0028   2.2271   0.2432   0.0239   0.0120   0.0124   0.0107  -0.0001   0.0000   0.0043   0.0013   -0.154
   241  10.2618   4.2025   1.1120   1.8709   0.2043   0.0136   0.0112   0.0100   0.0073  -0.0001   0.0000   0.0027   0.0006   -0.127
   242  10.4179   4.2025   1.2212   1.4164   0.1547   0.0093   0.0109   0.0114   0.0066  -0.0001   0.0000   0.0016  -0.0000    0.008
   243  10.7240   4.2025   1.3304   0.6018   0.0657   0.0047   0.0094   0.0616   0.0078  -0.0000   0.0000  -0.0004  -0.0006    0.301

  Surface #11     nacelle_vertical (YDUP)                 
     # Chordwise =  6   # Spanwise = 11     First strip =244
     Surface area Ssurf =    1.882259     Ave. chord Cave =    1.723839

 Forces referred to Sref, Cref, Bref about Xref, Yref, Zref
 Standard axis orientation,  X fwd, Z down         
     CLsurf  =   0.00000     Clsurf  =   0.00000
     CYsurf  =  -0.00006     Cmsurf  =   0.00000
     CDsurf  =  -0.00000     Cnsurf  =   0.00000
     CDisurf =  -0.00000     CDvsurf =   0.00000

 Forces referred to Ssurf, Cave 
     CLsurf  =  -0.00196     CDsurf  =  -0.00006

 Strip Forces referred to Strip Area, Chord
    j     Xle      Yle      Zle      Chord    Area     c_cl     ai     cl_norm    cl       cd       cdv    cm_c/4     cm_LE   C.P.x/c
   244  10.7240  -4.2025   0.3477   0.6018   0.0657  -0.0120   0.0198  -0.0351  -0.0200  -0.0002   0.0000  -0.0016  -0.0008    0.168
   245  10.4179  -4.2025   0.4569   1.4164   0.1547  -0.0174   0.0148  -0.0129  -0.0123  -0.0001   0.0000  -0.0006  -0.0013    0.198
   246  10.2618  -4.2025   0.5661   1.8708   0.2043  -0.0240   0.0128  -0.0129  -0.0128  -0.0001   0.0000  -0.0008  -0.0015    0.188
   247  10.1499  -4.2025   0.6753   2.2271   0.2432  -0.0331   0.0101  -0.0151  -0.0149  -0.0001   0.0000  -0.0017  -0.0015    0.133
   248  10.0947  -4.2025   0.7572   2.4446   0.1335  -0.0279   0.0101  -0.0140  -0.0114   0.0000   0.0000  -0.0013  -0.0015    0.134
   249  10.0770  -4.2025   0.8118   2.5621   0.1399  -0.0111   0.0100  -0.0053  -0.0043  -0.0000   0.0000   0.0009  -0.0019    0.469
   250  10.0859  -4.2025   0.8936   2.5034   0.2731   0.0207   0.0094   0.0083   0.0083  -0.0000   0.0000   0.0038  -0.0017   -0.214
   251  10.1498  -4.2025   1.0028   2.2271   0.2432   0.0239   0.0120   0.0124   0.0107  -0.0001   0.0000   0.0043  -0.0013   -0.154
   252  10.2618  -4.2025   1.1120   1.8709   0.2043   0.0136   0.0112   0.0100   0.0073  -0.0001   0.0000   0.0027  -0.0006   -0.127
   253  10.4179  -4.2025   1.2212   1.4164   0.1547   0.0093   0.0109   0.0114   0.0066  -0.0001   0.0000   0.0016   0.0000    0.008
   254  10.7240  -4.2025   1.3304   0.6018   0.0657   0.0047   0.0094   0.0616   0.0078  -0.0000   0.0000  -0.0004   0.0006    0.301
 ---------------------------------------------------------------
