 ---------------------------------------------------------------
 Surface and Strip Forces by surface

  Sref =  65.653       Cref =  2.4122       Bref =  28.068    
  Xref =  11.851       Yref =  0.0000       Zref =  1.3850    

  Surface # 1     main_wing_1                             
     # Chordwise = 10   # Spanwise = 30     First strip =  1
     Surface area Ssurf =   32.823320     Ave. chord Cave =    2.338809

 Forces referred to Sref, Cref, Bref about Xref, Yref, Zref
 Standard axis orientation,  X fwd, Z down         
     CLsurf  =   1.40778     Clsurf  =  -0.26983
     CYsurf  =   0.01275     Cmsurf  =   0.04878
     CDsurf  =   0.10407     Cnsurf  =  -0.15285
     CDisurf =   0.10407     CDvsurf =   0.00000

 Forces referred to Ssurf, Cave 
     CLsurf  =   2.81582     CDsurf  =   0.20816

 Strip Forces referred to Strip Area, Chord
    j     Xle      Yle      Zle      Chord    Area     c_cl     ai     cl_norm    cl       cd       cdv    cm_c/4     cm_LE   C.P.x/c
     1  11.0483   0.0086   1.3850   2.8025   0.0964   6.4979   0.1901   2.6087   2.6087   0.2715   0.0000  -0.0249  -0.6046    0.260
     2  11.0483   0.0773   1.3850   2.8025   0.2880   6.4991   0.1903   2.6100   2.6100   0.2702   0.0000  -0.0249  -0.6047    0.260
     3  11.0483   0.2139   1.3850   2.8025   0.4766   6.5073   0.1900   2.6153   2.6153   0.2676   0.0000  -0.0246  -0.6051    0.259
     4  11.0483   0.4169   1.3850   2.8025   0.6599   6.5336   0.1888   2.6305   2.6305   0.2619   0.0000  -0.0235  -0.6063    0.259
     5  11.0483   0.6842   1.3850   2.8025   0.8359   6.5916   0.1863   2.6632   2.6632   0.2502   0.0000  -0.0209  -0.6089    0.258
     6  11.0483   1.0127   1.3850   2.8025   1.0029   6.6906   0.1824   2.7191   2.7191   0.2302   0.0000  -0.0163  -0.6132    0.256
     7  11.0483   1.3989   1.3850   2.8025   1.1588   6.8234   0.1784   2.7934   2.7934   0.2045   0.0000  -0.0103  -0.6190    0.254
     8  11.0496   1.8894   1.3850   2.7971   1.5917   6.9665   0.1728   2.8813   2.8813   0.1735   0.0000  -0.0041  -0.6267    0.251
     9  11.0525   2.4875   1.3850   2.7854   1.7421   7.0571   0.1678   2.9464   2.9464   0.1535   0.0000  -0.0012  -0.6346    0.250
    10  11.0557   3.1394   1.3850   2.7727   1.8764   7.0503   0.1673   2.9457   2.9457   0.1710   0.0000  -0.0013  -0.6370    0.250
    11  11.0591   3.8382   1.3850   2.7591   1.9837   6.8094   0.1713   2.7506   2.7506   0.3280   0.0000  -0.0140  -0.6310    0.255
    12  11.0712   4.5367   1.3850   2.7109   1.8306   6.7174   0.1678   2.7627   2.7627   0.3278   0.0000  -0.0123  -0.6315    0.254
    13  11.0923   5.2247   1.3850   2.6263   1.8349   6.7735   0.1570   2.9778   2.9778   0.1884   0.0000  -0.0027  -0.6471    0.251
    14  11.1141   5.9322   1.3850   2.5393   1.8141   6.6362   0.1484   3.0326   3.0326   0.1683   0.0000  -0.0052  -0.6582    0.252
    15  11.1362   6.6515   1.3850   2.4509   1.7703   6.4442   0.1418   3.0532   3.0532   0.1662   0.0000  -0.0072  -0.6642    0.252
    16  11.1584   7.3749   1.3850   2.3619   1.7061   6.2258   0.1373   3.0612   3.0612   0.1661   0.0000  -0.0082  -0.6668    0.253
    17  11.1805   8.0942   1.3850   2.2735   1.6242   5.9894   0.1354   3.0587   3.0587   0.1671   0.0000  -0.0085  -0.6668    0.253
    18  11.2023   8.8017   1.3850   2.1865   1.5276   5.7387   0.1361   3.0450   3.0450   0.1698   0.0000  -0.0082  -0.6640    0.253
    19  11.2234   9.4897   1.3850   2.1019   1.4194   5.4746   0.1396   3.0177   3.0177   0.1747   0.0000  -0.0074  -0.6583    0.252
    20  11.2443  10.1680   1.3850   2.0185   1.3710   5.1921   0.1466   2.9737   2.9737   0.1823   0.0000  -0.0060  -0.6488    0.252
    21  11.2646  10.8282   1.3850   1.9373   1.2386   4.8869   0.1579   2.9064   2.9064   0.1932   0.0000  -0.0038  -0.6341    0.251
    22  11.2835  11.4449   1.3850   1.8615   1.1028   4.5588   0.1743   2.8085   2.8085   0.2074   0.0000  -0.0004  -0.6124    0.250
    23  11.3009  12.0114   1.3850   1.7919   0.9659   4.2006   0.1966   2.6713   2.6713   0.2240   0.0000   0.0046  -0.5812    0.248
    24  11.3166  12.5215   1.3850   1.7292   0.8296   3.8008   0.2253   2.4838   2.4838   0.2413   0.0000   0.0118  -0.5375    0.245
    25  11.3303  12.9696   1.3850   1.6741   0.6951   3.3452   0.2599   2.2340   2.2340   0.2552   0.0000   0.0212  -0.4782    0.241
    26  11.3421  13.3508   1.3850   1.6273   0.5632   2.8187   0.2984   1.9106   1.9106   0.2599   0.0000   0.0317  -0.4011    0.233
    27  11.3508  13.6352   1.3850   1.5923   0.3588   2.2410   0.3339   1.5284   1.5284   0.2470   0.0000   0.0395  -0.3122    0.224
    28  11.3568  13.8295   1.3850   1.5684   0.2552   1.6454   0.3628   1.1193   1.1193   0.2140   0.0000   0.0406  -0.2215    0.214
    29  11.3608  13.9602   1.3850   1.5523   0.1527   1.0079   0.3856   0.6768   0.6768   0.1562   0.0000   0.0318  -0.1305    0.203
    30  11.3628  14.0260   1.3850   1.5442   0.0508   0.3398   0.3997   0.2233   0.2233   0.0619   0.0000   0.0123  -0.0427    0.195

  Surface # 2     main_wing_1 (YDUP)                      
     # Chordwise = 10   # Spanwise = 30     First strip = 31
     Surface area Ssurf =   32.823320     Ave. chord Cave =    2.338809

 Forces referred to Sref, Cref, Bref about Xref, Yref, Zref
 Standard axis orientation,  X fwd, Z down         
     CLsurf  =   1.40778     Clsurf  =   0.26983
     CYsurf  =  -0.01275     Cmsurf  =   0.04878
     CDsurf  =   0.10407     Cnsurf  =   0.15285
     CDisurf =   0.10407     CDvsurf =   0.00000

 Forces referred to Ssurf, Cave 
     CLsurf  =   2.81582     CDsurf  =   0.20816

 Strip Forces referred to Strip Area, Chord
    j     Xle      Yle      Zle      Chord    Area     c_cl     ai     cl_norm    cl       cd       cdv    cm_c/4     cm_LE   C.P.x/c
    31  11.0483  -0.0086   1.3850   2.8025   0.0964   6.4979   0.1901   2.6087   2.6087   0.2715   0.0000  -0.0249   0.6046    0.260
    32  11.0483  -0.0773   1.3850   2.8025   0.2880   6.4991   0.1903   2.6100   2.6100   0.2702   0.0000  -0.0249   0.6047    0.260
    33  11.0483  -0.2139   1.3850   2.8025   0.4766   6.5073   0.1900   2.6153   2.6153   0.2676   0.0000  -0.0246   0.6051    0.259
    34  11.0483  -0.4169   1.3850   2.8025   0.6599   6.5336   0.1888   2.6305   2.6305   0.2619   0.0000  -0.0235   0.6063    0.259
    35  11.0483  -0.6842   1.3850   2.8025   0.8359   6.5916   0.1863   2.6632   2.6632   0.2502   0.0000  -0.0209   0.6089    0.258
    36  11.0483  -1.0127   1.3850   2.8025   1.0029   6.6906   0.1824   2.7191   2.7191   0.2302   0.0000  -0.0163   0.6132    0.256
    37  11.0483  -1.3989   1.3850   2.8025   1.1588   6.8234   0.1784   2.7934   2.7934   0.2045   0.0000  -0.0103   0.6190    0.254
    38  11.0496  -1.8894   1.3850   2.7971   1.5917   6.9665   0.1728   2.8813   2.8813   0.1735   0.0000  -0.0041   0.6267    0.251
    39  11.0525  -2.4875   1.3850   2.7854   1.7421   7.0571   0.1678   2.9464   2.9464   0.1535   0.0000  -0.0012   0.6346    0.250
    40  11.0557  -3.1394   1.3850   2.7727   1.8764   7.0503   0.1673   2.9457   2.9457   0.1710   0.0000  -0.0013   0.6370    0.250
    41  11.0591  -3.8382   1.3850   2.7591   1.9837   6.8094   0.1713   2.7506   2.7506   0.3280   0.0000  -0.0140   0.6310    0.255
    42  11.0712  -4.5367   1.3850   2.7109   1.8306   6.7174   0.1678   2.7627   2.7627   0.3278   0.0000  -0.0123   0.6315    0.254
    43  11.0923  -5.2247   1.3850   2.6263   1.8349   6.7735   0.1570   2.9778   2.9778   0.1884   0.0000  -0.0027   0.6471    0.251
    44  11.1141  -5.9322   1.3850   2.5393   1.8141   6.6362   0.1484   3.0326   3.0326   0.1683   0.0000  -0.0052   0.6582    0.252
    45  11.1362  -6.6515   1.3850   2.4509   1.7703   6.4442   0.1418   3.0532   3.0532   0.1662   0.0000  -0.0072   0.6642    0.252
    46  11.1584  -7.3749   1.3850   2.3619   1.7061   6.2258   0.1373   3.0612   3.0612   0.1661   0.0000  -0.0082   0.6668    0.253
    47  11.1805  -8.0942   1.3850   2.2735   1.6242   5.9894   0.1354   3.0587   3.0587   0.1671   0.0000  -0.0085   0.6668    0.253
    48  11.2023  -8.8017   1.3850   2.1865   1.5276   5.7387   0.1361   3.0450   3.0450   0.1698   0.0000  -0.0082   0.6640    0.253
    49  11.2234  -9.4897   1.3850   2.1019   1.4194   5.4746   0.1396   3.0177   3.0177   0.1747   0.0000  -0.0074   0.6583    0.252
    50  11.2443 -10.1680   1.3850   2.0185   1.3710   5.1921   0.1466   2.9737   2.9737   0.1823   0.0000  -0.0060   0.6488    0.252
    51  11.2646 -10.8282   1.3850   1.9373   1.2386   4.8869   0.1579   2.9064   2.9064   0.1932   0.0000  -0.0038   0.6341    0.251
    52  11.2835 -11.4449   1.3850   1.8615   1.1028   4.5588   0.1743   2.8085   2.8085   0.2074   0.0000  -0.0004   0.6124    0.250
    53  11.3009 -12.0114   1.3850   1.7919   0.9659   4.2006   0.1966   2.6713   2.6713   0.2240   0.0000   0.0046   0.5812    0.248
    54  11.3166 -12.5215   1.3850   1.7292   0.8296   3.8008   0.2253   2.4838   2.4838   0.2413   0.0000   0.0118   0.5375    0.245
    55  11.3303 -12.9696   1.3850   1.6741   0.6951   3.3452   0.2599   2.2340   2.2340   0.2552   0.0000   0.0212   0.4782    0.241
    56  11.3421 -13.3508   1.3850   1.6273   0.5632   2.8187   0.2984   1.9106   1.9106   0.2599   0.0000   0.0317   0.4011    0.233
    57  11.3508 -13.6352   1.3850   1.5923   0.3588   2.2410   0.3339   1.5284   1.5284   0.2470   0.0000   0.0395   0.3122    0.224
    58  11.3568 -13.8295   1.3850   1.5684   0.2552   1.6454   0.3628   1.1193   1.1193   0.2140   0.0000   0.0406   0.2215    0.214
    59  11.3608 -13.9602   1.3850   1.5523   0.1527   1.0079   0.3856   0.6768   0.6768   0.1562   0.0000   0.0318   0.1305    0.203
    60  11.3628 -14.0260   1.3850   1.5442   0.0508   0.3398   0.3997   0.2233   0.2233   0.0619   0.0000   0.0123   0.0427    0.195

  Surface # 3     horizontal_stabilizer                   
     # Chordwise = 10   # Spanwise = 30     First strip = 61
     Surface area Ssurf =    7.357384     Ave. chord Cave =    1.566034

 Forces referred to Sref, Cref, Bref about Xref, Yref, Zref
 Standard axis orientation,  X fwd, Z down         
     CLsurf  =   0.04494     Clsurf  =  -0.00184
     CYsurf  =   0.00453     Cmsurf  =  -0.24701
     CDsurf  =   0.00798     Cnsurf  =  -0.00332
     CDisurf =   0.00798     CDvsurf =   0.00000

 Forces referred to Ssurf, Cave 
     CLsurf  =   0.40097     CDsurf  =   0.07117

 Strip Forces referred to Strip Area, Chord
    j     Xle      Yle      Zle      Chord    Area     c_cl     ai     cl_norm    cl       cd       cdv    cm_c/4     cm_LE   C.P.x/c
    61  24.4238   0.0030   6.3914   1.9570   0.0237   1.5107   0.5829   0.4812   0.4776   0.6742   0.0000   0.1043  -0.0877    0.032
    62  24.4274   0.0273   6.3914   1.9530   0.0708   1.5101   0.5832   0.7747   0.7688   0.2416   0.0000   0.1051  -0.0873    0.113
    63  24.4345   0.0754   6.3914   1.9449   0.1166   1.5042   0.5842   0.7955   0.7895   0.2111   0.0000   0.1077  -0.0848    0.114
    64  24.4450   0.1470   6.3914   1.9330   0.1605   1.4842   0.5871   0.8000   0.7940   0.1943   0.0000   0.1139  -0.0773    0.107
    65  24.4588   0.2413   6.3914   1.9173   0.2017   1.4342   0.5936   0.7902   0.7843   0.1732   0.0000   0.1268  -0.0595    0.088
    66  24.4758   0.3572   6.3914   1.8980   0.2395   1.3218   0.6052   0.7523   0.7466   0.1366   0.0000   0.1543  -0.0195    0.043
    67  24.4963   0.4970   6.3914   1.8747   0.2875   1.0049   0.0064   0.5629   0.5586   0.1292   0.0000   0.2331   0.0980   -0.167
    68  24.5202   0.6600   6.3914   1.8476   0.3183   0.8490   0.0267   0.4879   0.4842   0.1028   0.0000   0.2696   0.1531   -0.307
    69  24.5468   0.8411   6.3914   1.8174   0.3442   0.7447   0.0455   0.4402   0.4368   0.0841   0.0000   0.2918   0.1873   -0.418
    70  24.5757   1.0383   6.3914   1.7845   0.3647   0.6691   0.0610   0.4071   0.4041   0.0705   0.0000   0.3059   0.2099   -0.507
    71  24.6067   1.2493   6.3914   1.7494   0.3798   0.6116   0.0731   0.3831   0.3802   0.0605   0.0000   0.3151   0.2253   -0.579
    72  24.6394   1.4719   6.3914   1.7123   0.3895   0.5662   0.0823   0.3651   0.3623   0.0532   0.0000   0.3211   0.2359   -0.636
    73  24.6734   1.7036   6.3914   1.6736   0.3939   0.5291   0.0893   0.3510   0.3483   0.0480   0.0000   0.3251   0.2435   -0.683
    74  24.7084   1.9420   6.3914   1.6339   0.3932   0.4979   0.0946   0.3398   0.3372   0.0441   0.0000   0.3278   0.2489   -0.722
    75  24.7440   2.1843   6.3914   1.5935   0.3878   0.4708   0.0986   0.3304   0.3279   0.0413   0.0000   0.3296   0.2530   -0.755
    76  24.7797   2.4280   6.3914   1.5529   0.3779   0.4467   0.1015   0.3224   0.3200   0.0392   0.0000   0.3308   0.2561   -0.784
    77  24.8153   2.6703   6.3914   1.5125   0.3640   0.4247   0.1035   0.3152   0.3128   0.0375   0.0000   0.3316   0.2586   -0.810
    78  24.8503   2.9087   6.3914   1.4728   0.3466   0.4040   0.1045   0.3082   0.3059   0.0363   0.0000   0.3319   0.2605   -0.835
    79  24.8843   3.1404   6.3914   1.4342   0.3263   0.3845   0.1044   0.3013   0.2990   0.0354   0.0000   0.3316   0.2618   -0.859
    80  24.9170   3.3630   6.3914   1.3971   0.3033   0.3660   0.1026   0.2941   0.2919   0.0349   0.0000   0.3305   0.2622   -0.882
    81  24.9480   3.5740   6.3914   1.3619   0.2783   0.3491   0.0984   0.2870   0.2848   0.0353   0.0000   0.3279   0.2610   -0.901
    82  24.9769   3.7712   6.3914   1.3290   0.2517   0.3353   0.0906   0.2810   0.2789   0.0370   0.0000   0.3224   0.2566   -0.906
    83  25.0035   3.9522   6.3914   1.2989   0.2238   0.3285   0.0771   0.2790   0.2769   0.0410   0.0000   0.3115   0.2457   -0.875
    84  25.0274   4.1153   6.3914   1.2717   0.1950   0.3367   0.0562   0.2879   0.2858   0.0492   0.0000   0.2904   0.2218   -0.766
    85  25.0485   4.2585   6.3914   1.2478   0.1656   0.3805   0.0280   0.3257   0.3233   0.0654   0.0000   0.2484   0.1704   -0.519
    86  25.0681   4.3923   6.3914   1.2255   0.1634   0.5598   0.6128   0.5038   0.5000   0.0744   0.0000   0.1412   0.0267   -0.032
    87  25.0856   4.5117   6.3914   1.2056   0.1269   0.5190   0.5887   0.4597   0.4563   0.0924   0.0000   0.1012  -0.0064    0.028
    88  25.0989   4.6025   6.3914   1.1904   0.0905   0.4063   0.5740   0.3584   0.3557   0.0821   0.0000   0.0735  -0.0117    0.044
    89  25.1078   4.6636   6.3914   1.1803   0.0542   0.2564   0.5654   0.2249   0.2232   0.0571   0.0000   0.0462  -0.0081    0.043
    90  25.1123   4.6943   6.3914   1.1751   0.0181   0.0874   0.5613   0.0779   0.0773   0.0183   0.0000   0.0159  -0.0026    0.044

  Surface # 4     horizontal_stabilizer (YDUP)            
     # Chordwise = 10   # Spanwise = 30     First strip = 91
     Surface area Ssurf =    7.357384     Ave. chord Cave =    1.566034

 Forces referred to Sref, Cref, Bref about Xref, Yref, Zref
 Standard axis orientation,  X fwd, Z down         
     CLsurf  =   0.04494     Clsurf  =   0.00184
     CYsurf  =  -0.00453     Cmsurf  =  -0.24701
     CDsurf  =   0.00798     Cnsurf  =   0.00332
     CDisurf =   0.00798     CDvsurf =   0.00000

 Forces referred to Ssurf, Cave 
     CLsurf  =   0.40097     CDsurf  =   0.07117

 Strip Forces referred to Strip Area, Chord
    j     Xle      Yle      Zle      Chord    Area     c_cl     ai     cl_norm    cl       cd       cdv    cm_c/4     cm_LE   C.P.x/c
    91  24.4238  -0.0030   6.3914   1.9570   0.0237   1.5107   0.5829   0.4812   0.4776   0.6742   0.0000   0.1043   0.0877    0.032
    92  24.4274  -0.0273   6.3914   1.9530   0.0708   1.5101   0.5832   0.7747   0.7688   0.2416   0.0000   0.1051   0.0873    0.113
    93  24.4345  -0.0754   6.3914   1.9449   0.1166   1.5042   0.5842   0.7955   0.7895   0.2111   0.0000   0.1077   0.0848    0.114
    94  24.4450  -0.1470   6.3914   1.9330   0.1605   1.4842   0.5871   0.8000   0.7940   0.1943   0.0000   0.1139   0.0773    0.107
    95  24.4588  -0.2413   6.3914   1.9173   0.2017   1.4342   0.5936   0.7902   0.7843   0.1732   0.0000   0.1268   0.0595    0.088
    96  24.4758  -0.3572   6.3914   1.8980   0.2395   1.3218   0.6052   0.7523   0.7466   0.1366   0.0000   0.1543   0.0195    0.043
    97  24.4963  -0.4970   6.3914   1.8747   0.2875   1.0049   0.0064   0.5629   0.5586   0.1292   0.0000   0.2331  -0.0980   -0.167
    98  24.5202  -0.6600   6.3914   1.8476   0.3183   0.8490   0.0267   0.4879   0.4842   0.1028   0.0000   0.2696  -0.1531   -0.307
    99  24.5468  -0.8411   6.3914   1.8174   0.3442   0.7447   0.0455   0.4402   0.4368   0.0841   0.0000   0.2918  -0.1873   -0.418
   100  24.5757  -1.0383   6.3914   1.7845   0.3647   0.6691   0.0610   0.4071   0.4041   0.0705   0.0000   0.3059  -0.2099   -0.507
   101  24.6067  -1.2493   6.3914   1.7494   0.3798   0.6116   0.0731   0.3831   0.3802   0.0605   0.0000   0.3151  -0.2253   -0.579
   102  24.6394  -1.4719   6.3914   1.7123   0.3895   0.5662   0.0823   0.3651   0.3623   0.0532   0.0000   0.3211  -0.2359   -0.636
   103  24.6734  -1.7036   6.3914   1.6736   0.3939   0.5291   0.0893   0.3510   0.3483   0.0480   0.0000   0.3251  -0.2435   -0.683
   104  24.7084  -1.9420   6.3914   1.6339   0.3932   0.4979   0.0946   0.3398   0.3372   0.0441   0.0000   0.3278  -0.2489   -0.722
   105  24.7440  -2.1843   6.3914   1.5935   0.3878   0.4708   0.0986   0.3304   0.3279   0.0413   0.0000   0.3296  -0.2530   -0.755
   106  24.7797  -2.4280   6.3914   1.5529   0.3779   0.4467   0.1015   0.3224   0.3200   0.0392   0.0000   0.3308  -0.2561   -0.784
   107  24.8153  -2.6703   6.3914   1.5125   0.3640   0.4247   0.1035   0.3152   0.3128   0.0375   0.0000   0.3316  -0.2586   -0.810
   108  24.8503  -2.9087   6.3914   1.4728   0.3466   0.4040   0.1045   0.3082   0.3059   0.0363   0.0000   0.3319  -0.2605   -0.835
   109  24.8843  -3.1404   6.3914   1.4342   0.3263   0.3845   0.1044   0.3013   0.2990   0.0354   0.0000   0.3316  -0.2618   -0.859
   110  24.9170  -3.3630   6.3914   1.3971   0.3033   0.3660   0.1026   0.2941   0.2919   0.0349   0.0000   0.3305  -0.2622   -0.882
   111  24.9480  -3.5740   6.3914   1.3619   0.2783   0.3491   0.0984   0.2870   0.2848   0.0353   0.0000   0.3279  -0.2610   -0.901
   112  24.9769  -3.7712   6.3914   1.3290   0.2517   0.3353   0.0906   0.2810   0.2789   0.0370   0.0000   0.3224  -0.2566   -0.906
   113  25.0035  -3.9522   6.3914   1.2989   0.2238   0.3285   0.0771   0.2790   0.2769   0.0410   0.0000   0.3115  -0.2457   -0.875
   114  25.0274  -4.1153   6.3914   1.2717   0.1950   0.3367   0.0562   0.2879   0.2858   0.0492   0.0000   0.2904  -0.2218   -0.766
   115  25.0485  -4.2585   6.3914   1.2478   0.1656   0.3805   0.0280   0.3257   0.3233   0.0654   0.0000   0.2484  -0.1704   -0.519
   116  25.0681  -4.3923   6.3914   1.2255   0.1634   0.5598   0.6128   0.5038   0.5000   0.0744   0.0000   0.1412  -0.0267   -0.032
   117  25.0856  -4.5117   6.3914   1.2056   0.1269   0.5190   0.5887   0.4597   0.4563   0.0924   0.0000   0.1012   0.0064    0.028
   118  25.0989  -4.6025   6.3914   1.1904   0.0905   0.4063   0.5740   0.3584   0.3557   0.0821   0.0000   0.0735   0.0117    0.044
   119  25.1078  -4.6636   6.3914   1.1803   0.0542   0.2564   0.5654   0.2249   0.2232   0.0571   0.0000   0.0462   0.0081    0.043
   120  25.1123  -4.6943   6.3914   1.1751   0.0181   0.0874   0.5613   0.0779   0.0773   0.0183   0.0000   0.0159   0.0026    0.044

  Surface # 5     vertical_stabilizer                     
     # Chordwise = 10   # Spanwise = 30     First strip =121
     Surface area Ssurf =   17.906305     Ave. chord Cave =    3.345347

 Forces referred to Sref, Cref, Bref about Xref, Yref, Zref
 Standard axis orientation,  X fwd, Z down         
     CLsurf  =   0.00000     Clsurf  =  -0.00000
     CYsurf  =  -0.00000     Cmsurf  =  -0.00000
     CDsurf  =  -0.00000     Cnsurf  =   0.00000
     CDisurf =  -0.00000     CDvsurf =   0.00000

 Forces referred to Ssurf, Cave 
     CLsurf  =   0.00000     CDsurf  =  -0.00000

 Strip Forces referred to Strip Area, Chord
    j     Xle      Yle      Zle      Chord    Area     c_cl     ai     cl_norm    cl       cd       cdv    cm_c/4     cm_LE   C.P.x/c
   121  21.6096   0.0000   1.0561   4.1763   0.1721   0.0000  -0.0000   0.0000   0.0000  -0.0000   0.0000   0.0000   0.0000   -0.382
   122  21.6434   0.0000   1.1105   4.1593   0.2802   0.0000  -0.0000   0.0000   0.0000  -0.0000   0.0000   0.0000   0.0000  999.000
   123  21.6934   0.0000   1.1907   4.1342   0.3846   0.0000  -0.0000   0.0000   0.0000   0.0000   0.0000   0.0000   0.0000   -0.944
   124  21.7591   0.0000   1.2963   4.1012   0.4836   0.0000   0.0000   0.0000   0.0000   0.0000   0.0000   0.0000   0.0000   -0.480
   125  21.8400   0.0000   1.4263   4.0606   0.5754   0.0000  -0.0000   0.0000   0.0000   0.0000   0.0000   0.0000   0.0000   -0.212
   126  21.9354   0.0000   1.5794   4.0128   0.6588   0.0000  -0.0000   0.0000   0.0000  -0.0000   0.0000   0.0000  -0.0000    0.070
   127  22.0442   0.0000   1.7543   3.9581   0.7326   0.0000   0.0000   0.0000   0.0000  -0.0000   0.0000   0.0000  -0.0000    0.131
   128  22.1655   0.0000   1.9491   3.8972   0.7957   0.0000   0.0000   0.0000   0.0000  -0.0000   0.0000   0.0000  -0.0000    0.058
   129  22.2981   0.0000   2.1621   3.8307   0.8474   0.0000  -0.0000   0.0000   0.0000   0.0000   0.0000   0.0000   0.0000   -0.104
   130  22.4407   0.0000   2.3910   3.7591   0.8874   0.0000   0.0000   0.0000   0.0000   0.0000   0.0000   0.0000   0.0000   -0.120
   131  22.5917   0.0000   2.6336   3.6833   0.9154   0.0000  -0.0000   0.0000   0.0000  -0.0000   0.0000   0.0000   0.0000   -0.038
   132  22.7497   0.0000   2.8875   3.6040   0.9315   0.0000   0.0000   0.0000   0.0000   0.0000   0.0000   0.0000  -0.0000    0.175
   133  22.9131   0.0000   3.1499   3.5220   0.9360   0.0000   0.0000   0.0000   0.0000  -0.0000   0.0000   0.0000  -0.0000    0.155
   134  23.0802   0.0000   3.4183   3.4381   0.9294   0.0000   0.0000   0.0000   0.0000  -0.0000   0.0000   0.0000  -0.0000    0.150
   135  23.2493   0.0000   3.6899   3.3532   0.9124   0.0000   0.0000   0.0000   0.0000   0.0000   0.0000   0.0000  -0.0000    0.242
   136  23.4186   0.0000   3.9618   3.2683   0.8859   0.0000  -0.0000   0.0000   0.0000   0.0000   0.0000  -0.0000  -0.0000    0.278
   137  23.5864   0.0000   4.2313   3.1840   0.8508   0.0000  -0.0000   0.0000   0.0000  -0.0000   0.0000   0.0000  -0.0000    0.159
   138  23.7509   0.0000   4.4955   3.1015   0.8082   0.0000  -0.0000   0.0000   0.0000  -0.0000   0.0000   0.0000  -0.0000    0.132
   139  23.9104   0.0000   4.7518   3.0214   0.7591   0.0000   0.0000   0.0000   0.0000  -0.0000   0.0000  -0.0000  -0.0000    0.284
   140  24.0633   0.0000   4.9974   2.9446   0.7046   0.0000  -0.0000   0.0000   0.0000  -0.0000   0.0000  -0.0000  -0.0000    0.315
   141  24.2080   0.0000   5.2297   2.8720   0.6457   0.0000   0.0000   0.0000   0.0000   0.0000   0.0000  -0.0000  -0.0000    0.386
   142  24.3429   0.0000   5.4464   2.8043   0.5833   0.0000   0.0000   0.0000   0.0000   0.0000   0.0000  -0.0000  -0.0000    0.347
   143  24.4666   0.0000   5.6452   2.7422   0.5183   0.0000  -0.0000   0.0000   0.0000   0.0000   0.0000  -0.0000  -0.0000    0.373
   144  24.5779   0.0000   5.8239   2.6863   0.4514   0.0000   0.0000   0.0000   0.0000   0.0000   0.0000  -0.0000  -0.0000    0.447
   145  24.6756   0.0000   5.9808   2.6373   0.3831   0.0000   0.0000   0.0000   0.0000   0.0000   0.0000  -0.0000  -0.0000    0.507
   146  24.7585   0.0000   6.1141   2.5957   0.3141   0.0000  -0.0000   0.0000   0.0000   0.0000   0.0000  -0.0000  -0.0000    0.529
   147  24.8260   0.0000   6.2225   2.5618   0.2445   0.0000   0.0000   0.0000   0.0000   0.0000   0.0000  -0.0000  -0.0000    0.550
   148  24.8773   0.0000   6.3047   2.5361   0.1748   0.0000   0.0000   0.0000   0.0000   0.0000   0.0000  -0.0000  -0.0000    0.646
   149  24.9117   0.0000   6.3601   2.5188   0.1049   0.0000  -0.0000   0.0000   0.0000  -0.0000   0.0000  -0.0000  -0.0000    0.492
   150  24.9290   0.0000   6.3879   2.5101   0.0350   0.0000  -0.0000   0.0000   0.0000  -0.0000   0.0000  -0.0000  -0.0000    1.101

  Surface # 6     fuselage_horizontal                     
     # Chordwise = 10   # Spanwise = 30     First strip =151
     Surface area Ssurf =   68.215848     Ave. chord Cave =   24.626660

 Forces referred to Sref, Cref, Bref about Xref, Yref, Zref
 Standard axis orientation,  X fwd, Z down         
     CLsurf  =   0.07997     Clsurf  =   0.00000
     CYsurf  =  -0.00000     Cmsurf  =   0.37792
     CDsurf  =   0.02330     Cnsurf  =   0.00000
     CDisurf =   0.02330     CDvsurf =   0.00000

 Forces referred to Ssurf, Cave 
     CLsurf  =   0.07696     CDsurf  =   0.02243

 Strip Forces referred to Strip Area, Chord
    j     Xle      Yle      Zle      Chord    Area     c_cl     ai     cl_norm    cl       cd       cdv    cm_c/4     cm_LE   C.P.x/c
   151   3.1318  -1.3388   0.0000  17.7836   1.6420   0.6849   0.4959   0.0634   0.0567  -0.0155   0.0000   0.0112   0.0003    0.052
   152   2.6452  -1.2465   0.0000  19.5836   1.8082   1.0307   0.5133   0.0766   0.0686  -0.0078   0.0000   0.0144   0.0002    0.040
   153   2.1586  -1.1542   0.0000  21.3835   1.9744   1.2981   0.5271   0.0863   0.0772  -0.0062   0.0000   0.0157   0.0001    0.046
   154   1.7878  -1.0618   0.0000  22.6830   2.0944   1.5074   0.5354   0.1012   0.0822  -0.0034   0.0000   0.0178   0.0004    0.033
   155   1.5328  -0.9695   0.0000  23.4821   2.1682   1.6826   0.5368   0.0980   0.0797   0.0098   0.0000   0.0188   0.0003    0.014
   156   1.2777  -0.8772   0.0000  24.2812   2.2420   1.8335   0.5385   0.1007   0.0818   0.0136   0.0000   0.0194   0.0002    0.013
   157   1.0579  -0.7848   0.0000  24.9817   2.3066   1.9586   0.5397   0.0910   0.0831   0.0167   0.0000   0.0199   0.0002    0.010
   158   0.8733  -0.6925   0.0000  25.5837   2.3622   2.0714   0.5403   0.0937   0.0856   0.0177   0.0000   0.0202   0.0000    0.014
   159   0.6887  -0.6002   0.0000  26.1857   2.4178   2.1690   0.5413   0.1032   0.0943   0.0080   0.0000   0.0204  -0.0001    0.034
   160   0.5311  -0.5078   0.0000  26.6432   2.4601   2.2424   0.5420   0.1170   0.0971   0.0063   0.0000   0.0207  -0.0002    0.036
   161   0.4004  -0.4155   0.0000  26.9562   2.4890   2.2982   0.5424   0.1060   0.0879   0.0219   0.0000   0.0209  -0.0002    0.012
   162   0.2697  -0.3232   0.0000  27.2691   2.5178   2.3411   0.5427   0.1039   0.0862   0.0255   0.0000   0.0210  -0.0003    0.006
   163   0.1703  -0.2308   0.0000  27.4597   2.5354   2.3652   0.5428   0.0936   0.0784   0.0377   0.0000   0.0212  -0.0003   -0.020
   164   0.1022  -0.1385   0.0000  27.5278   2.5417   2.3752   0.5428   0.0815   0.0682   0.0532   0.0000   0.0213  -0.0002   -0.063
   165   0.0341  -0.0462   0.0000  27.5959   2.5480   2.3738   0.5428   0.0272   0.0228   0.1206   0.0000   0.0214  -0.0001   -0.690
   166   0.0341   0.0462   0.0000  27.5959   2.5480   2.3738   0.5428   0.0272   0.0228   0.1206   0.0000   0.0214  -0.0001   -0.690
   167   0.1022   0.1385   0.0000  27.5278   2.5417   2.3752   0.5428   0.0815   0.0682   0.0532   0.0000   0.0213  -0.0002   -0.063
   168   0.1703   0.2308   0.0000  27.4597   2.5354   2.3652   0.5428   0.0936   0.0784   0.0377   0.0000   0.0212  -0.0003   -0.020
   169   0.2697   0.3232   0.0000  27.2691   2.5178   2.3411   0.5427   0.1039   0.0862   0.0255   0.0000   0.0210  -0.0003    0.006
   170   0.4004   0.4155   0.0000  26.9562   2.4890   2.2982   0.5424   0.1060   0.0879   0.0219   0.0000   0.0209  -0.0002    0.012
   171   0.5311   0.5078   0.0000  26.6432   2.4601   2.2424   0.5420   0.1170   0.0971   0.0063   0.0000   0.0207  -0.0002    0.036
   172   0.6887   0.6002   0.0000  26.1857   2.4178   2.1690   0.5413   0.1032   0.0943   0.0080   0.0000   0.0204  -0.0001    0.034
   173   0.8733   0.6925   0.0000  25.5837   2.3622   2.0714   0.5403   0.0937   0.0856   0.0177   0.0000   0.0202   0.0000    0.014
   174   1.0579   0.7848   0.0000  24.9817   2.3066   1.9586   0.5397   0.0910   0.0831   0.0167   0.0000   0.0199   0.0002    0.010
   175   1.2777   0.8772   0.0000  24.2812   2.2420   1.8335   0.5385   0.1007   0.0818   0.0136   0.0000   0.0194   0.0002    0.013
   176   1.5327   0.9695   0.0000  23.4821   2.1682   1.6826   0.5368   0.0980   0.0797   0.0098   0.0000   0.0188   0.0003    0.014
   177   1.7878   1.0618   0.0000  22.6830   2.0944   1.5074   0.5354   0.1012   0.0822  -0.0034   0.0000   0.0178   0.0004    0.033
   178   2.1586   1.1542   0.0000  21.3835   1.9744   1.2981   0.5271   0.0863   0.0772  -0.0062   0.0000   0.0157   0.0001    0.046
   179   2.6452   1.2465   0.0000  19.5836   1.8082   1.0307   0.5133   0.0766   0.0686  -0.0078   0.0000   0.0144   0.0002    0.040
   180   3.1318   1.3388   0.0000  17.7836   1.6420   0.6849   0.4959   0.0634   0.0567  -0.0155   0.0000   0.0112   0.0003    0.052

  Surface # 7     fuselage_vertical                       
     # Chordwise = 10   # Spanwise = 30     First strip =181
     Surface area Ssurf =   67.949596     Ave. chord Cave =   24.530540

 Forces referred to Sref, Cref, Bref about Xref, Yref, Zref
 Standard axis orientation,  X fwd, Z down         
     CLsurf  =  -0.00000     Clsurf  =   0.00000
     CYsurf  =   0.00000     Cmsurf  =   0.00000
     CDsurf  =   0.00000     Cnsurf  =  -0.00000
     CDisurf =   0.00000     CDvsurf =   0.00000

 Forces referred to Ssurf, Cave 
     CLsurf  =  -0.00000     CDsurf  =   0.00000

 Strip Forces referred to Strip Area, Chord
    j     Xle      Yle      Zle      Chord    Area     c_cl     ai     cl_norm    cl       cd       cdv    cm_c/4     cm_LE   C.P.x/c
   181   2.8564   0.0000  -1.3388  17.8752   1.6505   0.0000   0.0000   0.0000   0.0000  -0.0000   0.0000  -0.0000  -0.0000    0.302
   182   1.8191   0.0000  -1.2465  19.8583   1.8336   0.0000   0.0000   0.0000   0.0000  -0.0000   0.0000  -0.0000  -0.0000    0.333
   183   0.7817   0.0000  -1.1542  21.8414   2.0167   0.0000   0.0000   0.0000   0.0000  -0.0000   0.0000  -0.0000  -0.0000    0.351
   184   0.2207   0.0000  -1.0618  23.0712   2.1302   0.0000   0.0000   0.0000   0.0000  -0.0000   0.0000   0.0000  -0.0000    0.236
   185   0.1361   0.0000  -0.9695  23.5476   2.1742   0.0000  -0.0000   0.0000   0.0000   0.0000   0.0000   0.0000  -0.0000    0.168
   186   0.0514   0.0000  -0.8772  24.0239   2.2182   0.0000  -0.0000   0.0000   0.0000   0.0000   0.0000   0.0000  -0.0000    0.059
   187   0.0141   0.0000  -0.7848  24.4074   2.2536   0.0000  -0.0000   0.0000   0.0000  -0.0000   0.0000   0.0000   0.0000  999.000
   188   0.0240   0.0000  -0.6925  24.6981   2.2805  -0.0000  -0.0000  -0.0000  -0.0000  -0.0000   0.0000   0.0000   0.0000  999.000
   189   0.0339   0.0000  -0.6002  24.9887   2.3073  -0.0000  -0.0000  -0.0000  -0.0000  -0.0000   0.0000   0.0000   0.0000  999.000
   190   0.0665   0.0000  -0.5078  25.2331   2.3299  -0.0000  -0.0000  -0.0000  -0.0000  -0.0000   0.0000   0.0000   0.0000    1.498
   191   0.1216   0.0000  -0.4155  25.4314   2.3482  -0.0000  -0.0000  -0.0000  -0.0000  -0.0000   0.0000   0.0000   0.0000    1.463
   192   0.1768   0.0000  -0.3232  25.6296   2.3665  -0.0000   0.0000  -0.0000  -0.0000   0.0000   0.0000   0.0000   0.0000    1.460
   193   0.2450   0.0000  -0.2308  25.7997   2.3822  -0.0000   0.0000  -0.0000  -0.0000   0.0000   0.0000   0.0000   0.0000    1.544
   194   0.3263   0.0000  -0.1385  25.9416   2.3953  -0.0000   0.0000  -0.0000  -0.0000   0.0000   0.0000   0.0000   0.0000  999.000
   195   0.4076   0.0000  -0.0462  26.0836   2.4084  -0.0000   0.0000  -0.0000  -0.0000   0.0000   0.0000   0.0000   0.0000    1.133
   196   0.5006   0.0000   0.0462  26.2032   2.4194  -0.0000  -0.0000  -0.0000  -0.0000  -0.0000   0.0000   0.0000   0.0000    1.027
   197   0.6052   0.0000   0.1385  26.3004   2.4284   0.0000  -0.0000   0.0000   0.0000  -0.0000   0.0000  -0.0000  -0.0000    0.353
   198   0.7098   0.0000   0.2308  26.3977   2.4374   0.0000   0.0000   0.0000   0.0000  -0.0000   0.0000  -0.0000  -0.0000    0.488
   199   0.8268   0.0000   0.3232  26.4519   2.4424   0.0000  -0.0000   0.0000   0.0000  -0.0000   0.0000  -0.0000  -0.0000    0.534
   200   0.9561   0.0000   0.4155  26.4631   2.4434   0.0000  -0.0000   0.0000   0.0000  -0.0000   0.0000  -0.0000  -0.0000    0.540
   201   1.0855   0.0000   0.5078  26.4742   2.4445   0.0000  -0.0000   0.0000   0.0000  -0.0000   0.0000  -0.0000  -0.0000    0.545
   202   1.2301   0.0000   0.6002  26.3999   2.4376   0.0000   0.0000   0.0000   0.0000  -0.0000   0.0000  -0.0000  -0.0000    0.562
   203   1.3898   0.0000   0.6925  26.2402   2.4228   0.0000  -0.0000   0.0000   0.0000  -0.0000   0.0000  -0.0000  -0.0000    0.567
   204   1.5494   0.0000   0.7848  26.0805   2.4081   0.0000  -0.0000   0.0000   0.0000  -0.0000   0.0000  -0.0000  -0.0000    0.577
   205   1.7323   0.0000   0.8772  25.8976   2.3912   0.0000  -0.0000   0.0000   0.0000  -0.0000   0.0000  -0.0000  -0.0000    0.587
   206   1.9383   0.0000   0.9695  25.6916   2.3722   0.0000  -0.0000   0.0000   0.0000  -0.0000   0.0000  -0.0000  -0.0000    0.656
   207   2.1443   0.0000   1.0618  25.4857   2.3532   0.0000   0.0000   0.0000   0.0000  -0.0000   0.0000  -0.0000  -0.0000    0.768
   208   2.4353   0.0000   1.1542  23.9662   2.2129  -0.0000   0.0000  -0.0000  -0.0000   0.0000   0.0000   0.0000   0.0000    0.642
   209   2.8112   0.0000   1.2465  21.1332   1.9513  -0.0000   0.0000  -0.0000  -0.0000   0.0000   0.0000   0.0000   0.0000    0.706
   210   3.1871   0.0000   1.3388  18.3001   1.6897  -0.0000  -0.0000  -0.0000  -0.0000   0.0000   0.0000   0.0000   0.0000    0.795

  Surface # 8     nacelle_horizontal                      
     # Chordwise =  6   # Spanwise = 11     First strip =211
     Surface area Ssurf =    1.882323     Ave. chord Cave =    1.723897

 Forces referred to Sref, Cref, Bref about Xref, Yref, Zref
 Standard axis orientation,  X fwd, Z down         
     CLsurf  =   0.01402     Clsurf  =  -0.00163
     CYsurf  =  -0.00038     Cmsurf  =   0.00927
     CDsurf  =  -0.00125     Cnsurf  =  -0.00134
     CDisurf =  -0.00125     CDvsurf =   0.00000

 Forces referred to Ssurf, Cave 
     CLsurf  =   0.48915     CDsurf  =  -0.04347

 Strip Forces referred to Strip Area, Chord
    j     Xle      Yle      Zle      Chord    Area     c_cl     ai     cl_norm    cl       cd       cdv    cm_c/4     cm_LE   C.P.x/c
   211  10.7240   3.7111   0.8391   0.6018   0.0657   0.4748   0.7854   2.2604   1.2114  -0.3911   0.0000   0.0581  -0.0341    0.202
   212  10.4179   3.8203   0.8391   1.4164   0.1547   0.6473   0.6741   0.7225   0.6242  -0.1108   0.0000   0.0865  -0.0143    0.111
   213  10.2618   3.9295   0.8391   1.8708   0.2043   0.7294   0.5782   0.5387   0.5058  -0.0546   0.0000   0.0965  -0.0006    0.059
   214  10.1498   4.0387   0.8391   2.2271   0.2432   0.7624   0.5028   0.4187   0.4139  -0.0028   0.0000   0.0987   0.0100    0.011
   215  10.0947   4.1206   0.8391   2.4446   0.1335   0.7612   0.4574   0.3474   0.3377   0.0554   0.0000   0.0969   0.0181   -0.037
   216  10.0770   4.1752   0.8391   2.5621   0.1399   0.7516   0.4244   0.3243   0.3152   0.0566   0.0000   0.0958   0.0214   -0.054
   217  10.0859   4.2571   0.8391   2.5033   0.2734   0.7417   0.4424   0.3444   0.3347   0.0326   0.0000   0.0985   0.0232   -0.044
   218  10.1499   4.3663   0.8391   2.2271   0.2432   0.7208   0.5103   0.4000   0.3954  -0.0088   0.0000   0.1005   0.0150   -0.004
   219  10.2618   4.4755   0.8391   1.8709   0.2041   0.6854   0.5932   0.5088   0.4776  -0.0548   0.0000   0.0982   0.0042    0.044
   220  10.4179   4.5846   0.8391   1.4164   0.1547   0.6142   0.7009   0.6824   0.5896  -0.1012   0.0000   0.0883  -0.0104    0.100
   221  10.7240   4.6938   0.8391   0.6018   0.0657   0.4571   0.8362   2.1314   1.1423  -0.3406   0.0000   0.0587  -0.0322    0.199

  Surface # 9     nacelle_horizontal (YDUP)               
     # Chordwise =  6   # Spanwise = 11     First strip =222
     Surface area Ssurf =    1.882323     Ave. chord Cave =    1.723897

 Forces referred to Sref, Cref, Bref about Xref, Yref, Zref
 Standard axis orientation,  X fwd, Z down         
     CLsurf  =   0.01402     Clsurf  =   0.00163
     CYsurf  =   0.00038     Cmsurf  =   0.00927
     CDsurf  =  -0.00125     Cnsurf  =   0.00134
     CDisurf =  -0.00125     CDvsurf =   0.00000

 Forces referred to Ssurf, Cave 
     CLsurf  =   0.48915     CDsurf  =  -0.04347

 Strip Forces referred to Strip Area, Chord
    j     Xle      Yle      Zle      Chord    Area     c_cl     ai     cl_norm    cl       cd       cdv    cm_c/4     cm_LE   C.P.x/c
   222  10.7240  -3.7111   0.8391   0.6018   0.0657   0.4748   0.7854   2.2604   1.2114  -0.3911   0.0000   0.0581   0.0341    0.202
   223  10.4179  -3.8203   0.8391   1.4164   0.1547   0.6473   0.6741   0.7225   0.6242  -0.1108   0.0000   0.0865   0.0143    0.111
   224  10.2618  -3.9295   0.8391   1.8708   0.2043   0.7294   0.5782   0.5387   0.5058  -0.0546   0.0000   0.0965   0.0006    0.059
   225  10.1498  -4.0387   0.8391   2.2271   0.2432   0.7624   0.5028   0.4187   0.4139  -0.0028   0.0000   0.0987  -0.0100    0.011
   226  10.0947  -4.1206   0.8391   2.4446   0.1335   0.7612   0.4574   0.3474   0.3377   0.0554   0.0000   0.0969  -0.0181   -0.037
   227  10.0770  -4.1752   0.8391   2.5621   0.1399   0.7516   0.4244   0.3243   0.3152   0.0566   0.0000   0.0958  -0.0214   -0.054
   228  10.0859  -4.2571   0.8391   2.5033   0.2734   0.7417   0.4424   0.3444   0.3347   0.0326   0.0000   0.0985  -0.0232   -0.044
   229  10.1499  -4.3663   0.8391   2.2271   0.2432   0.7208   0.5103   0.4000   0.3954  -0.0088   0.0000   0.1005  -0.0150   -0.004
   230  10.2618  -4.4755   0.8391   1.8709   0.2041   0.6854   0.5932   0.5088   0.4776  -0.0548   0.0000   0.0982  -0.0042    0.044
   231  10.4179  -4.5846   0.8391   1.4164   0.1547   0.6142   0.7009   0.6824   0.5896  -0.1012   0.0000   0.0883   0.0104    0.100
   232  10.7240  -4.6938   0.8391   0.6018   0.0657   0.4571   0.8362   2.1314   1.1423  -0.3406   0.0000   0.0587   0.0322    0.199

  Surface #10     nacelle_vertical                        
     # Chordwise =  6   # Spanwise = 11     First strip =233
     Surface area Ssurf =    1.882259     Ave. chord Cave =    1.723839

 Forces referred to Sref, Cref, Bref about Xref, Yref, Zref
 Standard axis orientation,  X fwd, Z down         
     CLsurf  =   0.00001     Clsurf  =  -0.00001
     CYsurf  =   0.00014     Cmsurf  =   0.00000
     CDsurf  =  -0.00001     Cnsurf  =   0.00000
     CDisurf =  -0.00001     CDvsurf =   0.00000

 Forces referred to Ssurf, Cave 
     CLsurf  =  -0.00491     CDsurf  =  -0.00019

 Strip Forces referred to Strip Area, Chord
    j     Xle      Yle      Zle      Chord    Area     c_cl     ai     cl_norm    cl       cd       cdv    cm_c/4     cm_LE   C.P.x/c
   233  10.7240   4.2025   0.3477   0.6018   0.0657  -0.0275   0.0422  -0.0526  -0.0457  -0.0013   0.0000  -0.0074   0.0010    0.088
   234  10.4179   4.2025   0.4569   1.4164   0.1547  -0.0316   0.0317  -0.0227  -0.0223  -0.0003   0.0000  -0.0029   0.0014    0.121
   235  10.2618   4.2025   0.5661   1.8708   0.2043  -0.0421   0.0273  -0.0245  -0.0225  -0.0003   0.0000  -0.0024   0.0021    0.144
   236  10.1499   4.2025   0.6753   2.2271   0.2432  -0.0564   0.0216  -0.0316  -0.0253  -0.0004   0.0000  -0.0033   0.0023    0.119
   237  10.0947   4.2025   0.7572   2.4446   0.1335  -0.0419   0.0215  -0.0349  -0.0172   0.0001   0.0000  -0.0019   0.0023    0.139
   238  10.0770   4.2025   0.8118   2.5621   0.1399  -0.0185   0.0213  -0.0147  -0.0072  -0.0000   0.0000   0.0020   0.0036    0.523
   239  10.0859   4.2025   0.8936   2.5034   0.2731   0.0480   0.0202   0.0224   0.0192  -0.0002   0.0000   0.0054   0.0006   -0.033
   240  10.1498   4.2025   1.0028   2.2271   0.2432   0.0406   0.0254   0.0322   0.0183  -0.0003   0.0000   0.0066   0.0016   -0.113
   241  10.2618   4.2025   1.1120   1.8709   0.2043   0.0151   0.0237   0.0205   0.0081  -0.0001   0.0000   0.0038   0.0012   -0.225
   242  10.4179   4.2025   1.2212   1.4164   0.1547   0.0057   0.0229   0.0163   0.0040  -0.0000   0.0000   0.0013   0.0001   -0.071
   243  10.7240   4.2025   1.3304   0.6018   0.0657  -0.0062   0.0190 -26.8135  -0.0102   0.0010   0.0000  -0.0060  -0.0009   -0.340

  Surface #11     nacelle_vertical (YDUP)                 
     # Chordwise =  6   # Spanwise = 11     First strip =244
     Surface area Ssurf =    1.882259     Ave. chord Cave =    1.723839

 Forces referred to Sref, Cref, Bref about Xref, Yref, Zref
 Standard axis orientation,  X fwd, Z down         
     CLsurf  =   0.00001     Clsurf  =   0.00001
     CYsurf  =  -0.00014     Cmsurf  =   0.00000
     CDsurf  =  -0.00001     Cnsurf  =  -0.00000
     CDisurf =  -0.00001     CDvsurf =   0.00000

 Forces referred to Ssurf, Cave 
     CLsurf  =  -0.00491     CDsurf  =  -0.00019

 Strip Forces referred to Strip Area, Chord
    j     Xle      Yle      Zle      Chord    Area     c_cl     ai     cl_norm    cl       cd       cdv    cm_c/4     cm_LE   C.P.x/c
   244  10.7240  -4.2025   0.3477   0.6018   0.0657  -0.0275   0.0422  -0.0526  -0.0457  -0.0013   0.0000  -0.0074  -0.0010    0.088
   245  10.4179  -4.2025   0.4569   1.4164   0.1547  -0.0316   0.0317  -0.0227  -0.0223  -0.0003   0.0000  -0.0029  -0.0014    0.121
   246  10.2618  -4.2025   0.5661   1.8708   0.2043  -0.0421   0.0273  -0.0245  -0.0225  -0.0003   0.0000  -0.0024  -0.0021    0.144
   247  10.1499  -4.2025   0.6753   2.2271   0.2432  -0.0564   0.0216  -0.0316  -0.0253  -0.0004   0.0000  -0.0033  -0.0023    0.119
   248  10.0947  -4.2025   0.7572   2.4446   0.1335  -0.0419   0.0215  -0.0349  -0.0172   0.0001   0.0000  -0.0019  -0.0023    0.139
   249  10.0770  -4.2025   0.8118   2.5621   0.1399  -0.0185   0.0213  -0.0147  -0.0072  -0.0000   0.0000   0.0020  -0.0036    0.523
   250  10.0859  -4.2025   0.8936   2.5034   0.2731   0.0480   0.0202   0.0224   0.0192  -0.0002   0.0000   0.0054  -0.0006   -0.033
   251  10.1498  -4.2025   1.0028   2.2271   0.2432   0.0406   0.0254   0.0322   0.0183  -0.0003   0.0000   0.0066  -0.0016   -0.113
   252  10.2618  -4.2025   1.1120   1.8709   0.2043   0.0151   0.0237   0.0205   0.0081  -0.0001   0.0000   0.0038  -0.0012   -0.225
   253  10.4179  -4.2025   1.2212   1.4164   0.1547   0.0057   0.0229   0.0163   0.0040  -0.0000   0.0000   0.0013  -0.0001   -0.071
   254  10.7240  -4.2025   1.3304   0.6018   0.0657  -0.0062   0.0190 -26.8135  -0.0102   0.0010   0.0000  -0.0060   0.0009   -0.340
 ---------------------------------------------------------------
