
      u         w         q        the        v         p         r        phi        x         y         z        psi    |  slat        flap        aileron     elevator    
   0.3775E-03  0.1083      -9.679      -9.810     -0.1749E-17 -0.1115E-15  0.8860E-16   0.000       0.000      -0.000       0.000       0.000        -0.7011E-03  0.2527E-01 -0.2188E-17  0.8987E-02
  -0.7974E-01 -0.8587       128.2      -0.000      0.7536E-16 -0.1849E-15 -0.1224E-14  -0.000       0.000      -0.000       0.000       0.000         0.1602E-01 -0.5791      0.1757E-16 -0.1780    
   0.3458E-02 -0.4941E-01  -1.303       0.000      0.1212E-02 -0.6476E-02 -0.2306E-01   0.000      -0.000       0.000      -0.000       0.000        -0.1859E-02  0.1833E-02  0.2504E-03 -0.1105    
   -0.000      -0.000       1.000       0.000       0.000      -0.000      -0.000      0.1665E-32  -0.000       0.000      -0.000       0.000          0.000       0.000       0.000       0.000    
  -0.2247E-17 -0.5467E-17  0.1219E-15  -0.000     -0.1602       9.488      -130.5       9.810      -0.000       0.000      -0.000      -0.000        -0.4173E-19 -0.7815E-17 -0.2851E-02 -0.3047E-17
   0.8550E-05 -0.1222E-03 -0.3221E-02  -0.000     -0.3430      -28.37       7.829      -0.000       0.000      -0.000       0.000      -0.000        -0.4595E-05  0.4532E-05   1.325     -0.2733E-03
   0.7570E-04 -0.1082E-02 -0.2852E-01  -0.000      0.6885E-01  0.2498      -1.337      -0.000       0.000      -0.000       0.000      -0.000        -0.4068E-04  0.4012E-04 -0.1433E-01 -0.2420E-02
   -0.000      -0.000       0.000     -0.1665E-32   0.000       1.000       0.000       0.000      -0.000       0.000      -0.000       0.000          0.000       0.000       0.000       0.000    
    1.000       0.000      -0.000       9.489      -0.000       0.000       0.000       0.000       0.000      -0.000       0.000       0.000         -0.000      -0.000      -0.000      -0.000    
    0.000      -0.000       0.000      -0.000       1.000      -0.000      -0.000      -9.489      -0.000       0.000      -0.000       135.6          0.000       0.000       0.000       0.000    
   -0.000       1.000      -0.000      -135.6       0.000       0.000       0.000       0.000       0.000      -0.000       0.000       0.000         -0.000      -0.000      -0.000      -0.000    
   -0.000      -0.000       0.000       0.000       0.000      -0.000       1.000     -0.4065E-32  -0.000       0.000      -0.000       0.000          0.000       0.000       0.000       0.000    
