
      u         w         q        the        v         p         r        phi        x         y         z        psi    |  slat        flap        aileron     elevator    
  -0.1002E-01  0.4273      -24.07      -9.810      0.1350E-16 -0.2226E-15 -0.7947E-16   0.000       0.000      -0.000       0.000       0.000        -0.9630E-03  0.3181E-01 -0.2130E-17  0.1086E-01
  -0.2146     -0.3748       31.25      -0.000     -0.8281E-16  0.3757E-15  0.1160E-14  -0.000       0.000      -0.000       0.000       0.000         0.1923E-02 -0.6303E-01  0.5076E-17 -0.1999E-01
   0.1518E-01 -0.2267E-01 -0.6115       0.000      0.2775E-03 -0.1282E-01 -0.2140E-02   0.000      -0.000       0.000      -0.000       0.000        -0.1797E-03  0.3301E-03  0.6631E-04 -0.1190E-01
   -0.000      -0.000       1.000       0.000       0.000      -0.000      -0.000      0.3769E-31  -0.000       0.000      -0.000       0.000          0.000       0.000       0.000       0.000    
  -0.2920E-17  0.1371E-15 -0.3104E-14  -0.000     -0.5856E-01   23.74      -33.08       9.810      -0.000       0.000      -0.000      -0.000        -0.9734E-20 -0.3729E-17 -0.4580E-03  0.2580E-17
   0.5688E-04 -0.8494E-04 -0.2291E-02  -0.000     -0.9083E-01  -10.36       9.435      -0.000       0.000      -0.000       0.000      -0.000        -0.6733E-06  0.1237E-05  0.1225     -0.4457E-04
   0.2739E-03 -0.4091E-03 -0.1103E-01  -0.000      0.1964E-01 -0.6092     -0.3301      -0.000       0.000      -0.000       0.000      -0.000        -0.3242E-05  0.5956E-05  0.1743E-02 -0.2147E-03
   -0.000      -0.000       0.000     -0.3769E-31   0.000       1.000       0.000       0.000      -0.000       0.000      -0.000       0.000          0.000       0.000       0.000       0.000    
    1.000       0.000      -0.000       23.26      -0.000       0.000       0.000       0.000       0.000      -0.000       0.000       0.000         -0.000      -0.000      -0.000      -0.000    
    0.000      -0.000       0.000      -0.000       1.000      -0.000      -0.000      -23.26      -0.000       0.000      -0.000       34.74          0.000       0.000       0.000       0.000    
   -0.000       1.000      -0.000      -34.74       0.000       0.000       0.000       0.000       0.000      -0.000       0.000       0.000         -0.000      -0.000      -0.000      -0.000    
   -0.000      -0.000       0.000       0.000       0.000      -0.000       1.000     -0.6483E-32  -0.000       0.000      -0.000       0.000          0.000       0.000       0.000       0.000    
