
      u         w         q        the        v         p         r        phi        x         y         z        psi    |  slat        flap        aileron     elevator    
  -0.8618E-03  0.2552      -16.21      -9.810     -0.1096E-16  0.2119E-15  0.8860E-16   0.000       0.000      -0.000       0.000       0.000        -0.9486E-03  0.3315E-01 -0.8762E-17  0.1119E-01
  -0.1418     -0.5947       57.54      -0.000      0.1668E-16 -0.2199E-15 -0.5110E-15  -0.000       0.000      -0.000       0.000       0.000         0.5258E-02 -0.1841      0.1379E-16 -0.5732E-01
   0.8129E-02 -0.3248E-01 -0.8580       0.000      0.5917E-03 -0.9928E-02 -0.9647E-02   0.000      -0.000       0.000      -0.000       0.000        -0.5246E-03  0.6379E-03  0.1218E-03 -0.3254E-01
   -0.000      -0.000       1.000      -0.000       0.000      -0.000      -0.000     -0.8622E-33  -0.000       0.000      -0.000      -0.000          0.000       0.000       0.000       0.000    
   0.5333E-17 -0.1184E-15  0.3756E-15  -0.000     -0.1069       15.95      -59.55       9.810      -0.000       0.000      -0.000      -0.000        -0.4245E-18 -0.1841E-16 -0.1018E-02 -0.1965E-17
   0.2805E-04 -0.1121E-03 -0.2961E-02  -0.000     -0.1910      -17.44       8.085      -0.000       0.000      -0.000       0.000      -0.000        -0.1810E-05  0.2201E-05  0.3759     -0.1123E-03
   0.1559E-03 -0.6227E-03 -0.1645E-01  -0.000      0.3923E-01 -0.2359     -0.7413      -0.000       0.000      -0.000       0.000      -0.000        -0.1006E-04  0.1223E-04 -0.4182E-03 -0.6239E-03
   -0.000      -0.000       0.000      0.8622E-33   0.000       1.000       0.000      -0.000      -0.000       0.000      -0.000      -0.000          0.000       0.000       0.000       0.000    
    1.000       0.000      -0.000       15.73      -0.000       0.000       0.000       0.000       0.000      -0.000       0.000       0.000         -0.000      -0.000      -0.000      -0.000    
    0.000      -0.000       0.000      -0.000       1.000      -0.000      -0.000      -15.73      -0.000       0.000      -0.000       62.85          0.000       0.000       0.000       0.000    
   -0.000       1.000      -0.000      -62.85       0.000       0.000       0.000       0.000       0.000      -0.000       0.000       0.000         -0.000      -0.000      -0.000      -0.000    
   -0.000      -0.000       0.000       0.000       0.000      -0.000       1.000     -0.1991E-31  -0.000       0.000      -0.000      -0.000          0.000       0.000       0.000       0.000    
