 ---------------------------------------------------------------
 Surface Forces (referred to Sref,Cref,Bref about Xmom,Ymom,Zmom)
 Standard axis orientation,  X fwd, Z down         

     Sref =   64.231       Cref =   2.3859       Bref =   27.763    
     Xmom =   11.733       Ymom =   0.0000       Zmom =   1.3850    

 n    Area         CL        CD        Cm        CY        Cn        Cl        CDi       CDv
 1   12.267       0.06230   0.00159  -0.03725  -0.00003  -0.00013  -0.00511   0.00063   0.00000   main_wing_1
 2   12.267       0.06221   0.00159  -0.03721   0.00003   0.00013   0.00510   0.00063   0.00000   main_wing_1 (YDUP)
 3   9.6919       0.05285   0.00135  -0.03130  -0.00016  -0.00030  -0.01216   0.00039   0.00000   main_wing_2
 4   9.6919       0.05286   0.00135  -0.03130   0.00016   0.00030   0.01216   0.00039   0.00000   main_wing_2 (YDUP)
 5   10.157       0.04909   0.00127  -0.02926  -0.00015  -0.00048  -0.01889   0.00042   0.00000   main_wing_3
 6   10.157       0.04909   0.00127  -0.02926   0.00015   0.00048   0.01889   0.00042   0.00000   main_wing_3 (YDUP)
 7   10.986       0.02995   0.00066  -0.16446  -0.00007  -0.00005  -0.00270   0.00066   0.00000   horizontal_stabilizer
 8   10.986       0.02995   0.00066  -0.16446   0.00007   0.00005   0.00270   0.00066   0.00000   horizontal_stabilizer (YDUP)
 9   15.396       0.00000  -0.00000  -0.00000  -0.00000   0.00000  -0.00000  -0.00000   0.00000   vertical_stabilizer
10   65.503       0.00755   0.00003   0.04948   0.00000  -0.00000   0.00000   0.00003   0.00000   fuselage_horizontal
11   65.103       0.00000   0.00000  -0.00000  -0.00000   0.00000   0.00000   0.00000   0.00000   fuselage_vertical
12  0.29083       0.00035   0.00000   0.00016   0.00000  -0.00000  -0.00003   0.00000   0.00000   nacelle_horizontal
13  0.29083       0.00023   0.00000   0.00010  -0.00000   0.00000   0.00002   0.00000   0.00000   nacelle_horizontal (YDUP)
14  0.29085       0.00000  -0.00000   0.00000  -0.00004  -0.00000   0.00000  -0.00000   0.00000   nacelle_vertical
15  0.29085       0.00000  -0.00000   0.00000   0.00003   0.00000  -0.00000  -0.00000   0.00000   nacelle_vertical (YDUP)
16  0.29085       0.00034   0.00000   0.00014   0.00000  -0.00000  -0.00008   0.00000   0.00000   nacelle_2_horizontal
17  0.29085       0.00000  -0.00000   0.00000  -0.00000  -0.00000  -0.00000  -0.00000   0.00000   nacelle_2_vertical
18  0.29085       0.00032   0.00000   0.00010  -0.00000  -0.00000  -0.00012   0.00000   0.00000   nacelle_3_horizontal
19  0.29085       0.00000  -0.00000   0.00000   0.00001   0.00000  -0.00000  -0.00000   0.00000   nacelle_3_vertical
20  0.29083       0.00023   0.00000   0.00010  -0.00000   0.00000   0.00002   0.00000   0.00000   nacelle_4_horizontal
21  0.29085       0.00000  -0.00000   0.00000   0.00003   0.00000  -0.00000  -0.00000   0.00000   nacelle_4_vertical
22  0.29085       0.00034   0.00000   0.00014   0.00000   0.00000   0.00008   0.00000   0.00000   nacelle_5_horizontal
23  0.29085       0.00000  -0.00000   0.00000  -0.00001  -0.00000   0.00000  -0.00000   0.00000   nacelle_5_vertical
24  0.29085       0.00032   0.00000   0.00010   0.00000   0.00000   0.00012   0.00000   0.00000   nacelle_6_horizontal
25  0.29085       0.00000  -0.00000   0.00000  -0.00001  -0.00000   0.00000  -0.00000   0.00000   nacelle_6_vertical

 Surface Forces (referred to Ssurf,Cave about root LE on hinge axis)

   n  Ssurf        Cave        cl_surf    cd_surf    cdv_surf  cmLE_surf
   1  12.267      2.7530       0.326222   0.008346   0.000000  -0.071526   main_wing_1
   2  12.267      2.7530       0.325747   0.008316   0.000000  -0.071489   main_wing_1 (YDUP)
   3  9.6919      2.4412       0.350281   0.008933   0.000000  -0.081544   main_wing_2
   4  9.6919      2.4412       0.350307   0.008931   0.000000  -0.081547   main_wing_2 (YDUP)
   5  10.157      1.8617       0.310436   0.008062   0.000000  -0.075956   main_wing_3
   6  10.157      1.8617       0.310438   0.008062   0.000000  -0.075956   main_wing_3 (YDUP)
   7  10.986      1.9136       0.175130   0.003837   0.000000  -0.077260   horizontal_stabilizer
   8  10.986      1.9136       0.175120   0.003837   0.000000  -0.077255   horizontal_stabilizer (YDUP)
   9  15.396      3.1020       0.000000  -0.000000   0.000000  -0.000000   vertical_stabilizer
  10  65.503      23.647       0.007408   0.000033   0.000000   0.002259   fuselage_horizontal
  11  65.103      23.503       0.000000   0.000000   0.000000  -0.000000   fuselage_vertical
  12 0.29083     0.67760       0.077266   0.000806   0.000000   0.016682   nacelle_horizontal
  13 0.29083     0.67760       0.050111   0.000489   0.000000   0.011141   nacelle_horizontal (YDUP)
  14 0.29085     0.67766       0.000022  -0.000039   0.000000  -0.000010   nacelle_vertical
  15 0.29085     0.67766       0.000014  -0.000026   0.000000  -0.000006   nacelle_vertical (YDUP)
  16 0.29085     0.67765       0.074254   0.000893   0.000000   0.015976   nacelle_2_horizontal
  17 0.29085     0.67766       0.000001  -0.000002   0.000000  -0.000001   nacelle_2_vertical
  18 0.29085     0.67765       0.071103   0.001060   0.000000   0.015266   nacelle_3_horizontal
  19 0.29085     0.67766       0.000002  -0.000002   0.000000  -0.000000   nacelle_3_vertical
  20 0.29083     0.67760       0.050111   0.000489   0.000000   0.011141   nacelle_4_horizontal
  21 0.29085     0.67766       0.000014  -0.000026   0.000000  -0.000006   nacelle_4_vertical
  22 0.29085     0.67765       0.074265   0.000893   0.000000   0.015981   nacelle_5_horizontal
  23 0.29085     0.67766       0.000001  -0.000002   0.000000  -0.000001   nacelle_5_vertical
  24 0.29085     0.67765       0.071104   0.001060   0.000000   0.015266   nacelle_6_horizontal
  25 0.29085     0.67766       0.000002  -0.000002   0.000000  -0.000000   nacelle_6_vertical
 ---------------------------------------------------------------
