 ---------------------------------------------------------------
 Surface Forces (referred to Sref,Cref,Bref about Xmom,Ymom,Zmom)
 Standard axis orientation,  X fwd, Z down         

     Sref =   62.376       Cref =   2.3512       Bref =   27.359    
     Xmom =   11.670       Ymom =   0.0000       Zmom =   1.3850    

 n    Area         CL        CD        Cm        CY        Cn        Cl        CDi       CDv
 1   8.2446       0.04034   0.00087  -0.02526  -0.00001  -0.00006  -0.00233   0.00044   0.00000   main_wing_1
 2   8.2446       0.04026   0.00087  -0.02522   0.00001   0.00006   0.00232   0.00044   0.00000   main_wing_1 (YDUP)
 3   4.3057       0.02321   0.00065  -0.01392  -0.00003  -0.00007  -0.00325   0.00019   0.00000   main_wing_2
 4   4.3057       0.02320   0.00065  -0.01391   0.00003   0.00007   0.00325   0.00019   0.00000   main_wing_2 (YDUP)
 5   4.0469       0.02238   0.00063  -0.01347  -0.00007  -0.00010  -0.00444   0.00018   0.00000   main_wing_3
 6   4.0469       0.02238   0.00063  -0.01347   0.00007   0.00010   0.00444   0.00018   0.00000   main_wing_3 (YDUP)
 7   3.7294       0.02106   0.00060  -0.01272  -0.00006  -0.00012  -0.00542   0.00016   0.00000   main_wing_4
 8   3.7294       0.02107   0.00060  -0.01272   0.00006   0.00012   0.00542   0.00016   0.00000   main_wing_4 (YDUP)
 9   3.4115       0.01939   0.00057  -0.01172  -0.00006  -0.00013  -0.00612   0.00015   0.00000   main_wing_5
10   3.4115       0.01940   0.00057  -0.01173   0.00006   0.00013   0.00613   0.00015   0.00000   main_wing_5 (YDUP)
11   7.4498       0.03306   0.00068  -0.02047  -0.00011  -0.00043  -0.01347   0.00031   0.00000   main_wing_6
12   7.4498       0.03310   0.00068  -0.02049   0.00011   0.00043   0.01349   0.00030   0.00000   main_wing_6 (YDUP)
13   10.668       0.03001   0.00066  -0.16693  -0.00007  -0.00005  -0.00270   0.00066   0.00000   horizontal_stabilizer
14   10.668       0.03002   0.00066  -0.16696   0.00007   0.00005   0.00270   0.00066   0.00000   horizontal_stabilizer (YDUP)
15   14.696       0.00000  -0.00000  -0.00000   0.00001  -0.00000   0.00000  -0.00000   0.00000   vertical_stabilizer
16   65.503       0.00782   0.00004   0.05123   0.00000  -0.00000   0.00000   0.00004   0.00000   fuselage_horizontal
17   65.103       0.00000   0.00000  -0.00000  -0.00001   0.00000   0.00000   0.00000   0.00000   fuselage_vertical
18  0.14670       0.00019   0.00000   0.00009   0.00000  -0.00000  -0.00002   0.00000   0.00000   nacelle_horizontal
19  0.14670       0.00012   0.00000   0.00006  -0.00000   0.00000   0.00001   0.00000   0.00000   nacelle_horizontal (YDUP)
20  0.14668       0.00000  -0.00000   0.00000  -0.00002  -0.00000   0.00000  -0.00000   0.00000   nacelle_vertical
21  0.14668       0.00000  -0.00000   0.00000   0.00002   0.00000  -0.00000  -0.00000   0.00000   nacelle_vertical (YDUP)
22  0.14668       0.00018   0.00000   0.00009   0.00000  -0.00000  -0.00003   0.00000   0.00000   nacelle_2_horizontal
23  0.14668       0.00000  -0.00000   0.00000  -0.00000  -0.00000   0.00000  -0.00000   0.00000   nacelle_2_vertical
24  0.14669       0.00018   0.00000   0.00008   0.00000  -0.00000  -0.00004   0.00000   0.00000   nacelle_3_horizontal
25  0.14668       0.00000  -0.00000   0.00000  -0.00000  -0.00000  -0.00000  -0.00000   0.00000   nacelle_3_vertical
26  0.14668       0.00018   0.00000   0.00007   0.00000  -0.00000  -0.00005   0.00000   0.00000   nacelle_4_horizontal
27  0.14668      -0.00000  -0.00000  -0.00000   0.00000   0.00000  -0.00000  -0.00000   0.00000   nacelle_4_vertical
28  0.14669       0.00017   0.00000   0.00007   0.00000  -0.00000  -0.00006   0.00000   0.00000   nacelle_5_horizontal
29  0.14668      -0.00000  -0.00000  -0.00000   0.00000   0.00000  -0.00000  -0.00000   0.00000   nacelle_5_vertical
30  0.14669       0.00017   0.00000   0.00006   0.00000  -0.00000  -0.00007   0.00000   0.00000   nacelle_6_horizontal
31  0.14668      -0.00000  -0.00000  -0.00000   0.00000   0.00000  -0.00000  -0.00000   0.00000   nacelle_6_vertical
32  0.14670       0.00012   0.00000   0.00006  -0.00000   0.00000   0.00001   0.00000   0.00000   nacelle_7_horizontal
33  0.14668       0.00000  -0.00000   0.00000   0.00002   0.00000  -0.00000  -0.00000   0.00000   nacelle_7_vertical
34  0.14668       0.00018   0.00000   0.00009  -0.00000   0.00000   0.00003   0.00000   0.00000   nacelle_8_horizontal
35  0.14668       0.00000  -0.00000   0.00000   0.00000   0.00000  -0.00000  -0.00000   0.00000   nacelle_8_vertical
36  0.14669       0.00018   0.00000   0.00008   0.00000   0.00000   0.00004   0.00000   0.00000   nacelle_9_horizontal
37  0.14668      -0.00000  -0.00000  -0.00000   0.00000   0.00000  -0.00000  -0.00000   0.00000   nacelle_9_vertical
38  0.14668       0.00018   0.00000   0.00007   0.00000   0.00000   0.00005   0.00000   0.00000   nacelle_10_horizontal
39  0.14668      -0.00000  -0.00000  -0.00000   0.00000   0.00000  -0.00000  -0.00000   0.00000   nacelle_10_vertical
40  0.14669       0.00017   0.00000   0.00007   0.00000   0.00000   0.00006   0.00000   0.00000   nacelle_11_horizontal
41  0.14668      -0.00000  -0.00000   0.00000   0.00000   0.00000  -0.00000  -0.00000   0.00000   nacelle_11_vertical
42  0.14669       0.00017   0.00000   0.00006   0.00000   0.00000   0.00007   0.00000   0.00000   nacelle_12_horizontal
43  0.14668       0.00000  -0.00000   0.00000  -0.00000  -0.00000  -0.00000  -0.00000   0.00000   nacelle_12_vertical

 Surface Forces (referred to Ssurf,Cave about root LE on hinge axis)

   n  Ssurf        Cave        cl_surf    cd_surf    cdv_surf  cmLE_surf
   1  8.2446      2.7250       0.305171   0.006617   0.000000  -0.070966   main_wing_1
   2  8.2446      2.7250       0.304580   0.006600   0.000000  -0.070902   main_wing_1 (YDUP)
   3  4.3057      2.6783       0.336186   0.009410   0.000000  -0.070815   main_wing_2
   4  4.3057      2.6783       0.336064   0.009407   0.000000  -0.070777   main_wing_2 (YDUP)
   5  4.0469      2.5175       0.345022   0.009728   0.000000  -0.074990   main_wing_3
   6  4.0469      2.5175       0.344995   0.009728   0.000000  -0.074981   main_wing_3 (YDUP)
   7  3.7294      2.3198       0.352311   0.010107   0.000000  -0.076250   main_wing_4
   8  3.7294      2.3198       0.352362   0.010107   0.000000  -0.076263   main_wing_4 (YDUP)
   9  3.4115      2.1222       0.354484   0.010504   0.000000  -0.075934   main_wing_5
  10  3.4115      2.1222       0.354663   0.010504   0.000000  -0.075979   main_wing_5 (YDUP)
  11  7.4498      1.7638       0.276800   0.005724   0.000000  -0.069106   main_wing_6
  12  7.4498      1.7638       0.277140   0.005724   0.000000  -0.069114   main_wing_6 (YDUP)
  13  10.668      1.8857       0.175490   0.003833   0.000000  -0.077394   horizontal_stabilizer
  14  10.668      1.8857       0.175523   0.003832   0.000000  -0.077406   horizontal_stabilizer (YDUP)
  15  14.696      3.0307       0.000000  -0.000000   0.000000  -0.000000   vertical_stabilizer
  16  65.503      23.647       0.007446   0.000038   0.000000   0.002221   fuselage_horizontal
  17  65.103      23.503       0.000000   0.000000   0.000000  -0.000000   fuselage_vertical
  18 0.14670     0.48131       0.079141   0.000994   0.000000   0.016676   nacelle_horizontal
  19 0.14670     0.48131       0.050864   0.000602   0.000000   0.011065   nacelle_horizontal (YDUP)
  20 0.14668     0.48122       0.000022  -0.000049   0.000000  -0.000012   nacelle_vertical
  21 0.14668     0.48122       0.000015  -0.000032   0.000000  -0.000008   nacelle_vertical (YDUP)
  22 0.14668     0.48123       0.077257   0.000875   0.000000   0.016831   nacelle_2_horizontal
  23 0.14668     0.48122       0.000006  -0.000004   0.000000  -0.000001   nacelle_2_vertical
  24 0.14669     0.48128       0.076749   0.000931   0.000000   0.016575   nacelle_3_horizontal
  25 0.14668     0.48122       0.000001  -0.000002   0.000000  -0.000001   nacelle_3_vertical
  26 0.14668     0.48123       0.075765   0.000973   0.000000   0.016326   nacelle_4_horizontal
  27 0.14668     0.48122      -0.000001  -0.000003   0.000000  -0.000001   nacelle_4_vertical
  28 0.14669     0.48128       0.074289   0.001024   0.000000   0.015989   nacelle_5_horizontal
  29 0.14668     0.48122      -0.000001  -0.000003   0.000000  -0.000001   nacelle_5_vertical
  30 0.14669     0.48126       0.073877   0.001212   0.000000   0.015222   nacelle_6_horizontal
  31 0.14668     0.48122      -0.000002  -0.000003   0.000000  -0.000001   nacelle_6_vertical
  32 0.14670     0.48131       0.050864   0.000602   0.000000   0.011069   nacelle_7_horizontal
  33 0.14668     0.48122       0.000015  -0.000032   0.000000  -0.000008   nacelle_7_vertical
  34 0.14668     0.48123       0.077270   0.000874   0.000000   0.016835   nacelle_8_horizontal
  35 0.14668     0.48122       0.000006  -0.000004   0.000000  -0.000001   nacelle_8_vertical
  36 0.14669     0.48128       0.076766   0.000931   0.000000   0.016573   nacelle_9_horizontal
  37 0.14668     0.48122      -0.000002  -0.000003   0.000000  -0.000001   nacelle_9_vertical
  38 0.14668     0.48123       0.075773   0.000973   0.000000   0.016322   nacelle_10_horizontal
  39 0.14668     0.48122      -0.000001  -0.000002   0.000000  -0.000001   nacelle_10_vertical
  40 0.14669     0.48128       0.074299   0.001024   0.000000   0.015986   nacelle_11_horizontal
  41 0.14668     0.48122      -0.000000  -0.000002   0.000000  -0.000001   nacelle_11_vertical
  42 0.14669     0.48126       0.073806   0.001208   0.000000   0.015230   nacelle_12_horizontal
  43 0.14668     0.48122       0.000000  -0.000002   0.000000  -0.000000   nacelle_12_vertical
 ---------------------------------------------------------------
